wall_time,step,value
1526469803.9422731,512,0.41472160816192627
1526471415.2170491,1024,0.2343662530183792
1526473013.1338782,1536,0.13995087146759033
1526474623.970707,2048,0.10259931534528732
1526476210.0324528,2560,0.08303883671760559
1526477791.074088,3072,0.07065554708242416
1526479350.4033694,3584,0.06250852346420288
1526480943.0603943,4096,0.05935634300112724
1526482515.1228297,4608,0.05513175576925278
1526484106.4338312,5120,0.050813429057598114
1526485698.5303185,5632,0.04611249268054962
1526487294.8890288,6144,0.0467899851500988
1526488895.4396803,6656,0.04375539347529411
1526490494.4957387,7168,0.042579419910907745
