wall_time,step,value
1526525505.6192262,512,5.993294715881348
1526527878.7352853,1024,-2.5614993572235107
1526530232.5864437,1536,-9.791629791259766
1526532567.9406462,2048,-9.551639556884766
1526534911.4363253,2560,-2.18878173828125
1526537251.5419426,3072,-4.728823661804199
1526539580.1156387,3584,-3.3254456520080566
1526541923.24315,4096,-2.5682520866394043
1526544848.9479141,4608,-5.238491535186768
1526547186.264008,5120,-4.696986198425293
1526549537.071064,5632,-3.658797264099121
1526551886.1804616,6144,-2.1728010177612305
1526554241.1097438,6656,-0.4465767741203308
1526556597.4901805,7168,-1.0310183763504028
1526558950.016334,7680,0.33258432149887085
