wall_time,step,value
1526469803.9422731,512,42.27837371826172
1526471415.2170491,1024,20.202354431152344
1526473013.1338782,1536,11.089393615722656
1526474623.970707,2048,10.169914245605469
1526476210.0324528,2560,7.844534397125244
1526477791.074088,3072,6.0818867683410645
1526479350.4033694,3584,3.0159547328948975
1526480943.0603943,4096,0.8577396869659424
1526482515.1228297,4608,3.5009734630584717
1526484106.4338312,5120,2.1866724491119385
1526485698.5303185,5632,3.733501434326172
1526487294.8890288,6144,3.6030807495117188
1526488895.4396803,6656,-2.83362078666687
1526490494.4957387,7168,3.8070764541625977
