wall_time,step,value
1526689126.6375868,512,2185.57568359375
1526695088.7754614,1024,1998.3690185546875
1526700989.7794824,1536,1866.1417236328125
1526706806.8756423,2048,1626.5592041015625
1526718314.4804358,3072,1735.2569580078125
1526724061.096917,3584,1459.7044677734375
1526729869.1135159,4096,1460.7977294921875
1526735695.2191107,4608,1342.2418212890625
1526741591.841439,5120,1274.376220703125
1526747419.6141768,5632,1196.1982421875
1526753310.1163816,6144,1333.3177490234375
1526759192.5752547,6656,1336.251953125
1526765098.3122554,7168,1303.43505859375
1526771008.5628529,7680,1361.9891357421875
