wall_time,step,value
1526432482.494415,512,37.086204528808594
1526433502.5758896,1024,14.230718612670898
1526434525.6913123,1536,1.4207613468170166
1526435550.1707025,2048,-2.563871383666992
1526436565.4543517,2560,-1.341307520866394
1526437576.07619,3072,2.534799575805664
1526438581.8942344,3584,-5.658266067504883
1526439582.9498801,4096,1.9633150100708008
1526440576.0101516,4608,1.7355468273162842
1526441576.2682014,5120,-6.306620121002197
1526442571.1369412,5632,-0.4729580879211426
1526443571.2171302,6144,1.5499918460845947
1526444576.266865,6656,-2.0476787090301514
1526445575.4418514,7168,-6.819509506225586
1526446573.0624998,7680,0.5133845806121826
