wall_time,step,value
1526432482.494415,512,367.1858215332031
1526433502.5758896,1024,232.74769592285156
1526434525.6913123,1536,173.82728576660156
1526435550.1707025,2048,131.9051513671875
1526436565.4543517,2560,105.91890716552734
1526437576.07619,3072,92.32683563232422
1526438581.8942344,3584,83.44175720214844
1526439582.9498801,4096,77.64289093017578
1526440576.0101516,4608,69.3000259399414
1526441576.2682014,5120,66.08065032958984
1526442571.1369412,5632,62.82962417602539
1526443571.2171302,6144,58.56227493286133
1526444576.266865,6656,57.15662384033203
1526445575.4418514,7168,56.80876541137695
1526446573.0624998,7680,51.6336784362793
