wall_time,step,value
1526684086.2861981,128,13.60385799407959
1526685029.8487966,256,13.510884284973145
1526685973.3925116,384,11.914015769958496
1526686917.0181828,512,10.410421371459961
1526690066.9741256,640,9.5299072265625
1526691010.1058552,768,8.34751033782959
1526691953.067792,896,7.42553186416626
1526692896.1330028,1024,10.136283874511719
1526696029.2257493,1152,8.589838981628418
1526696972.458843,1280,10.329204559326172
1526697915.5652654,1408,8.204541206359863
1526698858.7370362,1536,8.506814002990723
1526701930.2506325,1664,7.8362836837768555
1526702873.2576747,1792,7.019644737243652
1526703816.277994,1920,7.299152374267578
1526704759.2940323,2048,7.2889509201049805
1526707747.4451597,2176,7.30236291885376
1526708690.6031156,2304,7.815023899078369
1526709633.7086341,2432,7.613185882568359
1526713373.3746789,2688,9.57841682434082
1526714352.1674848,2816,7.388349533081055
1526715330.8746176,2944,6.309455394744873
1526716309.8347604,3072,9.185141563415527
1526719254.8398914,3200,8.8032865524292
1526720198.2707238,3328,7.355624198913574
1526721141.7227368,3456,7.564958572387695
1526722085.1240046,3584,7.80703592300415
1526725000.917775,3712,7.283458709716797
1526725943.4852996,3840,8.087305068969727
1526726886.2143257,3968,7.379276275634766
1526727828.7116387,4096,7.716090679168701
1526730809.5971644,4224,7.280689239501953
1526731752.6943195,4352,8.63415241241455
1526732695.737485,4480,7.8394856452941895
1526733638.8068075,4608,7.480506896972656
1526736635.6244674,4736,7.025285243988037
1526737579.0450742,4864,8.086828231811523
1526738522.348831,4992,7.278077602386475
1526739465.8343995,5120,7.198179244995117
1526742531.8873997,5248,8.080265998840332
1526743474.8309875,5376,7.824860572814941
1526744417.436971,5504,7.704018592834473
1526745360.2911143,5632,8.574588775634766
1526748359.9689603,5760,8.433079719543457
1526749303.205359,5888,7.67863130569458
1526750246.2845266,6016,7.701364994049072
1526751189.506995,6144,7.487662315368652
1526754250.573992,6272,8.412832260131836
1526755193.9011033,6400,8.281901359558105
1526756137.6784568,6528,7.241994380950928
1526757081.1992056,6656,7.806562423706055
1526760132.7856774,6784,7.703187465667725
1526761075.779729,6912,7.467942237854004
1526762018.6735048,7040,7.673239231109619
1526762961.82496,7168,6.905263423919678
1526766038.8100731,7296,7.742922306060791
1526766981.9465592,7424,7.624450206756592
1526767925.2010505,7552,8.05512809753418
1526768868.4881656,7680,8.5452299118042
