wall_time,step,value
1526431661.778997,128,-26.86556625366211
1526431863.3044415,256,-20.53628158569336
1526432064.8801215,384,-13.03525161743164
1526432266.4236038,512,-12.021150588989258
1526432680.5803325,640,-12.28961181640625
1526432882.0545406,768,-10.642711639404297
1526433083.7095618,896,-9.334521293640137
1526433285.2329118,1024,-10.71328353881836
1526433700.5506346,1152,-9.344964027404785
1526433901.9127882,1280,-9.63196086883545
1526434103.7780452,1408,-9.105406761169434
1526434305.288548,1536,-8.78765869140625
1526434723.698912,1664,-9.41401481628418
1526434925.2956872,1792,-8.87846851348877
1526435126.8803198,1920,-8.178264617919922
1526435328.485562,2048,-7.3543596267700195
1526435747.889272,2176,-8.03174114227295
1526435949.3754578,2304,-7.423781871795654
1526436150.9878228,2432,-6.7648515701293945
1526436352.61682,2560,-7.276054859161377
1526436763.3140302,2688,-6.6999006271362305
1526436964.596626,2816,-6.6572675704956055
1526437166.1917295,2944,-5.982347011566162
1526437367.8097537,3072,-6.359717845916748
1526437774.1221385,3200,-5.701001167297363
1526437975.793859,3328,-5.771454811096191
1526438177.5634282,3456,-6.575568199157715
1526438379.2829924,3584,-5.483783721923828
1526438780.1807168,3712,-5.805932521820068
1526438981.8622668,3840,-5.457667827606201
1526439183.5842166,3968,-6.175140380859375
1526439385.4872992,4096,-5.782352447509766
1526439780.9664667,4224,-5.192997455596924
1526439982.6456501,4352,-5.78579044342041
1526440184.3228185,4480,-5.280643939971924
1526440386.149832,4608,-5.278090953826904
1526440774.1650517,4736,-5.493608474731445
1526440975.852232,4864,-5.3036346435546875
1526441177.4481194,4992,-5.295085906982422
1526441379.1180406,5120,-4.513027667999268
1526441774.3391283,5248,-4.679045677185059
1526441975.7486422,5376,-4.535665988922119
1526442177.4511352,5504,-4.669490814208984
1526442379.099909,5632,-4.612062454223633
1526442769.1538627,5760,-4.670570373535156
1526442970.7056446,5888,-4.613702297210693
1526443172.3620405,6016,-4.786372661590576
1526443374.0054333,6144,-4.772155284881592
1526443768.9746368,6272,-4.49843692779541
1526443970.5665913,6400,-4.571993827819824
1526444172.2191105,6528,-4.5260114669799805
1526444373.8931198,6656,-4.8228912353515625
1526444774.0881238,6784,-4.805788516998291
1526444975.570201,6912,-4.749811172485352
1526445177.204452,7040,-4.351446628570557
1526445378.8008873,7168,-4.38666296005249
1526445773.2958283,7296,-3.9600441455841064
1526445974.8113925,7424,-4.535764217376709
1526446176.3183563,7552,-4.175111770629883
1526446377.8653204,7680,-4.234668731689453
1526446770.8900719,7808,-4.8166680335998535
