wall_time,step,value
1526166667.596606,512,5.426614284515381
1526167263.8190148,1024,4.511447906494141
1526167857.6711857,1536,2.316662549972534
1526168453.866158,2048,3.0567169189453125
1526169044.7162294,2560,2.8846755027770996
1526169629.6301758,3072,3.5838654041290283
1526170213.399522,3584,2.2083771228790283
1526170794.6898527,4096,3.362521171569824
1526171378.587328,4608,2.436657667160034
1526171960.7091594,5120,2.826298713684082
1526172543.031578,5632,2.8789072036743164
1526173126.1493194,6144,1.6190435886383057
1526173711.3713632,6656,1.9717928171157837
1526174295.200333,7168,3.2379493713378906
1526174876.178161,7680,2.899097442626953
