wall_time,step,value
1526432482.494415,512,4.864772319793701
1526433502.5758896,1024,8.47860050201416
1526434525.6913123,1536,4.194089412689209
1526435550.1707025,2048,3.917437791824341
1526436565.4543517,2560,3.874950408935547
1526437576.07619,3072,3.20407772064209
1526438581.8942344,3584,4.837599277496338
1526439582.9498801,4096,3.318791389465332
1526440576.0101516,4608,4.023557186126709
1526441576.2682014,5120,3.7863612174987793
1526442571.1369412,5632,3.044865846633911
1526443571.2171302,6144,3.548537254333496
1526444576.266865,6656,3.458320140838623
1526445575.4418514,7168,3.301007032394409
1526446573.0624998,7680,3.5526349544525146
