wall_time,step,value
1526166190.3304768,128,2.0016698837280273
1526166308.6007066,256,0.6047961115837097
1526166427.1727252,384,0.2516610622406006
1526166545.4266183,512,0.2935807704925537
1526166782.4263785,640,0.21782714128494263
1526166901.1573353,768,0.1998519003391266
1526167019.9390147,896,0.16044676303863525
1526167138.1840348,1024,0.11883743107318878
1526167378.4586709,1152,0.13997164368629456
1526167496.977531,1280,0.13403037190437317
1526167615.4508123,1408,0.12804055213928223
1526167733.8285604,1536,0.12711617350578308
1526167972.3186257,1664,0.11648821830749512
1526168090.9099405,1792,0.12325887382030487
1526168209.4895563,1920,0.099626824259758
1526168327.9957678,2048,0.09563994407653809
1526168568.6554015,2176,0.0961947962641716
1526168687.377147,2304,0.09628427773714066
1526168806.0439675,2432,0.09104680269956589
1526168924.5212655,2560,0.08454187214374542
1526169159.776006,2688,0.06976689398288727
1526169278.401519,2816,0.09115787595510483
1526169397.1254935,2944,0.07984951883554459
1526169515.699288,3072,0.06326509267091751
1526169744.8334858,3200,0.055769775062799454
1526169863.5565004,3328,0.08845749497413635
1526169982.2569184,3456,0.07818133383989334
1526170100.8216476,3584,0.06257476657629013
1526170328.5821266,3712,0.07386299967765808
1526170447.2046885,3840,0.07341784238815308
1526170565.7913659,3968,0.06678915023803711
1526170684.1126764,4096,0.053857795894145966
1526170909.8777092,4224,0.054426178336143494
1526171028.4169698,4352,0.048704613000154495
1526171147.3592637,4480,0.0515936054289341
1526171265.8301504,4608,0.04996885731816292
1526171493.995967,4736,0.06265731155872345
1526171612.6870036,4864,0.04827312380075455
1526171731.3978486,4992,0.052686676383018494
1526171849.9125133,5120,0.05087331682443619
1526172076.1560597,5248,0.05394059792160988
1526172194.9401722,5376,0.04364478960633278
1526172313.5917609,5504,0.040311411023139954
1526172432.090749,5632,0.049438994377851486
1526172658.2577376,5760,0.05881208926439285
1526172777.0104668,5888,0.04845366254448891
1526172895.7532737,6016,0.04871450364589691
1526173014.379042,6144,0.0434596911072731
1526173241.3690414,6272,0.03348401561379433
1526173360.328984,6400,0.049938030540943146
1526173479.2017727,6528,0.04367993026971817
1526173597.6097362,6656,0.040216125547885895
1526173826.4711936,6784,0.03616195544600487
1526173945.281659,6912,0.03868374601006508
1526174063.9530373,7040,0.04898150637745857
1526174182.6232765,7168,0.047231122851371765
1526174410.2085621,7296,0.04387041553854942
1526174528.6767263,7424,0.040907662361860275
1526174647.2040186,7552,0.04769774526357651
1526174765.6913958,7680,0.031313322484493256
