wall_time,step,value
1526525505.6192262,512,5.738677978515625
1526527878.7352853,1024,4.770754814147949
1526530232.5864437,1536,3.084312677383423
1526532567.9406462,2048,3.7741830348968506
1526534911.4363253,2560,3.0384058952331543
1526537251.5419426,3072,3.0691516399383545
1526539580.1156387,3584,3.4987385272979736
1526541923.24315,4096,2.676626682281494
1526544848.9479141,4608,2.6159496307373047
1526547186.264008,5120,2.8060081005096436
1526549537.071064,5632,2.204160451889038
1526551886.1804616,6144,3.235229969024658
1526554241.1097438,6656,3.4595096111297607
1526556597.4901805,7168,2.1567442417144775
1526558950.016334,7680,2.897935628890991
