wall_time,step,value
1526229442.7793233,128,0.9995583295822144
1526229504.715821,256,0.9995300769805908
1526229568.0855045,384,0.9995296001434326
1526229632.0861099,512,0.9995186924934387
1526229761.4668703,640,0.9995170831680298
1526229824.5823567,768,0.9995167851448059
1526229887.6114297,896,0.9995161890983582
1526229950.5791838,1024,0.999516487121582
1526230077.5117257,1152,0.9995172619819641
1526230140.672607,1280,0.9995173811912537
1526230203.8050528,1408,0.9995181560516357
1526230266.7911642,1536,0.9995184540748596
1526230392.9938114,1664,0.9995192289352417
1526230456.0781538,1792,0.9995187520980835
1526230519.1795204,1920,0.9995198845863342
1526230582.2583823,2048,0.999520480632782
1526230708.0501676,2176,0.9995207786560059
1526230771.0301461,2304,0.9995211362838745
1526230834.2294283,2432,0.9995222091674805
1526230897.304336,2560,0.9995224475860596
1526231025.5952735,2688,0.9995218515396118
1526231088.641502,2816,0.9995219707489014
1526231151.6455197,2944,0.9995222091674805
1526231214.845216,3072,0.9995212554931641
1526231343.5655115,3200,0.9995223879814148
1526231406.4917881,3328,0.9995229244232178
1526231469.6507468,3456,0.9995236992835999
1526231532.7009845,3584,0.9995243549346924
1526231661.1765857,3712,0.9995251297950745
1526231724.200529,3840,0.9995250701904297
1526231787.2336042,3968,0.9995239973068237
1526231850.2492907,4096,0.9995243549346924
1526231980.1233761,4224,0.9995251297950745
1526232043.0220628,4352,0.9995251893997192
1526232106.1026824,4480,0.9995244741439819
1526232169.1059995,4608,0.9995250701904297
1526232296.5161726,4736,0.9995246529579163
1526232359.4606643,4864,0.999525249004364
1526232422.380737,4992,0.9995245337486267
1526232485.2363746,5120,0.9995240569114685
1526232613.3969142,5248,0.999524712562561
1526232676.6005776,5376,0.9995248913764954
1526232739.851518,5504,0.9995245933532715
1526232802.9011562,5632,0.9995246529579163
1526232930.2242837,5760,0.999525785446167
1526232993.1951735,5888,0.9995260238647461
1526233056.2452557,6016,0.9995260834693909
1526233119.4152722,6144,0.9995259642601013
1526233246.3385165,6272,0.9995263814926147
1526233309.4043837,6400,0.9995274543762207
1526233372.4715695,6528,0.9995267987251282
1526233435.519452,6656,0.9995267391204834
1526233564.70639,6784,0.9995275735855103
1526233628.3424454,6912,0.9995277523994446
1526233698.3623855,7040,0.999527096748352
1526233774.210369,7168,0.9995275139808655
1526233904.3647196,7296,0.9995270371437073
1526233967.4874828,7424,0.9995275139808655
1526234034.9936328,7552,0.9995279312133789
1526234102.302173,7680,0.9995280504226685
