wall_time,step,value
1526166667.596606,512,390.6748046875
1526167263.8190148,1024,308.8133544921875
1526167857.6711857,1536,246.54556274414062
1526168453.866158,2048,197.97727966308594
1526169044.7162294,2560,156.62814331054688
1526169629.6301758,3072,122.22647857666016
1526170213.399522,3584,114.77912902832031
1526170794.6898527,4096,104.6981201171875
1526171378.587328,4608,91.54641723632812
1526171960.7091594,5120,87.1218032836914
1526172543.031578,5632,84.09614562988281
1526173126.1493194,6144,79.64118957519531
1526173711.3713632,6656,75.21691131591797
1526174295.200333,7168,72.85786437988281
1526174876.178161,7680,69.88493347167969
