wall_time,step,value
1526684086.2861981,128,95.04471588134766
1526685029.8487966,256,76.75944519042969
1526685973.3925116,384,78.34297180175781
1526686917.0181828,512,88.63048553466797
1526690066.9741256,640,98.70063018798828
1526691010.1058552,768,97.4110336303711
1526691953.067792,896,100.80152130126953
1526692896.1330028,1024,105.8524169921875
1526696029.2257493,1152,98.50827026367188
1526696972.458843,1280,98.232421875
1526697915.5652654,1408,98.02529907226562
1526698858.7370362,1536,92.90705871582031
1526701930.2506325,1664,93.48565673828125
1526702873.2576747,1792,91.32869720458984
1526703816.277994,1920,89.34597778320312
1526704759.2940323,2048,85.57384490966797
1526707747.4451597,2176,85.91744995117188
1526708690.6031156,2304,84.78113555908203
1526709633.7086341,2432,82.80630493164062
1526713373.3746789,2688,81.77006530761719
1526714352.1674848,2816,83.80886840820312
1526715330.8746176,2944,85.96671295166016
1526716309.8347604,3072,84.67276000976562
1526719254.8398914,3200,81.52030181884766
1526720198.2707238,3328,79.66139221191406
1526721141.7227368,3456,77.8489761352539
1526722085.1240046,3584,78.3265151977539
1526725000.917775,3712,76.83281707763672
1526725943.4852996,3840,75.00967407226562
1526726886.2143257,3968,75.32173156738281
1526727828.7116387,4096,73.25279235839844
1526730809.5971644,4224,73.19682312011719
1526731752.6943195,4352,74.44451904296875
1526732695.737485,4480,73.84158325195312
1526733638.8068075,4608,70.22822570800781
1526736635.6244674,4736,71.26207733154297
1526737579.0450742,4864,72.33661651611328
1526738522.348831,4992,71.87310791015625
1526739465.8343995,5120,70.83672332763672
1526742531.8873997,5248,69.03877258300781
1526743474.8309875,5376,70.2682876586914
1526744417.436971,5504,70.83396911621094
1526745360.2911143,5632,66.938232421875
1526748359.9689603,5760,69.7151870727539
1526749303.205359,5888,68.28880310058594
1526750246.2845266,6016,67.38677215576172
1526751189.506995,6144,69.3446044921875
1526754250.573992,6272,67.05561828613281
1526755193.9011033,6400,68.22276306152344
1526756137.6784568,6528,70.02455139160156
1526757081.1992056,6656,69.79329681396484
1526760132.7856774,6784,71.27067565917969
1526761075.779729,6912,67.24577331542969
1526762018.6735048,7040,70.77236938476562
1526762961.82496,7168,69.96437072753906
1526766038.8100731,7296,66.20004272460938
1526766981.9465592,7424,67.60369873046875
1526767925.2010505,7552,67.23109436035156
1526768868.4881656,7680,68.12142944335938
