wall_time,step,value
1526684086.2861524,128,0.6254600286483765
1526685029.8486693,256,0.44430747628211975
1526685973.3924673,384,0.41762372851371765
1526686917.0181139,512,0.34287887811660767
1526690066.974076,640,0.29089269042015076
1526691010.1058106,768,0.25943881273269653
1526691953.0676754,896,0.323306679725647
1526692896.1329448,1024,0.2525026798248291
1526696029.2257078,1152,0.22956141829490662
1526696972.4587555,1280,0.21474403142929077
1526697915.5651572,1408,0.21218720078468323
1526698858.7369907,1536,0.17923644185066223
1526701930.2505908,1664,0.2078571617603302
1526702873.257631,1792,0.157514750957489
1526703816.277883,1920,0.15815788507461548
1526704759.2939665,2048,0.1375330686569214
1526707747.4451144,2176,0.13395443558692932
1526708690.6030717,2304,0.11939647048711777
1526709633.7085464,2432,0.14319287240505219
1526710576.8841827,2560,0.13187021017074585
1526713373.3746288,2688,0.12528885900974274
1526714352.1674414,2816,0.12972649931907654
1526715330.874574,2944,0.13270238041877747
1526716309.8347092,3072,0.13822098076343536
1526719254.8397992,3200,0.12100087106227875
1526720198.270663,3328,0.1416512280702591
1526721141.7226255,3456,0.11151567101478577
1526722085.1238918,3584,0.10511549562215805
1526725000.9176714,3712,0.10110072791576385
1526725943.4852586,3840,0.08804483711719513
1526726886.2142737,3968,0.10026263445615768
1526727828.7115939,4096,0.08907397836446762
1526730809.597085,4224,0.09177000820636749
1526731752.6942315,4352,0.09514202177524567
1526732695.7374382,4480,0.10063360631465912
1526733638.806677,4608,0.08648226410150528
1526736635.624417,4736,0.07040957361459732
1526737579.0450284,4864,0.09366164356470108
1526738522.3487754,4992,0.09368669986724854
1526739465.8343039,5120,0.07280881702899933
1526742531.887282,5248,0.10508017241954803
1526743474.8309338,5376,0.0782337561249733
1526744417.4368865,5504,0.07859457284212112
1526745360.2910028,5632,0.05145878717303276
1526748359.9688222,5760,0.08510234951972961
1526749303.2053146,5888,0.07506369054317474
1526750246.2844799,6016,0.06548742204904556
1526751189.50694,6144,0.06688902527093887
1526754250.5739393,6272,0.075811468064785
1526755193.9010563,6400,0.06054314598441124
1526756137.6784108,6528,0.07957898080348969
1526757081.1990888,6656,0.07211581617593765
1526760132.785626,6784,0.0768570527434349
1526761075.7796562,6912,0.05817785486578941
1526762018.673446,7040,0.08106706291437149
1526762961.824888,7168,0.07644987851381302
1526766038.8100262,7296,0.06311548501253128
1526766981.9464808,7424,0.052254535257816315
1526767925.2010064,7552,0.058019429445266724
1526768868.4880338,7680,0.0724857747554779
1526771949.7911308,7808,0.07600028067827225
