wall_time,step,value
1526229700.4920564,512,479.7931823730469
1526230016.4595437,1024,109.34041595458984
1526230332.0042748,1536,86.60074615478516
1526230647.0170372,2048,87.25847625732422
1526230964.608421,2560,82.34675598144531
1526231282.4788103,3072,103.31426239013672
1526231600.128247,3584,94.08113861083984
1526231919.1070247,4096,76.7974624633789
1526232235.3816507,4608,92.39724731445312
1526232552.3248289,5120,93.05894470214844
1526232869.1107419,5632,90.05401611328125
1526233185.2262118,6144,100.19779968261719
1526233503.6437347,6656,95.55139923095703
1526233843.2531297,7168,90.16454315185547
1526234187.9253793,7680,86.3865966796875
