wall_time,step,value
1526166190.3304768,128,-55.18384552001953
1526166308.6007066,256,-21.706905364990234
1526166427.1727252,384,-13.986013412475586
1526166545.4266183,512,-13.87751579284668
1526166782.4263785,640,-12.478306770324707
1526166901.1573353,768,-11.019837379455566
1526167019.9390147,896,-10.055322647094727
1526167138.1840348,1024,-8.840888023376465
1526167378.4586709,1152,-9.293595314025879
1526167496.977531,1280,-9.215048789978027
1526167615.4508123,1408,-8.350358963012695
1526167733.8285604,1536,-9.076850891113281
1526167972.3186257,1664,-8.26777458190918
1526168090.9099405,1792,-8.065875053405762
1526168209.4895563,1920,-7.503131866455078
1526168327.9957678,2048,-7.7057204246521
1526168568.6554015,2176,-7.353597164154053
1526168687.377147,2304,-7.489058494567871
1526168806.0439675,2432,-6.202627182006836
1526168924.5212655,2560,-6.4525861740112305
1526169159.776006,2688,-6.533222198486328
1526169278.401519,2816,-6.684006214141846
1526169397.1254935,2944,-6.746426105499268
1526169515.699288,3072,-5.890120506286621
1526169744.8334858,3200,-6.437093257904053
1526169863.5565004,3328,-6.0872578620910645
1526169982.2569184,3456,-5.618569850921631
1526170100.8216476,3584,-5.080776691436768
1526170328.5821266,3712,-6.32702112197876
1526170447.2046885,3840,-5.522210121154785
1526170565.7913659,3968,-5.535660266876221
1526170684.1126764,4096,-5.276253700256348
1526170909.8777092,4224,-5.14061975479126
1526171028.4169698,4352,-4.808160781860352
1526171147.3592637,4480,-4.995142459869385
1526171265.8301504,4608,-4.755802631378174
1526171493.995967,4736,-4.9534382820129395
1526171612.6870036,4864,-5.020239353179932
1526171731.3978486,4992,-4.899572372436523
1526171849.9125133,5120,-4.990199565887451
1526172076.1560597,5248,-4.604376792907715
1526172194.9401722,5376,-4.04013729095459
1526172313.5917609,5504,-4.596430778503418
1526172432.090749,5632,-4.701283931732178
1526172658.2577376,5760,-4.657476902008057
1526172777.0104668,5888,-4.527252674102783
1526172895.7532737,6016,-4.689663887023926
1526173014.379042,6144,-4.016688823699951
1526173241.3690414,6272,-4.470640659332275
1526173360.328984,6400,-4.586693286895752
1526173479.2017727,6528,-3.900395631790161
1526173597.6097362,6656,-4.005701541900635
1526173826.4711936,6784,-4.457179546356201
1526173945.281659,6912,-4.366862773895264
1526174063.9530373,7040,-4.476441383361816
1526174182.6232765,7168,-4.417416572570801
1526174410.2085621,7296,-4.293198108673096
1526174528.6767263,7424,-3.9267210960388184
1526174647.2040186,7552,-4.635787010192871
1526174765.6913958,7680,-3.710949420928955
