wall_time,step,value
1526166190.330575,128,0.9997676014900208
1526166308.6007502,256,0.9997598528862
1526166427.1727846,384,0.9997580647468567
1526166545.4266648,512,0.9997571110725403
1526166782.4264278,640,0.9997576475143433
1526166901.1574087,768,0.999758243560791
1526167019.9390764,896,0.9997592568397522
1526167138.184114,1024,0.9997602701187134
1526167378.4587219,1152,0.9997608065605164
1526167496.9775784,1280,0.9997616410255432
1526167615.450858,1408,0.9997623562812805
1526167733.8286414,1536,0.9997634291648865
1526167972.3186805,1664,0.999763548374176
1526168090.9099865,1792,0.9997641444206238
1526168209.4896104,1920,0.9997647404670715
1526168327.9958217,2048,0.9997653961181641
1526168568.6554642,2176,0.9997652769088745
1526168687.3771915,2304,0.9997662901878357
1526168806.0440109,2432,0.999767005443573
1526168924.5213149,2560,0.9997668266296387
1526169159.7760558,2688,0.9997677206993103
1526169278.401566,2816,0.9997681975364685
1526169397.1255736,2944,0.9997683763504028
1526169515.6993332,3072,0.9997686743736267
1526169744.833537,3200,0.9997684359550476
1526169863.5565608,3328,0.9997683763504028
1526169982.2569897,3456,0.9997689723968506
1526170100.8217392,3584,0.9997689723968506
1526170328.582195,3712,0.9997697472572327
1526170447.204762,3840,0.9997702836990356
1526170565.7914383,3968,0.9997706413269043
1526170684.1127334,4096,0.999770998954773
1526170909.8777616,4224,0.9997726082801819
1526171028.4170153,4352,0.9997722506523132
1526171147.3593142,4480,0.9997717142105103
1526171265.8301952,4608,0.999772310256958
1526171493.9960191,4736,0.9997735023498535
1526171612.6870492,4864,0.999773383140564
1526171731.3979266,4992,0.9997735619544983
1526171849.912559,5120,0.9997729063034058
1526172076.1561308,5248,0.9997733235359192
1526172194.940234,5376,0.9997736811637878
1526172313.5918388,5504,0.9997745156288147
1526172432.0907955,5632,0.9997739195823669
1526172658.2577918,5760,0.9997752904891968
1526172777.0105512,5888,0.999775230884552
1526172895.753345,6016,0.9997743964195251
1526173014.3791034,6144,0.9997742176055908
1526173241.3690884,6272,0.9997745156288147
1526173360.3290472,6400,0.9997754693031311
1526173479.2018244,6528,0.9997756481170654
1526173597.6097836,6656,0.9997761845588684
1526173826.4712443,6784,0.9997767806053162
1526173945.2817032,6912,0.9997768402099609
1526174063.9530907,7040,0.9997764229774475
1526174182.6233244,7168,0.9997762441635132
1526174410.2086112,7296,0.9997763633728027
1526174528.6767888,7424,0.9997773170471191
1526174647.204071,7552,0.9997758865356445
1526174765.6914597,7680,0.9997782707214355
