wall_time,step,value
1526523561.4119039,128,12.770843505859375
1526524001.7216492,256,10.055298805236816
1526524442.0898113,384,7.325320720672607
1526524882.210362,512,7.5274152755737305
1526525942.6251204,640,7.603057861328125
1526526383.133268,768,7.518265724182129
1526526823.719336,896,7.2675251960754395
1526527264.305031,1024,8.646270751953125
1526528315.753739,1152,8.455202102661133
1526528756.4315453,1280,8.569072723388672
1526529197.1401687,1408,8.14905834197998
1526529637.8431935,1536,8.084582328796387
1526530669.7166357,1664,8.57373332977295
1526531110.4416313,1792,9.276466369628906
1526531551.1624925,1920,7.3194050788879395
1526531991.8360732,2048,9.024771690368652
1526533004.9305768,2176,8.650094032287598
1526533445.2626762,2304,8.169763565063477
1526533885.6783638,2432,8.479348182678223
1526534326.2715166,2560,8.68002986907959
1526535347.9882991,2688,7.625723361968994
1526535788.34068,2816,7.996632099151611
1526536228.7236412,2944,9.053703308105469
1526536668.9563584,3072,7.352758407592773
1526537688.0285597,3200,9.075987815856934
1526538128.1451755,3328,8.452010154724121
1526538568.1138432,3456,10.15290641784668
1526539008.2306018,3584,7.737424850463867
1526540016.8248653,3712,7.543163299560547
1526540456.970409,3840,7.611077308654785
1526540897.1077135,3968,7.519304275512695
1526541337.2329364,4096,8.712160110473633
1526542883.408332,4224,8.967576026916504
1526543340.3162832,4352,8.383352279663086
1526543797.356183,4480,7.149927616119385
1526544254.3346817,4608,8.233953475952148
1526545285.94183,4736,7.8570146560668945
1526545726.4324474,4864,7.776662349700928
1526546166.8710308,4992,10.102551460266113
1526546607.3533173,5120,8.34534740447998
1526547622.9088404,5248,7.589426517486572
1526548063.1108048,5376,7.9309868812561035
1526548503.2922685,5504,8.270248413085938
1526548943.4316165,5632,8.052451133728027
1526549974.286379,5760,7.393154621124268
1526550415.0199437,5888,7.7827301025390625
1526550855.7137814,6016,6.932279586791992
1526551296.4011185,6144,9.982938766479492
1526552323.0639782,6272,10.695830345153809
1526552763.6567194,6400,7.6924519538879395
1526553204.1143851,6528,9.441646575927734
1526553644.7287452,6656,6.985874652862549
1526554677.806075,6784,8.865764617919922
1526555117.653833,6912,8.190520286560059
1526555557.5814154,7040,8.900298118591309
1526555997.5347846,7168,8.978459358215332
1526557034.718112,7296,9.569011688232422
1526557475.3271766,7424,7.3567376136779785
1526557916.0234666,7552,8.49936580657959
1526558356.6593022,7680,7.428925037384033
