wall_time,step,value
1526432482.494415,512,0.06158512458205223
1526433502.5758896,1024,0.10532215982675552
1526434525.6913123,1536,0.11611279100179672
1526435550.1707025,2048,0.12015625089406967
1526436565.4543517,2560,0.05986935272812843
1526437576.07619,3072,0.05705425515770912
1526438581.8942344,3584,0.06494171917438507
1526439582.9498801,4096,0.07857922464609146
1526440576.0101516,4608,0.06054067984223366
1526441576.2682014,5120,0.04679271951317787
1526442571.1369412,5632,0.05595249682664871
1526443571.2171302,6144,0.07814864069223404
1526444576.266865,6656,0.03324495255947113
1526445575.4418514,7168,0.04966425895690918
1526446573.0624998,7680,0.06895151734352112
