wall_time,step,value
1526469803.9422731,512,3.1680703163146973
1526471415.2170491,1024,3.095412254333496
1526473013.1338782,1536,2.736907482147217
1526474623.970707,2048,2.4051783084869385
1526476210.0324528,2560,2.430717945098877
1526477791.074088,3072,3.1591930389404297
1526479350.4033694,3584,2.820847749710083
1526480943.0603943,4096,3.1165881156921387
1526482515.1228297,4608,2.906521797180176
1526484106.4338312,5120,2.7180440425872803
1526485698.5303185,5632,3.1498286724090576
1526487294.8890288,6144,2.0814735889434814
1526488895.4396803,6656,2.6360065937042236
1526490494.4957387,7168,1.6383236646652222
