wall_time,step,value
1526523561.4118397,128,-29.347858428955078
1526524001.7215416,256,-20.351795196533203
1526524442.0897624,384,-16.067216873168945
1526524882.2102983,512,-14.576202392578125
1526525942.6250768,640,-11.993387222290039
1526526383.1332293,768,-11.680074691772461
1526526823.7192926,896,-11.46885871887207
1526527264.304987,1024,-11.660632133483887
1526528315.7536407,1152,-10.28242301940918
1526528756.431498,1280,-10.260482788085938
1526529197.1401105,1408,-11.033295631408691
1526529637.8431373,1536,-9.896758079528809
1526530669.716558,1664,-10.254549026489258
1526531110.4415863,1792,-8.986455917358398
1526531551.1623979,1920,-8.655573844909668
1526531991.836026,2048,-8.108169555664062
1526533004.93052,2176,-7.682881832122803
1526533445.2626019,2304,-7.519954681396484
1526533885.678284,2432,-7.903669834136963
1526534326.2714736,2560,-7.1176533699035645
1526535347.9882367,2688,-6.910618305206299
1526535788.3406284,2816,-7.4811930656433105
1526536228.7235827,2944,-7.35874605178833
1526536668.9563076,3072,-7.187619686126709
1526537688.0285153,3200,-6.89316987991333
1526538128.1451306,3328,-6.756133079528809
1526538568.1137712,3456,-6.774510860443115
1526539008.2304912,3584,-7.019097328186035
1526540016.8248217,3712,-6.439233303070068
1526540456.9703639,3840,-6.339766979217529
1526540897.1076677,3968,-6.429324150085449
1526541337.2328925,4096,-6.140401840209961
1526542883.408225,4224,-6.293430805206299
1526543340.3162303,4352,-6.384973526000977
1526543797.3561244,4480,-5.528257369995117
1526544254.3346043,4608,-5.856487274169922
1526545285.9417841,4736,-6.192689895629883
1526545726.4323952,4864,-6.080787181854248
1526546166.870978,4992,-5.727489948272705
1526546607.353227,5120,-5.670167446136475
1526547622.9087846,5248,-5.068724632263184
1526548063.1107247,5376,-5.958906650543213
1526548503.29222,5504,-5.267231464385986
1526548943.4315531,5632,-5.385354042053223
1526549974.2863348,5760,-5.486108303070068
1526550415.019886,5888,-5.078302383422852
1526550855.7136698,6016,-5.168506145477295
1526551296.4010608,6144,-5.044388294219971
1526552323.0639327,6272,-4.883683681488037
1526552763.6566634,6400,-5.063979148864746
1526553204.1143048,6528,-4.819599151611328
1526553644.7286825,6656,-4.761991024017334
1526554677.8060093,6784,-4.877590656280518
1526555117.6537848,6912,-5.0693359375
1526555557.581347,7040,-5.24294376373291
1526555997.53474,7168,-4.7689080238342285
1526557034.7180603,7296,-4.973791122436523
1526557475.327132,7424,-5.147147178649902
1526557916.0233855,7552,-5.387910842895508
1526558356.6591895,7680,-4.5571675300598145
1526559387.3543663,7808,-4.651252269744873
