wall_time,step,value
1526469803.9422731,512,3.345019578933716
1526471415.2170491,1024,3.63712739944458
1526473013.1338782,1536,3.08805513381958
1526474623.970707,2048,2.8406460285186768
1526476210.0324528,2560,2.6338531970977783
1526477791.074088,3072,2.346822738647461
1526479350.4033694,3584,2.4612557888031006
1526480943.0603943,4096,2.448425054550171
1526482515.1228297,4608,2.3606863021850586
1526484106.4338312,5120,2.3352723121643066
1526485698.5303185,5632,2.3406214714050293
1526487294.8890288,6144,2.286494493484497
1526488895.4396803,6656,2.3122289180755615
1526490494.4957387,7168,2.337109088897705
