wall_time,step,value
1526166667.596606,512,0.05438493192195892
1526167263.8190148,1024,0.11424410343170166
1526167857.6711857,1536,0.06877868622541428
1526168453.866158,2048,0.08350776880979538
1526169044.7162294,2560,0.10411441326141357
1526169629.6301758,3072,0.10327331721782684
1526170213.399522,3584,0.07631377130746841
1526170794.6898527,4096,0.048465363681316376
1526171378.587328,4608,0.0868363082408905
1526171960.7091594,5120,0.07700490206480026
1526172543.031578,5632,0.0909138172864914
1526173126.1493194,6144,0.05087016522884369
1526173711.3713632,6656,0.06563679128885269
1526174295.200333,7168,0.06009560078382492
1526174876.178161,7680,0.05336517095565796
