wall_time,step,value
1526166190.330575,128,67.09516143798828
1526166308.6007502,256,12.53548526763916
1526166427.1727846,384,10.592855453491211
1526166545.4266648,512,8.652644157409668
1526166782.4264278,640,9.343186378479004
1526166901.1574087,768,10.507280349731445
1526167019.9390764,896,8.88919448852539
1526167138.184114,1024,8.53602409362793
1526167378.4587219,1152,8.689509391784668
1526167496.9775784,1280,8.298321723937988
1526167615.450858,1408,8.600540161132812
1526167733.8286414,1536,8.18176555633545
1526167972.3186805,1664,7.643758773803711
1526168090.9099865,1792,8.61593246459961
1526168209.4896104,1920,8.266131401062012
1526168327.9958217,2048,8.746119499206543
1526168568.6554642,2176,8.339747428894043
1526168687.3771915,2304,7.961266040802002
1526168806.0440109,2432,9.109944343566895
1526168924.5213149,2560,9.530330657958984
1526169159.7760558,2688,11.680865287780762
1526169278.401566,2816,8.180645942687988
1526169397.1255736,2944,9.171282768249512
1526169515.6993332,3072,9.653960227966309
1526169744.833537,3200,8.83974838256836
1526169863.5565608,3328,7.953505516052246
1526169982.2569897,3456,9.260424613952637
1526170100.8217392,3584,7.7316155433654785
1526170328.582195,3712,9.934326171875
1526170447.204762,3840,7.594268321990967
1526170565.7914383,3968,10.850278854370117
1526170684.1127334,4096,9.809582710266113
1526170909.8777616,4224,10.393340110778809
1526171028.4170153,4352,8.1821928024292
1526171147.3593142,4480,9.456459045410156
1526171265.8301952,4608,8.80044174194336
1526171493.9960191,4736,9.316512107849121
1526171612.6870492,4864,8.198220252990723
1526171731.3979266,4992,9.124897003173828
1526171849.912559,5120,8.597275733947754
1526172076.1561308,5248,7.932154655456543
1526172194.940234,5376,8.668339729309082
1526172313.5918388,5504,10.036548614501953
1526172432.0907955,5632,8.329853057861328
1526172658.2577918,5760,7.879538536071777
1526172777.0105512,5888,8.786453247070312
1526172895.753345,6016,8.57970905303955
1526173014.3791034,6144,8.284659385681152
1526173241.3690884,6272,8.298523902893066
1526173360.3290472,6400,10.081633567810059
1526173479.2018244,6528,9.041938781738281
1526173597.6097836,6656,7.87584924697876
1526173826.4712443,6784,8.933233261108398
1526173945.2817032,6912,7.795116901397705
1526174063.9530907,7040,9.061767578125
1526174182.6233244,7168,9.446807861328125
1526174410.2086112,7296,9.474589347839355
1526174528.6767888,7424,8.942337036132812
1526174647.204071,7552,8.318717002868652
1526174765.6914597,7680,9.125566482543945
