wall_time,step,value
1526525505.6192262,512,21.150501251220703
1526527878.7352853,1024,9.75971508026123
1526530232.5864437,1536,0.05824597179889679
1526532567.9406462,2048,-1.240599513053894
1526534911.4363253,2560,5.455616474151611
1526537251.5419426,3072,2.3475542068481445
1526539580.1156387,3584,2.6707992553710938
1526541923.24315,4096,3.2912325859069824
1526544848.9479141,4608,1.182854175567627
1526547186.264008,5120,1.3811110258102417
1526549537.071064,5632,1.844512939453125
1526551886.1804616,6144,2.335521697998047
1526554241.1097438,6656,4.894940376281738
1526556597.4901805,7168,3.4651904106140137
1526558950.016334,7680,5.288219451904297
