wall_time,step,value
1526468466.9093487,128,15.301369667053223
1526468763.3965244,256,10.897966384887695
1526469059.9714432,384,10.735384941101074
1526469356.5678632,512,8.915746688842773
1526470096.9561336,640,9.584848403930664
1526470393.4742208,768,8.061532974243164
1526470690.012576,896,8.206253051757812
1526470986.5450711,1024,8.680826187133789
1526471708.2863796,1152,7.6959404945373535
1526472004.79755,1280,8.774212837219238
1526472301.435537,1408,9.77091121673584
1526472598.1376538,1536,7.732215404510498
1526473306.1372807,1664,8.60486125946045
1526473602.7347898,1792,8.124953269958496
1526473899.2668421,1920,8.34774398803711
1526474195.8664162,2048,7.591588020324707
1526474917.0270624,2176,8.573336601257324
1526475214.0333126,2304,8.050951957702637
1526475511.0637162,2432,7.749213695526123
1526475807.8570936,2560,7.968295574188232
1526476503.2683187,2688,7.003931999206543
1526476800.1523392,2816,8.100093841552734
1526477097.1047382,2944,8.799483299255371
1526477393.923107,3072,8.243387222290039
1526478084.1989927,3200,8.790310859680176
1526478380.9480698,3328,7.600821495056152
1526478677.7719328,3456,7.97066068649292
1526478974.6606545,3584,8.284727096557617
1526479643.5981622,3712,8.706025123596191
1526479940.3547046,3840,7.537899494171143
1526480237.0702667,3968,7.7308526039123535
1526480533.8951597,4096,7.8173441886901855
1526481236.0065172,4224,9.084834098815918
1526481532.7324414,4352,8.070266723632812
1526481829.4619997,4480,8.358863830566406
1526482126.2432423,4608,8.199769020080566
1526482808.0510483,4736,7.836552619934082
1526483104.648697,4864,7.631011962890625
1526483401.3146403,4992,7.815629482269287
1526483697.9837017,5120,8.810818672180176
1526484399.492051,5248,9.138029098510742
1526484696.2798946,5376,8.404526710510254
1526484992.8285685,5504,8.164419174194336
1526485289.7495394,5632,8.298616409301758
1526485991.4070458,5760,7.658464431762695
1526486288.0486405,5888,7.773733139038086
1526486584.6531188,6016,8.711556434631348
1526486881.3567832,6144,8.208357810974121
1526487587.708653,6272,8.29542064666748
1526487884.5540874,6400,8.28882884979248
1526488181.2788503,6528,8.236507415771484
1526488478.0562038,6656,8.159128189086914
1526489188.4653971,6784,7.25265645980835
1526489485.1385403,6912,7.86150598526001
1526489781.8301132,7040,9.575197219848633
1526490078.5295103,7168,8.164857864379883
1526490787.361763,7296,7.407071590423584
1526491083.9710782,7424,8.880271911621094
1526491380.491495,7552,8.386138916015625
