wall_time,step,value
1526229442.7793233,128,270.9833068847656
1526229504.715821,256,99.89408111572266
1526229568.0855045,384,62.684425354003906
1526229632.0861099,512,32.629512786865234
1526229761.4668703,640,23.775020599365234
1526229824.5823567,768,23.203332901000977
1526229887.6114297,896,21.754716873168945
1526229950.5791838,1024,22.572792053222656
1526230077.5117257,1152,24.294361114501953
1526230140.672607,1280,22.702836990356445
1526230203.8050528,1408,24.668437957763672
1526230266.7911642,1536,24.290624618530273
1526230392.9938114,1664,26.15347671508789
1526230456.0781538,1792,25.12387466430664
1526230519.1795204,1920,26.563419342041016
1526230582.2583823,2048,27.659055709838867
1526230708.0501676,2176,27.596206665039062
1526230771.0301461,2304,29.98050308227539
1526230834.2294283,2432,28.798643112182617
1526230897.304336,2560,30.802677154541016
1526231025.5952735,2688,29.641948699951172
1526231088.641502,2816,31.35886573791504
1526231151.6455197,2944,27.90188217163086
1526231214.845216,3072,27.98078727722168
1526231343.5655115,3200,27.55244255065918
1526231406.4917881,3328,28.08794403076172
1526231469.6507468,3456,28.31586456298828
1526231532.7009845,3584,27.583784103393555
1526231661.1765857,3712,29.36144256591797
1526231724.200529,3840,28.309051513671875
1526231787.2336042,3968,28.780527114868164
1526231850.2492907,4096,28.401891708374023
1526231980.1233761,4224,30.716501235961914
1526232043.0220628,4352,28.34545135498047
1526232106.1026824,4480,27.43419075012207
1526232169.1059995,4608,27.697235107421875
1526232296.5161726,4736,27.08710479736328
1526232359.4606643,4864,29.03244972229004
1526232422.380737,4992,27.436595916748047
1526232485.2363746,5120,28.13739585876465
1526232613.3969142,5248,27.582502365112305
1526232676.6005776,5376,27.888614654541016
1526232739.851518,5504,28.321393966674805
1526232802.9011562,5632,27.45240020751953
1526232930.2242837,5760,30.048559188842773
1526232993.1951735,5888,28.346769332885742
1526233056.2452557,6016,27.285751342773438
1526233119.4152722,6144,27.38262939453125
1526233246.3385165,6272,28.323930740356445
1526233309.4043837,6400,28.069316864013672
1526233372.4715695,6528,26.989500045776367
1526233435.519452,6656,27.820749282836914
1526233564.70639,6784,27.258270263671875
1526233628.3424454,6912,26.78948211669922
1526233698.3623855,7040,26.80878448486328
1526233774.210369,7168,27.048078536987305
1526233904.3647196,7296,26.330032348632812
1526233967.4874828,7424,26.512502670288086
1526234034.9936328,7552,27.087068557739258
1526234102.302173,7680,26.47370147705078
