wall_time,step,value
1526166667.596606,512,100.31866455078125
1526167263.8190148,1024,35.83893966674805
1526167857.6711857,1536,18.80135726928711
1526168453.866158,2048,12.788148880004883
1526169044.7162294,2560,10.845381736755371
1526169629.6301758,3072,6.64592170715332
1526170213.399522,3584,8.879995346069336
1526170794.6898527,4096,11.361652374267578
1526171378.587328,4608,2.690546989440918
1526171960.7091594,5120,12.07749080657959
1526172543.031578,5632,3.4528355598449707
1526173126.1493194,6144,4.601025581359863
1526173711.3713632,6656,5.118650913238525
1526174295.200333,7168,8.284469604492188
1526174876.178161,7680,0.23255616426467896
