wall_time,step,value
1526432482.494415,512,0.4534260332584381
1526433502.5758896,1024,0.252325177192688
1526434525.6913123,1536,0.17278483510017395
1526435550.1707025,2048,0.12316617369651794
1526436565.4543517,2560,0.09528479725122452
1526437576.07619,3072,0.0831720232963562
1526438581.8942344,3584,0.07281958311796188
1526439582.9498801,4096,0.06723418831825256
1526440576.0101516,4608,0.05946928635239601
1526441576.2682014,5120,0.058258041739463806
1526442571.1369412,5632,0.05442860350012779
1526443571.2171302,6144,0.049514397978782654
1526444576.266865,6656,0.04828926548361778
1526445575.4418514,7168,0.04665830358862877
1526446573.0624998,7680,0.04196392372250557
