wall_time,step,value
1526166667.596606,512,84.420166015625
1526167263.8190148,1024,25.713764190673828
1526167857.6711857,1536,9.066213607788086
1526168453.866158,2048,4.985140800476074
1526169044.7162294,2560,4.06766414642334
1526169629.6301758,3072,0.5570050477981567
1526170213.399522,3584,3.1247544288635254
1526170794.6898527,4096,6.0366058349609375
1526171378.587328,4608,-2.5039515495300293
1526171960.7091594,5120,7.174982070922852
1526172543.031578,5632,-1.2080109119415283
1526173126.1493194,6144,0.2619280219078064
1526173711.3713632,6656,1.2126402854919434
1526174295.200333,7168,4.228520393371582
1526174876.178161,7680,-3.078476905822754
