wall_time,step,value
1526166667.596606,512,8.068578720092773
1526167263.8190148,1024,7.6345367431640625
1526167857.6711857,1536,3.7654151916503906
1526168453.866158,2048,4.59623908996582
1526169044.7162294,2560,4.3675856590271
1526169629.6301758,3072,3.7755532264709473
1526170213.399522,3584,3.329244375228882
1526170794.6898527,4096,3.6593875885009766
1526171378.587328,4608,3.1281580924987793
1526171960.7091594,5120,3.802117109298706
1526172543.031578,5632,3.186145305633545
1526173126.1493194,6144,2.723315954208374
1526173711.3713632,6656,2.9110217094421387
1526174295.200333,7168,3.5415432453155518
1526174876.178161,7680,3.291491985321045
