wall_time,step,value
1526166667.596606,512,2.8088433742523193
1526167263.8190148,1024,3.65425181388855
1526167857.6711857,1536,3.6424694061279297
1526168453.866158,2048,3.498542308807373
1526169044.7162294,2560,3.271353244781494
1526169629.6301758,3072,2.7954261302948
1526170213.399522,3584,2.7527050971984863
1526170794.6898527,4096,2.733279228210449
1526171378.587328,4608,2.4680230617523193
1526171960.7091594,5120,2.5080482959747314
1526172543.031578,5632,2.4321117401123047
1526173126.1493194,6144,2.4210543632507324
1526173711.3713632,6656,2.3885741233825684
1526174295.200333,7168,2.3656129837036133
1526174876.178161,7680,2.335806131362915
