wall_time,step,value
1526229700.4920564,512,80.38018798828125
1526230016.4595437,1024,63.93439483642578
1526230332.0042748,1536,38.6606559753418
1526230647.0170372,2048,29.934871673583984
1526230964.608421,2560,26.426054000854492
1526231282.4788103,3072,28.206565856933594
1526231600.128247,3584,13.651627540588379
1526231919.1070247,4096,8.098956108093262
1526232235.3816507,4608,1.765630841255188
1526232552.3248289,5120,6.05637264251709
1526232869.1107419,5632,-5.079867362976074
1526233185.2262118,6144,-5.458573341369629
1526233503.6437347,6656,0.5744511485099792
1526233843.2531297,7168,-4.504060745239258
1526234187.9253793,7680,-7.618319511413574
