wall_time,step,value
1526684086.2861524,128,-25.726802825927734
1526685029.8486693,256,-18.93764305114746
1526685973.3924673,384,-16.900127410888672
1526686917.0181139,512,-17.448659896850586
1526690066.974076,640,-13.868632316589355
1526691010.1058106,768,-12.624320983886719
1526691953.0676754,896,-12.73302936553955
1526692896.1329448,1024,-11.517877578735352
1526696029.2257078,1152,-10.939920425415039
1526696972.4587555,1280,-11.655515670776367
1526697915.5651572,1408,-10.513246536254883
1526698858.7369907,1536,-10.440052032470703
1526701930.2505908,1664,-10.093993186950684
1526702873.257631,1792,-9.963456153869629
1526703816.277883,1920,-8.833701133728027
1526704759.2939665,2048,-8.553484916687012
1526707747.4451144,2176,-8.59467887878418
1526708690.6030717,2304,-8.265155792236328
1526709633.7085464,2432,-8.28056526184082
1526710576.8841827,2560,-8.154744148254395
1526713373.3746288,2688,-8.07137393951416
1526714352.1674414,2816,-8.325730323791504
1526715330.874574,2944,-8.435079574584961
1526716309.8347092,3072,-8.004963874816895
1526719254.8397992,3200,-7.506617546081543
1526720198.270663,3328,-7.322256088256836
1526721141.7226255,3456,-6.425242900848389
1526722085.1238918,3584,-6.978288650512695
1526725000.9176714,3712,-6.7946953773498535
1526725943.4852586,3840,-6.9207258224487305
1526726886.2142737,3968,-7.426392555236816
1526727828.7115939,4096,-6.317441463470459
1526730809.597085,4224,-6.344690322875977
1526731752.6942315,4352,-6.907029628753662
1526732695.7374382,4480,-7.020528793334961
1526733638.806677,4608,-6.1874895095825195
1526736635.624417,4736,-5.9579057693481445
1526737579.0450284,4864,-5.713066101074219
1526738522.3487754,4992,-6.283605575561523
1526739465.8343039,5120,-5.910316467285156
1526742531.887282,5248,-6.510968208312988
1526743474.8309338,5376,-6.058969974517822
1526744417.4368865,5504,-5.794676303863525
1526745360.2910028,5632,-5.133664608001709
1526748359.9688222,5760,-5.763880729675293
1526749303.2053146,5888,-5.80758810043335
1526750246.2844799,6016,-6.157124042510986
1526751189.50694,6144,-5.792463302612305
1526754250.5739393,6272,-5.370354652404785
1526755193.9010563,6400,-5.630867958068848
1526756137.6784108,6528,-5.130491256713867
1526757081.1990888,6656,-6.0365071296691895
1526760132.785626,6784,-6.206973075866699
1526761075.7796562,6912,-5.930484294891357
1526762018.673446,7040,-5.772698402404785
1526762961.824888,7168,-4.971538543701172
1526766038.8100262,7296,-5.390866279602051
1526766981.9464808,7424,-5.093207836151123
1526767925.2010064,7552,-5.25709342956543
1526768868.4880338,7680,-4.833138942718506
1526771949.7911308,7808,-5.282238483428955
