wall_time,step,value
1526523561.4119039,128,95.15241241455078
1526524001.7216492,256,77.87901306152344
1526524442.0898113,384,64.8984603881836
1526524882.210362,512,68.9638442993164
1526525942.6251204,640,72.61572265625
1526526383.133268,768,74.45475769042969
1526526823.719336,896,76.98184967041016
1526527264.305031,1024,78.82441711425781
1526528315.753739,1152,79.2679443359375
1526528756.4315453,1280,80.26255798339844
1526529197.1401687,1408,82.44257354736328
1526529637.8431935,1536,79.55517578125
1526530669.7166357,1664,79.77912902832031
1526531110.4416313,1792,77.28466033935547
1526531551.1624925,1920,75.15663146972656
1526531991.8360732,2048,76.21641540527344
1526533004.9305768,2176,73.599609375
1526533445.2626762,2304,72.13661193847656
1526533885.6783638,2432,70.85454559326172
1526534326.2715166,2560,69.49189758300781
1526535347.9882991,2688,67.58609008789062
1526535788.34068,2816,67.60305786132812
1526536228.7236412,2944,67.33721160888672
1526536668.9563584,3072,66.4496078491211
1526537688.0285597,3200,64.16220092773438
1526538128.1451755,3328,64.10520935058594
1526538568.1138432,3456,64.19398498535156
1526539008.2306018,3584,64.76577758789062
1526540016.8248653,3712,63.505035400390625
1526540456.970409,3840,61.30029296875
1526540897.1077135,3968,61.16184997558594
1526541337.2329364,4096,59.34337615966797
1526542883.408332,4224,61.23109817504883
1526543340.3162832,4352,59.36858367919922
1526543797.356183,4480,59.181854248046875
1526544254.3346817,4608,58.33119201660156
1526545285.94183,4736,57.593849182128906
1526545726.4324474,4864,59.65751266479492
1526546166.8710308,4992,56.74414825439453
1526546607.3533173,5120,58.36045837402344
1526547622.9088404,5248,59.57682800292969
1526548063.1108048,5376,57.40018844604492
1526548503.2922685,5504,58.05250549316406
1526548943.4316165,5632,56.05888748168945
1526549974.286379,5760,57.15869903564453
1526550415.0199437,5888,54.832984924316406
1526550855.7137814,6016,53.47919464111328
1526551296.4011185,6144,53.28984832763672
1526552323.0639782,6272,52.78396987915039
1526552763.6567194,6400,52.888587951660156
1526553204.1143851,6528,53.79265594482422
1526553644.7287452,6656,53.464561462402344
1526554677.806075,6784,54.1156120300293
1526555117.653833,6912,55.27045440673828
1526555557.5814154,7040,53.16566467285156
1526555997.5347846,7168,52.38140869140625
1526557034.718112,7296,53.185272216796875
1526557475.3271766,7424,51.39226531982422
1526557916.0234666,7552,55.18485641479492
1526558356.6593022,7680,52.16310501098633
