wall_time,step,value
1526432482.494415,512,2.8650145530700684
1526433502.5758896,1024,5.997725486755371
1526434525.6913123,1536,2.9264910221099854
1526435550.1707025,2048,2.3500280380249023
1526436565.4543517,2560,3.1856136322021484
1526437576.07619,3072,2.796945333480835
1526438581.8942344,3584,3.703284740447998
1526439582.9498801,4096,2.489100217819214
1526440576.0101516,4608,3.036986827850342
1526441576.2682014,5120,2.613664388656616
1526442571.1369412,5632,2.2922677993774414
1526443571.2171302,6144,2.902465343475342
1526444576.266865,6656,2.57706880569458
1526445575.4418514,7168,2.874382734298706
1526446573.0624998,7680,3.2245609760284424
