wall_time,step,value
1526468466.9092767,128,-28.66042137145996
1526468763.3964698,256,-17.409038543701172
1526469059.971386,384,-15.97145938873291
1526469356.5678186,512,-14.088399887084961
1526470096.9560912,640,-12.416156768798828
1526470393.4741786,768,-11.83704662322998
1526470690.01252,896,-12.171548843383789
1526470986.5450132,1024,-10.837557792663574
1526471708.2863364,1152,-10.380927085876465
1526472004.7975085,1280,-9.983064651489258
1526472301.4354663,1408,-10.740702629089355
1526472598.137607,1536,-9.316463470458984
1526473306.1372283,1664,-9.252437591552734
1526473602.7347481,1792,-8.817872047424316
1526473899.266793,1920,-8.266239166259766
1526474195.8663454,2048,-7.971797466278076
1526474917.0270193,2176,-7.532853126525879
1526475214.0332694,2304,-7.547614097595215
1526475511.063636,2432,-7.562502384185791
1526475807.8570328,2560,-7.355103015899658
1526476503.2682676,2688,-6.902530670166016
1526476800.1522942,2816,-7.370058059692383
1526477097.1047015,2944,-6.705986022949219
1526477393.9230278,3072,-6.4283905029296875
1526478084.1989486,3200,-6.548748970031738
1526478380.9480247,3328,-6.527528762817383
1526478677.7718751,3456,-6.6173014640808105
1526478974.6605997,3584,-6.480659008026123
1526479643.5981045,3712,-6.3097076416015625
1526479940.3546486,3840,-5.650986671447754
1526480237.070223,3968,-6.245231628417969
1526480533.8951182,4096,-6.348669528961182
1526481236.0064037,4224,-5.993592739105225
1526481532.7323318,4352,-5.9740891456604
1526481829.4619555,4480,-5.776673316955566
1526482126.243158,4608,-5.719022274017334
1526482808.0510046,4736,-5.662399768829346
1526483104.6486466,4864,-5.002439975738525
1526483401.3145955,4992,-5.364871501922607
1526483697.9836543,5120,-5.15360689163208
1526484399.4920096,5248,-5.755758762359619
1526484696.2798307,5376,-5.307243347167969
1526484992.8285031,5504,-6.32582426071167
1526485289.7494926,5632,-5.221359729766846
1526485991.4069712,5760,-5.474888801574707
1526486288.0485373,5888,-4.91047477722168
1526486584.6530743,6016,-4.961252212524414
1526486881.356738,6144,-4.8322625160217285
1526487587.708611,6272,-4.961430072784424
1526487884.5540268,6400,-5.552125930786133
1526488181.2787826,6528,-5.357395172119141
1526488478.0561595,6656,-4.631801605224609
1526489188.465354,6784,-4.997244358062744
1526489485.138489,6912,-5.0202436447143555
1526489781.8300514,7040,-5.006352424621582
1526490078.5294652,7168,-4.764726161956787
1526490787.3617191,7296,-4.642685413360596
1526491083.9710355,7424,-4.531767845153809
1526491380.4914358,7552,-4.462273597717285
1526491677.0249794,7680,-4.924726963043213
1526492362.454834,7808,-4.684136390686035
