wall_time,step,value
1526689126.6375868,512,7.30456018447876
1526695088.7754614,1024,7.243339538574219
1526700989.7794824,1536,6.3119049072265625
1526706806.8756423,2048,4.3106489181518555
1526718314.4804358,3072,6.695740222930908
1526724061.096917,3584,5.361937046051025
1526729869.1135159,4096,4.285930156707764
1526735695.2191107,4608,3.548755645751953
1526741591.841439,5120,3.8530259132385254
1526747419.6141768,5632,3.1489009857177734
1526753310.1163816,6144,3.9861135482788086
1526759192.5752547,6656,3.955333709716797
1526765098.3122554,7168,5.08975887298584
1526771008.5628529,7680,3.9790353775024414
