wall_time,step,value
1526525505.6192262,512,1001.7587280273438
1526527878.7352853,1024,1041.881591796875
1526530232.5864437,1536,1050.005615234375
1526532567.9406462,2048,1003.2821044921875
1526534911.4363253,2560,1000.5674438476562
1526537251.5419426,3072,857.7669677734375
1526539580.1156387,3584,887.9646606445312
1526541923.24315,4096,767.4138793945312
1526544848.9479141,4608,769.9683837890625
1526547186.264008,5120,731.5159912109375
1526549537.071064,5632,715.5755615234375
1526551886.1804616,6144,695.4314575195312
1526554241.1097438,6656,703.3240966796875
1526556597.4901805,7168,683.113037109375
1526558950.016334,7680,669.6824951171875
