wall_time,step,value
1526689126.6375868,512,4.646628379821777
1526695088.7754614,1024,4.497893810272217
1526700989.7794824,1536,4.037928104400635
1526706806.8756423,2048,3.1455585956573486
1526718314.4804358,3072,5.021138668060303
1526724061.096917,3584,3.484726905822754
1526729869.1135159,4096,2.7989070415496826
1526735695.2191107,4608,3.0497822761535645
1526741591.841439,5120,2.893641471862793
1526747419.6141768,5632,2.1229782104492188
1526753310.1163816,6144,2.951474905014038
1526759192.5752547,6656,3.277174949645996
1526765098.3122554,7168,4.067051887512207
1526771008.5628529,7680,3.3989675045013428
