wall_time,step,value
1526166667.596606,512,0.49349284172058105
1526167263.8190148,1024,0.36532697081565857
1526167857.6711857,1536,0.2708088159561157
1526168453.866158,2048,0.20618832111358643
1526169044.7162294,2560,0.15186330676078796
1526169629.6301758,3072,0.1132173165678978
1526170213.399522,3584,0.10409656167030334
1526170794.6898527,4096,0.09128523617982864
1526171378.587328,4608,0.08147575706243515
1526171960.7091594,5120,0.07604798674583435
1526172543.031578,5632,0.07448393851518631
1526173126.1493194,6144,0.07007960975170135
1526173711.3713632,6656,0.0654178336262703
1526174295.200333,7168,0.06284300237894058
1526174876.178161,7680,0.0608731247484684
