wall_time,step,value
1526229700.4920564,512,2.2974157333374023
1526230016.4595437,1024,2.92830753326416
1526230332.0042748,1536,3.4455337524414062
1526230647.0170372,2048,3.6061253547668457
1526230964.608421,2560,3.8298180103302
1526231282.4788103,3072,3.6005630493164062
1526231600.128247,3584,3.3964858055114746
1526231919.1070247,4096,3.104611396789551
1526232235.3816507,4608,3.0250747203826904
1526232552.3248289,5120,2.835000514984131
1526232869.1107419,5632,2.979896306991577
1526233185.2262118,6144,2.767650604248047
1526233503.6437347,6656,2.7487263679504395
1526233843.2531297,7168,2.725616455078125
1526234187.9253793,7680,2.631319046020508
