wall_time,step,value
1526431661.7790647,128,135.93971252441406
1526431863.3045514,256,73.8003158569336
1526432064.8801653,384,51.450889587402344
1526432266.4236472,512,48.31596374511719
1526432680.5803776,640,47.05991744995117
1526432882.0546262,768,45.430213928222656
1526433083.7096608,896,45.497093200683594
1526433285.232979,1024,48.66011428833008
1526433700.5506766,1152,48.76076889038086
1526433901.9128299,1280,49.74028778076172
1526434103.7781317,1408,54.39906692504883
1526434305.288599,1536,55.663002014160156
1526434723.699023,1664,58.07798385620117
1526434925.2957962,1792,57.34950256347656
1526435126.8803606,1920,58.52915954589844
1526435328.4856396,2048,55.99044418334961
1526435747.8893397,2176,57.29502868652344
1526435949.375538,2304,55.54006576538086
1526436150.9879007,2432,57.46466064453125
1526436352.6168623,2560,55.02487564086914
1526436763.314143,2688,54.18703842163086
1526436964.5966756,2816,53.7989616394043
1526437166.1918066,2944,55.22794723510742
1526437367.8098552,3072,54.01311111450195
1526437774.1222026,3200,51.98521423339844
1526437975.7939024,3328,53.26443099975586
1526438177.5634706,3456,53.41145706176758
1526438379.2830672,3584,52.20783996582031
1526438780.180759,3712,52.03133773803711
1526438981.862311,3840,51.255374908447266
1526439183.584263,3968,51.794578552246094
1526439385.487367,4096,51.21120834350586
1526439780.9665456,4224,49.75838088989258
1526439982.6456957,4352,50.31441116333008
1526440184.3228607,4480,51.17106246948242
1526440386.149878,4608,48.325592041015625
1526440774.1651375,4736,49.95330810546875
1526440975.8522787,4864,48.254669189453125
1526441177.448199,4992,49.21459197998047
1526441379.1180878,5120,48.37339782714844
1526441774.3391938,5248,47.41551971435547
1526441975.748724,5376,49.16046142578125
1526442177.451189,5504,47.74456787109375
1526442379.0999553,5632,45.89531707763672
1526442769.1539042,5760,46.215354919433594
1526442970.7056901,5888,47.702335357666016
1526443172.362083,6016,47.273704528808594
1526443374.005508,6144,46.84361267089844
1526443768.974687,6272,46.18233108520508
1526443970.5666358,6400,44.081703186035156
1526444172.2191525,6528,45.56147003173828
1526444373.8931634,6656,44.74541473388672
1526444774.0881836,6784,46.93061065673828
1526444975.5702498,6912,44.01876449584961
1526445177.204502,7040,45.34790802001953
1526445378.8009324,7168,44.328392028808594
1526445773.295876,7296,43.39030838012695
1526445974.8115034,7424,43.024478912353516
1526446176.3184237,7552,43.4965934753418
1526446377.8653665,7680,44.810184478759766
