wall_time,step,value
1526525505.6192262,512,3.3598885536193848
1526527878.7352853,1024,3.5162746906280518
1526530232.5864437,1536,3.0611231327056885
1526532567.9406462,2048,2.8571386337280273
1526534911.4363253,2560,2.6066794395446777
1526537251.5419426,3072,2.4981472492218018
1526539580.1156387,3584,2.466989040374756
1526541923.24315,4096,2.5061593055725098
1526544848.9479141,4608,2.3109145164489746
1526547186.264008,5120,2.3440680503845215
1526549537.071064,5632,2.352280378341675
1526551886.1804616,6144,2.367680311203003
1526554241.1097438,6656,2.3346176147460938
1526556597.4901805,7168,2.3030028343200684
1526558950.016334,7680,2.310652494430542
