wall_time,step,value
1526468466.9092767,128,0.8011343479156494
1526468763.3964698,256,0.42406004667282104
1526469059.971386,384,0.3300272822380066
1526469356.5678186,512,0.270397812128067
1526470096.9560912,640,0.27070334553718567
1526470393.4741786,768,0.23500850796699524
1526470690.01252,896,0.20834001898765564
1526470986.5450132,1024,0.1788201630115509
1526471708.2863364,1152,0.17130622267723083
1526472004.7975085,1280,0.18080946803092957
1526472301.4354663,1408,0.1873568296432495
1526472598.137607,1536,0.12697188556194305
1526473306.1372283,1664,0.17366842925548553
1526473602.7347481,1792,0.1489163637161255
1526473899.266793,1920,0.11675770580768585
1526474195.8663454,2048,0.10176919400691986
1526474917.0270193,2176,0.13925468921661377
1526475214.0332694,2304,0.11813667416572571
1526475511.063636,2432,0.09953562170267105
1526475807.8570328,2560,0.10552135854959488
1526476503.2682676,2688,0.10027032345533371
1526476800.1522942,2816,0.10984069108963013
1526477097.1047015,2944,0.07863730937242508
1526477393.9230278,3072,0.1138896569609642
1526478084.1989486,3200,0.07295830547809601
1526478380.9480247,3328,0.08918969333171844
1526478677.7718751,3456,0.07780188322067261
1526478974.6605997,3584,0.07645699381828308
1526479643.5981045,3712,0.08312870562076569
1526479940.3546486,3840,0.06883241981267929
1526480237.070223,3968,0.07832858711481094
1526480533.8951182,4096,0.0696617141366005
1526481236.0064037,4224,0.055005211383104324
1526481532.7323318,4352,0.0785941630601883
1526481829.4619555,4480,0.07790762931108475
1526482126.243158,4608,0.05950196459889412
1526482808.0510046,4736,0.057507261633872986
1526483104.6486466,4864,0.06170380488038063
1526483401.3145955,4992,0.08221890032291412
1526483697.9836543,5120,0.06754766404628754
1526484399.4920096,5248,0.07001236081123352
1526484696.2798307,5376,0.06675474345684052
1526484992.8285031,5504,0.056489184498786926
1526485289.7494926,5632,0.06063803285360336
1526485991.4069712,5760,0.06801948696374893
1526486288.0485373,5888,0.07650303095579147
1526486584.6530743,6016,0.04780358448624611
1526486881.356738,6144,0.05180651694536209
1526487587.708611,6272,0.06136225163936615
1526487884.5540268,6400,0.0583270788192749
1526488181.2787826,6528,0.04918689280748367
1526488478.0561595,6656,0.05136142671108246
1526489188.465354,6784,0.05402827635407448
1526489485.138489,6912,0.05274944007396698
1526489781.8300514,7040,0.05824434384703636
1526490078.5294652,7168,0.04779113084077835
1526490787.3617191,7296,0.06607887148857117
1526491083.9710355,7424,0.05633878707885742
1526491380.4914358,7552,0.05092107132077217
1526491677.0249794,7680,0.04144579917192459
1526492362.454834,7808,0.03546629101037979
