wall_time,step,value
1526229700.4920564,512,0.024666037410497665
1526230016.4595437,1024,0.10472404211759567
1526230332.0042748,1536,0.09005744010210037
1526230647.0170372,2048,0.11381642520427704
1526230964.608421,2560,0.09976901113986969
1526231282.4788103,3072,0.12037456780672073
1526231600.128247,3584,0.06815798580646515
1526231919.1070247,4096,0.08040189743041992
1526232235.3816507,4608,0.054088328033685684
1526232552.3248289,5120,0.08107005059719086
1526232869.1107419,5632,0.05829054117202759
1526233185.2262118,6144,0.06226404011249542
1526233503.6437347,6656,0.10607066750526428
1526233843.2531297,7168,0.05139957740902901
1526234187.9253793,7680,0.09900998324155807
