wall_time,step,value
1526469803.9422731,512,344.12335205078125
1526471415.2170491,1024,221.09449768066406
1526473013.1338782,1536,148.83816528320312
1526474623.970707,2048,115.18770599365234
1526476210.0324528,2560,95.91184997558594
1526477791.074088,3072,80.55883026123047
1526479350.4033694,3584,75.90248107910156
1526480943.0603943,4096,70.54198455810547
1526482515.1228297,4608,66.8482894897461
1526484106.4338312,5120,61.29746627807617
1526485698.5303185,5632,56.889488220214844
1526487294.8890288,6144,56.91977310180664
1526488895.4396803,6656,54.20491027832031
1526490494.4957387,7168,54.03886795043945
