wall_time,step,value
1526468466.9093487,128,0.9998806118965149
1526468763.3965244,256,0.9998791217803955
1526469059.9714432,384,0.9998794198036194
1526469356.5678632,512,0.999880313873291
1526470096.9561336,640,0.9998817443847656
1526470393.4742208,768,0.9998824000358582
1526470690.012576,896,0.9998828768730164
1526470986.5450711,1024,0.9998838305473328
1526471708.2863796,1152,0.9998838305473328
1526472004.79755,1280,0.9998846650123596
1526472301.435537,1408,0.9998850226402283
1526472598.1376538,1536,0.9998852014541626
1526473306.1372807,1664,0.9998859167098999
1526473602.7347898,1792,0.9998857378959656
1526473899.2668421,1920,0.9998862147331238
1526474195.8664162,2048,0.9998869895935059
1526474917.0270624,2176,0.9998869299888611
1526475214.0333126,2304,0.999887228012085
1526475511.0637162,2432,0.9998874068260193
1526475807.8570936,2560,0.999888002872467
1526476503.2683187,2688,0.9998883605003357
1526476800.1523392,2816,0.99988853931427
1526477097.1047382,2944,0.9998886585235596
1526477393.923107,3072,0.9998891353607178
1526478084.1989927,3200,0.9998886585235596
1526478380.9480698,3328,0.9998893141746521
1526478677.7719328,3456,0.9998893141746521
1526478974.6606545,3584,0.9998900890350342
1526479643.5981622,3712,0.9998903870582581
1526479940.3547046,3840,0.9998899102210999
1526480237.0702667,3968,0.9998907446861267
1526480533.8951597,4096,0.9998908638954163
1526481236.0065172,4224,0.999890923500061
1526481532.7324414,4352,0.9998909831047058
1526481829.4619997,4480,0.9998914003372192
1526482126.2432423,4608,0.9998912811279297
1526482808.0510483,4736,0.9998914003372192
1526483104.648697,4864,0.9998916983604431
1526483401.3146403,4992,0.999891996383667
1526483697.9837017,5120,0.9998917579650879
1526484399.492051,5248,0.999891996383667
1526484696.2798946,5376,0.9998919367790222
1526484992.8285685,5504,0.9998923540115356
1526485289.7495394,5632,0.9998922348022461
1526485991.4070458,5760,0.9998928308486938
1526486288.0486405,5888,0.999893307685852
1526486584.6531188,6016,0.9998934268951416
1526486881.3567832,6144,0.9998932480812073
1526487587.708653,6272,0.9998934864997864
1526487884.5540874,6400,0.9998939633369446
1526488181.2788503,6528,0.9998933672904968
1526488478.0562038,6656,0.9998937249183655
1526489188.4653971,6784,0.9998941421508789
1526489485.1385403,6912,0.9998945593833923
1526489781.8301132,7040,0.9998946189880371
1526490078.5295103,7168,0.9998949766159058
1526490787.361763,7296,0.9998944401741028
1526491083.9710782,7424,0.9998947978019714
1526491380.491495,7552,0.9998947381973267
