wall_time,step,value
1526689126.6375868,512,2.1548357009887695
1526695088.7754614,1024,2.062769889831543
1526700989.7794824,1536,-5.446526527404785
1526706806.8756423,2048,-4.119223594665527
1526718314.4804358,3072,0.7032071948051453
1526724061.096917,3584,-4.254498481750488
1526729869.1135159,4096,-3.6767935752868652
1526735695.2191107,4608,-4.511936187744141
1526741591.841439,5120,-2.483646869659424
1526747419.6141768,5632,-3.6328182220458984
1526753310.1163816,6144,-5.060374736785889
1526759192.5752547,6656,-1.1134791374206543
1526765098.3122554,7168,-6.066263675689697
1526771008.5628529,7680,2.972517967224121
