wall_time,step,value
1526469803.9422731,512,27.181076049804688
1526471415.2170491,1024,8.199328422546387
1526473013.1338782,1536,0.8606387376785278
1526474623.970707,2048,1.404016375541687
1526476210.0324528,2560,0.23361316323280334
1526477791.074088,3072,-1.0865548849105835
1526479350.4033694,3584,-3.666776418685913
1526480943.0603943,4096,-5.009965896606445
1526482515.1228297,4608,-2.193732738494873
1526484106.4338312,5120,-3.1398115158081055
1526485698.5303185,5632,-1.4180762767791748
1526487294.8890288,6144,-1.3969025611877441
1526488895.4396803,6656,-7.2876482009887695
1526490494.4957387,7168,-0.854272723197937
