wall_time,step,value
1526523561.4119039,128,0.9999043345451355
1526524001.7216492,256,0.9999039173126221
1526524442.0898113,384,0.9999045729637146
1526524882.210362,512,0.9999060034751892
1526525942.6251204,640,0.9999064803123474
1526526383.133268,768,0.9999071359634399
1526526823.719336,896,0.9999080896377563
1526527264.305031,1024,0.9999085068702698
1526528315.753739,1152,0.9999086260795593
1526528756.4315453,1280,0.9999091625213623
1526529197.1401687,1408,0.9999094009399414
1526529637.8431935,1536,0.9999094009399414
1526530669.7166357,1664,0.9999096989631653
1526531110.4416313,1792,0.9999101161956787
1526531551.1624925,1920,0.9999103546142578
1526531991.8360732,2048,0.999910295009613
1526533004.9305768,2176,0.9999109506607056
1526533445.2626762,2304,0.9999107122421265
1526533885.6783638,2432,0.999910831451416
1526534326.2715166,2560,0.9999115467071533
1526535347.9882991,2688,0.9999116063117981
1526535788.34068,2816,0.9999119639396667
1526536228.7236412,2944,0.9999114871025085
1526536668.9563584,3072,0.9999117851257324
1526537688.0285597,3200,0.9999123811721802
1526538128.1451755,3328,0.9999130368232727
1526538568.1138432,3456,0.9999129772186279
1526539008.2306018,3584,0.9999130368232727
1526540016.8248653,3712,0.9999134540557861
1526540456.970409,3840,0.9999136328697205
1526540897.1077135,3968,0.9999135136604309
1526541337.2329364,4096,0.9999142289161682
1526542883.408332,4224,0.9999147057533264
1526543340.3162832,4352,0.9999150037765503
1526543797.356183,4480,0.9999143481254578
1526544254.3346817,4608,0.9999154210090637
1526545285.94183,4736,0.9999150633811951
1526545726.4324474,4864,0.9999146461486816
1526546166.8710308,4992,0.9999151825904846
1526546607.3533173,5120,0.9999150037765503
1526547622.9088404,5248,0.9999156594276428
1526548063.1108048,5376,0.9999159574508667
1526548503.2922685,5504,0.9999158382415771
1526548943.4316165,5632,0.9999157190322876
1526549974.286379,5760,0.9999160170555115
1526550415.0199437,5888,0.9999160170555115
1526550855.7137814,6016,0.9999163150787354
1526551296.4011185,6144,0.9999160170555115
1526552323.0639782,6272,0.9999164342880249
1526552763.6567194,6400,0.9999163746833801
1526553204.1143851,6528,0.9999171495437622
1526553644.7287452,6656,0.9999169111251831
1526554677.806075,6784,0.9999168515205383
1526555117.653833,6912,0.9999183416366577
1526555557.5814154,7040,0.9999179840087891
1526555997.5347846,7168,0.9999179244041443
1526557034.718112,7296,0.9999178647994995
1526557475.3271766,7424,0.9999178051948547
1526557916.0234666,7552,0.9999174475669861
1526558356.6593022,7680,0.9999184012413025
