wall_time,step,value
1526525505.6192262,512,7.7250165939331055
1526527878.7352853,1024,7.402794361114502
1526530232.5864437,1536,4.650465965270996
1526532567.9406462,2048,5.858504772186279
1526534911.4363253,2560,4.710058212280273
1526537251.5419426,3072,3.480994701385498
1526539580.1156387,3584,5.055793285369873
1526541923.24315,4096,3.3975155353546143
1526544848.9479141,4608,4.035575866699219
1526547186.264008,5120,4.135831832885742
1526549537.071064,5632,3.620281934738159
1526551886.1804616,6144,3.700622320175171
1526554241.1097438,6656,3.6101880073547363
1526556597.4901805,7168,3.02333664894104
1526558950.016334,7680,2.907301425933838
