wall_time,step,value
1526469803.9422731,512,6.324209213256836
1526471415.2170491,1024,5.734096527099609
1526473013.1338782,1536,4.256013870239258
1526474623.970707,2048,4.100664138793945
1526476210.0324528,2560,4.308516979217529
1526477791.074088,3072,4.097939491271973
1526479350.4033694,3584,4.790953159332275
1526480943.0603943,4096,3.46893310546875
1526482515.1228297,4608,4.1439690589904785
1526484106.4338312,5120,3.296809673309326
1526485698.5303185,5632,3.3290412425994873
1526487294.8890288,6144,3.074613571166992
1526488895.4396803,6656,3.7325775623321533
1526490494.4957387,7168,2.874873638153076
