wall_time,step,value
1532279691.5996478,128,0.9998162984848022
1532279855.4585378,256,0.9998077154159546
1532280019.43902,384,0.9998080730438232
1532280183.398579,512,0.9998098015785217
1532280489.918477,640,0.9998100399971008
1532280653.8079197,768,0.9998114109039307
1532280817.7860231,896,0.9998130202293396
1532280981.6406364,1024,0.9998142719268799
1532281296.3502831,1152,0.999814510345459
1532281460.252536,1280,0.9998133778572083
1532281624.1890504,1408,0.9998134970664978
1532281788.231603,1536,0.9998142719268799
1532282100.2972722,1664,0.9998149871826172
1532282264.03892,1792,0.9998155236244202
1532282427.9165006,1920,0.999815821647644
1532282591.7705004,2048,0.9998161792755127
1532282899.1452265,2176,0.9998159408569336
1532283062.8868065,2304,0.9998161196708679
1532283226.5545032,2432,0.9998159408569336
1532283390.2241998,2560,0.9998171329498291
1532283692.402141,2688,0.9998157024383545
1532283856.2855577,2816,0.9998162388801575
1532284020.211518,2944,0.9998161196708679
1532284183.9716797,3072,0.9998160600662231
1532284484.4822638,3200,0.9998162984848022
1532284648.2859325,3328,0.9998168349266052
1532284812.1518352,3456,0.99981689453125
1532284976.0234833,3584,0.9998170733451843
1532285273.9510343,3712,0.99981689453125
1532285437.7163436,3840,0.9998172521591187
1532285601.6621218,3968,0.9998176097869873
1532285765.4818654,4096,0.999818742275238
1532286058.4415436,4224,0.9998173117637634
1532286222.302596,4352,0.9998182058334351
1532286386.3535943,4480,0.999818742275238
1532286550.3079593,4608,0.9998176693916321
1532286841.2971458,4736,0.9998182058334351
1532287005.1835518,4864,0.9998181462287903
1532287169.1759026,4992,0.9998178482055664
1532287333.091779,5120,0.9998185038566589
1532287624.1080503,5248,0.9998181462287903
1532287787.9487908,5376,0.9998193979263306
1532287951.9151523,5504,0.9998191595077515
1532288115.8587677,5632,0.999819278717041
1532288408.451793,5760,0.9998196363449097
1532288572.0546591,5888,0.9998204708099365
1532288735.6693695,6016,0.9998207688331604
1532288899.4481847,6144,0.9998207092285156
1532289194.1891952,6272,0.9998201727867126
1532289357.9431646,6400,0.9998205304145813
1532289521.8209863,6528,0.9998199343681335
1532289685.5791216,6656,0.9998210072517395
1532289983.1416984,6784,0.9998212456703186
1532290146.9257388,6912,0.9998219609260559
1532290310.6923473,7040,0.9998211860656738
1532290474.4210737,7168,0.9998195171356201
1532290767.8066378,7296,0.999822735786438
1532290931.7380004,7424,0.999822735786438
1532291095.6394775,7552,0.9998236298561096
1532291259.547413,7680,0.9998250603675842
1532291552.6769254,7808,0.9998228549957275
1532291716.6460483,7936,0.9998226761817932
1532291880.4923403,8064,0.9998233914375305
1532292044.443409,8192,0.9998238682746887
1532292340.5649502,8320,0.9998239874839783
1532292504.4481173,8448,0.999825119972229
1532292668.3652425,8576,0.9998248815536499
1532292832.3486881,8704,0.9998246431350708
1532293127.4388943,8832,0.9998249411582947
1532293291.2726624,8960,0.9998247027397156
1532293455.0955598,9088,0.9998244047164917
1532293619.086564,9216,0.9998246431350708
1532293915.6997173,9344,0.9998257756233215
1532294079.5945668,9472,0.9998281598091125
1532294243.4300234,9600,0.9998263716697693
1532294407.2680278,9728,0.9998268485069275
1532294709.1573436,9856,0.999826192855835
1532294873.0124965,9984,0.9998266100883484
1532295036.9891293,10112,0.9998263716697693
1532295200.747978,10240,0.999828040599823
1532295500.736965,10368,0.99982750415802
1532295664.709572,10496,0.9998270273208618
1532295828.6064615,10624,0.9998278617858887
1532295992.602276,10752,0.9998273253440857
1532296289.7262008,10880,0.9998293519020081
1532296453.6388102,11008,0.9998287558555603
1532296617.4741786,11136,0.9998316168785095
1532296781.382587,11264,0.9998302459716797
1532297076.864735,11392,0.9998301863670349
1532297240.85574,11520,0.999829113483429
1532297404.7748048,11648,0.9998303651809692
1532297568.6576886,11776,0.9998290538787842
1532297862.2337878,11904,0.9998286366462708
1532298025.9266968,12032,0.9998294115066528
1532298189.7399995,12160,0.9998294115066528
1532298353.4591522,12288,0.9998288750648499
1532298650.063438,12416,0.9998288750648499
1532298813.7631958,12544,0.9998291730880737
1532298977.5905259,12672,0.9998267889022827
1532299141.2400756,12800,0.9998278617858887
1532299437.8570092,12928,0.9998274445533752
1532299601.5325296,13056,0.9998271465301514
1532299765.145272,13184,0.9998270273208618
1532299928.9204736,13312,0.9998275637626648
1532300224.4502158,13440,0.9998275637626648
1532300388.5087729,13568,0.9998286962509155
1532300552.4040017,13696,0.9998283386230469
1532300716.3528345,13824,0.9998278021812439
1532301008.803459,13952,0.9998276829719543
1532301172.728876,14080,0.9998270273208618
1532301336.7004154,14208,0.9998264908790588
1532301500.6348674,14336,0.9998274445533752
1532301794.027687,14464,0.9998274445533752
1532301957.776879,14592,0.9998284578323364
1532302121.6664712,14720,0.9998296499252319
1532302285.520631,14848,0.9998288154602051
1532302579.7980483,14976,0.9998288750648499
1532302743.7231286,15104,0.9998290538787842
1532302907.6805882,15232,0.999828577041626
1532303071.5386364,15360,0.9998294711112976
1532303365.8177528,15488,0.9998296499252319
1532303529.7068722,15616,0.9998288154602051
1532303693.6601124,15744,0.999829113483429
1532454115.7731113,16000,0.999830424785614
1532454279.761305,16128,0.9998301863670349
1532454443.6320906,16256,0.99983149766922
1532454607.5575576,16384,0.9998302459716797
1532454900.4723666,16512,0.9998297095298767
1532455064.3239489,16640,0.9998309016227722
1532455228.0577345,16768,0.9998302459716797
1532455391.8416078,16896,0.9998295307159424
1532455685.4681008,17024,0.9998303055763245
1532455849.4691455,17152,0.9998309016227722
1532456013.585496,17280,0.9998301267623901
1532456177.627254,17408,0.9998310804367065
1532456472.5322788,17536,0.9998311400413513
1532456636.5967531,17664,0.999830424785614
1532456800.4475284,17792,0.9998303651809692
1532456964.1837742,17920,0.9998314380645752
1532457258.2730486,18048,0.9998315572738647
1532457422.2937207,18176,0.9998313188552856
1532457586.2677298,18304,0.9998312592506409
1532457750.298297,18432,0.9998319149017334
1532458042.6448412,18560,0.9998313784599304
1532458206.8387563,18688,0.9998313188552856
1532458370.8319442,18816,0.9998314380645752
1532458534.9510329,18944,0.9998313188552856
1532458830.682812,19072,0.9998319149017334
1532458994.728249,19200,0.9998325705528259
1532459158.71682,19328,0.9998336434364319
1532459322.7277682,19456,0.9998315572738647
1532459613.381642,19584,0.999832808971405
1532459777.4323363,19712,0.999832034111023
1532459941.3099632,19840,0.9998321533203125
1532460105.3401148,19968,0.9998334646224976
1532460402.229885,20096,0.9998335838317871
1532460566.038595,20224,0.9998340606689453
1532460730.1284423,20352,0.9998318552970886
1532460894.176179,20480,0.9998353719711304
1532461189.4643857,20608,0.9998323321342468
1532461353.513522,20736,0.9998320937156677
1532461517.5991673,20864,0.9998329877853394
1532461681.6846368,20992,0.9998325109481812
1532461975.3980231,21120,0.9998343586921692
1532462139.5744355,21248,0.9998342394828796
1532462303.7575684,21376,0.9998339414596558
1532462467.987072,21504,0.9998345375061035
1532462761.7203915,21632,0.9998356699943542
1532462925.7899048,21760,0.9998319149017334
1532463089.8436313,21888,0.9998354315757751
1532463253.4877715,22016,0.9998354315757751
1532463546.114737,22144,0.9998360872268677
1532463710.0789866,22272,0.999836266040802
1532463874.1004477,22400,0.9998361468315125
1532464037.9569411,22528,0.9998360872268677
1532464330.1480865,22656,0.9998345971107483
1532464494.0413244,22784,0.9998364448547363
1532464657.8826346,22912,0.9998356699943542
1532464821.9056218,23040,0.9998354315757751
1532465116.2527962,23168,0.9998365044593811
1532465280.2647252,23296,0.9998354911804199
1532465444.472437,23424,0.9998366236686707
1532525364.0511358,23680,0.9998379349708557
1532525527.9268286,23808,0.9998382925987244
1532525691.7962928,23936,0.9998382329940796
1532525855.7439556,24064,0.9998375177383423
1532526147.7126596,24192,0.9998396039009094
1532526311.7017019,24320,0.999837338924408
1532526475.5892923,24448,0.9998378157615662
1532526639.7141,24576,0.9998377561569214
1532526933.052798,24704,0.9998363852500916
1532527097.0775704,24832,0.9998369216918945
1532527260.9375994,24960,0.9998369216918945
1532527424.888971,25088,0.9998385906219482
1532527719.152363,25216,0.9998369812965393
1532527883.1492546,25344,0.9998372793197632
1532528047.170865,25472,0.999836266040802
1532528211.2141008,25600,0.9998359680175781
1532528503.7803488,25728,0.9998362064361572
1532528667.8129675,25856,0.9998366832733154
1532528831.8747342,25984,0.9998365044593811
1532528996.0311582,26112,0.9998353123664856
1532529289.063185,26240,0.999835729598999
1532529453.039415,26368,0.9998369216918945
1532529617.1099665,26496,0.9998341798782349
1532529781.1343734,26624,0.9998368620872498
1532530074.419606,26752,0.9998366236686707
1532530238.4208164,26880,0.9998370409011841
1532530402.3519814,27008,0.9998380541801453
1532530566.373052,27136,0.9998353123664856
1532530857.3560543,27264,0.9998363852500916
1532531021.1768208,27392,0.9998350143432617
1532531184.9791439,27520,0.9998353123664856
1532531348.7517595,27648,0.9998367428779602
1532531641.885289,27776,0.9998343586921692
1532531805.8129687,27904,0.9998364448547363
1532531969.874853,28032,0.9998354315757751
1532532133.7584355,28160,0.9998353719711304
1532532426.5548499,28288,0.999835729598999
1532532590.5316064,28416,0.9998364448547363
1532532754.4893475,28544,0.9998362064361572
1532532918.3537261,28672,0.9998368620872498
1532533214.0427787,28800,0.9998379349708557
1532533378.0091531,28928,0.9998357892036438
1532533542.0298846,29056,0.9998364448547363
1532533705.8873754,29184,0.9998371601104736
1532533998.6943147,29312,0.9998360872268677
1532534162.5779274,29440,0.9998350143432617
1532534326.7428741,29568,0.9998367428779602
1532534490.713516,29696,0.9998350143432617
1532534781.1089134,29824,0.9998354911804199
1532534945.1709054,29952,0.9998365044593811
1532535109.1899614,30080,0.9998372793197632
1532535273.2358344,30208,0.9998375177383423
1532535564.9943829,30336,0.9998379349708557
1532535728.9080708,30464,0.9998379349708557
1532535892.8933022,30592,0.9998342990875244
1532536056.7624395,30720,0.9998372793197632
1532536349.3192945,30848,0.9998373985290527
1532536513.2066634,30976,0.9998382925987244
1532536677.3126411,31104,0.9998378157615662
1532536841.4443703,31232,0.9998369812965393
1532537134.182128,31360,0.9998372197151184
1532537298.1639545,31488,0.9998390078544617
1532537462.1705346,31616,0.9998369812965393
1532537626.1430311,31744,0.99983811378479
1532537918.8795352,31872,0.9998400807380676
1532538082.861985,32000,0.9998371601104736
1532538246.7651823,32128,0.9998355507850647
1532538410.7983978,32256,0.9998399615287781
1532538703.6681688,32384,0.9998375177383423
1532538867.496437,32512,0.9998389482498169
1532539031.5961585,32640,0.999839723110199
1532539195.5488029,32768,0.9998379349708557
1532539488.7569883,32896,0.9998381733894348
1532539652.7422159,33024,0.9998387098312378
1532539816.7295368,33152,0.9998394846916199
1532539980.6104815,33280,0.9998393058776855
1532540268.9318154,33408,0.9998376965522766
1532540432.8867946,33536,0.9998394846916199
1532540596.8353398,33664,0.9998407363891602
1532540760.8871522,33792,0.9998393058776855
1532541054.8004782,33920,0.9998391270637512
1532541218.929691,34048,0.9998376369476318
1532541383.0918186,34176,0.9998377561569214
1532541547.1518242,34304,0.9998405575752258
1532541842.0883443,34432,0.9998401999473572
1532542006.0331986,34560,0.9998408555984497
1532542170.0215852,34688,0.9998390078544617
1532542334.0247118,34816,0.9998396039009094
1532542626.3878078,34944,0.9998390674591064
1532542790.0130353,35072,0.9998390674591064
1532542953.9025176,35200,0.9998414516448975
1532543117.676139,35328,0.9998375773429871
1532543408.057443,35456,0.9998399615287781
1532543571.781307,35584,0.999840497970581
1532543735.5117273,35712,0.9998409748077393
1532543899.1875865,35840,0.9998422265052795
1532544193.4589086,35968,0.9998409152030945
1532544357.4252522,36096,0.9998422265052795
1532544521.5482745,36224,0.9998413920402527
1532544685.6786964,36352,0.9998425245285034
1532544977.4290068,36480,0.999842643737793
1532545141.4120443,36608,0.9998393058776855
1532545305.5267406,36736,0.9998429417610168
1532545469.6733494,36864,0.9998408555984497
1532545762.075322,36992,0.9998437166213989
1532545926.0138943,37120,0.9998422265052795
1532546089.9874313,37248,0.9998415112495422
1532546253.991372,37376,0.9998430013656616
1532546545.953791,37504,0.9998427629470825
1532546709.9122727,37632,0.9998417496681213
1532546873.9283652,37760,0.9998424649238586
1532547037.9574368,37888,0.9998438358306885
1532547330.0514193,38016,0.9998412132263184
1532547494.0487216,38144,0.9998411536216736
1532547658.1122718,38272,0.9998416304588318
1532547822.0277038,38400,0.9998446106910706
1532548114.7166862,38528,0.9998458623886108
1532548278.9455326,38656,0.9998441338539124
1532548443.2161818,38784,0.9998452663421631
1532548607.4425528,38912,0.9998433589935303
1532548900.996483,39040,0.9998452663421631
1532549065.0695183,39168,0.9998422265052795
1532549229.0131638,39296,0.9998409748077393
1532549392.9750628,39424,0.9998409152030945
1532549684.1014817,39552,0.999842643737793
1532549848.1024518,39680,0.9998461604118347
1532550012.077258,39808,0.9998414516448975
1532550176.086633,39936,0.9998416304588318
1532550469.4819453,40064,0.9998435378074646
1532550633.432613,40192,0.9998425841331482
1532550797.367061,40320,0.9998433589935303
1532550961.4629786,40448,0.9998454451560974
1532551256.6883235,40576,0.9998459815979004
1532551420.6150043,40704,0.9998474717140198
1532551584.4697912,40832,0.9998460412025452
1532551748.4357588,40960,0.9998432397842407
1532552044.3506734,41088,0.9998455047607422
1532552208.2754357,41216,0.9998456239700317
1532552372.3153923,41344,0.9998435974121094
1532552536.4173884,41472,0.9998427629470825
1532552832.966072,41600,0.9998454451560974
1532552996.7910883,41728,0.9998449683189392
1532553160.6090446,41856,0.9998435974121094
1532553324.289294,41984,0.9998438358306885
1532553618.7595093,42112,0.9998438954353333
1532553782.549785,42240,0.9998430013656616
1532553946.4034684,42368,0.999843418598175
1532554110.2799547,42496,0.9998451471328735
1532554403.521578,42624,0.9998434782028198
1532554567.3141208,42752,0.9998453259468079
1532554731.192725,42880,0.9998429417610168
1532554894.9504137,43008,0.9998440146446228
1532555187.6561887,43136,0.9998456835746765
1532555351.629821,43264,0.9998430609703064
1532555515.3492353,43392,0.9998436570167542
1532555679.3258622,43520,0.9998440146446228
1532555975.14418,43648,0.9998451471328735
1532556139.0707066,43776,0.9998463988304138
1532556302.9691296,43904,0.9998475909233093
1532556467.00867,44032,0.9998440742492676
1532556763.6658332,44160,0.9998478293418884
1532556927.6137383,44288,0.9998443126678467
1532557091.4527655,44416,0.9998435974121094
1532557255.382254,44544,0.9998448491096497
1532557550.7467723,44672,0.9998441338539124
1532557714.8407905,44800,0.9998438954353333
1532557879.0244083,44928,0.9998447299003601
1532558043.049647,45056,0.999844491481781
1532558338.353832,45184,0.9998460412025452
1532558502.4070573,45312,0.99984210729599
1532558666.2765079,45440,0.9998441934585571
1532558830.207121,45568,0.999846339225769
1532559127.1364274,45696,0.9998471736907959
1532559291.055804,45824,0.9998448491096497
1532559454.9645312,45952,0.9998468160629272
1532559618.9391372,46080,0.9998462200164795
1532559914.3273637,46208,0.9998462200164795
1532560078.3394728,46336,0.9998456835746765
1532560242.2657897,46464,0.9998475313186646
1532560406.2386112,46592,0.9998475909233093
1532560703.0995057,46720,0.9998462796211243
1532560867.1235151,46848,0.9998465180397034
1532561031.1376183,46976,0.9998466372489929
1532561195.0868797,47104,0.9998485445976257
1532561493.8793876,47232,0.9998470544815063
1532561658.1162176,47360,0.9998477101325989
1532561822.3444428,47488,0.9998468160629272
1532561986.6040955,47616,0.9998487830162048
1532562285.5352187,47744,0.9998465180397034
1532562449.4427497,47872,0.9998477101325989
1532562613.3605106,48000,0.999849796295166
1532562777.4053364,48128,0.9998477697372437
1532563076.6507444,48256,0.9998495578765869
1532563240.475172,48384,0.9998483657836914
1532563404.4830635,48512,0.9998486638069153
1532563568.4261098,48640,0.9998480677604675
1532563867.067587,48768,0.9998504519462585
1532564031.1529663,48896,0.9998500347137451
1532564195.2017078,49024,0.9998486042022705
1532564359.265842,49152,0.9998497366905212
1532564660.1671813,49280,0.999847948551178
1532564824.3641222,49408,0.9998486638069153
1532564988.6818461,49536,0.9998466968536377
1532565152.8369632,49664,0.9998475313186646
1532565453.1807775,49792,0.9998514652252197
1532565617.271802,49920,0.999847948551178
1532565781.5061157,50048,0.999849796295166
1532565945.633666,50176,0.999849796295166
1532566241.4284914,50304,0.9998493194580078
1532566405.5542858,50432,0.9998499751091003
1532566569.5274684,50560,0.9998490810394287
1532566733.499018,50688,0.9998508095741272
1532567033.922437,50816,0.9998494386672974
1532567197.9255168,50944,0.9998497366905212
1532567362.042979,51072,0.9998492002487183
1532567525.9630394,51200,0.9998508095741272
1532567823.1482675,51328,0.9998490214347839
1532567987.1318939,51456,0.9998519420623779
1532568151.1568892,51584,0.9998501539230347
1532568315.0789373,51712,0.9998502135276794
1532568613.48611,51840,0.9998488426208496
1532568777.5463707,51968,0.9998507499694824
1532568941.6248114,52096,0.9998521208763123
1532569105.7599766,52224,0.9998494982719421
1532569403.0470576,52352,0.9998505115509033
1532569566.968795,52480,0.9998530745506287
1532569730.774966,52608,0.9998500347137451
1532569894.7797644,52736,0.9998526573181152
1532570194.7312865,52864,0.9998515248298645
1532570358.7203689,52992,0.999851644039154
1532570522.6461394,53120,0.9998510479927063
1532570686.6408117,53248,0.9998524785041809
1532570987.8184056,53376,0.9998530745506287
1532571151.9364429,53504,0.9998531937599182
1532571315.9539695,53632,0.9998511672019958
1532571479.8538766,53760,0.9998507499694824
1532571781.1802979,53888,0.9998517632484436
1532571945.152416,54016,0.9998531341552734
1532572109.0982692,54144,0.9998535513877869
1532572273.0861132,54272,0.9998517632484436
1532572574.2418377,54400,0.9998526573181152
1532572738.3787768,54528,0.9998531341552734
1532572902.5586886,54656,0.9998559355735779
1532573066.6220858,54784,0.9998555779457092
1532573368.625763,54912,0.9998525977134705
1532573532.6509717,55040,0.9998564124107361
1532573696.5804217,55168,0.9998505711555481
1532573860.618021,55296,0.9998576641082764
1532574161.8730223,55424,0.9998571872711182
1532574325.9138358,55552,0.9998583197593689
1532574489.9505317,55680,0.9998549222946167
1532574653.880875,55808,0.9998586177825928
1532574955.8547604,55936,0.9998594522476196
1532575119.8101075,56064,0.9998598098754883
1532575283.8751047,56192,0.9998602271080017
1532575447.9012263,56320,0.9998526573181152
1532575744.7587242,56448,0.9998580813407898
1532575908.747707,56576,0.9998586773872375
1532576072.670945,56704,0.9998602271080017
1532576236.5909772,56832,0.9998587369918823
1532576535.1212523,56960,0.9998616576194763
1532576699.3249934,57088,0.9998563528060913
1532576863.5825303,57216,0.999859631061554
1532577027.7364278,57344,0.9998605251312256
1532577330.223596,57472,0.9998610615730286
1532577494.260513,57600,0.999862015247345
1532577658.3431582,57728,0.9998648762702942
1532577822.4636083,57856,0.9998601078987122
1532578124.5158286,57984,0.9998621940612793
1532578288.468716,58112,0.9998629093170166
1532578452.4855647,58240,0.9998607039451599
1532578616.3192797,58368,0.9998582601547241
1532578917.3803065,58496,0.9998610019683838
1532579081.3304658,58624,0.9998630881309509
1532579245.212399,58752,0.9998621940612793
1532579409.1587868,58880,0.9998634457588196
1532728632.5069149,59136,0.9998639225959778
1532728796.1030722,59264,0.9998620748519897
1532728959.948722,59392,0.9998608827590942
1532729257.7397046,59520,0.9998611211776733
1532729421.4421782,59648,0.9998623132705688
1532729585.373014,59776,0.9998622536659241
1532729749.2413468,59904,0.9998602271080017
1532730047.5580137,60032,0.999860942363739
1532730211.5128355,60160,0.9998611807823181
1532730375.4488282,60288,0.9998641014099121
1532730539.438495,60416,0.9998602271080017
1532730839.1221182,60544,0.9998637437820435
1532731002.8980289,60672,0.9998623132705688
1532731166.6971986,60800,0.9998642802238464
1532731330.6474943,60928,0.9998646974563599
1532731631.7383664,61056,0.9998619556427002
1532731795.6361148,61184,0.9998627305030823
1532731959.4661758,61312,0.9998660087585449
1532732123.2700655,61440,0.9998633861541748
1532732420.573727,61568,0.9998668432235718
1532732584.4110847,61696,0.999863862991333
1532732748.3143833,61824,0.9998624920845032
1532732912.155634,61952,0.9998676776885986
1532733211.217441,62080,0.9998660087585449
1532733375.069351,62208,0.9998679757118225
1532733538.909953,62336,0.9998680353164673
1532733702.662868,62464,0.99986732006073
1532734005.6130238,62592,0.9998692274093628
1532734169.4213865,62720,0.9998677372932434
1532734333.1742718,62848,0.9998656511306763
1532734497.0353324,62976,0.9998706579208374
1532734797.0069153,63104,0.999869704246521
1532734960.838909,63232,0.9998675584793091
1532735124.7277534,63360,0.9998672008514404
1532735288.5249047,63488,0.9998673796653748
1532735587.3346667,63616,0.9998685121536255
1532735751.2594502,63744,0.999871015548706
1532735915.1859188,63872,0.9998670816421509
1532736079.1034245,64000,0.999869704246521
1532736380.4734519,64128,0.9998676776885986
1532736544.4807851,64256,0.9998694658279419
1532736708.510266,64384,0.999871551990509
1532736872.5110857,64512,0.9998709559440613
1532737172.0328512,64640,0.9998732805252075
1532737335.9794297,64768,0.9998735785484314
1532737500.0263188,64896,0.9998685121536255
1532737664.0294876,65024,0.9998692274093628
1532737963.1468687,65152,0.9998722076416016
1532738127.0214245,65280,0.9998693466186523
1532738291.001706,65408,0.9998670816421509
1532738454.6786757,65536,0.9998704791069031
1532738755.1827297,65664,0.999871551990509
1532738919.0888076,65792,0.9998697638511658
1532739082.9176087,65920,0.9998683929443359
1532739246.7172203,66048,0.9998723268508911
1532739549.8635676,66176,0.9998701810836792
1532739713.706132,66304,0.9998713135719299
1532739877.5778463,66432,0.999869167804718
1532740041.5358748,66560,0.999872624874115
1532740341.4869149,66688,0.9998688101768494
1532740505.2470882,66816,0.9998713731765747
1532740669.0548346,66944,0.9998668432235718
1532740833.0143604,67072,0.9998656511306763
1532741128.8364234,67200,0.9998684525489807
1532741292.68231,67328,0.9998700022697449
1532741456.5495474,67456,0.999870240688324
1532741620.4754183,67584,0.9998711943626404
1532741921.8885694,67712,0.9998713135719299
1532742085.7780461,67840,0.9998694658279419
1532742249.6567798,67968,0.9998731017112732
1532742413.5677993,68096,0.9998674392700195
1532742710.6924183,68224,0.9998735189437866
1532742874.4065173,68352,0.9998689293861389
1532743038.297268,68480,0.999866247177124
1532743202.075991,68608,0.9998697638511658
1532743501.2666454,68736,0.9998711943626404
1532743665.32986,68864,0.9998649954795837
1532743829.4009767,68992,0.9998713135719299
1532743993.3147194,69120,0.999868631362915
1532744291.3790865,69248,0.9998670816421509
1532744455.2843733,69376,0.9998718500137329
1532744619.2424104,69504,0.9998688101768494
1532744783.1036358,69632,0.9998679757118225
1532745082.0712907,69760,0.9998719096183777
1532745246.0047944,69888,0.9998670220375061
1532745410.0197587,70016,0.9998685121536255
1532745573.9082031,70144,0.9998725056648254
1532745871.4278386,70272,0.9998717904090881
1532746035.275306,70400,0.9998689293861389
1532746199.1161985,70528,0.9998708963394165
1532746362.9748895,70656,0.9998719096183777
1532746662.1472511,70784,0.9998646974563599
1532746826.1979625,70912,0.9998699426651001
1532746990.139957,71040,0.9998670220375061
1532747154.1831524,71168,0.99986332654953
1532747450.333978,71296,0.9998687505722046
1532747614.3386807,71424,0.9998666644096375
1532747778.24034,71552,0.9998646974563599
1532747942.1941512,71680,0.9998688101768494
1532748243.5686643,71808,0.9998707175254822
1532748407.455601,71936,0.9998617172241211
1532748571.0247345,72064,0.9998648762702942
1532748734.9029162,72192,0.9998618364334106
1532749033.5145848,72320,0.9998620748519897
1532749197.4906197,72448,0.9998676776885986
1532749361.4008958,72576,0.9998663663864136
1532749525.2248735,72704,0.9998615980148315
1532749824.082071,72832,0.9998685121536255
1532749988.0362875,72960,0.9998652338981628
1532750151.907618,73088,0.9998681545257568
1532750315.7368755,73216,0.9998701810836792
1532750620.2618423,73344,0.999864935874939
1532750784.2105482,73472,0.9998610615730286
1532750948.2626662,73600,0.9998661875724792
1532751112.2997687,73728,0.9998634457588196
1532751409.396202,73856,0.9998628497123718
1532751573.3252077,73984,0.999869167804718
1532751737.3051789,74112,0.9998683333396912
1532751901.2872047,74240,0.9998685717582703
1532752200.5609868,74368,0.9998653531074524
1532752364.4346313,74496,0.9998624324798584
1532752528.1166945,74624,0.9998668432235718
1532752692.0415857,74752,0.9998641610145569
1532752993.372454,74880,0.9998660087585449
1532753157.1347973,75008,0.9998660087585449
1532753321.043377,75136,0.9998670816421509
1532753484.892393,75264,0.9998642206192017
1532753784.0835705,75392,0.9998676180839539
1532753947.994649,75520,0.9998704791069031
1532754111.8486447,75648,0.9998673796653748
1532754275.632373,75776,0.9998669028282166
1532754574.6992953,75904,0.9998672008514404
1532754738.4973974,76032,0.9998703002929688
1532754902.4193978,76160,0.9998692870140076
1532755066.1984584,76288,0.9998669624328613
1532755367.5949755,76416,0.9998681545257568
1532755531.3542001,76544,0.9998632669448853
1532755695.218751,76672,0.9998672008514404
1532755858.9845653,76800,0.9998695850372314
1532756159.1619346,76928,0.9998670220375061
1532756323.027727,77056,0.9998682737350464
1532756486.8808072,77184,0.9998653531074524
1532756650.8536568,77312,0.9998669028282166
1532756950.1588962,77440,0.9998679161071777
1532757114.0539587,77568,0.9998703598976135
1532757277.9818716,77696,0.9998701810836792
1532757441.82832,77824,0.9998707175254822
1532757744.0229876,77952,0.9998677372932434
1532757907.9303591,78080,0.9998664259910583
1532758071.7919934,78208,0.9998691082000732
1532758235.6737573,78336,0.9998713731765747
1532758535.8041441,78464,0.9998684525489807
1532758699.7525501,78592,0.9998718500137329
1532758863.6812296,78720,0.9998676776885986
1532759027.5061572,78848,0.9998669028282166
1532759329.03913,78976,0.999871015548706
1532759492.9678142,79104,0.9998657703399658
1532759656.8120136,79232,0.9998689889907837
1532759820.784744,79360,0.9998652338981628
1532760123.5350168,79488,0.9998654127120972
1532760287.238703,79616,0.9998701214790344
1532760451.0218263,79744,0.9998618960380554
1532760614.7834663,79872,0.9998668432235718
1532760913.756288,80000,0.9998675584793091
1532761077.7096486,80128,0.9998697638511658
1532761241.7572482,80256,0.999866247177124
1532761405.7181625,80384,0.9998667240142822
1532761704.9002533,80512,0.9998704791069031
1532761868.8412125,80640,0.9998698830604553
1532762032.7520657,80768,0.9998674392700195
1532762196.694484,80896,0.9998695254325867
1532762499.0869367,81024,0.9998651146888733
1532762663.0480592,81152,0.9998711347579956
1532762826.891845,81280,0.999869167804718
1532762990.7148328,81408,0.9998704791069031
1532763293.1290457,81536,0.9998699426651001
1532763457.1121278,81664,0.9998652338981628
1532763620.944945,81792,0.9998677968978882
1532763784.5809646,81920,0.9998676180839539
1532764089.9423804,82048,0.9998684525489807
1532764254.0543587,82176,0.9998701214790344
1532764418.0368373,82304,0.9998705983161926
1532764582.2109604,82432,0.999866247177124
1532764882.0535884,82560,0.999870240688324
1532765046.138449,82688,0.9998700618743896
1532765210.2421262,82816,0.999869167804718
1532765374.2249138,82944,0.9998698830604553
1532765678.2583747,83072,0.9998638033866882
1532765842.249806,83200,0.9998651146888733
1532766006.1593297,83328,0.9998697638511658
1532766170.1423917,83456,0.9998675584793091
1532766471.3944616,83584,0.9998630881309509
1532766635.2622552,83712,0.9998700022697449
1532766799.2123158,83840,0.999866247177124
1532766963.077408,83968,0.99986332654953
1532767263.510028,84096,0.9998682141304016
1532767427.2853668,84224,0.9998694658279419
1532767591.0930252,84352,0.9998679161071777
1532767755.001087,84480,0.9998713135719299
1532768058.1278431,84608,0.999871015548706
1532768222.0855324,84736,0.9998731017112732
1532768385.9046352,84864,0.9998701214790344
1532773812.5058188,85120,0.9998707175254822
1532773980.5954988,85248,0.9998712539672852
1532774148.6588194,85376,0.9998632669448853
1532774316.766949,85504,0.9998679161071777
1532774616.4801152,85632,0.9998676180839539
1532774780.2987285,85760,0.9998627305030823
1532774943.8995786,85888,0.9998685121536255
1532775107.692634,86016,0.9998618364334106
1532775407.9657845,86144,0.9998692274093628
1532775571.87259,86272,0.9998643398284912
1532775735.8001852,86400,0.9998695254325867
1532775899.5726306,86528,0.9998707175254822
1532776198.3623111,86656,0.9998714327812195
1532776362.1367793,86784,0.9998737573623657
1532776525.9719887,86912,0.9998705983161926
1532776689.8116841,87040,0.999868631362915
1532776988.4355707,87168,0.9998722076416016
1532777152.0931,87296,0.9998677968978882
1532777315.7506256,87424,0.9998665452003479
1532777479.2593648,87552,0.9998710751533508
1532777777.8148096,87680,0.9998717308044434
1532777941.5091724,87808,0.9998676776885986
1532778105.3347847,87936,0.9998686909675598
1532778269.1050982,88064,0.9998705387115479
1532778568.900466,88192,0.9998686909675598
1532778732.7282872,88320,0.9998695254325867
1532778896.628302,88448,0.9998728632926941
1532779060.5147882,88576,0.9998703002929688
1532779362.835565,88704,0.9998745322227478
1532779526.66543,88832,0.9998673796653748
1532779690.5000103,88960,0.9998683333396912
1532779854.2712913,89088,0.999869704246521
1532780151.0464993,89216,0.9998719096183777
1532780314.890553,89344,0.9998730421066284
1532780478.756326,89472,0.9998717904090881
1532780642.6463475,89600,0.9998701810836792
1532780944.5061076,89728,0.9998717308044434
1532781108.33577,89856,0.999870777130127
1532781272.1709938,89984,0.9998763799667358
1532781435.7953124,90112,0.9998686909675598
1532781733.85329,90240,0.9998658299446106
1532781897.7665663,90368,0.9998683333396912
1532782061.505867,90496,0.9998682737350464
1532782225.388577,90624,0.9998694658279419
1532782523.6177382,90752,0.9998701810836792
1532782687.5350025,90880,0.9998723864555359
1532782851.4245975,91008,0.9998729825019836
1532783015.2877443,91136,0.999869704246521
1532783312.7967644,91264,0.9998692274093628
1532783476.6752744,91392,0.9998713135719299
1532783640.4322278,91520,0.9998748302459717
1532783804.2514346,91648,0.9998738765716553
1532784103.0399444,91776,0.9998655915260315
1532784266.9092112,91904,0.9998722672462463
1532784430.778148,92032,0.9998710751533508
1532784594.6962175,92160,0.9998720288276672
1532784897.8470802,92288,0.9998724460601807
1532785061.670997,92416,0.9998742341995239
1532785225.4605618,92544,0.9998747706413269
1532785389.3206437,92672,0.9998636245727539
1532785686.8542824,92800,0.999870777130127
1532785850.4206913,92928,0.9998710751533508
1532786014.0462,93056,0.9998658299446106
1532786177.5991216,93184,0.9998703598976135
1532786478.0961177,93312,0.9998719692230225
1532786641.888176,93440,0.9998647570610046
1532786805.6329818,93568,0.9998756051063538
1532786969.2660048,93696,0.9998673796653748
1532787268.8443747,93824,0.9998682737350464
1532787432.5884492,93952,0.9998720288276672
1532787596.3087194,94080,0.9998683929443359
1532787760.0190735,94208,0.999871551990509
1532788062.5265737,94336,0.999872624874115
1532788226.4483147,94464,0.9998653531074524
1532788390.2025344,94592,0.9998730421066284
1532788554.040683,94720,0.9998647570610046
1532788854.5304644,94848,0.9998681545257568
1532789018.5990705,94976,0.9998713731765747
1532789182.6714919,95104,0.9998699426651001
1532789346.7011077,95232,0.9998669028282166
1532789646.2336361,95360,0.9998758435249329
1532789810.0719376,95488,0.9998698830604553
1532789973.9272466,95616,0.9998711347579956
1532790137.8016772,95744,0.9998705387115479
1532790440.5293112,95872,0.9998659491539001
1532790604.3666027,96000,0.9998682737350464
1532790768.4235284,96128,0.9998729228973389
1532790932.3822775,96256,0.9998719096183777
1532791234.0684538,96384,0.9998689293861389
1532791397.9478955,96512,0.9998716115951538
1532791561.7282708,96640,0.9998695254325867
1532791725.6674137,96768,0.9998709559440613
1532792026.3964963,96896,0.9998734593391418
1532792190.0930972,97024,0.9998693466186523
1532792353.7947187,97152,0.9998676776885986
1532792517.4540124,97280,0.9998701810836792
1532792818.8762443,97408,0.9998648762702942
1532792982.6881366,97536,0.9998699426651001
