wall_time,step,value
1531394070.299417,512,90.83623504638672
1531394529.9277089,1024,40.56025314331055
1531394985.386586,1536,0.9708028435707092
1531395442.253725,2048,9.624866485595703
1531395897.853187,2560,-3.109778881072998
1531396353.3940804,3072,-3.5025532245635986
1531396809.0862272,3584,-3.461829662322998
1531397264.180099,4096,-4.810052871704102
1531397717.5417893,4608,-7.516944408416748
1531398170.3351252,5120,-3.84079909324646
1531398621.568824,5632,-4.945252418518066
1531399073.0195446,6144,-4.72540283203125
1531399523.0088477,6656,-2.8642592430114746
1531399974.4446547,7168,-5.446900367736816
1531400425.4534361,7680,-2.336336612701416
1531400877.122688,8192,-3.8763747215270996
1531401327.3846686,8704,-0.7711341381072998
1531401779.5871582,9216,-6.601846694946289
1531402230.6833124,9728,-6.099318504333496
1531402681.948613,10240,-0.0902370736002922
1531403134.9158418,10752,-2.883695363998413
1531403586.4707983,11264,-2.5497210025787354
1531404038.184197,11776,-0.8375805616378784
1531404489.0730782,12288,-3.1170973777770996
1531404942.3407917,12800,-1.5807533264160156
1531405394.588356,13312,-1.265773892402649
1531405846.8434699,13824,-4.48001766204834
1531406299.731861,14336,-1.2674193382263184
1531406752.4786549,14848,-2.7019896507263184
1531407204.2060792,15360,-0.6163709163665771
1531407657.1897695,15872,-4.383427619934082
1531408108.61574,16384,-1.2466959953308105
1531408559.7749074,16896,-6.198631763458252
1531409013.6862721,17408,-4.621939182281494
1531409466.2022467,17920,1.4736182689666748
1531409918.913342,18432,-3.056722640991211
1531410370.3102896,18944,2.8866994380950928
1531410820.7220469,19456,0.3130038380622864
1531411273.0684996,19968,-2.185028314590454
1531411725.4002175,20480,-4.174377918243408
1531412175.5830123,20992,-0.9140971899032593
1531412624.9776905,21504,-4.23228645324707
1531413076.1622226,22016,-2.8767800331115723
1531413527.5658581,22528,0.6470897793769836
1531413977.9701111,23040,-1.1692761182785034
1531414429.918219,23552,-2.377739191055298
1531414881.558349,24064,1.3561680316925049
1531415333.5144424,24576,0.21126805245876312
1531415785.074307,25088,-2.0328965187072754
1531442909.082513,26112,4.112778663635254
1531443361.299268,26624,-1.91361665725708
1531443813.242097,27136,1.6479012966156006
1531444264.4505956,27648,-2.6136269569396973
1531444715.5910916,28160,1.417311191558838
1531445166.800782,28672,2.2060484886169434
1531445619.9250472,29184,-2.442615509033203
1531446072.4755847,29696,2.385493278503418
1531446525.624398,30208,-3.0228888988494873
1531446978.6147282,30720,-5.63331413269043
1531447431.6667442,31232,-3.8921356201171875
1531447885.8299782,31744,-1.8713085651397705
1531448339.3950837,32256,3.4746627807617188
1531448792.6596198,32768,1.8398983478546143
1531449247.2622292,33280,-2.8593719005584717
1531449700.5657835,33792,1.85319185256958
1531450154.6380985,34304,1.3799128532409668
1531450610.2317202,34816,-1.9880399703979492
1531451063.1983166,35328,-3.994904041290283
1531451515.567897,35840,-1.1447288990020752
1531451969.1766272,36352,-2.4795050621032715
1531452424.2935724,36864,1.7221078872680664
1531452878.02499,37376,-2.4782042503356934
1531453331.3160405,37888,-2.167938709259033
1531453784.6668553,38400,-1.2058050632476807
1531454238.752907,38912,-4.884570598602295
1531454693.3557174,39424,-1.789961338043213
1531455148.16594,39936,-2.751142978668213
1531455602.9693344,40448,-2.4061830043792725
1531456057.5055523,40960,0.47074007987976074
1531456513.325957,41472,1.246206283569336
1531456968.725712,41984,-1.4681541919708252
1531457423.9886496,42496,-0.7239034175872803
1531457878.8493128,43008,3.2356677055358887
1531458340.5120873,43520,-0.527301549911499
1531458795.9852223,44032,4.479320526123047
1531459250.7725444,44544,-4.936371803283691
1531459706.362851,45056,1.2561309337615967
1531460160.0470965,45568,3.5825021266937256
1531460615.640206,46080,-4.652356147766113
1531461069.1689048,46592,0.7406488656997681
1531461522.2465093,47104,-4.197757720947266
1531461975.495138,47616,-3.6061031818389893
1531462429.1084938,48128,-6.693770408630371
1531462882.3335724,48640,-0.6451120376586914
1531463336.377303,49152,-0.34965652227401733
1531463791.3470342,49664,5.341425895690918
1531464245.2139492,50176,0.3049167990684509
1531464701.2758036,50688,-0.31855759024620056
1531465155.2471507,51200,3.5298523902893066
1531465610.2568407,51712,-2.1500232219696045
1531466064.4529986,52224,-2.4397566318511963
1531466520.4720166,52736,-3.9423041343688965
1531466975.8556168,53248,-2.0758416652679443
1531467430.6040635,53760,-0.8036483526229858
1531467885.347348,54272,-2.65609073638916
1531468339.503481,54784,0.2573876976966858
1531468793.8771245,55296,-0.9909584522247314
1531469248.495142,55808,-9.160154342651367
1531469704.4483817,56320,0.9010725021362305
1531470159.5624876,56832,3.294934034347534
1531470615.5640922,57344,0.710041880607605
1531471070.3374023,57856,0.27441057562828064
1531471526.3950515,58368,-3.6067652702331543
1531471981.940989,58880,-5.587780952453613
1531472437.6498501,59392,-6.014266014099121
1531472893.7950191,59904,-1.6244513988494873
1531473348.787405,60416,-5.332413673400879
1531473804.187102,60928,0.38078102469444275
1531474260.646651,61440,-1.8913233280181885
1531474716.283153,61952,4.2284746170043945
1531475173.1286767,62464,1.6770498752593994
1531475629.5021985,62976,-0.8938901424407959
1531526734.6536899,64000,2.5524065494537354
1531527188.8354642,64512,-4.537086486816406
1531527642.0984528,65024,7.11667537689209
1531528094.9759433,65536,0.3685302734375
1531528550.4773607,66048,1.5987188816070557
1531529772.280784,67072,0.36475706100463867
1531530225.5188122,67584,-4.365105628967285
1531530680.0645688,68096,2.1849048137664795
1531531133.7321706,68608,-1.3141758441925049
1531531587.3284779,69120,0.5564067959785461
1531532040.4949918,69632,-5.181032180786133
1531532495.685431,70144,-1.4884452819824219
1531532950.0936894,70656,-0.7957451343536377
1531533404.2668865,71168,-2.115365743637085
1531533858.6227484,71680,3.4186291694641113
1531534311.93246,72192,-7.637402534484863
1531534766.0273623,72704,-4.987388610839844
1531535219.7690349,73216,1.913427710533142
1531535674.6263573,73728,6.152191638946533
1531536129.6076293,74240,-2.349623203277588
1531536585.720713,74752,1.5412323474884033
1531537041.4388597,75264,0.03812841698527336
1531537497.1720655,75776,-1.0203540325164795
1531537952.035711,76288,5.802585601806641
1531538407.4989364,76800,-2.4669389724731445
1531538863.068204,77312,4.782938480377197
1531539320.3057911,77824,5.4124755859375
1531539776.4636707,78336,-7.692878723144531
1531540232.5995464,78848,2.7211697101593018
1531540688.8930717,79360,-4.2468671798706055
1531541145.2226295,79872,-6.522091865539551
1531541602.5622413,80384,-3.5240707397460938
1531542058.422283,80896,0.27529221773147583
1531542515.606426,81408,4.31921911239624
1531542972.7997127,81920,2.6005678176879883
1531543429.9659252,82432,-3.7486155033111572
1531543886.330054,82944,2.1830408573150635
1531544343.088222,83456,5.851349830627441
1531544799.8594837,83968,1.659622073173523
1531545255.8951688,84480,-7.400284767150879
1531545711.1949265,84992,4.737687110900879
1531546167.6721342,85504,-2.9306235313415527
1531546623.9317741,86016,3.820138454437256
1531547079.512398,86528,-0.5947997570037842
1531547536.9681044,87040,0.5564179420471191
1531547992.10319,87552,3.27632737159729
1531548448.224734,88064,-1.2959609031677246
1531548904.071212,88576,-1.8931779861450195
1531549361.6039734,89088,-0.7085439562797546
1531549817.353304,89600,-1.8473246097564697
1531550272.9088676,90112,0.6347023248672485
1531550729.4228916,90624,2.3295459747314453
1531551184.7411146,91136,-4.832743167877197
1531551642.3403776,91648,-0.5287241339683533
1531552098.6130905,92160,3.5538063049316406
1531552555.3773625,92672,-4.153773307800293
1531553010.763231,93184,-4.628260135650635
1531553467.4218435,93696,-1.8275718688964844
1531553922.810936,94208,-0.18078282475471497
1531554379.5889971,94720,6.775201797485352
1531554836.014011,95232,-3.1168041229248047
1531555292.4877243,95744,0.11642618477344513
1531555750.287378,96256,3.854965925216675
1531556206.0284553,96768,-3.680087089538574
1531556662.342783,97280,-3.192756175994873
