wall_time,step,value
1533325555.4707952,512,0.3763113021850586
1533327964.1794899,1024,0.31162989139556885
1533330341.1844385,1536,0.27220502495765686
1533332715.362634,2048,0.24219024181365967
1533335064.507652,2560,0.22167259454727173
1533337380.0959115,3072,0.20960289239883423
1533339683.8938973,3584,0.20116585493087769
1533341974.4643853,4096,0.19096335768699646
1533344284.9506958,4608,0.17926687002182007
1533346606.6511495,5120,0.1750132143497467
1533348931.6070716,5632,0.1736358404159546
1533351229.9008203,6144,0.1670307070016861
1533353545.9844723,6656,0.15936952829360962
1533671399.8416862,7680,0.14303182065486908
1533824951.4217212,8192,0.14144732058048248
1533827240.206211,8704,0.1403685063123703
1533829528.289336,9216,0.13569307327270508
1533831825.2934268,9728,0.13008642196655273
1533834118.577278,10240,0.12115893512964249
1533836418.1203194,10752,0.11837444454431534
1533838721.9806442,11264,0.1228768453001976
1533841029.606751,11776,0.115837462246418
1533843328.4604194,12288,0.11248589307069778
1533845644.270315,12800,0.10644525289535522
1533847941.0103745,13312,0.1118888109922409
1533850248.4634085,13824,0.1091720312833786
1533852554.915465,14336,0.10143914073705673
1533854854.6994045,14848,0.10059995204210281
1533857159.0989034,15360,0.10160408169031143
1533859474.4939134,15872,0.09931130707263947
1533861799.222074,16384,0.0938984602689743
1533864104.0456765,16896,0.09333385527133942
1533866421.418942,17408,0.0964936688542366
1533868744.5371628,17920,0.08867457509040833
1533871055.622142,18432,0.09093044698238373
1533873373.7794452,18944,0.08872270584106445
1533875687.7007203,19456,0.08821194618940353
1533877997.8100867,19968,0.0837288647890091
1533880289.6742165,20480,0.08368197828531265
1533882581.9873652,20992,0.0837734043598175
1533884876.0814173,21504,0.08275415003299713
1533887174.4298346,22016,0.08042185753583908
1533889465.5826125,22528,0.08502763509750366
1533891775.8367178,23040,0.07944761216640472
1533894076.0055172,23552,0.08019288629293442
1533896383.2076344,24064,0.08134441077709198
1533898679.6487522,24576,0.07146621495485306
1533900962.0228796,25088,0.07074402272701263
1533903246.3412676,25600,0.0737232118844986
1533905550.2032096,26112,0.07195853441953659
1533907844.8347068,26624,0.07500610500574112
1533910150.2036762,27136,0.07356829196214676
1533912437.293767,27648,0.07400020211935043
1533916976.3349736,28672,0.06941615790128708
1533919276.5763795,29184,0.06736738979816437
1533921576.0953515,29696,0.07098235189914703
1533923888.419287,30208,0.07059765607118607
1533926188.5850577,30720,0.06891389191150665
1533928500.5176568,31232,0.06482864916324615
1533930799.8196468,31744,0.06723970919847488
1533933113.4557378,32256,0.0651499330997467
1533935428.3954833,32768,0.06274551153182983
1533937748.6356578,33280,0.06598621606826782
1533940062.8549457,33792,0.06586823612451553
1533942380.6758459,34304,0.06337516754865646
1533944699.7141707,34816,0.06368789076805115
1533947014.6619775,35328,0.0620030015707016
1533949335.9839385,35840,0.05859006568789482
1533951661.2825687,36352,0.060021426528692245
1533953981.6661036,36864,0.059383708983659744
1533956287.027315,37376,0.06088718771934509
1533958607.1753552,37888,0.06011687219142914
1533960928.249439,38400,0.06082896888256073
1533963231.3855743,38912,0.05465534329414368
1533965544.190373,39424,0.05721227824687958
1533967860.5051415,39936,0.05882788449525833
1533970180.8422508,40448,0.05662466585636139
1533972510.5623043,40960,0.05608168989419937
1533974825.998418,41472,0.06073217839002609
1533977138.8048122,41984,0.057899121195077896
1533979467.738288,42496,0.05648079514503479
1533981792.3091257,43008,0.05404773727059364
1533984106.0032883,43520,0.05315015837550163
1533986441.3934393,44032,0.05409045144915581
1533988766.4635184,44544,0.05797218158841133
1533991077.070209,45056,0.054092079401016235
1533993400.3950088,45568,0.049264416098594666
1533995713.6226866,46080,0.05229406803846359
1533998037.6865792,46592,0.054004695266485214
1534000354.5494642,47104,0.05434199795126915
1534002674.7171679,47616,0.053601741790771484
1534004996.0176008,48128,0.054883845150470734
1534007322.4824255,48640,0.05234748125076294
1534009639.43165,49152,0.052938010543584824
1534011945.5563698,49664,0.05210208520293236
1534014267.2803469,50176,0.051412053406238556
1534016594.4183161,50688,0.05079237371683121
1534018919.0561626,51200,0.04916637763381004
1534021253.156048,51712,0.04916170984506607
1534023572.1473448,52224,0.048565998673439026
1534025897.2848039,52736,0.047100041061639786
1534028205.258121,53248,0.05008596181869507
1534030535.7657835,53760,0.05151502043008804
1534032859.6615188,54272,0.04941633343696594
1534035183.234508,54784,0.048798538744449615
1534037502.426742,55296,0.047517307102680206
1534039828.5876637,55808,0.0482385978102684
1534042154.926147,56320,0.04637018218636513
1534044495.1477792,56832,0.04608292505145073
1534099296.5348003,57344,0.04775547236204147
1534101604.4628334,57856,0.049019839614629745
1534103933.689725,58368,0.046389494091272354
1534106258.7283633,58880,0.04246312752366066
1534108582.763544,59392,0.048845719546079636
1534110902.4287732,59904,0.049496110528707504
1534113222.8174963,60416,0.046564362943172455
1534115555.3152642,60928,0.04553227126598358
1534117880.9146063,61440,0.04510905221104622
1534120201.8072016,61952,0.04531030356884003
1534122537.3704588,62464,0.04869908094406128
1534124871.7354066,62976,0.044549982994794846
1534127196.5965815,63488,0.04555698111653328
1534129519.385815,64000,0.0427834577858448
1534131832.4616644,64512,0.04454096406698227
1534134160.4890158,65024,0.04162806645035744
1534136496.4961417,65536,0.0465627945959568
1534138828.3763855,66048,0.04667569696903229
1534141162.2386997,66560,0.04424428939819336
1534143505.0268195,67072,0.0456710159778595
1534145843.7027395,67584,0.04314317926764488
1534148188.1932693,68096,0.04136135056614876
1534150519.3200963,68608,0.04427224025130272
1534152863.3747196,69120,0.04335103929042816
1534155201.1485736,69632,0.04558673873543739
1534157548.367845,70144,0.04532003775238991
1534159880.348399,70656,0.042236149311065674
1534162216.758282,71168,0.04373307153582573
1534164560.9239485,71680,0.04427540302276611
1534166895.4556627,72192,0.04141976684331894
1534169229.028096,72704,0.046419285237789154
1534171566.508622,73216,0.04595246538519859
1534173910.9745011,73728,0.04081293195486069
1534176254.1913805,74240,0.04196823760867119
1534178594.8835006,74752,0.04211793094873428
1534180936.3924735,75264,0.04166261851787567
1534185242.813395,76288,0.04221241548657417
1534187575.0607092,76800,0.04252450540661812
1534189928.3085508,77312,0.04285217821598053
1534192275.8485663,77824,0.04116101935505867
1534194618.765041,78336,0.04369991272687912
1534196964.2283459,78848,0.043370869010686874
