wall_time,step,value
1530806083.7705083,512,0.03630480170249939
1530806477.062526,1024,0.019323529675602913
1530806866.2805183,1536,0.04879552870988846
1530807256.9083683,2048,0.047546569257974625
1530807647.970901,2560,0.10167821496725082
1530808036.577317,3072,0.10160964727401733
1530808423.7507956,3584,0.09759163856506348
1530808810.6657822,4096,0.07416398078203201
1530809195.958272,4608,0.05332570523023605
1530809581.36686,5120,0.12063408643007278
1530809966.268456,5632,0.1096901074051857
1530810352.490933,6144,0.09904659539461136
1530810737.910096,6656,0.15347646176815033
1530811121.6007,7168,0.10770587623119354
1530811505.5714161,7680,0.056353162974119186
1530811890.3855617,8192,0.13903386890888214
1530812276.0124729,8704,0.08202928304672241
1530812660.401752,9216,0.08705399930477142
1530813045.5993798,9728,0.15337057411670685
1530813431.677603,10240,0.11222000420093536
1530813816.5772862,10752,0.09173665940761566
1530814201.4659786,11264,0.14139260351657867
1530814585.616156,11776,0.07078477740287781
1530814971.3752255,12288,0.16285942494869232
1530815357.1441476,12800,0.12717927992343903
1530815743.1297104,13312,0.08521375060081482
1530816128.9314122,13824,0.11877039819955826
1530816514.495709,14336,0.15140318870544434
1530816901.874422,14848,0.16531327366828918
1530817288.6825268,15360,0.07842815667390823
1530817676.120791,15872,0.07623449712991714
1530818063.4844391,16384,0.14091771841049194
1530818451.5867214,16896,0.09916608035564423
1530818840.064683,17408,0.15960845351219177
1530819227.2979443,17920,0.10787910968065262
1530819615.9280381,18432,0.1364641636610031
1530820004.4278958,18944,0.145341694355011
1530820392.3454404,19456,0.13592828810214996
1530820781.1298227,19968,0.11311263591051102
1530821169.9814878,20480,0.08278809487819672
1530821558.0153108,20992,0.11726780980825424
1530821947.176213,21504,0.12498334795236588
1530822334.116531,22016,0.09050977975130081
1530822720.826596,22528,0.09870564937591553
1530823108.8044698,23040,0.10735918581485748
1530823497.2870758,23552,0.11886992305517197
1530823885.1415725,24064,0.10719405859708786
1530824273.444898,24576,0.08489631116390228
1530824662.7381377,25088,0.07760400325059891
1530825052.0612614,25600,0.1488180160522461
1530825441.230225,26112,0.08667447417974472
1530825831.5429187,26624,0.10213261842727661
1530826220.7499475,27136,0.11658481508493423
1530826611.2662075,27648,0.14429828524589539
1530827000.9876282,28160,0.11538232862949371
1530827389.4142396,28672,0.12209083139896393
1530827779.8485851,29184,0.09804245084524155
1530828169.7775445,29696,0.10695814341306686
1530828559.3350883,30208,0.13897675275802612
1530828948.7511249,30720,0.11268127709627151
1530829339.3456025,31232,0.13618209958076477
1530829729.034786,31744,0.11725586652755737
1530830117.5348415,32256,0.1481185108423233
1530830509.1458294,32768,0.14267808198928833
1530830897.9724908,33280,0.12388067692518234
1530831287.8839834,33792,0.1190887838602066
1530831678.674198,34304,0.14303159713745117
1530832068.862112,34816,0.0930071547627449
1530832458.7425752,35328,0.11926382780075073
1530832848.031494,35840,0.15541194379329681
1530833237.521282,36352,0.17518600821495056
1530833627.4492536,36864,0.1507510095834732
1530834018.5509653,37376,0.11870018392801285
1530905690.1893728,38400,0.15146738290786743
1530906076.433658,38912,0.11282777786254883
1530906460.2069714,39424,0.1261213719844818
1530906845.3235638,39936,0.10171451419591904
1530907230.8485277,40448,0.13793343305587769
1530907617.476402,40960,0.11998631805181503
1530908004.7952342,41472,0.17066633701324463
1530908391.1213193,41984,0.11711890250444412
1530908777.3779614,42496,0.1174321249127388
1530909164.8644047,43008,0.18004299700260162
1530909551.2907343,43520,0.09422631561756134
1530909938.1774764,44032,0.1426398754119873
1530910325.1758695,44544,0.1409129798412323
1530910712.51549,45056,0.12254200130701065
1530911100.8300662,45568,0.07164408266544342
1530911488.4880867,46080,0.048258062452077866
1530911877.4519496,46592,0.055112000554800034
1530912265.4470167,47104,0.13989683985710144
1530912653.3312817,47616,0.12273744493722916
1530913043.2105103,48128,0.12927009165287018
1530913432.220711,48640,0.09846580028533936
1530913819.7360258,49152,0.15179044008255005
1530914207.693544,49664,0.09974412620067596
1530914595.2632172,50176,0.09089599549770355
1530914982.772731,50688,0.07420184463262558
1530915372.4504073,51200,0.11191792786121368
1530915762.1952434,51712,0.12267180532217026
1530916151.2727878,52224,0.0816047266125679
1530916540.875592,52736,0.13424775004386902
1530916928.7683363,53248,0.11869785189628601
1530917317.7789583,53760,0.09178531914949417
1530917708.5350275,54272,0.14351031184196472
1530918096.770487,54784,0.05421442911028862
1530918484.9107199,55296,0.1702374666929245
1530918874.1595838,55808,0.08066057413816452
1530919263.562218,56320,0.13137289881706238
1530919653.3183942,56832,0.1276046186685562
1530920043.204705,57344,0.12910643219947815
1530920433.0488894,57856,0.11312799155712128
1530920822.4601276,58368,0.1186375692486763
1530921211.8562849,58880,0.13214655220508575
1530921601.2090042,59392,0.10659611970186234
1530921990.5391917,59904,0.09049125015735626
1530922382.0553248,60416,0.10694905370473862
1530922772.4822435,60928,0.1344347596168518
1530923162.5669541,61440,0.10451862961053848
1530923551.9534676,61952,0.1502908617258072
1530923942.1173153,62464,0.10760016739368439
1530924331.8412862,62976,0.12456480413675308
1530924723.5061402,63488,0.11400581151247025
1530925114.3950462,64000,0.11897388100624084
1530925504.4766812,64512,0.10626879334449768
1530925897.3507512,65024,0.11767669767141342
1530926290.2091284,65536,0.06790831685066223
1530926680.55397,66048,0.1654951274394989
1530927071.536346,66560,0.15028898417949677
1530927462.1319983,67072,0.13338786363601685
1530927854.5986676,67584,0.12196864187717438
1530928246.5426157,68096,0.09935414046049118
1530928637.2605402,68608,0.085851289331913
1530929027.86953,69120,0.08868764340877533
1530929419.504888,69632,0.10985175520181656
1530929810.7093992,70144,0.1291871964931488
1530930202.2569656,70656,0.11575083434581757
1530930593.7330184,71168,0.12468819320201874
1530930986.2470787,71680,0.11924995481967926
1530931378.4147356,72192,0.058139096945524216
1530931771.2097354,72704,0.16443835198879242
1530932164.7878933,73216,0.14263314008712769
1530932556.7055085,73728,0.1251341700553894
1530932950.529783,74240,0.1607615053653717
1530958326.1194584,75264,0.12010901421308517
1530958712.0801072,75776,0.11771464347839355
1530959097.650984,76288,0.1254187524318695
1530959484.3571136,76800,0.054974596947431564
1530959870.9946067,77312,0.1413317620754242
1530960257.3869405,77824,0.1481183022260666
1530960644.455747,78336,0.09326918423175812
1530961030.4900947,78848,0.12001901865005493
1530961417.7143276,79360,0.11369442939758301
1530961804.8990152,79872,0.11471235007047653
1530962192.1685104,80384,0.14112615585327148
1530962579.4459667,80896,0.1319001317024231
1530962964.6135948,81408,0.11788614094257355
1530963352.0846426,81920,0.12866641581058502
1530963737.6149218,82432,0.16235101222991943
1530964124.5839899,82944,0.08432778716087341
1530964511.4816346,83456,0.13264478743076324
1530964898.757083,83968,0.1322162002325058
1530965285.0577044,84480,0.1295679807662964
1530965671.797431,84992,0.09137558937072754
1530967971.0984454,86016,0.11184476315975189
1530968357.0033817,86528,0.16988767683506012
1530968741.3079507,87040,0.1274162083864212
1530969126.6397932,87552,0.10758735239505768
1530969512.2610483,88064,0.10555589944124222
1530969896.9029899,88576,0.1360175907611847
1530970282.422783,89088,0.13184145092964172
1530970669.4293864,89600,0.13051500916481018
1530971054.323005,90112,0.10397209227085114
1530971439.1273508,90624,0.1011401042342186
1530971824.5079327,91136,0.10771852731704712
1530972210.77021,91648,0.08861465752124786
1530972596.3032138,92160,0.08562420308589935
1530972982.1121435,92672,0.142695352435112
1530973368.746777,93184,0.13098493218421936
1530973755.7209034,93696,0.14407476782798767
1530974142.1388655,94208,0.10848827660083771
1530974528.2878242,94720,0.13009250164031982
1530974916.9272423,95232,0.19104115664958954
1530975303.7976778,95744,0.13422884047031403
1530975691.122412,96256,0.09400059282779694
1530976080.1289222,96768,0.12631607055664062
1530976467.7953181,97280,0.08295422047376633
