wall_time,step,value
1531088419.573239,128,-72.15188598632812
1531088475.2150166,256,-15.334172248840332
1531088531.2758539,384,-12.274596214294434
1531088587.5527878,512,-12.714285850524902
1531088698.880868,640,-10.15509033203125
1531088755.0340152,768,-7.495655059814453
1531088811.209274,896,-9.924098014831543
1531088867.412511,1024,-7.012448310852051
1531088977.5184305,1152,-6.250222206115723
1531089033.7718046,1280,-6.532212257385254
1531089090.108666,1408,-2.9599101543426514
1531089146.4789834,1536,-4.754212856292725
1531089258.4886093,1664,-5.080288410186768
1531089314.7574267,1792,-4.287140846252441
1531089370.972047,1920,-4.194523334503174
1531089427.3556266,2048,-5.007681846618652
1531089537.5239635,2176,-3.4144246578216553
1531089593.8142893,2304,-4.034804821014404
1531089650.2022762,2432,-3.9422807693481445
1531089706.4157376,2560,-4.521970748901367
1531089815.9301336,2688,-3.23039174079895
1531089872.2762442,2816,-3.9621832370758057
1531089928.5245004,2944,-3.1723928451538086
1531089984.7536101,3072,-3.0282113552093506
1531090096.0169644,3200,-4.151457786560059
1531090152.3934832,3328,-2.942077398300171
1531090208.736031,3456,-3.730351686477661
1531090265.014845,3584,-2.835145950317383
1531090374.9645698,3712,-2.4869863986968994
1531090431.2289352,3840,-2.873436212539673
1531090487.6220741,3968,-3.0521700382232666
1531090543.9595044,4096,-3.3557863235473633
1531090654.0394545,4224,-3.510084629058838
1531090710.4797943,4352,-3.6596343517303467
1531090766.8457308,4480,-2.220696449279785
1531090823.2706323,4608,-3.1647026538848877
1531090932.8173118,4736,-3.1483078002929688
1531090989.2818813,4864,-3.413907051086426
1531091045.693792,4992,-2.555657386779785
1531091101.9850311,5120,-2.553201913833618
1531091213.4439054,5248,-3.1249256134033203
1531091269.6941557,5376,-2.450309991836548
1531091326.0630789,5504,-3.3505051136016846
1531091382.3660393,5632,-3.1894118785858154
1531091493.2244074,5760,-2.5186543464660645
1531091549.6790624,5888,-2.616297483444214
1531091606.1030579,6016,-2.786970853805542
1531091662.5133803,6144,-2.7035253047943115
1531091773.308135,6272,-2.5866501331329346
1531091829.7257988,6400,-2.819207191467285
1531091886.1295202,6528,-2.230201482772827
1531091942.5446079,6656,-2.570159912109375
1531092053.057887,6784,-2.2747702598571777
1531092109.3722908,6912,-2.2970383167266846
1531092165.7819943,7040,-2.549330234527588
1531092222.1603813,7168,-2.4317636489868164
1531092332.651382,7296,-2.2460761070251465
1531092389.0307848,7424,-2.8133835792541504
1531092445.415072,7552,-2.199246406555176
1531092501.7900898,7680,-2.4040708541870117
1531092613.1294162,7808,-2.057796001434326
1531092669.4961183,7936,-1.9920300245285034
1531092725.920402,8064,-2.6967403888702393
1531092782.200241,8192,-2.459266185760498
1531092892.9387603,8320,-2.198502540588379
1531092949.3217025,8448,-1.6705325841903687
1531093005.8051963,8576,-2.1511428356170654
1531093062.1233778,8704,-1.7187654972076416
1531093172.537128,8832,-2.124317169189453
1531093228.8975806,8960,-2.479309558868408
1531093285.3366923,9088,-2.1292319297790527
1531093341.6437702,9216,-2.029132127761841
1531093452.578056,9344,-2.3425750732421875
1531093509.0031466,9472,-1.6951398849487305
1531093565.4028041,9600,-2.1135149002075195
1531093621.8171816,9728,-1.836122989654541
1531093732.5148494,9856,-2.1520838737487793
1531093788.9333863,9984,-1.9526699781417847
1531093845.336674,10112,-2.0520410537719727
1531093901.6980438,10240,-2.053313732147217
1531094013.4532478,10368,-2.2238495349884033
1531094069.7844872,10496,-1.2366994619369507
1531094126.2368758,10624,-1.8731874227523804
1531094182.5574558,10752,-2.1193201541900635
1531094292.8970463,10880,-1.8395971059799194
1531094349.2439945,11008,-2.3809547424316406
1531094405.6800768,11136,-1.7108484506607056
1531094462.00365,11264,-1.9437421560287476
1531094573.5940092,11392,-1.656145453453064
1531094630.0071628,11520,-1.6029459238052368
1531094686.4058986,11648,-2.6001648902893066
1531094742.8794644,11776,-1.5171990394592285
1531094853.9537234,11904,-1.9606612920761108
1531094910.3592124,12032,-1.7251198291778564
1531094966.7170162,12160,-1.2708334922790527
1531095023.052512,12288,-1.5052834749221802
1531095134.686356,12416,-1.5208370685577393
1531095191.1290834,12544,-1.9690991640090942
1531095247.5798657,12672,-2.2444076538085938
1531095303.995409,12800,-1.4658663272857666
1531095414.94671,12928,-1.526167392730713
1531095471.3358386,13056,-1.298092246055603
1531095527.6932313,13184,-1.7897533178329468
1531095584.1664937,13312,-1.384829044342041
1531095695.0816352,13440,-1.8154600858688354
1531095751.5152833,13568,-2.120016574859619
1531095807.9723542,13696,-1.460727334022522
1531095864.3250082,13824,-1.672706127166748
1531095975.5883467,13952,-1.6628893613815308
1531096031.8737466,14080,-1.6117660999298096
1531096088.4127488,14208,-1.5649933815002441
1531096144.660778,14336,-2.296454906463623
1531096256.0451477,14464,-1.729952335357666
1531096312.4366868,14592,-1.218612551689148
1531096368.8431919,14720,-1.3545641899108887
1531096425.2037978,14848,-1.1045373678207397
1531096537.6269855,14976,-1.6587096452713013
1531096593.97474,15104,-1.1174683570861816
1531096650.346335,15232,-1.5894850492477417
1531096706.6514587,15360,-1.8284494876861572
1531096816.9272456,15488,-1.6781139373779297
1531096873.2446768,15616,-2.024552345275879
1531096929.609558,15744,-1.8096272945404053
1531096985.9890046,15872,-1.1664031744003296
1531097097.0669591,16000,-1.6948872804641724
1531097153.467485,16128,-0.9466099739074707
1531097209.7366514,16256,-1.3970822095870972
1531097266.1638956,16384,-1.736608862876892
1531097378.1822867,16512,-1.9803415536880493
1531097434.601603,16640,-1.8766330480575562
1531097491.245782,16768,-1.6043792963027954
1531097547.5427623,16896,-1.139599084854126
1531097659.1825352,17024,-1.3150888681411743
1531097715.4998407,17152,-1.5124140977859497
1531097771.7784035,17280,-0.7103139758110046
1531097828.021482,17408,-1.007583737373352
1531097939.5042665,17536,-1.1720901727676392
1531097995.9335036,17664,-1.6688719987869263
1531098052.3187127,17792,-0.7204524874687195
1531098108.6994426,17920,-1.1842244863510132
1531098219.2698638,18048,-1.6172471046447754
1531098275.5983198,18176,-1.3136452436447144
1531098331.9942756,18304,-0.9130891561508179
1531098388.3915923,18432,-1.1716630458831787
1531098501.1306689,18560,-0.8447105288505554
1531098557.3481412,18688,-0.704014003276825
1531098613.872644,18816,-0.834377110004425
1531098670.3202243,18944,-1.4004626274108887
1531098783.3365939,19072,-1.9546151161193848
1531098839.6488674,19200,-1.044648289680481
1531098896.0576763,19328,-1.0857363939285278
1531098952.4033613,19456,-1.784557819366455
1531099063.8471432,19584,-1.2974603176116943
1531099120.1431785,19712,-1.318300724029541
1531099176.3995087,19840,-1.9398239850997925
1531099232.7846792,19968,-1.4189177751541138
1531099345.514481,20096,-1.4720332622528076
1531099401.7354035,20224,-1.0394196510314941
1531099458.1526542,20352,-1.1481857299804688
1531099514.4919128,20480,-1.430346131324768
1531099628.0022166,20608,-0.9242842793464661
1531099684.3269985,20736,-1.167295217514038
1531099740.6780813,20864,-1.5705204010009766
1531099797.1049485,20992,-1.7302427291870117
1531099908.2025356,21120,-1.247315764427185
1531099964.5439868,21248,-1.227498173713684
1531100020.8962677,21376,-1.0156304836273193
1531100077.204609,21504,-1.5912874937057495
1531100189.6423054,21632,-1.2169665098190308
1531100245.9602625,21760,-1.3222005367279053
1531100302.3677027,21888,-1.2867467403411865
1531100358.5508983,22016,-1.7148563861846924
1531100471.0867045,22144,-0.953896164894104
1531100527.329728,22272,-1.5669784545898438
1531100583.544834,22400,-0.8877201080322266
1531100639.739968,22528,-1.7161002159118652
1531100753.0757477,22656,-1.3440042734146118
1531100809.336779,22784,-1.0079625844955444
1531100865.6429703,22912,-0.9064683318138123
1531100921.9776783,23040,-0.7631266117095947
1531101033.9964042,23168,-1.0288190841674805
1531101090.6618106,23296,-1.0774877071380615
1531101147.2645059,23424,-1.443516492843628
1531101203.6958144,23552,-1.108518362045288
1531101317.0600932,23680,-1.1902658939361572
1531101373.6079872,23808,-1.7236676216125488
1531101430.2010686,23936,-1.059300422668457
1531101486.7169368,24064,-1.1811217069625854
1531101597.9984357,24192,-1.0568405389785767
1531101654.2708583,24320,-0.9095682501792908
1531101710.56572,24448,-1.2584658861160278
1531101766.9534209,24576,-1.3078594207763672
1531101879.8302824,24704,-0.7232547998428345
1531101936.0489728,24832,-1.1871211528778076
1531101992.3764334,24960,-0.9105558395385742
1531102048.6631773,25088,-1.1639537811279297
1531102161.149904,25216,-1.1133842468261719
1531102217.5387676,25344,-1.125161051750183
1531102273.8727026,25472,-1.4028819799423218
1531102330.307261,25600,-1.3092890977859497
1531102442.939576,25728,-1.7076261043548584
1531102499.2066667,25856,-0.9046804308891296
1531102555.554259,25984,-1.2023273706436157
1531102611.9007473,26112,-0.7516067028045654
1531102724.717218,26240,-1.167664647102356
1531102780.9564955,26368,-0.9411013722419739
1531102837.2192514,26496,-1.1201201677322388
1531102893.5067022,26624,-1.227012276649475
1531103006.308611,26752,-1.1933865547180176
1531103062.5437174,26880,-0.8086555004119873
1531103118.8919895,27008,-0.5463284850120544
1531103175.244589,27136,-1.155470848083496
1531103288.0838697,27264,-0.9305314421653748
1531103344.4889448,27392,-1.0833338499069214
1531103400.8557334,27520,-1.351527214050293
1531103457.136144,27648,-1.1545923948287964
1531103569.7133782,27776,-1.1987731456756592
1531103626.0700672,27904,-0.8500901460647583
1531103682.378124,28032,-2.0612125396728516
1531103738.6488924,28160,-1.2574148178100586
1531103851.3345897,28288,-0.9923322796821594
1531103907.625531,28416,-1.0195013284683228
1531103963.8591132,28544,-1.1004106998443604
1531104020.161179,28672,-1.1112263202667236
1531104133.8021815,28800,-1.338890790939331
1531104190.0863078,28928,-1.1986644268035889
1531104246.3872235,29056,-1.0835106372833252
1531104302.710692,29184,-1.0662434101104736
1531104414.821572,29312,-0.9178587794303894
1531104471.14659,29440,-0.6719587445259094
1531104527.540644,29568,-1.0645756721496582
1531104583.9304214,29696,-1.141537070274353
1531104697.1605315,29824,-1.2604095935821533
1531104753.436015,29952,-1.2802245616912842
1531104809.735621,30080,-1.1433392763137817
1531104865.9930012,30208,-1.1840571165084839
1531104979.90389,30336,-0.9221559166908264
1531105036.0279927,30464,-1.2943947315216064
1531105092.3273325,30592,-0.8282501697540283
1531105148.5976527,30720,-1.476484775543213
1531105260.9183226,30848,-1.2685168981552124
1531105317.1495101,30976,-1.4934803247451782
1531105373.4718301,31104,-1.2491774559020996
1531105429.7023072,31232,-1.060146450996399
1531105543.6203115,31360,-1.6363706588745117
1531105599.852223,31488,-0.8386796712875366
1531105656.1216142,31616,-1.2454057931900024
1531105712.4144282,31744,-0.9162814617156982
1531105824.6877036,31872,-1.433714509010315
1531105880.917232,32000,-1.022386908531189
1531105937.3360279,32128,-1.0045236349105835
1531105993.6862772,32256,-0.972068190574646
1531106106.0160773,32384,-1.2379485368728638
1531106162.242269,32512,-1.1524134874343872
1531106218.465839,32640,-0.8916922211647034
1531106274.7065527,32768,-1.1130675077438354
1531106388.5614934,32896,-1.3031483888626099
1531106445.011509,33024,-0.5850898027420044
1531106501.5849795,33152,-1.2785258293151855
1531106558.1966994,33280,-0.8703649044036865
1531106671.4887078,33408,-1.3403959274291992
1531106727.842113,33536,-0.9632160067558289
1531106784.2756708,33664,-1.4559407234191895
1531106840.4728272,33792,-0.8049526810646057
1531106952.8771105,33920,-1.3005369901657104
1531107009.1528335,34048,-0.7153677940368652
1531107065.4353075,34176,-0.7201219201087952
1531107121.6995313,34304,-1.7721552848815918
1531107234.5276678,34432,-0.6464287042617798
1531107290.737553,34560,-0.6438696980476379
1531107347.0246434,34688,-1.303914189338684
1531107403.3650794,34816,0.6505602598190308
1531107516.1105523,34944,-1.9187034368515015
1531107572.292447,35072,-1.1147675514221191
1531107628.4948454,35200,-0.24594847857952118
1531107684.6684675,35328,-0.8390267491340637
1531107797.7406275,35456,-1.8872326612472534
1531107854.02418,35584,0.9683594703674316
1531107910.100827,35712,-0.11014188081026077
1531107966.3428752,35840,0.2689164876937866
1531108079.486969,35968,-0.9387494325637817
1531108135.7597423,36096,0.6818333864212036
1531108191.9647996,36224,1.4722909927368164
1531108248.2237916,36352,-0.6241804361343384
1531108360.905495,36480,-0.46111366152763367
1531108417.060543,36608,-1.3939224481582642
1531108473.2687247,36736,-1.1806761026382446
1531108529.4909186,36864,-2.4929707050323486
1531108643.2200286,36992,0.32400965690612793
1531108699.427403,37120,-0.3978264629840851
1531108755.672415,37248,0.10619958490133286
1531108811.8041372,37376,-1.042755365371704
1531108924.6802018,37504,-0.06727831065654755
1531108980.963304,37632,0.007168936543166637
1531109037.2837234,37760,-0.08283699303865433
1531109093.5938451,37888,0.7623881697654724
1531109208.2999268,38016,-0.3487270176410675
1531109264.5643795,38144,-0.8206971883773804
1531109320.9412556,38272,-1.1781597137451172
1531109377.1323984,38400,-1.3017854690551758
1531109491.2144616,38528,-0.9547055959701538
1531109547.508231,38656,-0.9683210253715515
1531109603.7566352,38784,-0.8051102161407471
1531314570.67858,39040,-1.503350853919983
1531314625.2003868,39168,-0.721042811870575
1531314680.6347916,39296,-1.158383846282959
1531314736.1177166,39424,-1.2031171321868896
1531314845.9919994,39552,-1.9710363149642944
1531314901.4041495,39680,-1.3087046146392822
1531314957.0070517,39808,-2.460020065307617
1531315012.6791086,39936,-2.496176242828369
1531315120.8448834,40064,0.014048997312784195
1531315176.407439,40192,-0.8208171725273132
1531315231.9614522,40320,-0.7239574193954468
1531315287.5275083,40448,-1.189330816268921
1531315395.253944,40576,-0.35382363200187683
1531315450.7631156,40704,-0.06401333212852478
1531315506.3257127,40832,-0.2649863660335541
1531315561.8797433,40960,-1.4128007888793945
1531315669.195198,41088,-0.10505451261997223
1531315724.706855,41216,-0.1263192594051361
1531315780.382968,41344,-1.3234442472457886
1531315835.879323,41472,-0.11801404505968094
1531315945.995788,41600,0.2667097747325897
1531316001.5249698,41728,-0.7247821092605591
1531316057.1497703,41856,-1.3437589406967163
1531316112.767423,41984,-1.61749267578125
1531316221.2387602,42112,-1.2580581903457642
1531316276.7011073,42240,-0.5120104551315308
1531316332.4316564,42368,1.1275871992111206
1531316388.0572808,42496,-1.511252522468567
1531316496.6018474,42624,-1.1611988544464111
1531316552.1250036,42752,-1.7578896284103394
1531316607.6900692,42880,-1.0141980648040771
1531316663.243362,43008,-0.7304468154907227
1531316771.5434792,43136,-1.0382921695709229
1531316827.1955407,43264,-2.080397367477417
1531316882.7637706,43392,-0.14050517976284027
1531316938.397339,43520,-0.9424281120300293
1531317046.577387,43648,-1.2451097965240479
1531317102.2097838,43776,-0.15887512266635895
1531317157.9208138,43904,0.9024856686592102
1531317213.724851,44032,-0.6660799384117126
1531317323.2797658,44160,-0.6925973296165466
1531317378.8686013,44288,0.3448640704154968
1531317434.5978913,44416,-0.8907414674758911
1531317490.3404481,44544,-3.6839773654937744
1531317599.7729564,44672,-1.1361385583877563
1531317655.3098903,44800,-1.4389947652816772
1531317711.0028484,44928,-1.3888366222381592
1531317766.933134,45056,0.3905124068260193
1531317875.9298599,45184,0.1698286533355713
1531317931.6838696,45312,-1.213006854057312
1531317987.4201255,45440,-0.2995205521583557
1531318043.0972695,45568,-0.5983624458312988
1531318152.0955832,45696,-0.9866861701011658
1531318207.8224654,45824,-1.842860221862793
1531318263.5732439,45952,-1.287105679512024
1531318319.3271158,46080,-1.1842191219329834
1531318428.3614094,46208,-0.22778062522411346
1531318484.0379543,46336,-1.04337739944458
1531318539.7629025,46464,-2.2703206539154053
1531318595.3991368,46592,-1.2630740404129028
1531318704.5712433,46720,0.021977048367261887
1531318760.0015755,46848,-0.25016096234321594
1531318815.7437136,46976,1.3256479501724243
1531318871.6228564,47104,-0.23906441032886505
1531318981.241745,47232,-0.5716821551322937
1531319036.9163501,47360,-1.9146465063095093
1531319092.6243076,47488,-0.1584429144859314
1531319148.3322153,47616,0.17305989563465118
1531319257.8899617,47744,-1.2784819602966309
1531319313.5520217,47872,-0.35051384568214417
1531319369.3391008,48000,-0.3610973060131073
1531319424.9226522,48128,-0.7200024724006653
1531319534.5283484,48256,-0.08811314404010773
1531319590.2328064,48384,-1.4366511106491089
1531319645.8631043,48512,-0.5321629047393799
1531319701.642461,48640,-0.1828695386648178
1531319812.3861194,48768,-1.3054476976394653
1531319868.0368052,48896,-1.4233547449111938
1531319923.7852507,49024,-0.6231198906898499
1531319979.5751019,49152,0.932671070098877
1531320088.5434422,49280,-0.030915599316358566
1531320144.1773956,49408,-0.9208956360816956
1531320199.858729,49536,-1.0650540590286255
1531320255.5611606,49664,-0.5114014744758606
1531320364.5758402,49792,-1.6291683912277222
1531320420.2591374,49920,-1.3474496603012085
1531320475.8885934,50048,0.45084384083747864
1531341510.7626302,50304,-0.47267046570777893
1531341566.3830507,50432,-0.2890625298023224
1531341622.1143844,50560,-1.0035921335220337
1531341677.7790067,50688,-1.1804540157318115
1531341786.7521818,50816,-0.12678579986095428
1531341842.4763675,50944,-0.4326440095901489
1531341898.26774,51072,0.3026694655418396
1531341954.111939,51200,-0.8193148374557495
1531342062.919909,51328,0.8199722170829773
1531342118.6206017,51456,-0.2162773609161377
1531342174.5199897,51584,0.02158244699239731
1531342230.2169442,51712,-0.8236282467842102
1531342339.1114962,51840,-1.2109719514846802
1531342394.7200599,51968,-0.09265486896038055
1531342450.4983115,52096,-0.6468619704246521
1531342506.2296648,52224,0.21764151751995087
1531342615.0879443,52352,-0.01721951551735401
1531342670.8131213,52480,-1.0446968078613281
1531342726.6216576,52608,-0.09184029698371887
1531342782.308133,52736,-0.22512367367744446
1531342892.0771298,52864,0.05496199429035187
1531342947.8031833,52992,-0.7749637961387634
1531343003.6704874,53120,-2.308637857437134
1531343059.5243917,53248,-0.6451477408409119
1531343169.2501197,53376,0.4592704474925995
1531343224.8402636,53504,-1.4718087911605835
1531343280.6114013,53632,-0.9428571462631226
1531343336.3610249,53760,-0.05824136734008789
1531343444.7459555,53888,-1.1359044313430786
1531343500.4620466,54016,-1.7867374420166016
1531343556.2364774,54144,-2.204118490219116
1531343611.9063015,54272,-1.0632336139678955
1531343721.4962468,54400,-1.7900758981704712
1531343777.2917187,54528,0.5017107725143433
1531343833.0474942,54656,0.0825796127319336
1531343888.908027,54784,-0.333879679441452
1531343997.8692024,54912,-1.2667995691299438
1531344053.5419261,55040,-0.4923745393753052
1531344109.3730423,55168,-1.3078237771987915
1531344165.1610873,55296,-1.512326717376709
1531344275.371729,55424,-2.306178569793701
1531344331.0671077,55552,-0.09681837260723114
1531344386.7585776,55680,-1.2537699937820435
1531344442.5643816,55808,-0.9025288224220276
1531344550.854192,55936,-0.5772324204444885
1531344606.603649,56064,-2.330026865005493
1531344662.3817322,56192,-0.8920400142669678
1531344718.1830518,56320,0.11045517027378082
1531344826.3409727,56448,1.2353302240371704
1531344882.0760548,56576,-0.4426368176937103
1531344938.0484185,56704,-0.913284957408905
1531344993.9782932,56832,-0.6308556795120239
1531345103.2831862,56960,-0.310348778963089
1531345158.9993784,57088,-1.273157000541687
1531345214.8642583,57216,-0.9604418277740479
1531345270.6345441,57344,0.49858546257019043
1531345379.0806463,57472,-1.5596421957015991
1531345434.8730311,57600,0.6393859386444092
1531345490.621586,57728,-3.915184497833252
1531345546.5381997,57856,-0.8267111778259277
1531345656.1690214,57984,-0.2828492522239685
1531345711.8890457,58112,-0.6616126298904419
1531345767.6586745,58240,1.652414083480835
1531345823.5289736,58368,1.0266400575637817
1531345932.5111601,58496,-0.45366939902305603
1531345988.220766,58624,-0.12538060545921326
1531346044.071189,58752,-1.1421657800674438
1531346099.9401612,58880,-0.775821328163147
1531346208.1159303,59008,-0.5307550430297852
1531346263.852334,59136,-0.49265074729919434
1531346319.745874,59264,0.12536640465259552
1531346375.5800016,59392,-0.15809109807014465
1531346483.948024,59520,-0.8372130393981934
1531346539.7345922,59648,-1.6594218015670776
1531346595.6172864,59776,0.12032011896371841
1531346651.309492,59904,-0.05340293422341347
1531346759.8530047,60032,-1.7752236127853394
1531346815.6800869,60160,-0.7769342064857483
1531346871.4859436,60288,0.1731153428554535
1531346927.3906448,60416,-1.6967110633850098
1531347036.4733086,60544,-0.8456861972808838
1531347092.2056139,60672,-1.07136070728302
1531347148.0548356,60800,-1.5126906633377075
1531347203.9043028,60928,-1.5827347040176392
1531347312.5821757,61056,-0.19114069640636444
1531347368.294493,61184,-0.7769241333007812
1531347424.0578446,61312,-0.9408211708068848
1531347479.775389,61440,-1.3490362167358398
1531347588.541398,61568,-1.7483069896697998
1531347644.4072773,61696,-0.5495668649673462
1531347700.1967945,61824,-2.4952147006988525
1531347756.019712,61952,-0.6667912602424622
1531347865.5688279,62080,-0.8631438612937927
1531347921.307557,62208,-0.09433335065841675
1531347977.11897,62336,-1.8982903957366943
1531348032.973687,62464,-1.581869125366211
1531348142.5451174,62592,-0.4982376992702484
1531348198.3061485,62720,-0.2551810145378113
1531348254.1734288,62848,-1.4856513738632202
1531348309.9217188,62976,-1.506650686264038
1531348419.554887,63104,-0.1691298931837082
1531348475.3236573,63232,-0.47875702381134033
1531348531.0805957,63360,0.6068018078804016
1531348586.866776,63488,-1.1634340286254883
1531348697.3447917,63616,-2.5073039531707764
1531348753.0462596,63744,-0.6161444187164307
1531348808.8352442,63872,-1.4493608474731445
1531348864.606949,64000,-0.2612982988357544
1531348975.1212914,64128,-0.9343186020851135
1531349030.89597,64256,-1.0623174905776978
1531349086.799024,64384,-0.10288972407579422
1531349142.6164453,64512,-0.5962797999382019
1531349252.144799,64640,-0.6749048233032227
1531349307.8694785,64768,-0.7430692315101624
1531349363.6812959,64896,-0.8905730843544006
1531349419.469831,65024,-1.532304048538208
1531349529.2706513,65152,-0.07498607039451599
1531349584.9403794,65280,-1.5372951030731201
1531349640.7207165,65408,-0.45915502309799194
1531349696.5846443,65536,-0.5249952673912048
1531349807.7564356,65664,-0.8335812091827393
1531349863.537208,65792,-0.5386034250259399
1531349919.320948,65920,-0.048628680408000946
1531349975.2539873,66048,-0.40184736251831055
1531350086.8438416,66176,-0.5111796855926514
1531350142.5562015,66304,-0.43697208166122437
1531350198.3718166,66432,-0.4234597682952881
1531350254.1884065,66560,-0.5286388397216797
1531350365.7591233,66688,-0.8897614479064941
1531350421.4398162,66816,-1.653319239616394
1531350477.3882716,66944,-0.5914242267608643
1531350533.247236,67072,-0.5173879861831665
1531350643.372496,67200,-1.113067388534546
1531350699.0928175,67328,-0.7379450798034668
1531350754.9058695,67456,0.738185703754425
1531350810.7334929,67584,-0.8248398900032043
1531350922.108463,67712,-1.1168400049209595
1531350977.9249232,67840,0.635968029499054
1531351033.7948518,67968,0.08316910266876221
1531351089.7699478,68096,-0.11162443459033966
1531351200.2221546,68224,-0.16042298078536987
1531351255.9874544,68352,-0.6023714542388916
1531351311.8861318,68480,-0.48238039016723633
1531351367.6500735,68608,-0.1895892471075058
1531351477.860804,68736,-0.6453525424003601
1531351533.7399564,68864,1.102653980255127
1531351589.5496457,68992,0.04461611434817314
1531351645.3990152,69120,-0.8970808982849121
1531351756.8941083,69248,0.47615593671798706
1531351812.7399085,69376,-1.0876296758651733
1531351868.6261094,69504,-0.3797375559806824
1531351924.544277,69632,-1.143589973449707
1531352523.09645,69760,0.21972787380218506
1531352577.7487724,69888,-0.9327733516693115
1531352633.2311804,70016,-1.3948396444320679
1531352689.7449543,70144,-1.075539231300354
1531352799.74458,70272,0.3712114691734314
1531352855.353919,70400,0.9807252287864685
1531352911.2593105,70528,-0.5234801769256592
1531352967.0671911,70656,-0.2906322777271271
1531353074.4090674,70784,-1.744378924369812
1531353130.2959802,70912,-0.6278175115585327
1531353186.1493104,71040,-1.9673736095428467
1531353241.9932983,71168,-0.12928172945976257
1531353350.095572,71296,-0.41057753562927246
1531353405.989407,71424,0.34714558720588684
1531353461.789793,71552,0.15064364671707153
1531353517.663622,71680,-1.9474140405654907
1531353626.0254004,71808,-0.6604546308517456
1531353681.7695208,71936,-2.1030426025390625
1531353737.6984751,72064,-1.0376371145248413
1531353793.595256,72192,-3.762329339981079
1531353903.3570416,72320,0.07386644184589386
1531353959.3029952,72448,-0.8147769570350647
1531354015.2358704,72576,-0.9645618796348572
1531354071.2304406,72704,0.045202191919088364
1531354180.0923238,72832,0.08028533309698105
1531354235.9081445,72960,-0.8782566785812378
1531354291.7534778,73088,0.3958938419818878
1531354347.6211083,73216,-0.41453248262405396
1531354457.325046,73344,-1.763149619102478
1531354513.132916,73472,-2.180607795715332
1531354569.0211327,73600,0.13989675045013428
1531354625.022674,73728,-0.06048472598195076
1531354733.9569328,73856,-1.525064468383789
1531354789.841927,73984,0.9220635294914246
1531354845.9200993,74112,-0.8949452638626099
1531354901.878535,74240,-0.256985068321228
1531355011.2266457,74368,-2.7055256366729736
1531355067.101433,74496,0.22761572897434235
1531355122.8845851,74624,1.224398136138916
1531355178.7310262,74752,-0.029349982738494873
1531355287.7839973,74880,-0.5603781342506409
1531355343.4776726,75008,-2.435080051422119
1531355399.3203092,75136,0.7989230155944824
1531355455.2364388,75264,-1.7954498529434204
1531355563.6832418,75392,-0.48310038447380066
1531355619.619353,75520,0.4284961223602295
1531355675.5626578,75648,0.0350019745528698
1531355731.5223978,75776,-1.1555668115615845
1531355840.7002368,75904,-1.2651476860046387
1531355896.656277,76032,0.050108376890420914
1531355952.6629994,76160,0.010509068146348
1531356008.5928783,76288,-1.0719598531723022
1531356117.6059403,76416,1.0181456804275513
1531356173.4887266,76544,-2.329458236694336
1531356229.376324,76672,-0.4519501030445099
1531356285.1802442,76800,-1.3200714588165283
1531356394.798779,76928,-2.25473952293396
1531356450.5801165,77056,0.6319553256034851
1531356506.4857326,77184,-0.9799327850341797
1531356562.4825757,77312,-0.648069441318512
1531356671.2878382,77440,-1.072613000869751
1531356727.1608653,77568,-0.09099534153938293
1531356782.9891198,77696,-0.8472779989242554
1531356838.8868902,77824,-1.0704848766326904
1531356947.8523948,77952,-0.2835780382156372
1531357003.6144443,78080,0.06542500853538513
1531357059.5970025,78208,-1.2684882879257202
1531357115.4420226,78336,-0.4226142466068268
1531357223.724028,78464,-0.17930477857589722
1531357279.58357,78592,-0.581253707408905
1531357335.4469528,78720,0.5019646286964417
1531357391.3788774,78848,0.12042325735092163
1531357501.5964608,78976,0.14175695180892944
1531357557.5235438,79104,0.24569658935070038
1531357613.4559822,79232,-1.2059571743011475
1531357669.1919174,79360,-1.2914575338363647
1531357779.5684016,79488,-0.6872462034225464
1531357835.2993114,79616,-0.47523435950279236
1531357891.173548,79744,-0.8965946435928345
1531357947.1231475,79872,-0.1114993542432785
1531358056.0978625,80000,-0.7329874038696289
1531358111.8996403,80128,-0.47984975576400757
1531358167.7790859,80256,0.4452378749847412
1531358223.7589028,80384,0.5941507816314697
1531358334.5138788,80512,-1.4139575958251953
1531358390.2888117,80640,-0.3041902482509613
1531358446.1210456,80768,0.15161611139774323
1531358501.9791079,80896,1.0569422245025635
1531358611.7836986,81024,-2.22914981842041
1531358667.7084067,81152,-1.4229017496109009
1531358723.550102,81280,-0.48512914776802063
1531358779.3640382,81408,0.07818365097045898
1531358888.8611557,81536,-1.5323125123977661
1531358944.656134,81664,-0.8437971472740173
1531359000.5848799,81792,-1.6279497146606445
1531359056.4666877,81920,0.86773681640625
1531359167.121086,82048,-0.10103742778301239
1531359222.9093926,82176,-0.8017136454582214
1531359278.799568,82304,-1.460830569267273
1531359334.80139,82432,-0.1568097174167633
1531359444.2403066,82560,-0.5596445798873901
1531359500.0131605,82688,-0.7942169308662415
1531359555.9621482,82816,-0.3167291283607483
1531359611.8398829,82944,-1.3203182220458984
1531359721.6766279,83072,0.47055354714393616
1531359777.5701926,83200,-0.8492019772529602
1531359833.3696663,83328,0.408550888299942
1531359889.165561,83456,0.05266665667295456
1531360000.3979173,83584,-0.22308313846588135
1531360056.156776,83712,-1.4697574377059937
1531360112.0030081,83840,-0.9781926870346069
1531360167.8715038,83968,-0.08182118833065033
1531360277.7550342,84096,1.2214609384536743
1531360333.6737537,84224,1.453277826309204
1531360389.595613,84352,0.23163887858390808
1531360445.3892884,84480,-0.8712764978408813
1531360555.0288258,84608,-1.4075192213058472
1531360610.7682114,84736,-0.225587859749794
1531360666.6483665,84864,-1.2968040704727173
1531360722.7135034,84992,-0.001117771491408348
1531360833.3317819,85120,0.2181832492351532
1531360889.208879,85248,-0.21152912080287933
1531360945.117451,85376,-0.6209784746170044
1531361000.9751344,85504,0.11206746846437454
1531361110.094485,85632,-0.4444386959075928
1531361165.940213,85760,-0.46721524000167847
1531361221.907795,85888,-1.3601529598236084
1531361277.8831272,86016,0.3691863715648651
1531361387.41079,86144,-0.9485818147659302
1531361443.2623098,86272,-0.04578668996691704
1531361499.1610675,86400,-0.46880000829696655
1531361555.0396118,86528,-0.23922640085220337
1531361664.7327468,86656,0.16638460755348206
1531361720.6716309,86784,0.29709526896476746
1531361776.5788171,86912,-0.7266566157341003
1531361832.4225192,87040,-1.2765963077545166
1531361943.522218,87168,-0.9884797930717468
1531361999.2357876,87296,-2.3483169078826904
1531362055.1616426,87424,-0.7383732795715332
1531362111.0702686,87552,0.06640738248825073
1531362221.6636012,87680,1.3506877422332764
1531362277.6131012,87808,-2.103511095046997
1531362333.570609,87936,-0.1831815540790558
1531362389.5449934,88064,-0.14769218862056732
1531362500.6280506,88192,0.16559112071990967
1531362556.5746346,88320,0.49629583954811096
1531362612.570885,88448,-0.6761928200721741
1531362668.497438,88576,-0.9582821130752563
1531362778.8926446,88704,-1.4743350744247437
1531362835.003814,88832,-0.714171826839447
1531362890.9666462,88960,-0.6688846945762634
1531362946.8846016,89088,1.3055953979492188
1531363056.9093413,89216,-0.5565724968910217
1531363112.7161198,89344,-0.9592785835266113
1531363168.7243586,89472,0.26179853081703186
1531363224.6751442,89600,-1.0155868530273438
1531363334.8900185,89728,-0.6186132431030273
1531363390.8038328,89856,-0.318791925907135
1531363446.6912024,89984,-2.4387035369873047
1531363502.6879137,90112,0.35142678022384644
1531363612.9207096,90240,-0.07676412910223007
1531363668.724234,90368,-0.5441927909851074
1531363724.6448088,90496,-0.20037119090557098
1531363780.5243094,90624,-1.6889995336532593
1531363890.5258472,90752,-1.2783687114715576
1531363946.3108144,90880,-0.1977151483297348
1531364002.0518677,91008,0.007281303405761719
1531364057.9473295,91136,0.23849743604660034
1531364168.3147304,91264,-0.10182502865791321
1531364224.1061664,91392,-1.0781852006912231
1531364280.020115,91520,0.22522488236427307
1531364335.917277,91648,-0.45934438705444336
1531364446.7846587,91776,-0.23050925135612488
1531364502.6526523,91904,-0.4212380647659302
1531364558.6172104,92032,0.40112459659576416
1531364614.4740777,92160,-1.1327437162399292
1531364724.364309,92288,-0.2529286742210388
1531364780.2034776,92416,-1.1835428476333618
1531364836.0997844,92544,-0.594626784324646
1531364892.075979,92672,-1.517746090888977
1531365002.2776737,92800,0.03087347000837326
1531365058.270737,92928,-0.26720133423805237
1531365114.1392856,93056,-0.27763742208480835
1531365170.227489,93184,-0.7202328443527222
1531365281.6657565,93312,0.17616765201091766
1531365337.4533312,93440,-0.14802533388137817
1531365393.3267179,93568,0.3653453290462494
1531365449.1533067,93696,-0.5842823386192322
1531365559.0524964,93824,-0.9520588517189026
1531365614.9127765,93952,-1.0700092315673828
1531365670.656092,94080,-0.7169469594955444
1531365726.461339,94208,-0.657392144203186
1531365836.3735847,94336,-0.16502267122268677
1531365892.175358,94464,-0.8701627254486084
1531365948.1070645,94592,-1.6639493703842163
1531366004.0804808,94720,0.15267585217952728
1531366113.887904,94848,-1.4825804233551025
1531366169.7312195,94976,-0.9907272458076477
1531366225.6123567,95104,-0.05730805546045303
1531366281.4986742,95232,0.5128998160362244
1531366392.7711022,95360,-0.6099838614463806
1531366448.6294394,95488,-0.745543360710144
1531366504.5468006,95616,-1.464259147644043
1531366560.300139,95744,0.920116126537323
1531366671.0293338,95872,-0.08648711442947388
1531366726.78538,96000,-0.26787763833999634
1531366782.8202639,96128,-1.5105154514312744
1531366838.7971883,96256,-0.6181488633155823
1531366948.590946,96384,-0.6558778285980225
1531367004.44538,96512,-0.02078583464026451
1531367060.3878384,96640,-0.31454628705978394
1531367116.1031168,96768,0.057941410690546036
1531367226.9618611,96896,-0.3509758710861206
1531367282.7928002,97024,-1.3843028545379639
1531367338.7434895,97152,-1.2710763216018677
1531367394.7217646,97280,0.18029439449310303
1531367504.9630628,97408,-1.6115293502807617
1531367560.7568169,97536,-1.409785270690918
1531367616.8354332,97664,0.9700550436973572
