wall_time,step,value
1530415869.710416,512,1.4507211446762085
1530416146.771396,1024,1.9118858575820923
1530416423.3221145,1536,2.3339755535125732
1530416697.9514103,2048,2.4797253608703613
1530416972.9431076,2560,2.660183906555176
1530417245.568259,3072,2.7142112255096436
1530417517.3135922,3584,2.781634569168091
1530417789.021648,4096,2.9048044681549072
1530418061.1612582,4608,3.0070486068725586
1530418334.7667015,5120,3.002638101577759
1530418607.8448062,5632,3.01849102973938
1530418881.3739789,6144,3.0147171020507812
1530419155.5507402,6656,3.0415425300598145
1530419428.7297118,7168,3.045961380004883
1530419703.5326154,7680,3.100641965866089
1530419978.5414739,8192,3.1330413818359375
1530420251.0015752,8704,3.2188568115234375
1530420524.2703779,9216,3.2502670288085938
1530420797.55022,9728,3.1735634803771973
1530421070.7669325,10240,3.252976894378662
1530421343.9333432,10752,3.258972644805908
1530421618.059493,11264,3.3164939880371094
1530421890.0031915,11776,3.38386869430542
1530422162.6062346,12288,3.4303131103515625
1530422436.8292427,12800,3.500216007232666
1530422711.6173549,13312,3.4884979724884033
1530422984.6528902,13824,3.5094094276428223
1530423256.7948778,14336,3.516803026199341
1530423529.1405456,14848,3.6779541969299316
1530423802.6906753,15360,3.5082385540008545
1530424075.724699,15872,3.520437717437744
1530424350.0124567,16384,3.601367235183716
1530424623.602681,16896,3.576695203781128
1530424897.7073653,17408,3.5454630851745605
1530425171.2799034,17920,3.5712733268737793
1530425446.62862,18432,3.6876187324523926
1530425721.0166032,18944,3.641847610473633
1530425995.9981909,19456,3.713188648223877
1530426270.8021312,19968,3.5996108055114746
1530426545.47941,20480,3.6344311237335205
1530426819.4991481,20992,3.7026050090789795
1530427094.6247454,21504,3.6663081645965576
1530427368.9301898,22016,3.729856014251709
1530427645.1029923,22528,3.7182822227478027
1530427919.875394,23040,3.8102211952209473
1530428194.6358979,23552,3.749973773956299
1530428470.8935924,24064,3.8610756397247314
1530428746.3009171,24576,3.689180850982666
1530429021.144959,25088,3.750074863433838
1530429296.668968,25600,3.8158111572265625
1530429573.2149935,26112,3.813563823699951
1530429850.1982117,26624,3.8277602195739746
1530430126.0508387,27136,3.8784775733947754
1530430402.200323,27648,3.927701234817505
1530430677.1107836,28160,3.882246494293213
1530430953.5145276,28672,3.8142998218536377
1530431228.9673944,29184,3.8881735801696777
1530431506.3006356,29696,3.8856072425842285
1530431782.4879007,30208,3.981027603149414
1530432058.6708102,30720,3.9727911949157715
1530432335.6569734,31232,3.8548693656921387
1530432612.143319,31744,3.864107131958008
1530432888.5070224,32256,3.920362949371338
1530433165.2371535,32768,3.893216609954834
1530433441.6744518,33280,3.9092769622802734
1530433717.1855118,33792,3.8588955402374268
1530433992.8176584,34304,3.957909345626831
1530434270.5821488,34816,3.928554058074951
1530434546.3469298,35328,3.9544079303741455
1530434823.0213532,35840,3.885913372039795
1530435099.0735536,36352,3.9089322090148926
1530435375.4757056,36864,3.8683090209960938
1530435652.3305023,37376,3.8560309410095215
1530435930.1505718,37888,3.949816942214966
1530565481.549836,38912,3.9552388191223145
1530565757.597293,39424,3.884209394454956
1530566032.6341252,39936,3.8900508880615234
1530566308.9225655,40448,3.9098353385925293
1530566584.0172105,40960,3.8611209392547607
1530566859.0840843,41472,3.921485185623169
1530567134.7667933,41984,3.8587512969970703
1530567409.6569874,42496,3.8817570209503174
1530567684.9481955,43008,3.8454337120056152
1530567960.1450279,43520,3.8773257732391357
1530568236.4709141,44032,3.824904680252075
1530568511.1734114,44544,3.9471118450164795
1530568786.4263322,45056,3.727640151977539
1530569061.0990036,45568,3.903564453125
1530569336.7019687,46080,3.941253662109375
1530569612.4152603,46592,3.867043972015381
1530569887.934073,47104,3.982365846633911
1530570163.9528604,47616,3.947047472000122
1530570439.4180176,48128,3.8792858123779297
1530570714.4763923,48640,3.884352922439575
1530570991.4994667,49152,3.8965160846710205
1530571267.0782099,49664,3.9205422401428223
1530571542.2503102,50176,3.887427806854248
1530571817.967734,50688,3.7923309803009033
1530572093.9056885,51200,3.7986416816711426
1530572370.4876492,51712,3.8342461585998535
1530572644.4395826,52224,3.850663423538208
1530572921.056635,52736,3.8166115283966064
1530573197.2514515,53248,3.8029651641845703
1530573473.2568974,53760,3.8729710578918457
1530573748.9993348,54272,3.90421724319458
1530574023.779227,54784,3.798185348510742
1530574299.3813128,55296,3.890162706375122
1530574574.6678305,55808,3.892272472381592
1530574849.6705246,56320,3.789000988006592
1530575124.9047725,56832,3.8191189765930176
1530575399.9469094,57344,3.836763381958008
1530575676.2315488,57856,3.811579942703247
1530575951.5675042,58368,3.8022103309631348
1530576228.3378792,58880,3.7495338916778564
1530576504.112747,59392,3.7091426849365234
1530576780.3106256,59904,3.7225208282470703
1530577054.8719296,60416,3.773339033126831
1530577330.6216424,60928,3.8453941345214844
1530577605.5854409,61440,3.840740919113159
1530577882.503427,61952,3.786417007446289
1530578158.6961305,62464,3.7728984355926514
1530578434.8693469,62976,3.878910541534424
1530578711.0485682,63488,3.7985615730285645
1530578988.4192362,64000,3.79547119140625
1530579265.9053354,64512,3.85741925239563
1530579542.2853785,65024,3.836188793182373
1530579819.9938982,65536,3.8641886711120605
1530580096.217672,66048,3.843355655670166
1530580372.8267097,66560,3.8714699745178223
1530580650.2328336,67072,3.8203201293945312
1530580925.727484,67584,3.793344020843506
1530581203.2051618,68096,3.808037519454956
1530581481.429221,68608,3.7905616760253906
1530581758.2666187,69120,3.9383621215820312
1530582035.4103692,69632,3.839902877807617
1530582311.8704932,70144,3.87164306640625
1530582588.7528493,70656,3.8459293842315674
1530582865.377319,71168,3.8885867595672607
1530583142.4966722,71680,3.9219021797180176
1530583420.1588614,72192,3.8640105724334717
1530583697.0853744,72704,3.859830856323242
1530583973.364985,73216,3.8500537872314453
1530584250.2476854,73728,3.8306002616882324
1530584527.4198053,74240,3.8060669898986816
1530584805.1998084,74752,3.929675340652466
1530585082.538957,75264,3.893170118331909
1530585360.4864016,75776,3.8607230186462402
1530585640.5068383,76288,3.815901517868042
1530660955.5672944,77312,3.8106529712677
1530661229.8904023,77824,3.83552622795105
1530661503.9879053,78336,3.9292168617248535
1530661779.6893525,78848,3.9020016193389893
1530662055.0078263,79360,3.829005479812622
1530662329.0505385,79872,3.8695640563964844
1530662602.6823542,80384,3.8659541606903076
1530662878.213278,80896,3.7527804374694824
1530663152.7869728,81408,3.8575892448425293
1530663427.233999,81920,3.8270974159240723
1530663702.1188998,82432,3.8313522338867188
1530663978.1767528,82944,3.8050544261932373
1530664253.0021112,83456,3.806198835372925
1530664528.0441477,83968,3.723037004470825
1530664802.6117594,84480,3.777409791946411
1530665077.550287,84992,3.826932191848755
1530665353.0826335,85504,3.763209104537964
1530665628.6239772,86016,3.879049301147461
1530665903.7015467,86528,3.879317045211792
1530666179.3063736,87040,3.8118045330047607
1530666454.484085,87552,3.9118359088897705
1530666729.1725638,88064,3.876063585281372
1530667004.7484255,88576,3.8137366771698
1530667279.5662065,89088,3.8255951404571533
1530667554.4325814,89600,3.962956190109253
1530667830.1468549,90112,3.7902636528015137
1530668104.426194,90624,3.8263888359069824
1530668380.9963999,91136,3.858828067779541
1530668655.6745243,91648,3.8593108654022217
1530668930.5224445,92160,3.7700958251953125
1530669205.6435487,92672,3.814255475997925
1530669482.4712021,93184,3.8474624156951904
1530669757.738526,93696,3.7920188903808594
1530670033.3135486,94208,3.8258633613586426
1530670308.0902767,94720,3.8252856731414795
1530670583.6920314,95232,3.8494250774383545
1530670858.855964,95744,3.826505661010742
1530671134.8414931,96256,3.780536651611328
1530671410.178059,96768,3.987539291381836
1530671688.0665545,97280,3.856997013092041
