wall_time,step,value
1530452527.3662617,128,-79.1447525024414
1530452573.5942008,256,-45.29022216796875
1530452619.920136,384,-37.67704391479492
1530452666.8592234,512,-21.51803207397461
1530452769.8982224,640,-15.623233795166016
1530452816.1468606,768,-10.23764419555664
1530452863.0049093,896,-6.125085830688477
1530452910.3835287,1024,-8.811142921447754
1530453013.4206367,1152,-4.943047523498535
1530453059.6876376,1280,-6.292897701263428
1530453106.6134608,1408,-5.91196870803833
1530453153.9401193,1536,-4.525793552398682
1530453255.1377168,1664,-4.362529277801514
1530453301.4490764,1792,-5.9190673828125
1530453348.4750066,1920,-5.194980144500732
1530453395.9966774,2048,-6.3445844650268555
1530453497.3799114,2176,-6.525959491729736
1530453543.8008811,2304,-6.220759391784668
1530453590.8530068,2432,-5.659538745880127
1530453638.3894818,2560,-5.549051284790039
1530453741.2584765,2688,-5.263744831085205
1530453787.712465,2816,-5.045783996582031
1530453834.8148358,2944,-5.277711868286133
1530453882.314411,3072,-5.359966278076172
1530453984.9006271,3200,-4.835592746734619
1530454031.2931514,3328,-4.31263542175293
1530454078.2556486,3456,-4.327483177185059
1530454125.6854765,3584,-3.9877278804779053
1530454228.8081238,3712,-3.8664474487304688
1530454275.2323427,3840,-4.000829219818115
1530454322.2345467,3968,-3.689286947250366
1530454369.7192082,4096,-3.742605209350586
1530454470.5655327,4224,-3.7818760871887207
1530454517.0349617,4352,-3.9357340335845947
1530454564.173315,4480,-3.850996494293213
1530454611.7695897,4608,-3.4065699577331543
1530454713.4352288,4736,-3.545518159866333
1530454759.8839653,4864,-3.5941340923309326
1530454807.0891702,4992,-3.725635528564453
1530454854.649887,5120,-3.381039619445801
1530454955.971056,5248,-3.558432102203369
1530455002.41056,5376,-3.336230516433716
1530455049.6127133,5504,-3.386819362640381
1530455097.1341176,5632,-3.1400551795959473
1530455197.5354564,5760,-3.2132060527801514
1530455244.1179583,5888,-3.2174038887023926
1530455291.2857497,6016,-3.201651096343994
1530455338.8815901,6144,-3.441120147705078
1530455441.4696693,6272,-3.2413201332092285
1530455488.0483506,6400,-3.1537394523620605
1530455535.309569,6528,-3.412557363510132
1530455582.8630683,6656,-2.947294235229492
1530455685.9420552,6784,-2.8900527954101562
1530455732.4287248,6912,-3.108990430831909
1530455779.712052,7040,-2.878046989440918
1530455827.3473046,7168,-2.955155849456787
1530455928.9708467,7296,-2.9776129722595215
1530455975.447502,7424,-3.0128111839294434
1530456022.648045,7552,-2.704017162322998
1530456070.118379,7680,-2.8486289978027344
1530456172.5914843,7808,-2.718386650085449
1530456219.1506748,7936,-3.029707908630371
1530456266.3940191,8064,-2.7140777111053467
1530456313.9609313,8192,-2.7199690341949463
1530456416.1649578,8320,-2.7112197875976562
1530456462.6280363,8448,-2.588522434234619
1530456510.0197117,8576,-2.747417449951172
1530456557.5673506,8704,-2.596039056777954
1530456660.3128443,8832,-2.5752313137054443
1530456706.8070142,8960,-2.6638882160186768
1530456754.1158726,9088,-2.5033512115478516
1530456801.7159677,9216,-2.8908753395080566
1530456904.0002143,9344,-2.5540292263031006
1530456950.4968235,9472,-2.741368293762207
1530456997.9437354,9600,-2.2938575744628906
1530457045.6024845,9728,-2.4619991779327393
1530457148.5834682,9856,-2.6400644779205322
1530457195.0150414,9984,-2.7632949352264404
1530457242.612713,10112,-2.3481743335723877
1530457290.1008556,10240,-2.456831932067871
1530457392.010117,10368,-2.5117995738983154
1530457438.438504,10496,-2.325305700302124
1530457485.9460838,10624,-2.2296786308288574
1530457533.53315,10752,-2.728658437728882
1530457635.1562135,10880,-2.413172721862793
1530457681.6280346,11008,-2.7284886837005615
1530457728.9952602,11136,-2.4375150203704834
1530457776.541077,11264,-1.4103909730911255
1530457878.2004128,11392,-2.3594894409179688
1530457924.715706,11520,-2.1068546772003174
1530457972.2046883,11648,-2.342303514480591
1530458019.8430996,11776,-2.4902548789978027
1530458121.743158,11904,-2.5005900859832764
1530458168.2493186,12032,-2.51943302154541
1530458215.810249,12160,-2.208822727203369
1530458263.579025,12288,-2.240471124649048
1530458365.624015,12416,-1.9750220775604248
1530458412.066034,12544,-2.1693387031555176
1530458459.548475,12672,-2.191272735595703
1530458507.1912138,12800,-2.1338565349578857
1530458608.7307332,12928,-2.0270888805389404
1530458655.1865969,13056,-2.2591938972473145
1530458702.8419676,13184,-2.197988271713257
1530458750.377923,13312,-2.0732154846191406
1530458851.4191315,13440,-2.391139507293701
1530458898.0917678,13568,-2.005352258682251
1530458945.5549464,13696,-2.026026725769043
1530458993.2399,13824,-1.9075790643692017
1530459096.6794949,13952,-1.9892363548278809
1530459143.2271895,14080,-1.9331316947937012
1530459190.976341,14208,-1.538735270500183
1530459238.653174,14336,-1.8154082298278809
1530459341.353613,14464,-1.9371933937072754
1530459388.0050554,14592,-1.6377079486846924
1530459435.6416976,14720,-1.6503829956054688
1530459483.381129,14848,-1.8090871572494507
1530459585.4039583,14976,-1.9052605628967285
1530459632.083404,15104,-1.6773672103881836
1530459679.7998197,15232,-1.9184530973434448
1530459727.5727644,15360,-1.8255175352096558
1530459830.7871025,15488,-1.8257859945297241
1530459877.4247012,15616,-1.8356353044509888
1530459925.137988,15744,-1.6169025897979736
1530459972.863255,15872,-1.6529895067214966
1530460076.3055053,16000,-1.8721156120300293
1530460122.851149,16128,-1.7824290990829468
1530460170.4765089,16256,-1.7794054746627808
1530460218.1494093,16384,-1.6663408279418945
1530460321.167608,16512,-1.9314675331115723
1530460367.6670768,16640,-1.617652177810669
1530460415.336325,16768,-1.9245980978012085
1530460462.9950016,16896,-1.7945284843444824
1530460566.0219479,17024,-1.9671807289123535
1530460612.571083,17152,-1.6378400325775146
1530460660.3404162,17280,-1.587951898574829
1530460708.0896988,17408,-1.5511192083358765
1530460810.1848826,17536,-1.5414657592773438
1530460856.8136232,17664,-1.6492947340011597
1530460904.489,17792,-1.725615382194519
1530460952.0937593,17920,-1.689812421798706
1530461054.5589018,18048,-1.425085186958313
1530461101.121661,18176,-1.4638915061950684
1530461148.8770316,18304,-1.4781413078308105
1530461196.5044637,18432,-1.4266457557678223
1530461298.4842808,18560,-1.9030177593231201
1530461345.0068843,18688,-1.3786025047302246
1530461392.7343242,18816,-1.7044416666030884
1530461440.4694262,18944,-1.6849355697631836
1530461542.4364223,19072,-1.5747252702713013
1530461589.016457,19200,-1.7818968296051025
1530461636.6991465,19328,-1.607678771018982
1530461684.3517368,19456,-2.0270349979400635
1530461786.5866928,19584,-1.8252474069595337
1530461833.265183,19712,-1.6931850910186768
1530461880.9691176,19840,-1.3460801839828491
1530461928.5786738,19968,-1.4954924583435059
1530462029.613816,20096,-1.7303842306137085
1530462076.2832909,20224,-1.6571754217147827
1530462123.9150016,20352,-2.026754379272461
1530462171.7289412,20480,-1.3305540084838867
1530462273.8125064,20608,-1.5533511638641357
1530462320.4003315,20736,-1.448731780052185
1530462368.1518633,20864,-1.8113152980804443
1530462415.796092,20992,-1.4750128984451294
1530462518.2756248,21120,-1.6774165630340576
1530462564.9430802,21248,-1.7240676879882812
1530462612.729554,21376,-1.4398117065429688
1530462660.2926466,21504,-1.3929328918457031
1530462763.372674,21632,-1.6258809566497803
1530462810.0533862,21760,-1.3739843368530273
1530462857.8637102,21888,-1.3807051181793213
1530462905.5239472,22016,-1.3634220361709595
1530463007.661207,22144,-1.3798993825912476
1530463054.426856,22272,-1.3808091878890991
1530463102.1253855,22400,-1.4209071397781372
1530463149.7659705,22528,-1.6149144172668457
1530463254.0011427,22656,-1.5661710500717163
1530463300.6232114,22784,-1.3062320947647095
1530463348.4148798,22912,-1.354047417640686
1530463396.265926,23040,-1.4039949178695679
1530463499.1811223,23168,-1.8229652643203735
1530463545.903912,23296,-1.4481306076049805
1530463593.658502,23424,-1.5761783123016357
1530463641.4160492,23552,-1.4292274713516235
1530463743.5929034,23680,-1.3946267366409302
1530463790.2917764,23808,-1.4639400243759155
1530463837.9904182,23936,-1.3897473812103271
1530463885.8407207,24064,-1.363486409187317
1530463988.5512648,24192,-1.2133105993270874
1530464035.3120506,24320,-1.436526894569397
1530464083.0074131,24448,-1.441605567932129
1530464130.8691368,24576,-1.4960362911224365
1530464234.0070765,24704,-1.2259881496429443
1530464280.7947974,24832,-1.281376600265503
1530464328.4441907,24960,-1.5463767051696777
1530464376.3402267,25088,-1.3093338012695312
1530464478.7723737,25216,-1.6085834503173828
1530464525.4782166,25344,-1.40188729763031
1530464573.2052317,25472,-1.429080605506897
1530464620.9166348,25600,-1.298465371131897
1530464723.8673391,25728,-1.358842134475708
1530464770.7015684,25856,-1.5212031602859497
1530464818.3969452,25984,-1.1704277992248535
1530464866.2298498,26112,-1.3088881969451904
1530464969.2099707,26240,-1.5085476636886597
1530465015.9583077,26368,-1.2725951671600342
1530465063.8013015,26496,-1.1571941375732422
1530465111.5229442,26624,-1.4343173503875732
1530465215.7384987,26752,-1.3679190874099731
1530465262.356048,26880,-1.1303671598434448
1530465310.024597,27008,-1.2847204208374023
1530465357.81659,27136,-1.3523738384246826
1530465460.5640652,27264,-1.153135895729065
1530465507.352712,27392,-1.0177161693572998
1530465555.085614,27520,-1.2088676691055298
1530465602.7682152,27648,-1.1855844259262085
1530465706.1175976,27776,-1.3984038829803467
1530465752.8934839,27904,-1.1821614503860474
1530465800.6745524,28032,-1.5067144632339478
1530465848.4611146,28160,-1.3026232719421387
1530465951.6121027,28288,-1.1013925075531006
1530465998.2995589,28416,-1.0668625831604004
1530466045.9847858,28544,-1.1831656694412231
1530466093.701301,28672,-1.6789153814315796
1530466197.15522,28800,-1.1388697624206543
1530466243.9574375,28928,-1.4228301048278809
1530466291.8658872,29056,-1.3062224388122559
1530466339.6993635,29184,-1.1784342527389526
1530466443.4769368,29312,-1.0565223693847656
1530466490.228123,29440,-0.9978548884391785
1530466537.9445708,29568,-1.1688112020492554
1530466585.8365178,29696,-1.428597092628479
1530466690.5506594,29824,-1.1969294548034668
1530466737.310802,29952,-1.3422013521194458
1530466785.1661859,30080,-1.1507257223129272
1530466833.0081704,30208,-1.2910168170928955
1530466936.2910101,30336,-1.1154049634933472
1530466983.164856,30464,-1.2736763954162598
1530467030.935374,30592,-1.2760319709777832
1530467078.6571195,30720,-1.1381797790527344
1530467182.1467578,30848,-1.219053030014038
1530467229.0730672,30976,-1.211477518081665
1530467276.8876572,31104,-1.1829482316970825
1530467324.7898414,31232,-1.2794831991195679
1530467428.198813,31360,-1.4891464710235596
1530467475.0651324,31488,-1.2055259943008423
1530467522.9595199,31616,-1.1059249639511108
1530467570.7377849,31744,-1.1939133405685425
1530467675.689994,31872,-1.2256850004196167
1530467722.5414956,32000,-1.217307209968567
1530467770.2542899,32128,-0.9768970608711243
1530467818.176067,32256,-0.8641850352287292
1530467922.1854668,32384,-1.0360496044158936
1530467968.9267294,32512,-1.058014988899231
1530468016.760612,32640,-1.2239409685134888
1530468064.5583997,32768,-1.259743571281433
1530468168.2455065,32896,-0.8827358484268188
1530468215.134847,33024,-1.2341197729110718
1530468262.9528902,33152,-0.7547754645347595
1530468310.8121557,33280,-1.038690209388733
1530468415.054368,33408,-1.139786720275879
1530468461.8859725,33536,-1.1930581331253052
1530468509.7578764,33664,-1.0238549709320068
1530468557.6273017,33792,-1.306107521057129
1530468661.4519038,33920,-1.1547720432281494
1530468708.19085,34048,-0.9910173416137695
1530468756.0178041,34176,-1.2317464351654053
1530468803.8283417,34304,-1.2845474481582642
1530468907.5086565,34432,-1.0603677034378052
1530468954.4129057,34560,-0.9923341274261475
1530469002.184386,34688,-1.1767116785049438
1530469050.1069174,34816,-0.539808988571167
1530469154.6858795,34944,-1.0401482582092285
1530469201.4657266,35072,-0.6327837705612183
1530469249.2383318,35200,-0.23328137397766113
1530469296.985363,35328,-0.8271028995513916
1530469402.2673473,35456,-1.9479221105575562
1530469449.0245345,35584,-1.005133867263794
1530469496.8588817,35712,-1.3024553060531616
1530469544.5894387,35840,-0.27923262119293213
1530469648.7169213,35968,-1.4908056259155273
1530469695.5382338,36096,-1.7900960445404053
1530469743.3446665,36224,-0.6491879224777222
1530469791.069525,36352,0.05323272943496704
1530469895.342862,36480,1.193519115447998
1530469942.2468488,36608,0.68753582239151
1530469990.1030498,36736,-0.7596117258071899
1530470037.8312888,36864,-1.4625741243362427
1530470144.4185748,36992,-1.6637136936187744
1530470191.3906834,37120,-0.1820465326309204
1530470239.1783113,37248,-0.6630602478981018
1530470286.9639297,37376,-0.6909521222114563
1530470391.761867,37504,0.31315481662750244
1530470438.6313484,37632,-0.185737743973732
1530470486.2577062,37760,-1.6747699975967407
1530470534.0045736,37888,-1.460046410560608
1530470640.6303184,38016,-0.809032142162323
1530470687.517146,38144,-0.24441181123256683
1530470735.2377043,38272,-0.20753911137580872
1530470783.04398,38400,0.1517275869846344
1530470889.4173799,38528,1.1600501537322998
1530470936.2351015,38656,-1.4270843267440796
1530470984.0024633,38784,-1.25251042842865
1530721236.2813802,39040,-0.28333497047424316
1530721283.1188605,39168,-1.447999119758606
1530721330.7795918,39296,-1.4873863458633423
1530721378.485678,39424,-0.6910094022750854
1530721479.3028803,39552,-0.42707017064094543
1530721525.836218,39680,-0.6954469680786133
1530721573.3746061,39808,0.13532699644565582
1530721620.972065,39936,0.4467470049858093
1530721722.015507,40064,-0.011627266183495522
1530721768.5086577,40192,-1.4657231569290161
1530721816.089041,40320,-1.1781946420669556
1530721863.8326428,40448,-0.8659728169441223
1530721965.1535914,40576,-1.7722935676574707
1530722011.6887598,40704,-0.7861677408218384
1530722059.3747196,40832,-0.8759055733680725
1530722107.0711765,40960,-2.235339879989624
1530722208.4759126,41088,-0.342512309551239
1530722255.0209467,41216,-1.1883506774902344
1530722302.680565,41344,-0.2587417960166931
1530722350.3349361,41472,1.2507669925689697
1530722452.6495538,41600,0.1822725534439087
1530722499.254286,41728,-0.5340190529823303
1530722546.9528768,41856,1.4492920637130737
1530722594.691341,41984,-1.0781466960906982
1530722695.5736609,42112,-0.9575095772743225
1530722742.154602,42240,-3.1455698013305664
1530722789.862603,42368,0.10257946699857712
1530722837.558634,42496,-0.09454315900802612
1530722938.95509,42624,0.3960995674133301
1530722985.5409343,42752,-0.8872626423835754
1530723033.293673,42880,-2.220808744430542
1530723081.0159907,43008,-1.497868299484253
1530723182.7286358,43136,0.09351259469985962
1530723229.4032779,43264,-2.2787320613861084
1530723277.0628583,43392,-1.0599440336227417
1530723324.8499513,43520,0.05709904432296753
1530723426.767322,43648,-0.6018768548965454
1530723473.3477514,43776,-1.463826060295105
1530723521.0780606,43904,-0.6839934587478638
1530723568.770671,44032,-1.2306969165802002
1530723671.9260151,44160,-0.49625205993652344
1530723718.4685543,44288,0.07564456760883331
1530723766.0994756,44416,-0.7844231128692627
1530723813.7789686,44544,0.08734248578548431
1530723914.588333,44672,-2.526503086090088
1530723961.1234288,44800,-1.1191904544830322
1530724008.8455813,44928,-0.9796541333198547
1530724056.6125455,45056,-0.4309249222278595
1530724158.1459727,45184,-0.06518382579088211
1530724204.7030997,45312,-1.9815253019332886
1530724252.263615,45440,-1.5413563251495361
1530724299.921982,45568,-1.244990587234497
1530724401.7139232,45696,-0.7595348954200745
1530724448.4042537,45824,-0.9874482750892639
1530724496.0680857,45952,-0.6993898153305054
1530724543.829682,46080,-0.44523319602012634
1530724644.7353308,46208,0.557884693145752
1530724691.3039002,46336,1.2158631086349487
1530724738.8518088,46464,1.2660375833511353
1530724786.5822897,46592,0.2772432565689087
1530724887.5003135,46720,-0.4877450466156006
1530724934.1185274,46848,0.25582465529441833
1530724981.9280589,46976,0.203285351395607
1530725029.7121713,47104,-0.03734367713332176
1530725130.6369414,47232,-0.21680575609207153
1530725177.1762137,47360,0.17174269258975983
1530725224.8938096,47488,-1.871511459350586
1530725272.5776172,47616,-1.5269221067428589
1530725373.9378088,47744,-0.4229732155799866
1530725420.5608826,47872,-1.1863473653793335
1530725468.312542,48000,-1.1786786317825317
1530725516.038481,48128,-0.37748605012893677
1530725617.8037899,48256,-0.9121943116188049
1530725664.3330946,48384,0.20218941569328308
1530725712.095125,48512,-0.28092601895332336
1530725759.8154602,48640,1.1666990518569946
1530725862.7457054,48768,0.9924560785293579
1530725909.3127177,48896,0.8710202574729919
1530725956.9902267,49024,-0.1088695153594017
1530726004.6939986,49152,-1.4546016454696655
1530726107.9841876,49280,-0.7090665698051453
1530726154.6641037,49408,-2.8951025009155273
1530726202.4119487,49536,-1.4314839839935303
1530726250.1361518,49664,-3.1165096759796143
1530726353.5153193,49792,-0.6977102756500244
1530726400.2321918,49920,-0.839245617389679
1530726447.9200976,50048,-2.1470580101013184
1530726495.6061542,50176,0.10184448212385178
1530726599.2798054,50304,-0.11896061897277832
1530726645.854747,50432,-1.3219516277313232
1530726693.700491,50560,-0.11186104267835617
1530726741.4943528,50688,-0.11129627376794815
1530726844.4715538,50816,0.7541741132736206
1530726891.0571868,50944,-0.6112452149391174
1530726938.7030108,51072,-0.8637482523918152
1530726986.345044,51200,-0.196439728140831
1530727088.555436,51328,-0.16383960843086243
1530727135.1655834,51456,-0.3635592758655548
1530727182.9104853,51584,-2.36114764213562
1530727230.6834354,51712,-0.6643704771995544
1530727333.7555807,51840,-0.7750042676925659
1530727380.454688,51968,-0.19119088351726532
1530727428.2655642,52096,0.4832131862640381
1530727476.005953,52224,-1.3827112913131714
1530727579.356335,52352,-2.447702169418335
1530727625.9347382,52480,-1.9560459852218628
1530727673.6709056,52608,-0.3624337911605835
1530727721.3061867,52736,-0.6303174495697021
1530727824.696076,52864,-0.6249401569366455
1530727871.368843,52992,-0.11852669715881348
1530727919.073474,53120,-0.975835382938385
1530727966.9107516,53248,-1.3812479972839355
1530728070.4272165,53376,-1.0727596282958984
1530728117.083995,53504,0.1285933256149292
1530728164.8773572,53632,-0.6612187623977661
1530728212.5552797,53760,-1.6086562871932983
1530728314.978336,53888,-0.4164404273033142
1530728361.5587397,54016,-0.9724352359771729
1530728409.3080523,54144,-1.3794529438018799
1530728457.0649915,54272,-1.5070873498916626
1530728559.4955935,54400,-0.6215881705284119
1530728606.1679337,54528,-0.4150903522968292
1530728653.9923024,54656,-2.0373921394348145
1530728701.7742069,54784,-0.15822961926460266
1530728804.0294006,54912,0.13000401854515076
1530728850.7965639,55040,-2.6723365783691406
1530728898.609483,55168,-1.3007802963256836
1530728946.3902435,55296,-0.6234990954399109
1530729049.2014005,55424,-0.5122964978218079
1530729095.992156,55552,0.23081137239933014
1530729143.7585595,55680,-2.9148895740509033
1530729191.5564573,55808,-0.23407572507858276
1530729295.5936716,55936,-0.27001887559890747
1530729342.3177786,56064,-0.47887569665908813
1530729390.159544,56192,-0.9601069092750549
1530729438.0498283,56320,1.0381038188934326
1530729542.1005805,56448,-1.5141700506210327
1530729588.855052,56576,-1.4551702737808228
1530729636.6648562,56704,-0.3741416931152344
1530729684.5916152,56832,0.8208568692207336
1530729789.5819588,56960,-1.407248854637146
1530729836.3039963,57088,0.7531195282936096
1530729884.1500275,57216,-0.6193272471427917
1530729931.9593062,57344,-0.06669377535581589
1530730036.021308,57472,1.352809190750122
1530730082.8597038,57600,-3.803638458251953
1530730130.5978622,57728,-0.8302851319313049
1530730178.5429568,57856,0.7828360795974731
1530730281.7235699,57984,-0.9048691987991333
1530730328.6167057,58112,-1.309005856513977
1530730376.4142165,58240,-3.965514659881592
1530730424.3109798,58368,-0.43396174907684326
1530730528.1137187,58496,-0.9252595901489258
1530730574.8770008,58624,-2.0418267250061035
1530730622.6424904,58752,-1.2549536228179932
1530730670.4957404,58880,-0.34448114037513733
1530730775.6083274,59008,0.1806683987379074
1530730822.330333,59136,0.006903821602463722
1530730870.2136045,59264,-0.1768781840801239
1530730918.0704901,59392,-1.3402761220932007
1530731021.2994018,59520,-1.4027668237686157
1530731068.0401874,59648,-0.6235330104827881
1530731115.9834414,59776,-0.5085285902023315
1530731163.928122,59904,0.9260227680206299
1530731268.088567,60032,-1.5836008787155151
1530731314.6870112,60160,-1.6235363483428955
1530731362.450559,60288,0.36137649416923523
1530731410.2911422,60416,-0.5653141736984253
1530731514.8882854,60544,0.8602218627929688
1530731561.6744761,60672,-0.48799586296081543
1530731609.5495615,60800,-0.5138222575187683
1530731657.3681185,60928,1.1190043687820435
1530731760.9431837,61056,-0.30154967308044434
1530731807.7435722,61184,-0.008034598082304
1530731855.473456,61312,1.0810033082962036
1530731903.3559513,61440,-2.858858108520508
1530732007.4875157,61568,-0.497538298368454
1530732054.361401,61696,-1.7699486017227173
1530732102.1638474,61824,-0.3428884744644165
1530732149.9271624,61952,1.205883264541626
1530732253.9262578,62080,0.6206772327423096
1530732300.703327,62208,-0.6271331310272217
1530732348.6249158,62336,-0.9414617419242859
1530732396.469148,62464,-1.7771694660186768
1530732499.778828,62592,-0.9551408290863037
1530732546.576043,62720,-0.5819112658500671
1530732594.5449488,62848,-1.0108708143234253
1530732642.439764,62976,-1.169142484664917
1530732747.5467618,63104,-0.7982501983642578
1530732794.3072095,63232,-0.8954671025276184
1530732842.2495208,63360,-1.37388014793396
1530732890.1483037,63488,-0.9754948616027832
1530732994.245361,63616,0.4132782518863678
1530733041.010759,63744,-0.48649975657463074
1530733088.8315282,63872,-0.6983128190040588
1530733136.6893544,64000,-0.5451256036758423
1530733240.247762,64128,-1.842288851737976
1530733286.9811025,64256,-0.1482727825641632
1530733334.8329117,64384,-0.4717954993247986
1530733382.749889,64512,-1.77618408203125
1530733487.793013,64640,-1.638480305671692
1530733534.5175407,64768,-0.5029985308647156
1530733582.4024158,64896,0.1219811886548996
1530733630.31433,65024,-0.2511405944824219
1530733734.7796736,65152,-0.47072625160217285
1530733781.4411998,65280,-2.1323513984680176
1530733829.3546526,65408,-1.0787192583084106
1530733877.1566474,65536,1.76079261302948
1530733983.2590642,65664,1.2638072967529297
1530734030.0361216,65792,-0.8687381148338318
1530734077.906151,65920,0.15409749746322632
1530734125.6974552,66048,0.5411432981491089
1530734229.8068142,66176,1.3019083738327026
1530734276.5657115,66304,-0.01636219024658203
1530734324.5048459,66432,-1.9244290590286255
1530734372.4643779,66560,-1.3600151538848877
1530734477.0918474,66688,-0.34553423523902893
1530734524.0298278,66816,-0.9859406352043152
1530734571.9017673,66944,0.0076562101021409035
1530734619.7362733,67072,0.9840237498283386
1530734723.9582913,67200,-1.9475873708724976
1530734770.775761,67328,-0.1863541305065155
1530734818.706881,67456,-1.5364304780960083
1530734866.6352277,67584,0.5111581683158875
1530734970.8043942,67712,-1.871111512184143
1530735017.7239954,67840,-0.8887439966201782
1530735065.601498,67968,1.1400350332260132
1530735113.4963965,68096,-0.15139801800251007
1530735217.4850736,68224,-1.0540452003479004
1530735264.4162848,68352,-1.6260173320770264
1530735312.3117187,68480,0.5312625765800476
1530735360.136748,68608,0.22327513992786407
1530735464.8463488,68736,-0.2905145287513733
1530735511.724998,68864,0.3247195780277252
1530735559.4542065,68992,-1.5718134641647339
1530735607.4376974,69120,-0.6527199149131775
1530735711.4640467,69248,-1.1458511352539062
1530735758.2190893,69376,-0.6120201945304871
1530735805.9052918,69504,-0.742128849029541
1530735853.970846,69632,-0.1225789338350296
1530735958.3808284,69760,-0.8207370638847351
1530736005.29658,69888,-1.9092684984207153
1530736053.071088,70016,-1.6197199821472168
1530736100.8061619,70144,-1.5487964153289795
1530736205.274744,70272,-2.4216859340667725
1530736252.2779455,70400,-0.32118430733680725
1530736300.1304703,70528,-0.35725441575050354
1530736347.898942,70656,0.25187429785728455
1530736452.3662941,70784,-1.4216407537460327
1530736499.1697137,70912,-0.10279251635074615
1530736547.1739204,71040,-0.562253475189209
1530736595.1268392,71168,-0.35031595826148987
1530736699.2712398,71296,-0.7233377695083618
1530736746.372223,71424,-0.9281923174858093
1530736794.3050547,71552,-1.8998311758041382
1530736842.221993,71680,-1.2232493162155151
1530736946.892974,71808,0.9464477896690369
1530736993.757797,71936,-3.132498264312744
1530737041.7476647,72064,0.313716858625412
1530737089.8137827,72192,-0.8114805221557617
1530737194.5364892,72320,-0.6036152243614197
1530737241.5493608,72448,0.6683646440505981
1530737289.4925544,72576,-0.3510740399360657
1530737337.4794507,72704,0.7307624220848083
1530737444.0123322,72832,-1.159949541091919
1530737491.0096211,72960,-2.4508779048919678
1530737538.8972673,73088,-0.7061883807182312
1530737586.946622,73216,-0.9254210591316223
1530737691.5041006,73344,-1.0536673069000244
1530737738.5547426,73472,-1.5036559104919434
1530737786.4355078,73600,-1.1951714754104614
1530737834.3918507,73728,-0.7232785224914551
1530737939.6434028,73856,-0.44532710313796997
1530737986.5396624,73984,-0.38757869601249695
1530738034.527165,74112,-0.7387461066246033
1530738082.4486454,74240,-0.17745159566402435
1530738186.6310894,74368,-0.6162654757499695
1530738233.587488,74496,-1.5138287544250488
1530738281.480253,74624,0.20896311104297638
1530738329.431129,74752,-0.75895756483078
1530738433.857578,74880,-1.379018783569336
1530738480.946241,75008,-0.6228432059288025
1530738529.0038023,75136,-1.3647115230560303
1530738576.940887,75264,-0.9484527111053467
1530738682.3094478,75392,-0.6414943337440491
1530738729.3523858,75520,-0.23682639002799988
1530738777.2250397,75648,-1.8991000652313232
1530738825.266829,75776,0.6537894010543823
1530738931.966178,75904,-0.18897835910320282
1530738979.141313,76032,-0.7312487363815308
1530739027.1494257,76160,0.34353765845298767
1530739075.2019272,76288,-0.28530755639076233
1530739180.2689543,76416,0.24110198020935059
1530739227.484038,76544,-0.3249078094959259
1530739275.437566,76672,-0.6614131927490234
1530739323.4779687,76800,-0.1698068380355835
1530739429.364995,76928,0.22541439533233643
1530739476.583783,77056,0.06521300971508026
1530739524.546943,77184,0.4515341520309448
1530739572.5050528,77312,-0.21726670861244202
1530739678.5152328,77440,-0.6781436204910278
1530739725.6875086,77568,0.10070819407701492
1530739773.6797154,77696,0.40694522857666016
1530760299.61733,77952,-2.5355417728424072
1530760346.8882892,78080,-0.8513731360435486
1530760394.8515027,78208,-1.6763648986816406
1530760442.8979585,78336,-1.0294634103775024
1530760545.6637166,78464,-0.49032509326934814
1530760593.0172994,78592,-1.1744409799575806
1530760641.1507983,78720,-0.48802998661994934
1530760689.1945946,78848,-1.3941115140914917
1530760791.3657625,78976,0.012943858280777931
1530760838.8905635,79104,-0.5256780982017517
1530760886.9031587,79232,-1.0457271337509155
1530760935.064295,79360,-0.5896050930023193
1530761036.0336823,79488,0.16537410020828247
1530761083.550191,79616,-0.6689916253089905
1530761131.6741476,79744,-0.1356242597103119
1530761179.8024466,79872,-1.0193328857421875
1530761282.1677113,80000,-0.9920076131820679
1530761329.543041,80128,-1.5902209281921387
1530761377.7629325,80256,-0.9136112928390503
1530761425.876471,80384,-0.2848595976829529
1530761527.4631798,80512,-0.09603556990623474
1530761574.869553,80640,0.06197808310389519
1530761622.9796531,80768,-0.2009233832359314
1530761671.1077332,80896,0.1864992082118988
1530761772.9774761,81024,-0.03653223440051079
1530761820.496587,81152,-2.8403661251068115
1530761868.574484,81280,-0.3442836403846741
1530761916.7138193,81408,0.2588043808937073
1530762018.6271698,81536,-1.4586334228515625
1530762066.0764675,81664,-0.012685902416706085
1530762114.206027,81792,-1.2921512126922607
1530762162.2421143,81920,-0.9582452178001404
1530762265.0363,82048,-0.25161057710647583
1530762312.4386308,82176,0.14767961204051971
1530762360.6501868,82304,0.26662832498550415
1530762408.721752,82432,-1.5306835174560547
1530762510.6114566,82560,0.3313971161842346
1530762557.8901203,82688,-0.22718344628810883
1530762605.855079,82816,-0.9024880528450012
1530762653.9980295,82944,-0.5140916705131531
1530762756.1896968,83072,-0.47483575344085693
1530762803.5289042,83200,-0.2569636106491089
1530762851.5910401,83328,-0.7712405323982239
1530762899.6446383,83456,-1.128927230834961
1530763002.7335935,83584,-0.7899612188339233
1530763050.0793943,83712,-0.9080865979194641
1530763098.2577324,83840,-0.8509706258773804
1530763146.248397,83968,0.5688009262084961
1530763247.7155166,84096,-0.6365901827812195
1530763295.0765579,84224,-0.5099419951438904
1530763343.1748567,84352,-1.0336084365844727
1530763391.1510797,84480,-0.20185154676437378
1530763492.4885263,84608,-0.039686765521764755
1530763539.846607,84736,-0.21629972755908966
1530763587.9301355,84864,-0.9382773637771606
1530763636.036822,84992,-0.4648302495479584
1530763737.0043256,85120,-1.3404934406280518
1530763784.4097333,85248,-2.7114436626434326
1530763832.447486,85376,0.8507882952690125
1530763880.408873,85504,0.36063575744628906
1530763981.8140965,85632,-0.2693292796611786
1530764029.2836475,85760,1.913522481918335
1530764077.298275,85888,-0.16602098941802979
1530764125.473843,86016,-0.2827635407447815
1530764227.412097,86144,-1.3161182403564453
1530764274.7625356,86272,-0.6994661092758179
1530764322.7875216,86400,-0.45042046904563904
1530764370.7980454,86528,0.23499621450901031
1530764472.6876078,86656,-1.3657753467559814
1530764519.9761224,86784,-0.4561018943786621
1530764567.9808636,86912,1.1930185556411743
1530764616.1532013,87040,-0.1947297602891922
1530764717.9107924,87168,-0.8165404200553894
1530764765.3976157,87296,-1.4107894897460938
1530764813.3715448,87424,-0.6974558234214783
1530764861.4933228,87552,-0.2025090605020523
1530764963.7732656,87680,-0.2250622659921646
1530765011.2213755,87808,-0.9457396268844604
1530765059.3274715,87936,0.5992954969406128
1530765107.3030906,88064,0.36507612466812134
1530765208.63052,88192,-0.9722378849983215
1530765256.144192,88320,-0.707563579082489
1530765304.1801333,88448,-0.4428194761276245
1530765352.2960923,88576,-0.731975257396698
1530765455.593612,88704,-1.4520363807678223
1530765502.9159558,88832,0.6027462482452393
1530765551.0171149,88960,0.1629408448934555
1530765599.0514102,89088,0.23820386826992035
1530765702.2740636,89216,0.04352010786533356
1530765749.7362232,89344,0.04990532994270325
1530765797.920754,89472,0.02741357684135437
1530765846.1453617,89600,-0.7798876762390137
1530765948.8808188,89728,-0.16067174077033997
1530765996.3152428,89856,-1.4435186386108398
1530766044.4752073,89984,-0.06899887323379517
1530766092.5497553,90112,-0.2059069126844406
1530766196.1861117,90240,-2.0411510467529297
1530766243.6554832,90368,-0.09693583846092224
1530766291.7898684,90496,-0.18423910439014435
1530766339.9168186,90624,0.18157361447811127
1530766442.3595772,90752,-0.7619861364364624
1530766489.9168591,90880,0.660151481628418
1530766537.9876015,91008,-0.6850438117980957
1530766586.1581094,91136,0.4774772524833679
1530766689.7914283,91264,0.48049524426460266
1530766737.136613,91392,-1.2851699590682983
1530766785.2480185,91520,-0.0471753254532814
1530766833.2934144,91648,-0.9927628040313721
1530766934.7980793,91776,-0.5686991810798645
1530766982.375925,91904,-0.6520522236824036
1530767030.4506474,92032,-0.5566611289978027
1530767078.5916815,92160,0.25986629724502563
1530767182.5643,92288,-0.2034056931734085
1530767229.9427354,92416,0.5617066025733948
1530767278.0609004,92544,-0.678406834602356
1530767326.1357615,92672,-0.15853844583034515
1530767428.5009851,92800,0.43273064494132996
1530767475.9877512,92928,-2.1242551803588867
1530767524.1064632,93056,-0.4544081687927246
1530767572.207355,93184,-0.19823729991912842
1530767675.6633484,93312,0.3115115165710449
1530767722.9170198,93440,-0.31500858068466187
1530767770.9453864,93568,-0.27103856205940247
1530767819.003686,93696,0.5314404964447021
1530767921.513675,93824,-0.665371298789978
1530767968.9929895,93952,-0.48060667514801025
1530768017.0934923,94080,-1.049770712852478
1530768065.2255197,94208,-0.05944298580288887
1530768168.711548,94336,-1.0355604887008667
1530768216.1293147,94464,-0.19709894061088562
1530768264.2402844,94592,-0.717720091342926
1530768312.2183468,94720,-0.7562219500541687
1530768414.9377058,94848,0.727778434753418
1530768462.462577,94976,-0.27557772397994995
1530768510.5927527,95104,-0.5884206891059875
1530768558.6263728,95232,-0.22031664848327637
1530768662.9714327,95360,-1.4892761707305908
1530768710.3570278,95488,-1.0674073696136475
1530768758.6399395,95616,-0.9369335770606995
1530768806.73619,95744,-1.1392948627471924
1530768909.3945336,95872,-0.07199490070343018
1530768956.830894,96000,-0.2607777714729309
1530769004.8949425,96128,-0.3658377528190613
1530769052.9092052,96256,0.06960411369800568
1530769156.6892233,96384,-1.558053731918335
1530769203.854563,96512,-1.6599454879760742
1530769251.8241522,96640,-1.1800259351730347
1530769299.939382,96768,-0.8129921555519104
1530769403.1634462,96896,-1.3578732013702393
1530769450.389064,97024,-1.9279214143753052
1530769498.5172532,97152,-1.2790647745132446
1530769546.6232572,97280,0.188624307513237
1530769649.9410152,97408,-0.3990352153778076
1530769697.2266197,97536,-2.3641433715820312
