wall_time,step,value
1531836366.956615,512,1165.128173828125
1531836817.1862016,1024,532.2212524414062
1531837268.9408624,1536,404.6419982910156
1531837719.846361,2048,316.54644775390625
1531838169.4866264,2560,228.0938720703125
1531838619.9778345,3072,198.40126037597656
1531839069.5828702,3584,190.56320190429688
1531839520.0566678,4096,156.87179565429688
1531839967.7763486,4608,143.0863037109375
1531840418.1266956,5120,142.1797637939453
1531840868.0093904,5632,134.15899658203125
1531841318.2906625,6144,120.05901336669922
1531841767.367894,6656,113.07079315185547
1531842216.597513,7168,105.16181945800781
1531842665.9441803,7680,105.9735336303711
1531843116.7223608,8192,97.40343475341797
1531843565.0428383,8704,94.30162048339844
1531844013.603856,9216,93.29005432128906
1531844462.3387313,9728,85.10482788085938
1531844910.5501647,10240,88.01252746582031
1531845360.72905,10752,105.90513610839844
1531845810.519302,11264,94.96741485595703
1531846258.884332,11776,85.25384521484375
1531846708.6498177,12288,86.87380981445312
1531847158.9506788,12800,101.4811782836914
1531847608.2451768,13312,89.98262023925781
1531848058.4813175,13824,85.64327239990234
1531848506.7487547,14336,74.27677154541016
1531848956.0160546,14848,85.68902587890625
1531849404.0305874,15360,90.89185333251953
1531849854.396659,15872,78.4664535522461
1531850303.1985822,16384,72.55366516113281
1531850752.1086278,16896,71.82427978515625
1531851201.657699,17408,74.7420883178711
1531851650.1666052,17920,75.86979675292969
1531852098.8543668,18432,69.33891296386719
1531852549.3145797,18944,71.56172943115234
1531852998.3249102,19456,64.21318817138672
1531853446.601098,19968,66.97278594970703
1531853896.2416084,20480,74.6229248046875
1531854346.238841,20992,65.79876708984375
1531854795.8059874,21504,66.4873275756836
1531855246.1053908,22016,60.280216217041016
1531855696.6792939,22528,71.87410736083984
1531856146.0008984,23040,60.533363342285156
1531856597.7976649,23552,61.277076721191406
1531857047.9372797,24064,59.233150482177734
1531857500.3250484,24576,63.42774200439453
1531857950.3150892,25088,60.79375457763672
1531858401.0952716,25600,64.02615356445312
1531858850.9496334,26112,55.364845275878906
1531859303.3225272,26624,58.9445686340332
1531859754.4848669,27136,48.69550323486328
1531860205.320567,27648,48.188560485839844
1531860656.8681674,28160,49.44504928588867
1531861108.9659922,28672,51.08243179321289
1531861560.626869,29184,47.346702575683594
1531862010.6903183,29696,51.39141082763672
1531862461.0855632,30208,48.3812370300293
1531862911.2463126,30720,50.26360321044922
1531863363.1567402,31232,44.017208099365234
1531863813.8411279,31744,41.592647552490234
1531864265.245577,32256,43.384239196777344
1531864716.145219,32768,42.37306594848633
1531865167.2310128,33280,43.220455169677734
1531865617.7316723,33792,40.67000961303711
1531866068.2948837,34304,43.95223617553711
1531866520.613232,34816,48.96029281616211
1531866971.8653598,35328,45.21170425415039
1531867424.0974565,35840,42.51225662231445
1531867875.609033,36352,41.24332046508789
1531868328.2702308,36864,38.48725509643555
1531868781.0663881,37376,41.21164321899414
1531952893.7055027,38400,37.32819366455078
1531953341.5481896,38912,37.53035354614258
1531953790.4151053,39424,33.47487258911133
1531954237.1567914,39936,32.39303970336914
1531954685.719457,40448,34.70878982543945
1531955134.863761,40960,39.41013717651367
1531955582.3916874,41472,32.005008697509766
1531956030.7705696,41984,32.35504913330078
1531956479.0266294,42496,31.975317001342773
1531956927.5783706,43008,35.156517028808594
1531957376.2203932,43520,33.73027038574219
1531957825.1417375,44032,23.49947166442871
1531958273.2273593,44544,34.324974060058594
1531958720.9720752,45056,13.357708930969238
1531959169.1039777,45568,67.62567138671875
1531959618.2314398,46080,36.6122932434082
1531960066.7549787,46592,22.20868682861328
1531960520.3332863,47104,34.262107849121094
1531960976.3167045,47616,48.82992935180664
1531961429.7629426,48128,30.01955223083496
1531961882.9937227,48640,29.505495071411133
1531962336.4272459,49152,49.764102935791016
1531962789.773354,49664,25.762590408325195
1531963243.7630708,50176,28.120250701904297
1531963697.227793,50688,42.74751663208008
1531964151.330405,51200,39.1585693359375
1531964605.226133,51712,25.969011306762695
1531965057.1408687,52224,42.247501373291016
1531965510.5045838,52736,17.4107666015625
1531965963.2842038,53248,43.75471115112305
1531966415.3337288,53760,29.096481323242188
1531966867.4497752,54272,82.73686981201172
1531967318.312266,54784,35.80813980102539
1531967769.4902546,55296,52.551307678222656
1531968222.5992105,55808,53.18592071533203
1531968677.0352018,56320,35.68781661987305
1531969129.6320143,56832,40.91385269165039
1531969583.0013838,57344,48.854217529296875
1531970036.1670737,57856,89.8106918334961
1531970489.4273362,58368,27.208892822265625
1531970942.926294,58880,39.31991958618164
1531971396.9268823,59392,24.88334083557129
1531971850.6197255,59904,45.246826171875
1531972305.4889534,60416,73.18511962890625
1531972759.978302,60928,17.7844181060791
1531973215.1533058,61440,49.25055694580078
1531973670.6022663,61952,140.46035766601562
1531974126.4510183,62464,26.415897369384766
1531974582.2735288,62976,63.982086181640625
1531975036.948272,63488,55.792633056640625
1531975492.1676953,64000,117.7597885131836
1531975946.7318633,64512,32.965511322021484
1531976402.634386,65024,137.580078125
1531976857.2992668,65536,28.793142318725586
1531977311.942081,66048,45.32096862792969
1531977767.0084271,66560,32.320892333984375
1531978221.2745655,67072,50.98171615600586
1531978675.1949599,67584,54.020164489746094
1531979128.6521604,68096,56.140071868896484
1531979584.135609,68608,78.23110961914062
1531980039.491723,69120,93.36074829101562
1531980494.3860629,69632,72.60540008544922
1531980948.7415078,70144,102.82337951660156
1531981404.720406,70656,108.75177001953125
1531981860.9228077,71168,119.371826171875
1532019770.7173905,72192,110.74618530273438
1532020221.6924233,72704,135.4396209716797
1532020673.7183368,73216,129.5846710205078
1532021125.3915825,73728,98.89054107666016
1532021578.2660198,74240,314.9674072265625
1532022031.4954963,74752,99.19580078125
1532022484.1106377,75264,83.72012329101562
1532022936.2637637,75776,58.01933670043945
1532023388.477363,76288,38.22584533691406
1532023842.1128702,76800,47.76605224609375
1532024295.6545124,77312,78.62503814697266
1532024748.9000487,77824,47.85044479370117
1532025201.9717736,78336,186.66424560546875
1532025655.827729,78848,62.95891571044922
1532026109.6491203,79360,48.5709228515625
1532026565.924515,79872,175.05560302734375
1532027020.044652,80384,234.00759887695312
1532027473.4651117,80896,86.42100524902344
1532027927.9782345,81408,204.29580688476562
1532028383.1854832,81920,125.16801452636719
1532028836.5100012,82432,383.62335205078125
1532029290.447755,82944,135.96287536621094
1532029743.592774,83456,74.10687255859375
1532030198.2154782,83968,199.37228393554688
1532030651.866148,84480,115.90699768066406
1532031106.099978,84992,281.66925048828125
1532031558.614498,85504,141.28781127929688
1532032011.2039742,86016,87.19068145751953
1532032464.3972034,86528,105.38277435302734
1532032919.6155632,87040,45.71000289916992
1532033373.9301355,87552,146.40286254882812
1532033828.701615,88064,51.59314727783203
1532034282.2025568,88576,104.94467163085938
1532034735.921111,89088,120.9050064086914
1532035190.1273727,89600,77.99576568603516
1532035644.3205757,90112,418.0567626953125
1532036100.03359,90624,159.4074249267578
1532036554.9413328,91136,108.60089874267578
1532037009.282165,91648,43.188106536865234
1532037463.7821956,92160,133.8748779296875
1532037918.7425292,92672,62.01912307739258
1532038372.5878015,93184,61.57820510864258
1532038827.1430929,93696,87.73727416992188
1532039282.1170819,94208,84.51271057128906
1532039737.1942906,94720,95.73564147949219
1532040190.3947096,95232,88.22663116455078
1532040643.3998554,95744,93.7791976928711
1532074479.9851208,96768,273.9398193359375
1532074932.1371543,97280,108.50148010253906
