wall_time,step,value
1530492301.7226696,128,-65.69209289550781
1530492365.6411788,256,-64.405517578125
1530492429.6050992,384,-38.74431610107422
1530492493.645749,512,-22.15744400024414
1530492621.875164,640,-15.767889022827148
1530492685.9388525,768,-13.1806640625
1530492749.9839869,896,-10.089079856872559
1530492814.0945032,1024,-10.138873100280762
1530492940.60924,1152,-7.089768409729004
1530493004.7750401,1280,-9.007359504699707
1530493068.8713212,1408,-8.712835311889648
1530493132.9546268,1536,-8.484265327453613
1530493261.117312,1664,-8.581796646118164
1530493325.08404,1792,-8.043739318847656
1530493389.0764163,1920,-8.08376407623291
1530493453.0794895,2048,-7.303352355957031
1530493580.9676476,2176,-6.74121618270874
1530493645.1189601,2304,-5.808196067810059
1530493709.2467628,2432,-6.66261625289917
1530493773.295239,2560,-6.905875205993652
1530493900.2985718,2688,-6.506016731262207
1530493964.4007745,2816,-5.654065132141113
1530494028.4037077,2944,-6.646731376647949
1530494092.548415,3072,-5.702585220336914
1530494221.6815503,3200,-5.810954570770264
1530494285.6806078,3328,-5.509585380554199
1530494349.6546881,3456,-5.599647045135498
1530494413.8147752,3584,-5.322606086730957
1530494541.6362503,3712,-5.179161071777344
1530494605.7636359,3840,-4.82609224319458
1530494669.8284566,3968,-4.85368013381958
1530494733.926409,4096,-5.109128475189209
1530494862.517688,4224,-5.047309398651123
1530494926.5471628,4352,-4.967215538024902
1530494990.59233,4480,-4.87930965423584
1530495054.6717503,4608,-5.188188076019287
1530495182.2295585,4736,-5.04828405380249
1530495246.2400057,4864,-5.183687210083008
1530495310.3032818,4992,-4.867059230804443
1530495374.4941666,5120,-4.844025135040283
1530495501.2712085,5248,-5.33988618850708
1530495565.2044544,5376,-4.858691215515137
1530495629.2972915,5504,-4.912508964538574
1530495693.4681222,5632,-4.644070625305176
1530495820.273624,5760,-4.7440996170043945
1530495884.4910603,5888,-4.416499137878418
1530495948.5399742,6016,-4.624416828155518
1530496012.515932,6144,-4.712646007537842
1530496139.3491516,6272,-4.489895820617676
1530496203.4569128,6400,-4.548854351043701
1530496267.5128596,6528,-4.951708793640137
1530496331.4425037,6656,-4.735475063323975
1530496458.2439046,6784,-4.465330123901367
1530496522.3454654,6912,-4.603557109832764
1530496586.3501837,7040,-4.513006210327148
1530496650.305041,7168,-4.553795337677002
1530496776.2729418,7296,-4.3518781661987305
1530496840.2031474,7424,-4.084404945373535
1530496904.3951585,7552,-4.359859466552734
1530496968.5612872,7680,-4.485176086425781
1530497093.7994518,7808,-4.290855407714844
1530497157.8614595,7936,-4.454458713531494
1530497221.8838687,8064,-4.020337104797363
1530497285.9213774,8192,-4.1894330978393555
1530497410.0919876,8320,-4.101173400878906
1530497474.095511,8448,-4.148759841918945
1530497538.3201363,8576,-4.14918327331543
1530497602.2738037,8704,-4.040677547454834
1530497727.2613516,8832,-4.347711086273193
1530497791.191389,8960,-3.9527480602264404
1530497855.3138032,9088,-4.14426851272583
1530782071.1535392,9344,-4.006136894226074
1530782134.847527,9472,-4.330616474151611
1530782198.4176993,9600,-4.0083770751953125
1530782262.2790864,9728,-4.240078926086426
1530782386.877212,9856,-3.8565144538879395
1530782450.6723633,9984,-4.175177574157715
1530782514.5887842,10112,-4.181974411010742
1530782578.4491405,10240,-4.021463394165039
1530782702.989348,10368,-4.109955310821533
1530782766.8457158,10496,-4.140147686004639
1530782830.7147756,10624,-3.913236618041992
1530782894.5903633,10752,-4.069421768188477
1530783018.3599982,10880,-3.935281753540039
1530783082.2930636,11008,-3.7547216415405273
1530783146.1316671,11136,-3.6814565658569336
1530783209.8327193,11264,-3.668611764907837
1530783332.4576874,11392,-3.972637176513672
1530783396.3520548,11520,-3.8689181804656982
1530783460.2106152,11648,-4.161721229553223
1530783524.0291038,11776,-3.7037875652313232
1530783646.558319,11904,-3.8554182052612305
1530783710.5143921,12032,-3.631232500076294
1530783774.5132344,12160,-3.6065540313720703
1530783838.4021482,12288,-3.8165082931518555
1530783960.824219,12416,-3.571258783340454
1530784024.5665834,12544,-3.632845401763916
1530784088.3614957,12672,-3.596989393234253
1530784152.2537844,12800,-3.6243629455566406
1530784274.4401917,12928,-3.4500069618225098
1530784338.2856922,13056,-3.5311226844787598
1530784402.1567006,13184,-3.7331950664520264
1530784465.8873856,13312,-3.422738552093506
1530784588.8055072,13440,-3.4641385078430176
1530784652.7437246,13568,-3.257471799850464
1530784716.7371192,13696,-3.5929410457611084
1530784780.5544565,13824,-3.761646032333374
1530784903.9044862,13952,-3.4815492630004883
1530784967.8364232,14080,-3.4014627933502197
1530785031.6702769,14208,-3.296186923980713
1530785095.4932733,14336,-3.449317216873169
1530785218.7541766,14464,-3.0272605419158936
1530785282.5619729,14592,-3.6127359867095947
1530785346.2761092,14720,-3.536991596221924
1530785410.1958206,14848,-3.449474811553955
1530785532.4025888,14976,-3.2523624897003174
1530785596.2874105,15104,-3.032142400741577
1530785659.9777217,15232,-3.081129789352417
1530785723.7881906,15360,-3.1844325065612793
1530785848.010062,15488,-3.461939811706543
1530785911.842318,15616,-3.56276273727417
1530785975.699976,15744,-3.111640453338623
1530786039.3925574,15872,-3.353933095932007
1530786162.27763,16000,-3.234917640686035
1530786225.943337,16128,-3.2916388511657715
1530786289.6649203,16256,-3.225363254547119
1530786353.3694992,16384,-3.1462132930755615
1530786475.5234182,16512,-3.3375794887542725
1530786539.4360094,16640,-3.0726919174194336
1530786603.2896166,16768,-2.9522829055786133
1530786667.137268,16896,-3.122096538543701
1530786791.4855125,17024,-3.270754814147949
1530786855.2673194,17152,-3.091841459274292
1530786919.0052812,17280,-2.9269654750823975
1530786982.8809097,17408,-3.16231107711792
1530787106.4826076,17536,-3.2332544326782227
1530787170.2857103,17664,-2.9060397148132324
1530787234.2276886,17792,-3.1634979248046875
1530787297.9004903,17920,-2.9550349712371826
1530787421.564771,18048,-3.213390588760376
1530787485.346143,18176,-3.174960136413574
1530787549.1320662,18304,-3.2550296783447266
1530787612.9369237,18432,-3.135687828063965
1530787735.6645608,18560,-3.2841122150421143
1530787799.4152315,18688,-2.798612117767334
1530787863.2586036,18816,-2.984348773956299
1530787927.1151578,18944,-2.9051826000213623
1530788051.0026302,19072,-2.760780096054077
1530788114.802255,19200,-3.0927743911743164
1530788178.5539687,19328,-2.8665196895599365
1530788242.427289,19456,-2.8201165199279785
1530788365.0419512,19584,-2.849472999572754
1530788428.9177945,19712,-2.653496265411377
1530788492.8615088,19840,-2.9941892623901367
1530788556.7554638,19968,-2.996227264404297
1530788678.7450252,20096,-2.910581588745117
1530788742.5785077,20224,-2.7100627422332764
1530788806.3339627,20352,-2.8064932823181152
1530788870.087555,20480,-3.0529825687408447
1530788992.3262858,20608,-2.960780143737793
1530789056.0085077,20736,-2.85658860206604
1530789119.7770557,20864,-3.1022684574127197
1530789183.5855012,20992,-2.780519485473633
1530789306.8505113,21120,-2.6976611614227295
1530789370.5330555,21248,-2.971971035003662
1530789434.4787185,21376,-2.736905574798584
1530789498.2858372,21504,-2.903264284133911
1530789620.877695,21632,-2.7866344451904297
1530789684.5768692,21760,-2.727346897125244
1530789748.2118742,21888,-2.857332706451416
1530789812.058764,22016,-2.7213423252105713
1530789936.626233,22144,-2.593862533569336
1530790000.39356,22272,-2.707028865814209
1530790064.1315906,22400,-2.7664995193481445
1530790127.8351486,22528,-2.883060932159424
1530790251.74919,22656,-2.8436906337738037
1530790315.434887,22784,-2.6394286155700684
1530790379.2412775,22912,-2.6459975242614746
1530790443.1503282,23040,-2.770411729812622
1530790566.9591649,23168,-2.5629429817199707
1530790630.701227,23296,-2.8353517055511475
1530790694.5031257,23424,-2.5665886402130127
1530790758.2143476,23552,-2.677292823791504
1530790882.6861506,23680,-2.617851972579956
1530790946.3331532,23808,-2.753852367401123
1530791010.02529,23936,-2.6943676471710205
1530791073.6782353,24064,-2.681844472885132
1530791199.4855154,24192,-2.8532567024230957
1530791263.119437,24320,-2.6609060764312744
1530791326.8535268,24448,-2.8750855922698975
1530791390.5760803,24576,-2.6126949787139893
1530791514.738387,24704,-2.711993455886841
1530791578.4176104,24832,-2.7188398838043213
1530791642.1343515,24960,-2.731208086013794
1530791705.8444347,25088,-2.5858943462371826
1530791829.6813228,25216,-2.601348400115967
1530791893.546287,25344,-2.621163845062256
1530791957.316444,25472,-2.5951762199401855
1530792021.2036815,25600,-2.5336904525756836
1530792147.0483732,25728,-2.484975814819336
1530792210.7609994,25856,-2.343721628189087
1530792274.63284,25984,-2.650315523147583
1530792338.3333933,26112,-2.5487306118011475
1530792463.0291889,26240,-2.5187456607818604
1530792526.7090282,26368,-2.6091971397399902
1530792590.5574343,26496,-2.73118257522583
1530792654.2081199,26624,-2.6047937870025635
1530792779.8480437,26752,-2.8103785514831543
1530792843.476904,26880,-2.44000506401062
1530792907.446867,27008,-2.4383506774902344
1530792971.0619788,27136,-2.37339186668396
1530793095.1265585,27264,-2.4982750415802
1530793158.8338606,27392,-2.8137784004211426
1530793222.8066912,27520,-2.604628324508667
1530793286.5939162,27648,-2.425163984298706
1530793411.3661833,27776,-2.5222325325012207
1530793474.7367377,27904,-2.632704496383667
1530793538.2440114,28032,-2.5299394130706787
1530793601.797434,28160,-2.612750768661499
1530793726.4915202,28288,-2.2495906352996826
1530793790.1331673,28416,-2.3125345706939697
1530793853.9741213,28544,-2.345388412475586
1530793917.8911018,28672,-2.412527561187744
1530794043.28668,28800,-2.5986268520355225
1530794106.864014,28928,-2.5727806091308594
1530794170.5055065,29056,-2.3198025226593018
1530794234.3124661,29184,-2.668123483657837
1530794358.1653423,29312,-2.5455820560455322
1530794421.548245,29440,-2.4221160411834717
1530794485.0270853,29568,-2.292640209197998
1530794548.4826424,29696,-2.531834125518799
1530794673.2307913,29824,-2.352142572402954
1530794736.7474606,29952,-2.316286325454712
1530794800.1638374,30080,-2.3895857334136963
1530794863.7684352,30208,-2.342094659805298
1530794988.4530106,30336,-2.4531517028808594
1530795051.8575284,30464,-2.3657522201538086
1530795115.3446646,30592,-2.483489751815796
1530795178.8560135,30720,-2.4290966987609863
1530795304.150927,30848,-2.216615676879883
1530795367.7748818,30976,-2.3395273685455322
1530795431.4692726,31104,-2.710744619369507
1530795495.1916153,31232,-2.3465778827667236
1530795620.8009768,31360,-2.3101449012756348
1530795684.4782956,31488,-2.450974941253662
1530795748.1597304,31616,-2.5656511783599854
1530795811.7393787,31744,-2.2560179233551025
1530795938.426257,31872,-2.289834976196289
1530796002.060426,32000,-2.1642913818359375
1530796065.775205,32128,-2.5328683853149414
1530796129.5053937,32256,-2.4128341674804688
1530796254.9781604,32384,-2.6037909984588623
1530796318.4927444,32512,-2.387026309967041
1530796382.249264,32640,-2.525641679763794
1530796445.8382478,32768,-2.411020040512085
1530796571.8650753,32896,-2.3828558921813965
1530796635.592692,33024,-2.3969669342041016
1530796699.3035889,33152,-2.298191785812378
1530796762.9940288,33280,-2.1428325176239014
1530796890.161107,33408,-2.516406297683716
1530796953.8465939,33536,-2.1140329837799072
1530797017.5495052,33664,-2.314444065093994
1530797081.4752073,33792,-2.45853853225708
1530797207.740314,33920,-2.367669105529785
1530797271.4954896,34048,-2.309234380722046
1530797335.1900718,34176,-2.4090006351470947
1530797398.9335485,34304,-2.483337879180908
1530797525.4980958,34432,-2.2006523609161377
1530797589.4308639,34560,-2.338308334350586
1530797653.3208818,34688,-2.3551478385925293
1530797717.1170828,34816,-2.0303807258605957
1530797842.0032313,34944,-2.44960880279541
1530797905.665241,35072,-2.344055652618408
1530797969.4474542,35200,-2.4229624271392822
1530798033.2946243,35328,-2.184232234954834
1530798158.7575932,35456,-2.430992603302002
1530798222.4800286,35584,-2.156414270401001
1530798286.327232,35712,-2.1731839179992676
1530798350.0785937,35840,-2.2719454765319824
1530798476.0342102,35968,-2.327650785446167
1530798539.8991635,36096,-2.1803407669067383
1530798603.7659342,36224,-2.0424447059631348
1530798667.5962062,36352,-2.137162208557129
1530798794.3134458,36480,-1.9391989707946777
1530798858.0272555,36608,-2.2047696113586426
1530798921.7406123,36736,-2.1693832874298096
1530798985.4902027,36864,-2.2891945838928223
1530799111.0088477,36992,-2.0696897506713867
1530799174.6934648,37120,-2.2976443767547607
1530799238.637439,37248,-2.429670810699463
1530799302.4986122,37376,-2.0249056816101074
1530799427.8419433,37504,-2.3309125900268555
1530799491.692543,37632,-2.0176539421081543
1530799555.4426422,37760,-2.33961820602417
1530799619.4349647,37888,-2.044248104095459
1530799747.155508,38016,-2.203953266143799
1530799811.019236,38144,-2.2079427242279053
1530799874.8477848,38272,-2.021313428878784
1530799938.6132789,38400,-2.1476423740386963
1530800066.11593,38528,-2.24751615524292
1530800130.1328034,38656,-2.203003406524658
1530800193.8143828,38784,-2.2284324169158936
1530800257.5939143,38912,-2.1861376762390137
1530800383.4177332,39040,-2.121829032897949
1530800447.1297245,39168,-2.14414381980896
1530800510.816113,39296,-2.175597906112671
1530800574.5719147,39424,-2.1624016761779785
1530800700.6741717,39552,-2.14841365814209
1530800764.4836924,39680,-2.0422885417938232
1530800828.2187061,39808,-2.1250691413879395
1530800891.9896128,39936,-2.002979040145874
1530801018.3129513,40064,-2.1840693950653076
1530801082.1833632,40192,-2.0412542819976807
1530801145.9742305,40320,-2.043975830078125
1530801209.7417471,40448,-1.9550148248672485
1530801335.9799843,40576,-2.112955093383789
1530801399.7006173,40704,-2.1988697052001953
1530801463.717363,40832,-2.0020322799682617
1530801527.3550103,40960,-2.064863681793213
1530801653.0508645,41088,-2.2071027755737305
1530801716.637558,41216,-2.0560333728790283
1530801780.4094284,41344,-2.2115705013275146
1530801844.1188247,41472,-2.0571537017822266
1530801970.5275843,41600,-1.8573905229568481
1530802034.2981791,41728,-2.337667226791382
1530802098.1165388,41856,-2.0026535987854004
1530802161.8484569,41984,-1.9899232387542725
1530802288.4596102,42112,-1.9521578550338745
1530802352.2548563,42240,-1.9863725900650024
1530802416.0393062,42368,-2.032132387161255
1530802479.7969773,42496,-2.0410823822021484
1530802605.370298,42624,-2.137275218963623
1530802669.2353683,42752,-2.0417747497558594
1530802733.1298923,42880,-2.2184438705444336
1530802796.8956203,43008,-2.0760245323181152
1530802923.7729719,43136,-2.0358054637908936
1530802987.5161366,43264,-2.1159234046936035
1530803051.3117068,43392,-1.9439125061035156
1530803115.1076238,43520,-2.0471692085266113
1530803241.271757,43648,-1.8543704748153687
1530803305.0315442,43776,-1.9542889595031738
1530803368.848971,43904,-2.109963893890381
1530803432.6244242,44032,-2.0156893730163574
1530803558.3398547,44160,-1.9229402542114258
1530803622.1858754,44288,-1.9552884101867676
1530803686.0787141,44416,-2.204542636871338
1530803749.8987362,44544,-2.1262142658233643
1530803876.5557046,44672,-2.0075294971466064
1530803940.3946047,44800,-2.0816845893859863
1530804004.2604215,44928,-2.110640287399292
1530804067.932605,45056,-1.9220341444015503
1530804195.3816257,45184,-1.973555088043213
1530804259.2498565,45312,-1.901835560798645
1530804323.1790357,45440,-2.117722272872925
1530804387.1705852,45568,-2.0686795711517334
1530804513.0981584,45696,-2.0783846378326416
1530804576.9225585,45824,-2.0330357551574707
1530804640.8650625,45952,-2.1744375228881836
1530804704.6143897,46080,-2.14851975440979
1530804831.8906643,46208,-1.8643121719360352
1530804895.6599255,46336,-1.95745050907135
1530804959.6208975,46464,-2.01926589012146
1530805023.5632012,46592,-1.980484127998352
1530805153.1285527,46720,-2.0854480266571045
1530805217.0151575,46848,-1.9824762344360352
1530805280.9589164,46976,-2.0574543476104736
1530805344.8974686,47104,-2.037423610687256
1530805474.7252765,47232,-1.9505454301834106
1530805538.5045874,47360,-1.9627807140350342
1530805602.3749433,47488,-2.0392794609069824
1530805666.3098366,47616,-1.9044747352600098
1530838968.5970783,47744,-1.8968870639801025
1530839031.2710252,47872,-1.756203055381775
1530839095.7866821,48000,-2.0152854919433594
1530839160.669489,48128,-1.9611916542053223
1530839286.3190625,48256,-1.9955921173095703
1530839350.1101055,48384,-1.8024754524230957
1530839414.1290526,48512,-2.0887460708618164
1530839477.974873,48640,-2.0228703022003174
1530839602.5568662,48768,-1.8799289464950562
1530839666.7076902,48896,-1.949039340019226
1530839730.8367424,49024,-1.9907699823379517
1530839794.9556782,49152,-1.9092289209365845
1530839920.030191,49280,-1.9488856792449951
1530839984.0133047,49408,-1.775907278060913
1530840047.973162,49536,-2.041984796524048
1530840111.949645,49664,-1.8920273780822754
1530840235.9206944,49792,-2.1582891941070557
1530840299.7704332,49920,-1.9191900491714478
1530840363.8067687,50048,-2.176839590072632
1530840427.9844236,50176,-1.9149998426437378
1530840552.1374059,50304,-1.9701796770095825
1530840616.27096,50432,-1.8015222549438477
1530840680.3425725,50560,-1.9125175476074219
1530840744.2911313,50688,-2.031588315963745
1530840868.8058245,50816,-2.0803866386413574
1530840932.8429766,50944,-1.8533320426940918
1530840996.8645227,51072,-1.9307522773742676
1530841060.7027426,51200,-2.0867230892181396
1530841184.5462,51328,-2.00252366065979
1530841248.5666196,51456,-2.0544545650482178
1530841312.5183072,51584,-1.9136186838150024
1530841376.502568,51712,-1.9006006717681885
1530841500.3237238,51840,-1.9076608419418335
1530841564.2443864,51968,-1.9488329887390137
1530841628.1968377,52096,-1.8948363065719604
1530841692.213198,52224,-1.8321179151535034
1530841817.6028447,52352,-1.9078466892242432
1530841881.5667448,52480,-1.8223645687103271
1530841945.5034685,52608,-1.7982200384140015
1530842009.4280443,52736,-1.8813194036483765
1530842134.0592198,52864,-1.8160525560379028
1530842198.0754068,52992,-1.883455753326416
1530842262.2320352,53120,-1.8700447082519531
1530842326.1929736,53248,-1.9830281734466553
1530842450.5721369,53376,-1.8630121946334839
1530842514.6013863,53504,-1.8957258462905884
1530842578.5927353,53632,-1.944079041481018
1530842642.6440125,53760,-1.87286376953125
1530842766.4289172,53888,-2.14180326461792
1530842830.4606292,54016,-1.8967374563217163
1530842894.447765,54144,-1.9239392280578613
1530842958.4489357,54272,-1.823920726776123
1530843082.9288318,54400,-1.9227122068405151
1530843147.0965114,54528,-1.9591519832611084
1530843211.138041,54656,-1.8697646856307983
1530843275.1388967,54784,-1.798702359199524
1530843398.8447912,54912,-1.8621262311935425
1530843462.7498436,55040,-2.0605294704437256
1530843526.8667102,55168,-1.895756721496582
1530843590.8907459,55296,-1.9435832500457764
1530843715.596068,55424,-1.9610053300857544
1530843779.5412834,55552,-2.018205165863037
1530843843.5116713,55680,-1.900089979171753
1530843907.5145662,55808,-1.7201656103134155
1530844030.8072534,55936,-2.0192489624023438
1530844094.8261778,56064,-1.825424313545227
1530844159.0027115,56192,-1.7859691381454468
1530844222.94326,56320,-1.9117271900177002
1530844346.8546164,56448,-1.9789053201675415
1530844410.816647,56576,-1.9467377662658691
1530844474.9156575,56704,-1.943029761314392
1530844538.8831697,56832,-1.978106141090393
1530844663.9126723,56960,-2.0145950317382812
1530844727.992613,57088,-1.7253026962280273
1530844792.106447,57216,-1.9851428270339966
1530844856.1736972,57344,-1.923729419708252
1530844980.2228234,57472,-2.2249863147735596
1530845044.1749535,57600,-1.7541757822036743
1530845108.308086,57728,-1.7352432012557983
1530845172.3883667,57856,-1.7446022033691406
1530845296.7016284,57984,-1.7922881841659546
1530845360.7376158,58112,-1.9979583024978638
1530845424.712766,58240,-1.8706012964248657
1530845488.5650918,58368,-1.936058521270752
1530845612.3681245,58496,-1.8295775651931763
1530845676.540895,58624,-1.842566967010498
1530845740.6378515,58752,-1.79453444480896
1530845804.6243906,58880,-1.8745824098587036
1530845929.3542628,59008,-1.823509693145752
1530845993.4754841,59136,-1.8458672761917114
1530846057.529042,59264,-1.8383698463439941
1530846121.5162063,59392,-1.8256608247756958
1530846245.5829475,59520,-1.8305809497833252
1530846309.6075873,59648,-1.8235177993774414
1530846373.6174104,59776,-1.704951524734497
1530846437.6483305,59904,-1.9350025653839111
1530846562.8438814,60032,-1.9253289699554443
1530846626.7998555,60160,-1.8064675331115723
1530846690.8779702,60288,-1.9675066471099854
1530846754.9221761,60416,-1.793447732925415
1530846878.8548205,60544,-1.7447739839553833
1530846942.895029,60672,-1.9168974161148071
1530847006.84297,60800,-1.8131740093231201
1530847070.8166878,60928,-1.7392059564590454
1530847195.3364432,61056,-1.8582751750946045
1530847259.380141,61184,-1.9272868633270264
1530847323.3937807,61312,-1.8776392936706543
1530847387.3010912,61440,-1.7006852626800537
1530847512.4412067,61568,-1.8249695301055908
1530847576.5022573,61696,-1.942664384841919
1530847640.5730755,61824,-1.7296535968780518
1530847704.5987697,61952,-1.696814775466919
1530847828.2956805,62080,-1.7481666803359985
1530847892.3498623,62208,-1.829005479812622
1530847956.2648313,62336,-1.9426016807556152
1530848020.2952943,62464,-1.7305521965026855
1530848144.5122218,62592,-1.8295133113861084
1530848208.5701032,62720,-1.8979018926620483
1530848272.5972867,62848,-1.7986323833465576
1530848336.609973,62976,-1.7807693481445312
1530848460.8828483,63104,-1.9099446535110474
1530848524.912734,63232,-1.9144370555877686
1530848588.7742627,63360,-1.7719732522964478
1530848652.8877137,63488,-1.9706825017929077
1530848777.6479173,63616,-1.9194459915161133
1530848841.7602055,63744,-1.786803126335144
1530848905.7286232,63872,-1.759526014328003
1530848969.7551932,64000,-1.8004165887832642
1530849094.424796,64128,-1.779217004776001
1530849158.4901052,64256,-1.9179151058197021
1530849222.516101,64384,-1.7674556970596313
1530849286.372772,64512,-1.9682847261428833
1530849411.9510067,64640,-1.7014155387878418
1530849475.984854,64768,-1.8646761178970337
1530849539.944151,64896,-1.6984542608261108
1530849603.9983838,65024,-1.9255660772323608
1530849728.4101388,65152,-1.800168514251709
1530849792.3149476,65280,-1.9047707319259644
1530849856.3411932,65408,-1.6946910619735718
1530849920.5405734,65536,-1.5831811428070068
1530850044.7242162,65664,-1.768369436264038
1530850108.5846972,65792,-1.8424468040466309
1530850172.6083484,65920,-1.8155813217163086
1530850236.599127,66048,-2.129868745803833
1530850362.4645076,66176,-1.6618658304214478
1530850426.545726,66304,-1.688393235206604
1530850490.5044475,66432,-1.7954838275909424
1530850554.391751,66560,-1.6761621236801147
1530850679.1198702,66688,-1.8869997262954712
1530850743.2129881,66816,-1.8378312587738037
1530850807.1335495,66944,-1.7978849411010742
1530850871.1644835,67072,-1.803993582725525
1530850996.23512,67200,-1.7673779726028442
1530851060.1485393,67328,-1.9147846698760986
1530851124.113288,67456,-1.923310399055481
1530851188.1429276,67584,-1.8529584407806396
1530851313.4209013,67712,-1.891658067703247
1530851377.3976889,67840,-1.7815020084381104
1530851441.3530211,67968,-1.827176570892334
1530851505.3552537,68096,-1.7730040550231934
1530851631.5937073,68224,-1.7213424444198608
1530851695.576278,68352,-1.6808940172195435
1530851759.9770968,68480,-1.733055591583252
1530851824.0471394,68608,-1.7175862789154053
1530851950.3475723,68736,-1.853906273841858
1530852014.3535905,68864,-1.836443305015564
1530852078.222261,68992,-1.7206850051879883
1530852142.231556,69120,-1.7480642795562744
1530852266.5182438,69248,-1.7784218788146973
1530852330.6909134,69376,-1.8947861194610596
1530852394.987133,69504,-1.9701132774353027
1530852459.3174307,69632,-1.6188329458236694
1530852585.3751185,69760,-2.010267496109009
1530852649.2520573,69888,-1.5905953645706177
1530852713.1397908,70016,-1.7565562725067139
1530852776.9651299,70144,-1.748673439025879
1530852902.5628073,70272,-1.7283999919891357
1530852966.5967963,70400,-1.6639329195022583
1530853030.4360735,70528,-1.7516915798187256
1530853094.374623,70656,-1.7984567880630493
1530877477.3923192,70784,-1.8478621244430542
1530877539.6853538,70912,-1.818053126335144
1530877603.9013321,71040,-1.6094772815704346
1530877668.308681,71168,-2.0565013885498047
1530877791.671448,71296,-1.7546067237854004
1530877855.2318416,71424,-1.8323323726654053
1530877918.9586797,71552,-1.7167590856552124
1530877982.4985418,71680,-1.590072512626648
1530878106.5487785,71808,-1.7462257146835327
1530878170.2957144,71936,-1.7280158996582031
1530878233.99292,72064,-1.7974931001663208
1530878297.6643872,72192,-1.843935489654541
1530878420.3915849,72320,-1.6887925863265991
1530878483.968495,72448,-1.7459676265716553
1530878547.6094668,72576,-1.7543407678604126
1530878611.1269011,72704,-1.6746695041656494
1530878733.9327736,72832,-1.8330843448638916
1530878797.7918496,72960,-1.7994694709777832
1530878861.443983,73088,-1.793951392173767
1530878925.1757097,73216,-1.8974345922470093
1530879048.359057,73344,-1.7178754806518555
1530879111.9863002,73472,-1.8080700635910034
1530879175.640591,73600,-1.9082748889923096
1530879239.26574,73728,-1.694245457649231
1530879361.2714508,73856,-1.6118896007537842
1530879425.06234,73984,-1.776347279548645
1530879488.6956594,74112,-1.6849548816680908
1530879552.3675666,74240,-1.757843017578125
1530879674.9626932,74368,-1.7513781785964966
1530879738.5793228,74496,-1.6722084283828735
1530879802.2347775,74624,-1.7992600202560425
1530879865.9068213,74752,-1.854295015335083
1530879987.829746,74880,-1.7208430767059326
1530880051.5059657,75008,-1.833195686340332
1530880115.2725995,75136,-1.698353886604309
1530880178.9589765,75264,-1.7563281059265137
1530886686.3170557,75392,-1.6069347858428955
1530886748.832895,75520,-1.803672194480896
1530886813.274086,75648,-1.6776202917099
1530886877.910457,75776,-1.7479066848754883
1530887002.1360695,75904,-1.7100430727005005
1530887065.9535456,76032,-1.6277981996536255
1530887129.5940132,76160,-1.6685727834701538
1530887193.425259,76288,-1.7304691076278687
1530887316.9733129,76416,-1.5759676694869995
1530887380.833982,76544,-1.7042635679244995
1530887444.7378798,76672,-1.6704879999160767
1530887508.6000338,76800,-1.7342830896377563
1530887631.7948837,76928,-1.551164984703064
1530887695.408323,77056,-1.7213871479034424
1530887759.2554297,77184,-1.7944144010543823
1530887822.9420967,77312,-1.554315209388733
1530887946.1378531,77440,-1.6664315462112427
1530888009.9850733,77568,-1.8165736198425293
1530888073.9219873,77696,-1.8337424993515015
1530888137.727027,77824,-1.58748459815979
1530888261.5901234,77952,-1.7381271123886108
1530888325.4481895,78080,-1.6713049411773682
1530888389.303609,78208,-1.7781004905700684
1530888453.3654165,78336,-1.8101816177368164
1530888577.4248002,78464,-1.5741204023361206
1530888641.1925647,78592,-1.9107553958892822
1530888705.008739,78720,-1.6946269273757935
1530888768.8694038,78848,-1.7044589519500732
1530888893.5748482,78976,-1.6317449808120728
1530888957.5666103,79104,-1.819131851196289
1530889021.532853,79232,-1.7162723541259766
1530889085.4734592,79360,-1.729600429534912
1530889209.0201783,79488,-1.7150973081588745
1530889272.8930018,79616,-1.8454009294509888
1530889336.824654,79744,-1.7471946477890015
1530889400.5105176,79872,-1.4364198446273804
1530889523.9183943,80000,-1.7250269651412964
1530889587.693926,80128,-1.7284061908721924
1530889651.6802413,80256,-1.6207811832427979
1530889715.4478874,80384,-1.6347498893737793
1530889839.91411,80512,-1.7617255449295044
1530889903.7630363,80640,-1.5598206520080566
1530889967.6752746,80768,-1.7435238361358643
1530890031.6052046,80896,-1.718313455581665
1530890155.9734106,81024,-1.6673461198806763
1530890219.684533,81152,-1.7399739027023315
1530890283.656582,81280,-1.6623269319534302
1530890347.5149283,81408,-1.6155034303665161
1530890471.2328732,81536,-1.7230738401412964
1530890535.0924618,81664,-1.6955057382583618
1530890599.096854,81792,-1.6396236419677734
1530890662.971072,81920,-1.6744089126586914
1530890786.8851109,82048,-1.7742092609405518
1530890850.7498436,82176,-1.611120343208313
1530890914.6769116,82304,-1.7451097965240479
1530890978.6040146,82432,-1.66341233253479
1530891102.4816337,82560,-1.66288423538208
1530891166.4283168,82688,-1.7063586711883545
1530891230.3234441,82816,-1.736240029335022
1530891294.2289362,82944,-1.6385802030563354
1530891417.8376763,83072,-1.657926321029663
1530891481.7105498,83200,-1.5526177883148193
1530891545.7203069,83328,-1.739165186882019
1530891609.7447834,83456,-1.6033188104629517
1530891733.8441603,83584,-1.560601830482483
1530891797.5933576,83712,-1.6562119722366333
1530891861.6402395,83840,-1.5070428848266602
1530891925.492898,83968,-1.7284754514694214
1530892048.9951005,84096,-1.6430211067199707
1530892112.9603124,84224,-1.6520854234695435
1530892177.0830898,84352,-1.753517508506775
1530892240.9856112,84480,-1.6130099296569824
1530892365.8523889,84608,-1.55647873878479
1530892429.826055,84736,-1.5864802598953247
1530892493.7764301,84864,-1.6146522760391235
1530892557.6518555,84992,-1.5974761247634888
1530892681.977616,85120,-1.8444571495056152
1530892746.030839,85248,-1.5801098346710205
1530892810.0853426,85376,-1.6534415483474731
1530892873.9596937,85504,-1.4657683372497559
1530892997.5324996,85632,-1.6838300228118896
1530893061.3085542,85760,-1.6208134889602661
1530893125.169524,85888,-1.5579029321670532
1530893189.2743115,86016,-1.8446167707443237
1530893314.5268443,86144,-1.4737087488174438
1530893378.4136057,86272,-1.4985694885253906
1530893442.3180554,86400,-1.6017242670059204
1530893506.441624,86528,-1.6637701988220215
1530893631.644306,86656,-1.751329779624939
1530893695.4990284,86784,-1.7252776622772217
1530893759.440766,86912,-1.766695261001587
1530893823.3673396,87040,-1.4939216375350952
1530893948.6026013,87168,-1.4356744289398193
1530894012.5328252,87296,-1.6727219820022583
1530894076.4331958,87424,-1.72238290309906
1530894140.3114548,87552,-1.6906172037124634
1530894264.2680554,87680,-1.597541093826294
1530894328.2526693,87808,-1.6822723150253296
1530894392.166971,87936,-1.6542367935180664
1530894456.0987186,88064,-1.6470311880111694
1530894580.4921067,88192,-1.6430423259735107
1530894644.5088995,88320,-1.6268025636672974
1530894708.4847302,88448,-1.5417147874832153
1530894772.4420857,88576,-1.5404871702194214
1530894896.9406903,88704,-1.560875415802002
1530894960.7859886,88832,-1.626758098602295
1530895024.8030121,88960,-1.7584118843078613
1530895088.8792894,89088,-1.4962974786758423
1530895213.7771244,89216,-1.6124451160430908
1530895277.8775578,89344,-1.6827616691589355
1530895342.111151,89472,-1.5675904750823975
1530895406.1243289,89600,-1.566550374031067
1530895530.1526654,89728,-1.7627376317977905
1530895594.272301,89856,-1.786133885383606
1530895658.2601354,89984,-1.562899112701416
1530895722.2085755,90112,-1.4439557790756226
1530895846.8851554,90240,-1.4961965084075928
1530895911.0058656,90368,-1.7783006429672241
1530895974.9261243,90496,-1.5823309421539307
1530896038.9337847,90624,-1.6245909929275513
1530896163.245402,90752,-1.6749041080474854
1530896227.2244406,90880,-1.6830353736877441
1530896291.229988,91008,-1.5658698081970215
1530896355.3212204,91136,-1.6441638469696045
1530896478.904253,91264,-1.6190170049667358
1530896542.8519006,91392,-1.71017324924469
1530896606.8385212,91520,-1.6087507009506226
1530896670.8209987,91648,-1.6481232643127441
1530896795.2132561,91776,-1.6689566373825073
1530896859.2244632,91904,-1.7246710062026978
1530896923.406158,92032,-1.540729284286499
1530896987.2886298,92160,-1.5200566053390503
1530897111.6368654,92288,-1.6570136547088623
1530897175.618001,92416,-1.6881848573684692
1530897239.5357614,92544,-1.5669124126434326
1530897303.5546012,92672,-1.5656211376190186
1530897427.6777995,92800,-1.523529052734375
1530897491.7164345,92928,-1.6397267580032349
1530897555.6589506,93056,-1.6706587076187134
1530897619.7019064,93184,-1.6193995475769043
1530897743.2281733,93312,-1.508560061454773
1530897807.3442204,93440,-1.5923818349838257
1530897871.2322707,93568,-1.6081410646438599
1530897935.3257134,93696,-1.5764683485031128
1530898060.2175376,93824,-1.6194055080413818
1530898124.1955225,93952,-1.5080595016479492
1530898188.3052227,94080,-1.6773853302001953
1530898252.3882642,94208,-1.7947030067443848
1530898377.1589267,94336,-1.5125020742416382
1530898441.1736465,94464,-1.5818202495574951
1530898505.2263613,94592,-1.4800783395767212
1530898569.2282996,94720,-1.5232540369033813
1530898693.4266405,94848,-1.6880943775177002
1530898757.1197684,94976,-1.5932881832122803
1530898820.8691359,95104,-1.5344146490097046
1530898884.6542006,95232,-1.4977666139602661
1530899009.2854147,95360,-1.6093345880508423
1530899073.148766,95488,-1.6960930824279785
1530899137.3923213,95616,-1.5985534191131592
1530899201.3857164,95744,-1.685986042022705
1530899326.2176907,95872,-1.790888786315918
1530899389.9751585,96000,-1.6193217039108276
1530899453.8573875,96128,-1.4952975511550903
1530899517.5859582,96256,-1.6312469244003296
1530904542.4863496,96384,-1.523301601409912
1530904604.7070851,96512,-1.5661938190460205
1530904668.9509788,96640,-1.6098756790161133
1530904733.7106998,96768,-1.494446039199829
1530904857.4721498,96896,-1.5285271406173706
1530904921.1738281,97024,-1.3981459140777588
1530904985.0059276,97152,-1.6134015321731567
1530905048.8668115,97280,-1.6201086044311523
1530905172.0298162,97408,-1.6105000972747803
1530905235.79419,97536,-1.5011590719223022
