wall_time,step,value
1531393705.2798476,128,100.4983139038086
1531393799.8167143,256,72.08985137939453
1531393894.416781,384,47.92363739013672
1531393988.9806662,512,47.85231018066406
1531394162.1478522,640,45.233497619628906
1531394256.7672782,768,37.420719146728516
1531394351.3555903,896,34.32780456542969
1531394445.9299424,1024,30.968669891357422
1531394621.7343175,1152,30.034578323364258
1531394716.3290966,1280,29.120197296142578
1531394810.8547258,1408,29.09438705444336
1531394905.3136375,1536,29.561962127685547
1531395077.3107934,1664,33.07761001586914
1531395171.8330035,1792,35.0175895690918
1531395266.3524046,1920,34.6367301940918
1531395360.9830449,2048,35.19513702392578
1531395534.0657654,2176,33.05922317504883
1531395628.685048,2304,32.330848693847656
1531395723.15955,2432,33.27058410644531
1531395817.6464093,2560,32.214969635009766
1531395989.6835482,2688,32.44755554199219
1531396084.1882315,2816,31.539478302001953
1531396178.7415006,2944,29.94527816772461
1531396273.1332798,3072,27.136951446533203
1531396444.989005,3200,26.917137145996094
1531396539.4282725,3328,26.49571418762207
1531396633.9509501,3456,25.77833366394043
1531396728.4220796,3584,25.008235931396484
1531396900.7933636,3712,24.82132339477539
1531396995.1851623,3840,24.76313018798828
1531397089.6324449,3968,25.366397857666016
1531397184.1685827,4096,26.33065414428711
1531397355.8801062,4224,24.689992904663086
1531397450.378493,4352,25.41312026977539
1531397544.8191273,4480,23.93191909790039
1531397639.2274535,4608,23.403871536254883
1531397809.6271162,4736,24.424983978271484
1531397904.231218,4864,23.759639739990234
1531397998.911737,4992,23.08056640625
1531398093.4764788,5120,23.69068145751953
1531398262.2505252,5248,24.098346710205078
1531398356.8331099,5376,24.114831924438477
1531398451.519533,5504,23.81692123413086
1531398546.0168788,5632,25.075117111206055
1531398713.50064,5760,24.8402156829834
1531398808.039548,5888,25.00994110107422
1531398902.7041252,6016,26.059921264648438
1531398997.324265,6144,25.380117416381836
1531399164.991976,6272,25.252695083618164
1531399259.650225,6400,24.70288848876953
1531399354.1660702,6528,25.94904327392578
1531399448.618402,6656,24.83917236328125
1531399614.9428892,6784,25.51666831970215
1531399709.6826584,6912,26.190221786499023
1531399804.186751,7040,25.4185848236084
1531399898.6460495,7168,25.91168975830078
1531400066.2012439,7296,24.363967895507812
1531400160.6347222,7424,25.66012191772461
1531400255.0313604,7552,25.442176818847656
1531400349.3874364,7680,25.38397216796875
1531400517.412854,7808,25.542287826538086
1531400611.8563251,7936,24.97336196899414
1531400706.5030072,8064,25.34459686279297
1531400801.1603544,8192,24.49976348876953
1531400969.0678523,8320,24.483285903930664
1531401063.633026,8448,23.816802978515625
1531401158.3006098,8576,23.54513931274414
1531401252.7497072,8704,23.455543518066406
1531401419.4747326,8832,23.46263885498047
1531401514.1397133,8960,23.096851348876953
1531401608.722171,9088,22.841270446777344
1531401703.2486713,9216,22.958288192749023
1531401871.5519962,9344,23.389354705810547
1531401966.04551,9472,22.912097930908203
1531402060.6615155,9600,22.496421813964844
1531402154.996804,9728,23.164722442626953
1531402322.6194842,9856,22.57794952392578
1531402417.2631967,9984,22.798063278198242
1531402511.8455124,10112,23.16578483581543
1531402606.2954352,10240,22.265474319458008
1531402773.9808958,10368,22.52325439453125
1531402868.7019627,10496,22.644718170166016
1531402963.08194,10624,22.108135223388672
1531403057.516975,10752,23.0048885345459
1531403226.860481,10880,22.767744064331055
1531403321.3815422,11008,21.594938278198242
1531403415.9668725,11136,22.33389663696289
1531403510.404973,11264,22.631912231445312
1531403678.5207016,11392,22.58071517944336
1531403773.0702493,11520,22.10247039794922
1531403867.6070068,11648,22.091773986816406
1531403962.0782351,11776,21.271106719970703
1531404130.2196267,11904,21.10764503479004
1531404224.6835487,12032,22.02823829650879
1531404319.2019536,12160,22.108041763305664
1531404413.8526824,12288,22.3619441986084
1531404581.145871,12416,21.5355281829834
1531404675.6751912,12544,21.167600631713867
1531404770.3011281,12672,21.599273681640625
1531404864.865641,12800,21.84031105041504
1531405034.3168645,12928,21.176185607910156
1531405128.899559,13056,22.44119644165039
1531405223.4426684,13184,21.570615768432617
1531405317.9108963,13312,21.492534637451172
1531405486.655576,13440,21.432518005371094
1531405581.0364027,13568,21.399208068847656
1531405675.6514184,13696,21.450927734375
1531405770.118128,13824,21.770275115966797
1531405938.8446443,13952,22.23468017578125
1531406033.5134988,14080,22.009990692138672
1531406128.027124,14208,21.274951934814453
1531406222.4621665,14336,20.67376708984375
1531406391.8560321,14464,20.81280517578125
1531406486.3406408,14592,21.417203903198242
1531406580.9897833,14720,21.225488662719727
1531406675.4934678,14848,21.379150390625
1531406844.4762254,14976,21.721582412719727
1531406939.1785867,15104,21.664955139160156
1531407033.7893717,15232,20.708602905273438
1531407128.4358644,15360,21.37709617614746
1531407296.3177774,15488,21.23159408569336
1531407390.9017072,15616,20.585660934448242
1531407485.4133997,15744,20.04796600341797
1531407579.8351686,15872,20.835609436035156
1531407749.1316295,16000,20.792076110839844
1531407843.688535,16128,20.963220596313477
1531407938.191176,16256,21.571537017822266
1531408032.7640543,16384,20.437641143798828
1531408200.6730845,16512,21.68207359313965
1531408295.188353,16640,21.363323211669922
1531408389.5672543,16768,21.854690551757812
1531408484.0952709,16896,20.927120208740234
1531408651.9255106,17024,21.52781105041504
1531408746.4741454,17152,20.638158798217773
1531408841.0821857,17280,20.929790496826172
1531408935.5500078,17408,20.920066833496094
1531409105.560867,17536,20.630773544311523
1531409199.9808698,17664,20.667552947998047
1531409294.3976605,17792,20.236923217773438
1531409388.8049178,17920,20.767168045043945
1531409558.139548,18048,19.719667434692383
1531409652.6231747,18176,19.29657554626465
1531409746.9204066,18304,20.277774810791016
1531409841.4025598,18432,19.960887908935547
1531410010.7984302,18560,20.31981086730957
1531410105.3084443,18688,20.045127868652344
1531410199.7003455,18816,20.224365234375
1531410294.1198542,18944,20.558670043945312
1531410462.229167,19072,20.406047821044922
1531410556.6502175,19200,20.084976196289062
1531410650.9833837,19328,20.50872802734375
1531410745.433296,19456,20.075088500976562
1531410912.756058,19584,19.826583862304688
1531411007.266675,19712,20.036056518554688
1531411101.7403395,19840,19.59410858154297
1531411196.2037675,19968,19.331403732299805
1531411364.9382744,20096,19.55635643005371
1531411459.434486,20224,19.119823455810547
1531411554.0437865,20352,19.627538681030273
1531411648.439505,20480,19.329660415649414
1531411817.3082216,20608,19.31626319885254
1531411911.7588105,20736,18.97439193725586
1531412006.092235,20864,19.42098045349121
1531412100.4971964,20992,19.513301849365234
1531412267.6023197,21120,19.27315330505371
1531412362.0772402,21248,18.62918472290039
1531412456.4937904,21376,18.8124942779541
1531412550.7674572,21504,19.158977508544922
1531412717.0966456,21632,19.277280807495117
1531412811.7965336,21760,19.459575653076172
1531412906.3166943,21888,18.641992568969727
1531413000.8277748,22016,18.865812301635742
1531413168.1176076,22144,18.884048461914062
1531413262.667302,22272,19.73543930053711
1531413357.2015402,22400,19.057605743408203
1531413451.5936594,22528,19.9663143157959
1531413619.533342,22656,19.80806541442871
1531413713.9903746,22784,19.722244262695312
1531413808.5661836,22912,18.985136032104492
1531413902.9702857,23040,19.93289566040039
1531414070.1026914,23168,19.656566619873047
1531414164.5253835,23296,20.12977409362793
1531414259.0633805,23424,18.884565353393555
1531414353.406429,23552,19.658077239990234
1531414521.989026,23680,19.410356521606445
1531414616.6031349,23808,20.191234588623047
1531414711.0803246,23936,19.928983688354492
1531414805.593834,24064,19.69879722595215
1531414973.5488486,24192,20.584135055541992
1531415068.061692,24320,20.50042152404785
1531415162.5943477,24448,20.192283630371094
1531415257.0574784,24576,19.7292537689209
1531415425.690238,24704,19.818973541259766
1531415520.3205256,24832,19.0269775390625
1531415614.8963823,24960,20.241870880126953
1531415709.4003594,25088,19.383695602416992
1531415877.212604,25216,19.13473892211914
1531415971.753392,25344,19.198549270629883
1531442548.7907078,25728,19.626962661743164
1531442643.7574916,25856,19.380762100219727
1531442739.068369,25984,19.49051284790039
1531442833.981007,26112,19.31878089904785
1531443001.6734874,26240,19.711469650268555
1531443096.7866523,26368,19.929550170898438
1531443191.958563,26496,19.502365112304688
1531443287.0393956,26624,18.924297332763672
1531443453.9074519,26752,18.822717666625977
1531443548.9025533,26880,19.104751586914062
1531443643.9872363,27008,19.19390106201172
1531443738.9809043,27136,19.288156509399414
1531443905.627964,27264,19.85041046142578
1531444000.7154574,27392,18.828929901123047
1531444095.5048351,27520,18.981077194213867
1531444190.2636974,27648,19.667692184448242
1531444356.9083161,27776,19.007137298583984
1531444452.0052156,27904,19.04106903076172
1531444546.9997635,28032,19.27237319946289
1531444642.0661218,28160,19.465965270996094
1531444808.08885,28288,19.510494232177734
1531444903.1107569,28416,19.212753295898438
1531444998.1882877,28544,19.031391143798828
1531445093.1891377,28672,18.610942840576172
1531445259.431332,28800,19.263172149658203
1531445354.6333241,28928,19.19413948059082
1531445449.7182996,29056,19.287334442138672
1531445544.826365,29184,19.338022232055664
1531445712.357673,29312,19.685039520263672
1531445807.323127,29440,19.189125061035156
1531445902.4111655,29568,19.564422607421875
1531445997.440589,29696,19.521583557128906
1531446164.9366338,29824,19.434751510620117
1531446259.8788342,29952,18.499561309814453
1531446354.9779112,30080,18.3027400970459
1531446449.9169817,30208,18.571720123291016
1531446618.09888,30336,18.580181121826172
1531446713.1561432,30464,19.010459899902344
1531446808.3146944,30592,18.641664505004883
1531446903.3293488,30720,18.706436157226562
1531447071.1262414,30848,18.536596298217773
1531447166.2605588,30976,19.05743408203125
1531447261.3312917,31104,18.96076774597168
1531447356.4413216,31232,18.41600227355957
1531447524.209123,31360,18.956867218017578
1531447619.340515,31488,18.0969181060791
1531447714.5118306,31616,17.728225708007812
1531447809.538747,31744,18.715560913085938
1531447978.302851,31872,18.688201904296875
1531448073.439063,32000,18.18375015258789
1531448168.4871085,32128,17.605554580688477
1531448263.5611224,32256,18.46011734008789
1531448431.9399655,32384,18.930152893066406
1531448526.985991,32512,18.377206802368164
1531448622.1038063,32640,19.178478240966797
1531448717.2031176,32768,18.765281677246094
1531448885.299829,32896,18.76663589477539
1531448980.4391534,33024,19.03249168395996
1531449075.6204174,33152,18.673507690429688
1531449170.6983874,33280,19.242446899414062
1531449339.707321,33408,19.759984970092773
1531449434.726563,33536,19.0413875579834
1531449529.7275064,33664,19.200489044189453
1531449624.7244,33792,19.457944869995117
1531449793.0774572,33920,18.61453628540039
1531449888.1367846,34048,19.057918548583984
1531449983.1320245,34176,18.790584564208984
1531450078.1710024,34304,18.987794876098633
1531450246.8420856,34432,19.397056579589844
1531450341.893449,34560,18.855501174926758
1531450437.0494354,34688,18.731918334960938
1531450532.0153692,34816,18.185043334960938
1531450702.5973785,34944,18.8394775390625
1531450797.5209382,35072,18.513479232788086
1531450892.5097117,35200,18.97864532470703
1531450987.3605611,35328,19.276456832885742
1531451155.4668682,35456,18.845918655395508
1531451250.3233395,35584,19.1950740814209
1531451345.3085675,35712,19.246192932128906
1531451440.1574085,35840,18.715152740478516
1531451607.8908894,35968,18.497894287109375
1531451702.8470883,36096,19.081649780273438
1531451797.6657028,36224,18.4726505279541
1531451892.6469808,36352,18.74870491027832
1531452061.5603359,36480,19.020389556884766
1531452156.695528,36608,18.624778747558594
1531452251.6596844,36736,19.182373046875
1531452346.7275712,36864,19.054119110107422
1531452516.5769067,36992,18.686582565307617
1531452611.6814983,37120,18.19150733947754
1531452706.6666093,37248,18.769100189208984
1531452801.6352036,37376,18.81252098083496
1531452970.2168047,37504,18.67313575744629
1531453065.2013814,37632,18.602039337158203
1531453160.3137155,37760,18.218711853027344
1531453255.176901,37888,19.08472442626953
1531453423.6707141,38016,18.436643600463867
1531453518.6823497,38144,19.028894424438477
1531453613.5055547,38272,18.335113525390625
1531453708.4303808,38400,18.468379974365234
1531453877.056902,38528,18.434009552001953
1531453972.124705,38656,18.60186767578125
1531454067.1072075,38784,18.21256446838379
1531454162.108551,38912,18.560606002807617
1531454331.2512894,39040,18.542911529541016
1531454426.3007958,39168,18.481904983520508
1531454521.397207,39296,19.270263671875
1531454616.409112,39424,19.006067276000977
1531454785.7211409,39552,18.617267608642578
1531454880.8104565,39680,19.20625877380371
1531454975.7239435,39808,18.673046112060547
1531455070.7672682,39936,18.82427978515625
1531455240.5198188,40064,19.093441009521484
1531455335.5896618,40192,18.570140838623047
1531455430.5626907,40320,19.413862228393555
1531455525.362111,40448,18.922500610351562
1531455695.2848234,40576,19.423084259033203
1531455790.5188267,40704,18.78114128112793
1531455885.5945947,40832,19.189943313598633
1531455980.609461,40960,18.595474243164062
1531456149.997059,41088,19.192853927612305
1531456244.9376786,41216,18.757369995117188
1531456340.0402632,41344,18.555830001831055
1531456435.107132,41472,18.145824432373047
1531456605.8975916,41600,19.043560028076172
1531456701.0312533,41728,18.98016929626465
1531456796.1456497,41856,18.9191837310791
1531456891.240105,41984,19.192766189575195
1531457061.1355653,42112,18.76031494140625
1531457156.3593621,42240,18.27128791809082
1531457251.4675996,42368,18.678783416748047
1531457346.4935277,42496,18.86881446838379
1531457516.375902,42624,18.254398345947266
1531457611.497305,42752,18.535301208496094
1531457706.6872687,42880,19.381919860839844
1531457801.7401128,43008,18.918710708618164
1531457971.2663724,43136,18.884492874145508
1531458066.4423862,43264,18.386049270629883
1531458161.4976985,43392,18.80481719970703
1531458256.4629729,43520,18.076871871948242
1531458432.36785,43648,18.211898803710938
1531458527.4928098,43776,17.98955535888672
1531458622.4144306,43904,18.31900405883789
1531458717.4126983,44032,18.813920974731445
1531458888.2682836,44160,18.828536987304688
1531458983.1603172,44288,18.575693130493164
1531459078.1560817,44416,18.28680419921875
1531459173.0908477,44544,17.984712600708008
1531459343.074965,44672,18.75132942199707
1531459438.1674652,44800,18.505788803100586
1531459533.1357973,44928,18.952022552490234
1531459628.1196532,45056,18.563268661499023
1531459798.580991,45184,18.75362205505371
1531459893.501526,45312,19.016969680786133
1531459988.274233,45440,18.87077522277832
1531460083.172935,45568,18.445140838623047
1531460252.1946778,45696,19.017215728759766
1531460347.0937338,45824,18.86874008178711
1531460442.3542027,45952,18.8769474029541
1531460537.2787986,46080,18.569242477416992
1531460707.9290767,46208,18.45842933654785
1531460802.681096,46336,19.587833404541016
1531460897.6899266,46464,19.114524841308594
1531460992.760167,46592,18.994754791259766
1531461161.5086565,46720,18.657337188720703
1531461256.2815826,46848,18.481359481811523
1531461351.03834,46976,18.572771072387695
1531461445.8552299,47104,19.102006912231445
1531461614.424426,47232,19.18143653869629
1531461709.24392,47360,18.7938289642334
1531461804.0474892,47488,17.674245834350586
1531461898.711249,47616,18.73964500427246
1531462067.8128753,47744,18.59119415283203
1531462162.5410857,47872,18.7374267578125
1531462257.6675172,48000,19.5732421875
1531462352.5449886,48128,19.344202041625977
1531462521.3965595,48256,18.691619873046875
1531462616.3038938,48384,18.83788299560547
1531462711.1818492,48512,19.047517776489258
1531462805.9803019,48640,18.109272003173828
1531462974.6486316,48768,18.478334426879883
1531463069.5077076,48896,18.311559677124023
1531463164.5051048,49024,17.80581283569336
1531463259.4184911,49152,18.43002700805664
1531463428.6673045,49280,18.200651168823242
1531463523.6446617,49408,18.50554656982422
1531463618.440421,49536,18.807886123657227
1531463713.3111064,49664,19.644418716430664
1531463883.6285317,49792,18.409801483154297
1531463978.4658349,49920,18.958778381347656
1531464073.4847188,50048,18.241239547729492
1531464168.2682836,50176,17.8903865814209
1531464337.600671,50304,18.135456085205078
1531464432.6190548,50432,18.126203536987305
1531464527.5957477,50560,19.134246826171875
1531464622.4305894,50688,18.656719207763672
1531464793.5519922,50816,18.515117645263672
1531464888.3233378,50944,19.342287063598633
1531464983.3025658,51072,18.99447250366211
1531465078.1409063,51200,18.400033950805664
1531465247.3884664,51328,19.466821670532227
1531465342.4467914,51456,18.3122501373291
1531465437.3087447,51584,19.345155715942383
1531465531.9817748,51712,18.6361083984375
1531465702.4098952,51840,18.83479881286621
1531465797.2718973,51968,19.284406661987305
1531465892.1862671,52096,19.491497039794922
1531465987.1926634,52224,18.605440139770508
1531466156.897844,52352,18.737119674682617
1531466251.7096763,52480,19.294530868530273
1531466346.632234,52608,19.628210067749023
1531466441.5082445,52736,18.216218948364258
1531466612.7121286,52864,18.191862106323242
1531466707.637041,52992,18.62763023376465
1531466802.612282,53120,18.33740234375
1531466897.4891481,53248,18.57135581970215
1531467068.1247926,53376,18.7789306640625
1531467162.9900525,53504,19.399211883544922
1531467257.919733,53632,18.820077896118164
1531467352.7704456,53760,18.563282012939453
1531467522.8202302,53888,18.686891555786133
1531467617.6120055,54016,18.118757247924805
1531467712.51148,54144,18.871191024780273
1531467807.3867817,54272,18.206052780151367
1531467977.6472611,54400,19.485000610351562
1531468072.534603,54528,19.115198135375977
1531468167.3915014,54656,18.816486358642578
1531468262.1607807,54784,18.494596481323242
1531468431.5916684,54912,18.970645904541016
1531468526.5681353,55040,18.501131057739258
1531468621.4430346,55168,19.432565689086914
1531468716.2801518,55296,18.25864601135254
1531468886.024697,55424,19.109088897705078
1531468981.020791,55552,18.60909652709961
1531469075.750164,55680,18.16263771057129
1531469170.5862517,55808,19.192790985107422
1531469340.6873713,55936,18.164453506469727
1531469435.464075,56064,18.68999481201172
1531469530.416776,56192,19.527774810791016
1531469625.2260053,56320,18.810501098632812
1531469796.51174,56448,19.133031845092773
1531469891.4106479,56576,20.470294952392578
1531469986.371967,56704,18.51217269897461
1531470081.1820095,56832,18.918502807617188
1531470251.8910391,56960,18.550901412963867
1531470346.7976685,57088,19.35771942138672
1531470441.6051204,57216,19.397018432617188
1531470536.1929247,57344,18.88780403137207
1531470707.7590153,57472,18.924970626831055
1531470802.5404859,57600,18.41538429260254
1531470897.396888,57728,18.76009750366211
1531470992.241795,57856,18.950233459472656
1531471162.6814594,57984,19.43353271484375
1531471257.5762103,58112,19.03655433654785
1531471352.532143,58240,19.360233306884766
1531471447.30633,58368,18.59130859375
1531471618.7046447,58496,18.996307373046875
1531471713.5251694,58624,18.778182983398438
1531471808.479837,58752,19.698932647705078
1531471903.2184339,58880,18.902530670166016
1531472074.2252526,59008,19.030094146728516
1531472169.1915333,59136,18.728464126586914
1531472264.0118198,59264,19.827028274536133
1531472359.0555437,59392,18.63001251220703
1531472529.7366931,59520,18.42970848083496
1531472624.4721072,59648,19.332965850830078
1531472719.1900284,59776,19.07318878173828
1531472813.8335378,59904,18.7688045501709
1531472985.9467092,60032,18.84267807006836
1531473080.6298673,60160,18.755434036254883
1531473175.407642,60288,18.410118103027344
1531473270.1177986,60416,19.047622680664062
1531473440.8969703,60544,18.63485336303711
1531473535.847578,60672,19.504512786865234
1531473630.4619553,60800,19.968242645263672
1531473725.0296233,60928,18.85044288635254
1531473896.2599962,61056,18.72001838684082
1531473991.0381446,61184,19.328758239746094
1531474085.890399,61312,18.813655853271484
1531474180.5719142,61440,18.599517822265625
1531474352.784896,61568,20.098526000976562
1531474447.5927758,61696,19.667177200317383
1531474542.1820376,61824,19.70826530456543
1531474636.8878133,61952,19.543392181396484
1531474808.5065587,62080,19.641841888427734
1531474903.3900023,62208,19.65314483642578
1531474998.1319993,62336,19.57547950744629
1531475092.9117296,62464,19.186092376708984
1531475265.4009705,62592,19.10517120361328
1531475360.1689487,62720,19.170658111572266
1531475454.9380057,62848,19.63985824584961
1531475549.8015559,62976,19.262840270996094
1531475721.5187457,63104,19.07149887084961
1531475816.3901865,63232,19.027158737182617
1531526372.923139,63616,19.120140075683594
1531526468.0234501,63744,19.17544174194336
1531526563.06663,63872,19.124752044677734
1531526658.0282874,64000,19.221336364746094
1531526827.1944864,64128,19.0499324798584
1531526922.3018422,64256,19.279996871948242
1531527017.3659139,64384,19.068899154663086
1531527112.4395177,64512,19.205432891845703
1531527281.4306462,64640,18.46443748474121
1531527376.442328,64768,18.838258743286133
1531527471.64988,64896,19.21869468688965
1531527566.744095,65024,19.301742553710938
1531527734.5272088,65152,19.33429527282715
1531527829.6583579,65280,19.47360610961914
1531527924.6276817,65408,18.623821258544922
1531528019.7561388,65536,18.739185333251953
1531528187.6548254,65664,19.049409866333008
1531528282.7124789,65792,19.363805770874023
1531528377.9557383,65920,19.053695678710938
1531528472.957352,66048,19.343338012695312
1531528642.9477048,66176,19.535598754882812
1531528738.2708316,66304,19.193052291870117
1531529405.7636077,66688,18.98955726623535
1531529501.6388466,66816,19.7534236907959
1531529598.3822784,66944,19.43756103515625
1531529695.3670614,67072,19.140666961669922
1531529864.7514133,67200,19.749622344970703
1531529959.7270958,67328,19.4852352142334
1531530054.940222,67456,19.370874404907227
1531530149.975817,67584,19.621631622314453
1531530318.0569305,67712,19.37677574157715
1531530413.25377,67840,18.925090789794922
1531530508.4166682,67968,19.725862503051758
1531530603.4748793,68096,19.886474609375
1531530772.3590744,68224,19.80517578125
1531530867.4858232,68352,19.245473861694336
1531530962.5016587,68480,19.006689071655273
1531531057.691472,68608,19.01812744140625
1531531226.1342502,68736,19.677879333496094
1531531321.2344177,68864,19.276233673095703
1531531416.606751,68992,19.713422775268555
1531531511.7242348,69120,19.50343894958496
1531531679.814407,69248,18.961559295654297
1531531774.926102,69376,19.761367797851562
1531531870.1420562,69504,19.871807098388672
1531531965.134918,69632,19.63117218017578
1531532132.95615,69760,20.196285247802734
1531532228.2334101,69888,19.925792694091797
1531532323.3787582,70016,18.281187057495117
1531532418.4317625,70144,19.276514053344727
1531532588.0033486,70272,19.190448760986328
1531532683.2186012,70400,19.818452835083008
1531532778.3113449,70528,18.773395538330078
1531532873.417499,70656,19.591453552246094
1531533042.355056,70784,19.87790870666504
1531533137.4610455,70912,19.369091033935547
1531533232.5841842,71040,19.130271911621094
1531533327.5896697,71168,19.45744514465332
1531533496.7023795,71296,19.42966651916504
1531533591.8975904,71424,19.239959716796875
1531533687.1089158,71552,18.965829849243164
1531533782.2340465,71680,19.20305633544922
1531533951.1270728,71808,19.525043487548828
1531534046.2684367,71936,19.961694717407227
1531534141.5295753,72064,18.690271377563477
1531534236.6286223,72192,18.971221923828125
1531534404.398873,72320,18.781970977783203
1531534499.609917,72448,18.903743743896484
1531534594.916358,72576,19.15365982055664
1531534689.8863664,72704,18.5376033782959
1531534858.5487685,72832,18.620359420776367
1531534953.7021892,72960,18.5529727935791
1531535048.7943077,73088,18.619367599487305
1531535143.8729548,73216,18.846817016601562
1531535312.392699,73344,18.564334869384766
1531535407.7564814,73472,19.420827865600586
1531535503.0700316,73600,19.309871673583984
1531535598.2124975,73728,18.57776641845703
1531535767.2647567,73856,18.827632904052734
1531535862.7907321,73984,18.08875274658203
1531535957.9557996,74112,18.89934539794922
1531536053.0978937,74240,18.207019805908203
1531536222.0601027,74368,19.93454933166504
1531536317.353,74496,18.866676330566406
1531536412.601126,74624,19.0755558013916
1531536507.745874,74752,19.531017303466797
1531536678.334592,74880,18.790695190429688
1531536773.6221993,75008,19.145492553710938
1531536869.038467,75136,18.660505294799805
1531536964.1177785,75264,19.171688079833984
1531537134.0057733,75392,19.009737014770508
1531537229.3087475,75520,18.606355667114258
1531537324.5355155,75648,19.762357711791992
1531537419.7713006,75776,18.66948890686035
1531537589.695393,75904,18.68919563293457
1531537684.7295272,76032,19.360092163085938
1531537779.8126545,76160,19.12635612487793
1531537874.906102,76288,18.771883010864258
1531538044.3850029,76416,18.58149528503418
1531538139.705191,76544,19.174365997314453
1531538235.0327537,76672,18.553722381591797
1531538330.110512,76800,18.20269775390625
1531538500.0665197,76928,18.56401824951172
1531538595.322106,77056,18.19502067565918
1531538690.7279794,77184,18.421531677246094
1531538785.9134188,77312,19.388946533203125
1531538955.7328188,77440,18.882915496826172
1531539051.031393,77568,19.24713134765625
1531539146.2360375,77696,18.82439422607422
1531539241.5745528,77824,18.681238174438477
1531539412.745666,77952,19.184370040893555
1531539508.3165848,78080,18.77089500427246
1531539603.711312,78208,18.9788875579834
1531539698.9008458,78336,19.038616180419922
1531539869.1027694,78464,19.36471176147461
1531539964.4703436,78592,19.154573440551758
1531540059.7551968,78720,19.276199340820312
1531540154.8497472,78848,19.41708755493164
1531540324.9839683,78976,19.2908935546875
1531540420.2712595,79104,19.04996681213379
1531540515.7641659,79232,19.01059913635254
1531540610.9901617,79360,18.85200309753418
1531540781.4617283,79488,19.40952491760254
1531540876.7593722,79616,19.282751083374023
1531540972.074304,79744,18.90746307373047
1531541067.2538989,79872,19.20553207397461
1531541237.6551905,80000,18.8502197265625
1531541332.8933983,80128,19.16374969482422
1531541428.0678136,80256,19.316871643066406
1531541523.1625948,80384,19.23408317565918
1531541694.930559,80512,19.19855499267578
1531541789.9869258,80640,19.521774291992188
1531541885.198029,80768,18.70903968811035
1531541980.221853,80896,19.05437660217285
1531542151.0250876,81024,18.861413955688477
1531542246.564812,81152,18.565139770507812
1531542341.8813515,81280,18.663286209106445
1531542437.2023644,81408,18.479267120361328
1531542608.058567,81536,18.393417358398438
1531542703.3135502,81664,18.661231994628906
1531542798.302451,81792,18.919389724731445
1531542893.2883983,81920,18.700801849365234
1531543065.1129236,82048,18.722698211669922
1531543160.4459395,82176,18.947460174560547
1531543255.7132218,82304,19.049055099487305
1531543350.898898,82432,19.36580467224121
1531543522.312123,82560,18.706850051879883
1531543617.5568428,82688,18.942230224609375
1531543712.711814,82816,18.666095733642578
1531543807.9454699,82944,18.708566665649414
1531543978.7397995,83072,19.31104278564453
1531544073.7047145,83200,19.116615295410156
1531544168.7181084,83328,18.799104690551758
1531544263.7590423,83456,20.34674644470215
1531544435.487375,83584,19.395231246948242
1531544530.4798021,83712,18.734363555908203
1531544625.5865176,83840,19.40152359008789
1531544720.6402128,83968,19.609947204589844
1531544892.2224958,84096,19.38251495361328
1531544987.3308048,84224,19.187471389770508
1531545082.3385375,84352,19.415616989135742
1531545177.205994,84480,20.28512954711914
1531545348.3237603,84608,19.324975967407227
1531545443.3816254,84736,19.022066116333008
1531545538.5404756,84864,19.691078186035156
1531545633.5524929,84992,19.828340530395508
1531545803.7566755,85120,19.674293518066406
1531545898.8357313,85248,19.002525329589844
1531545993.9493492,85376,19.05190658569336
1531546088.936126,85504,19.24581527709961
1531546260.0431106,85632,19.809425354003906
1531546355.0903268,85760,19.912439346313477
1531546450.1576984,85888,19.432281494140625
1531546545.1530633,86016,19.77775764465332
1531546716.0857728,86144,19.518836975097656
1531546811.1506116,86272,19.999216079711914
1531546906.3822243,86400,19.21845817565918
1531547001.4782996,86528,19.31313133239746
1531547171.8603501,86656,20.06401824951172
1531547266.924122,86784,19.525056838989258
1531547362.0530977,86912,19.3105525970459
1531547456.9266014,87040,19.733642578125
1531547629.1731303,87168,18.70725440979004
1531547724.394894,87296,20.378719329833984
1531547819.4043424,87424,20.266462326049805
1531547914.3406656,87552,20.38517189025879
1531548084.374315,87680,19.597496032714844
1531548179.341233,87808,19.176448822021484
1531548274.3220215,87936,19.768394470214844
1531548369.2728765,88064,19.915332794189453
1531548540.5027878,88192,20.216825485229492
1531548635.4838989,88320,19.572078704833984
1531548730.5831642,88448,19.203224182128906
1531548825.479504,88576,20.27884864807129
1531548996.3630273,88704,20.205001831054688
1531549091.2811263,88832,20.673463821411133
1531549186.3075533,88960,20.24673080444336
1531549281.4565303,89088,19.584321975708008
1531549453.855057,89216,19.765321731567383
1531549548.9110124,89344,21.647741317749023
1531549643.850434,89472,21.124053955078125
1531549738.6772902,89600,19.784059524536133
1531549909.6927142,89728,20.304141998291016
1531550004.7522852,89856,19.23065185546875
1531550099.7577477,89984,19.783029556274414
1531550194.723109,90112,19.753376007080078
1531550365.2881377,90240,20.55304718017578
1531550460.2840931,90368,20.316871643066406
1531550555.3461466,90496,20.534255981445312
1531550650.2379613,90624,19.930856704711914
1531550821.7920613,90752,20.110248565673828
1531550916.7316253,90880,19.8142032623291
1531551011.8169355,91008,20.123165130615234
1531551106.7607546,91136,20.964027404785156
1531551277.1644487,91264,20.48343276977539
1531551372.0520396,91392,20.552072525024414
1531551467.0978894,91520,19.82756233215332
1531551562.235738,91648,20.455093383789062
1531551734.4677122,91776,20.7554988861084
1531551829.4808517,91904,19.637256622314453
1531551924.429311,92032,20.039146423339844
1531552019.4087167,92160,20.912879943847656
1531552190.9961295,92288,20.569618225097656
1531552286.0231235,92416,19.938335418701172
1531552380.9843352,92544,20.526323318481445
1531552475.8845716,92672,20.230396270751953
1531552647.6812882,92800,19.915294647216797
1531552742.6152625,92928,20.67791748046875
1531552837.5908353,93056,20.081436157226562
1531552932.5303607,93184,20.591373443603516
1531553103.0440874,93312,20.389968872070312
1531553197.904678,93440,20.553173065185547
1531553292.9628882,93568,19.7973575592041
1531553387.924667,93696,21.035537719726562
1531553559.6529183,93824,20.53632354736328
1531553654.5706882,93952,19.64600372314453
1531553749.468847,94080,20.29818344116211
1531553844.4697375,94208,21.20533561706543
1531554015.126364,94336,20.04183006286621
1531554110.0968597,94464,20.25214385986328
1531554204.9838383,94592,21.555742263793945
1531554299.8625848,94720,20.655094146728516
1531554471.670335,94848,20.421934127807617
1531554566.5531242,94976,19.843971252441406
1531554661.6015255,95104,20.606447219848633
1531554756.3258653,95232,20.668304443359375
1531554928.2136986,95360,20.534019470214844
1531555023.2474189,95488,19.907909393310547
1531555118.1449478,95616,20.889490127563477
1531555213.0879416,95744,20.63795280456543
1531555384.7556903,95872,20.675800323486328
1531555479.6169767,96000,20.368331909179688
1531555574.4902284,96128,21.0816650390625
1531555669.424562,96256,20.928668975830078
1531555842.3966222,96384,21.404258728027344
1531555937.3826869,96512,20.678203582763672
1531556032.2846773,96640,21.154348373413086
1531556127.261211,96768,20.631370544433594
1531556298.1839783,96896,21.24798583984375
1531556393.1576662,97024,20.35934066772461
1531556488.0430496,97152,20.47503662109375
1531556582.9484334,97280,20.253049850463867
1531556754.7017696,97408,20.200700759887695
