wall_time,step,value
1530805770.00337,128,143.36175537109375
1530805850.009312,256,72.58441162109375
1530805930.239109,384,44.903541564941406
1530806010.51522,512,36.2449951171875
1530806161.5049677,640,46.868343353271484
1530806241.8514411,768,36.976112365722656
1530806322.1152818,896,36.374664306640625
1530806402.2929838,1024,29.20860481262207
1530806554.6104898,1152,31.400760650634766
1530806634.72473,1280,34.652435302734375
1530806714.660798,1408,39.049293518066406
1530806794.7073455,1536,40.26035690307617
1530806943.870438,1664,40.11658477783203
1530807023.901162,1792,35.050315856933594
1530807103.8575613,1920,37.11244201660156
1530807183.7842174,2048,34.81723403930664
1530807334.6076884,2176,32.209712982177734
1530807414.6558063,2304,34.82029724121094
1530807494.8765216,2432,32.33220672607422
1530807575.0289805,2560,33.62461471557617
1530807725.6365614,2688,33.879180908203125
1530807805.727129,2816,33.57740783691406
1530807885.7418578,2944,33.02389144897461
1530807965.7364821,3072,31.693235397338867
1530808114.2560601,3200,30.165979385375977
1530808194.3329737,3328,30.516727447509766
1530808274.3517098,3456,31.569190979003906
1530808354.3871665,3584,30.848115921020508
1530808501.4468713,3712,30.510311126708984
1530808581.60159,3840,30.674121856689453
1530808661.6635048,3968,32.20691680908203
1530808741.6506522,4096,32.34917449951172
1530808888.4492767,4224,30.718156814575195
1530808968.6405513,4352,29.58893394470215
1530809048.6731834,4480,29.14628028869629
1530809128.7489984,4608,27.687480926513672
1530809273.851232,4736,26.659589767456055
1530809353.9651744,4864,26.99525260925293
1530809434.1818995,4992,25.014127731323242
1530809514.337239,5120,24.903898239135742
1530809659.3005784,5248,25.365737915039062
1530809739.4527729,5376,25.150981903076172
1530809819.6294067,5504,24.67628288269043
1530809899.6685257,5632,24.83064842224121
1530810044.1553109,5760,23.947202682495117
1530810124.3483791,5888,25.226232528686523
1530810204.4922643,6016,25.436107635498047
1530810284.6783123,6144,27.019006729125977
1530810430.312731,6272,26.5206356048584
1530810510.324716,6400,25.860092163085938
1530810590.6419067,6528,24.992353439331055
1530810670.7066011,6656,24.356874465942383
1530810815.828322,6784,24.820520401000977
1530810895.8995159,6912,25.21631622314453
1530810976.0871341,7040,24.882919311523438
1530811056.1281338,7168,25.486007690429688
1530811199.5321434,7296,25.79903793334961
1530811279.6498563,7424,25.007261276245117
1530811359.8312984,7552,24.49076271057129
1530811439.9074917,7680,26.15768814086914
1530811583.458659,7808,24.420684814453125
1530811663.6177094,7936,23.70081901550293
1530811743.7579043,8064,23.499004364013672
1530811823.9296699,8192,22.430606842041016
1530811968.2815897,8320,24.046764373779297
1530812048.3961759,8448,23.38435173034668
1530812128.5167868,8576,23.79971694946289
1530812208.5670931,8704,24.35508155822754
1530812353.846246,8832,23.95941162109375
1530812434.14835,8960,23.429828643798828
1530812514.2512562,9088,23.79935073852539
1530812594.5221434,9216,24.06489372253418
1530812738.307104,9344,24.345319747924805
1530812818.3530664,9472,23.40974235534668
1530812898.5340836,9600,23.796459197998047
1530812978.546514,9728,23.876888275146484
1530813123.438173,9856,23.636274337768555
1530813203.5290601,9984,23.357879638671875
1530813283.693021,10112,23.983694076538086
1530813363.7910686,10240,23.18174171447754
1530813509.6281135,10368,23.290637969970703
1530813589.8400726,10496,23.549354553222656
1530813669.9597523,10624,23.520233154296875
1530813750.2195377,10752,22.63215446472168
1530813894.6812944,10880,23.079195022583008
1530813975.0293293,11008,21.6855525970459
1530814055.2743986,11136,22.16271209716797
1530814135.4726286,11264,22.73548126220703
1530814279.4212086,11392,21.36277198791504
1530814359.6694613,11520,22.3497314453125
1530814439.9878075,11648,22.344425201416016
1530814520.0962164,11776,22.29594612121582
1530814663.527769,11904,22.456817626953125
1530814743.8913944,12032,21.700021743774414
1530814824.277196,12160,22.326459884643555
1530814904.5617566,12288,22.457120895385742
1530815049.334557,12416,21.41875457763672
1530815129.6549444,12544,21.822731018066406
1530815210.0737333,12672,21.383991241455078
1530815290.3156328,12800,21.774003982543945
1530815435.0072913,12928,21.826637268066406
1530815515.285622,13056,21.502273559570312
1530815595.571538,13184,21.95804786682129
1530815675.8483121,13312,21.2894287109375
1530815821.1627145,13440,20.41051483154297
1530815901.4597995,13568,21.051921844482422
1530815981.614137,13696,20.927703857421875
1530816061.8141963,13824,21.766185760498047
1530816206.8919182,13952,21.22748565673828
1530816287.2359674,14080,21.446287155151367
1530816367.4121652,14208,21.71998405456543
1530816447.708166,14336,21.567195892333984
1530816592.5552092,14464,21.92110824584961
1530816672.91126,14592,21.447439193725586
1530816753.2250187,14720,21.587833404541016
1530816833.5122075,14848,21.392099380493164
1530816979.8906558,14976,22.002580642700195
1530817060.243701,15104,21.829736709594727
1530817140.5381055,15232,21.895715713500977
1530817220.8158538,15360,21.913856506347656
1530817366.7416918,15488,21.44353675842285
1530817447.1474674,15616,22.165855407714844
1530817527.5981581,15744,21.797945022583008
1530817608.0477617,15872,21.5127010345459
1530817754.137222,16000,21.99656105041504
1530817834.6046093,16128,21.272109985351562
1530817914.926619,16256,22.25040626525879
1530817995.2100356,16384,22.63481903076172
1530818141.5740218,16512,22.09528350830078
1530818222.0823905,16640,22.473297119140625
1530818302.3522544,16768,21.74240493774414
1530818382.7565181,16896,23.028545379638672
1530818529.526695,17024,22.0898380279541
1530818609.9556773,17152,22.03921127319336
1530818690.4945738,17280,23.348920822143555
1530818770.9581952,17408,22.718294143676758
1530818917.9422388,17536,22.393301010131836
1530818998.402293,17664,22.275680541992188
1530819078.7375617,17792,22.744508743286133
1530819159.1093106,17920,22.88357162475586
1530819305.238877,18048,22.13564682006836
1530819385.6397734,18176,23.07370376586914
1530819466.1432524,18304,22.414220809936523
1530819546.4638433,18432,22.91941261291504
1530819694.0624623,18560,22.51245880126953
1530819774.3599515,18688,22.67990493774414
1530819854.8082979,18816,22.992835998535156
1530819935.286493,18944,23.01212501525879
1530820082.4633822,19072,22.679166793823242
1530820162.8158271,19200,21.973358154296875
1530820243.2438843,19328,21.390304565429688
1530820323.5670848,19456,21.35257911682129
1530820470.4161887,19584,22.327001571655273
1530820550.8369567,19712,21.836645126342773
1530820631.2419596,19840,21.85572052001953
1530820711.697151,19968,21.88533592224121
1530820859.111608,20096,22.205442428588867
1530820939.5306592,20224,22.176822662353516
1530821019.8527427,20352,22.07511329650879
1530821100.1218352,20480,22.114765167236328
1530821248.0257099,20608,22.286636352539062
1530821328.398968,20736,21.902259826660156
1530821408.8085537,20864,22.15105628967285
1530821488.9876053,20992,22.6984806060791
1530821636.0948489,21120,22.319917678833008
1530821716.4811063,21248,22.798269271850586
1530821796.9315255,21376,22.22906494140625
1530821877.2010834,21504,22.168127059936523
1530822025.1089725,21632,22.877588272094727
1530822105.5016022,21760,21.48187828063965
1530822185.8962827,21888,21.810354232788086
1530822266.0174615,22016,22.036359786987305
1530822412.086788,22144,22.35497283935547
1530822492.5340998,22272,21.859926223754883
1530822572.9233103,22400,21.92197036743164
1530822653.1083467,22528,21.715564727783203
1530822798.9459054,22656,21.052143096923828
1530822879.2922673,22784,21.557025909423828
1530822959.5954547,22912,21.462392807006836
1530823040.0303087,23040,21.387060165405273
1530823186.894398,23168,21.119884490966797
1530823267.4147434,23296,20.722537994384766
1530823347.8466115,23424,21.245433807373047
1530823428.1607573,23552,20.98012351989746
1530823575.461857,23680,21.030908584594727
1530823655.8649375,23808,20.6231746673584
1530823736.2885094,23936,21.004274368286133
1530823816.6582332,24064,21.839563369750977
1530823963.2015119,24192,21.53774642944336
1530824043.5673819,24320,21.036888122558594
1530824124.0881565,24448,20.693134307861328
1530824204.4618318,24576,21.33505630493164
1530824351.5206454,24704,21.136104583740234
1530824431.9706724,24832,22.045745849609375
1530824512.3557217,24960,21.007701873779297
1530824592.7184808,25088,21.92636489868164
1530824740.7178044,25216,21.93238639831543
1530824821.1435475,25344,20.550039291381836
1530824901.5295725,25472,21.464645385742188
1530824981.9412153,25600,21.509069442749023
1530825129.9893675,25728,21.010913848876953
1530825210.5056288,25856,21.599788665771484
1530825291.1133015,25984,21.281465530395508
1530825371.7101777,26112,21.14173126220703
1530825519.285332,26240,21.11912727355957
1530825599.84602,26368,20.868207931518555
1530825680.2805526,26496,20.820114135742188
1530825760.6239328,26624,20.95254898071289
1530825909.5433478,26752,20.824237823486328
1530825990.0507054,26880,20.36127281188965
1530826070.6743343,27008,20.930118560791016
1530826151.1892316,27136,20.53767204284668
1530826298.8395562,27264,21.638614654541016
1530826379.3597147,27392,21.04306411743164
1530826459.8163133,27520,20.81426239013672
1530826540.2281034,27648,20.721506118774414
1530826689.3439143,27776,20.6219539642334
1530826769.8116357,27904,20.733806610107422
1530826850.4790118,28032,21.224857330322266
1530826930.8709905,28160,21.420780181884766
1530827079.1269686,28288,21.03249168395996
1530827159.653166,28416,21.03603744506836
1530827240.095358,28544,21.455530166625977
1530827320.5589478,28672,21.104337692260742
1530827467.5524423,28800,21.842578887939453
1530827548.0529823,28928,21.127174377441406
1530827628.5143998,29056,20.213424682617188
1530827709.058112,29184,21.369064331054688
1530827858.0171254,29312,21.229860305786133
1530827938.464292,29440,21.608638763427734
1530828018.943608,29568,21.445449829101562
1530828099.5613952,29696,21.102109909057617
1530828247.9911997,29824,21.881153106689453
1530828328.5182056,29952,21.144569396972656
1530828409.0100849,30080,21.277935028076172
1530828489.5202637,30208,21.2615909576416
1530828637.5123067,30336,22.008188247680664
1530828717.9229887,30464,21.08742332458496
1530828798.477111,30592,21.654081344604492
1530828879.1250722,30720,21.893465042114258
1530829027.0260165,30848,21.401010513305664
1530829107.6322334,30976,21.519977569580078
1530829188.232712,31104,22.067289352416992
1530829268.8907204,31232,21.43099594116211
1530829417.4701176,31360,22.354434967041016
1530829497.912454,31488,21.897842407226562
1530829578.5980313,31616,21.389305114746094
1530829659.0298116,31744,22.028785705566406
1530829807.1874375,31872,21.508956909179688
1530829887.7086077,32000,22.28619384765625
1530829968.1406598,32128,21.650897979736328
1530830048.489535,32256,21.74265480041504
1530830195.7503538,32384,22.39454460144043
1530830276.2306256,32512,22.225854873657227
1530830356.6962872,32640,21.60029411315918
1530830436.9287002,32768,21.52838706970215
1530830587.1124227,32896,21.773784637451172
1530830667.483562,33024,23.86923599243164
1530830748.1196437,33152,21.460041046142578
1530830828.704974,33280,21.91678810119629
1530830976.2855117,33408,21.009801864624023
1530831056.5931766,33536,22.175907135009766
1530831137.1362185,33664,21.756235122680664
1530831217.7387002,33792,21.23014259338379
1530831366.0627568,33920,21.378297805786133
1530831446.7729802,34048,21.933124542236328
1530831527.553245,34176,21.617847442626953
1530831608.323255,34304,22.066892623901367
1530831756.9079573,34432,21.151317596435547
1530831837.6785538,34560,20.89148712158203
1530831918.4058063,34688,21.43839454650879
1530831999.017702,34816,21.488475799560547
1530832147.162124,34944,20.69318199157715
1530832227.6850693,35072,21.786975860595703
1530832308.2514844,35200,21.975563049316406
1530832388.7373927,35328,21.86467933654785
1530832536.9279606,35456,21.35248565673828
1530832617.558734,35584,21.804597854614258
1530832698.2886214,35712,21.030569076538086
1530832778.8482118,35840,21.695775985717773
1530832926.2853587,35968,21.57166290283203
1530833006.7534833,36096,20.974002838134766
1530833087.1743286,36224,21.347360610961914
1530833167.7320611,36352,21.533021926879883
1530833315.7123508,36480,22.044132232666016
1530833396.1593168,36608,21.882184982299805
1530833476.5499542,36736,21.663726806640625
1530833557.0266824,36864,21.133888244628906
1530833705.6303966,36992,22.38093376159668
1530833786.0378044,37120,21.55297088623047
1530833866.5630522,37248,22.312170028686523
1530833947.0373733,37376,22.615421295166016
1530834096.7866635,37504,21.283273696899414
1530834177.294591,37632,21.19496726989746
1530905383.2936301,38016,20.896108627319336
1530905463.2853837,38144,21.494813919067383
1530905543.3029404,38272,21.433658599853516
1530905623.087464,38400,21.489788055419922
1530905767.994372,38528,20.858566284179688
1530905848.053071,38656,20.64824867248535
1530905928.1050189,38784,21.178068161010742
1530906008.1804862,38912,21.53654670715332
1530906154.3746,39040,21.026958465576172
1530906234.678798,39168,20.937602996826172
1530906314.693357,39296,21.323762893676758
1530906394.7978036,39424,20.506114959716797
1530906538.2689188,39552,21.48889923095703
1530906618.2901022,39680,20.990009307861328
1530906698.530637,39808,20.959016799926758
1530906778.5817282,39936,20.920808792114258
1530906923.2765856,40064,21.573434829711914
1530907003.6592093,40192,21.716398239135742
1530907084.0472493,40320,21.633859634399414
1530907164.2470722,40448,21.661558151245117
1530907308.8256676,40576,21.269086837768555
1530907389.1362705,40704,21.571083068847656
1530907469.5108309,40832,21.452983856201172
1530907549.8180113,40960,21.2415828704834
1530907695.472771,41088,21.28139877319336
1530907775.6489758,41216,21.607444763183594
1530907855.8366537,41344,21.15239906311035
1530907936.0539875,41472,21.855350494384766
1530908082.7640557,41600,21.4085750579834
1530908163.0387678,41728,21.248010635375977
1530908243.3951316,41856,20.91145896911621
1530908323.6426773,41984,21.482603073120117
1530908469.0403216,42112,21.054370880126953
1530908549.2487,42240,20.982959747314453
1530908629.4015057,42368,21.427038192749023
1530908709.6042018,42496,21.421052932739258
1530908855.407646,42624,22.46030044555664
1530908935.723824,42752,21.42368507385254
1530909016.2060108,42880,21.211523056030273
1530909096.3354702,43008,20.934171676635742
1530909242.8917217,43136,21.106430053710938
1530909323.1777904,43264,22.785533905029297
1530909403.3857265,43392,21.59050941467285
1530909483.714457,43520,22.1583309173584
1530909629.4007473,43648,21.26078224182129
1530909709.5351157,43776,22.006736755371094
1530909790.0403569,43904,22.698970794677734
1530909870.3767347,44032,21.163482666015625
1530910016.1447072,44160,21.903614044189453
1530910096.5094016,44288,21.85567855834961
1530910176.8325968,44416,21.56324005126953
1530910257.1588662,44544,21.937911987304688
1530910403.35075,44672,20.958465576171875
1530910483.6633635,44800,22.033334732055664
1530910563.9936056,44928,21.367172241210938
1530910644.2187045,45056,21.76983642578125
1530910790.5065503,45184,21.328184127807617
1530910870.8371234,45312,21.53063201904297
1530910951.1993592,45440,21.031217575073242
1530911031.7666714,45568,21.271121978759766
1530911178.970939,45696,21.2574462890625
1530911259.3566544,45824,21.194164276123047
1530911339.7985814,45952,21.01310157775879
1530911420.1548865,46080,20.926349639892578
1530911566.545147,46208,20.96448516845703
1530911646.8090985,46336,20.661928176879883
1530911727.2249434,46464,20.700654983520508
1530911807.7194474,46592,19.4832820892334
1530911955.36582,46720,20.36571502685547
1530912035.8493748,46848,20.0965518951416
1530912116.340954,46976,19.78731346130371
1530912196.6930883,47104,19.9611759185791
1530912343.644865,47232,20.12588882446289
1530912424.0700262,47360,20.342926025390625
1530912504.6170194,47488,20.6054630279541
1530912584.9089334,47616,19.843481063842773
1530912731.5816176,47744,20.410964965820312
1530912812.114848,47872,20.677322387695312
1530912892.528009,48000,20.357120513916016
1530912972.9957902,48128,20.4964656829834
1530913121.183648,48256,21.243152618408203
1530913201.6909344,48384,20.4569149017334
1530913282.2336342,48512,20.89910125732422
1530913362.4997158,48640,20.581951141357422
1530913510.237981,48768,20.5469970703125
1530913590.8660526,48896,20.202678680419922
1530913671.3806126,49024,20.778606414794922
1530913751.8982296,49152,20.198261260986328
1530913897.9622836,49280,20.50759506225586
1530913978.7980287,49408,21.21813201904297
1530914059.2196395,49536,20.747697830200195
1530914139.7571003,49664,21.633743286132812
1530914285.98612,49792,20.302501678466797
1530914366.5336056,49920,20.690370559692383
1530914447.097844,50048,20.66215705871582
1530914527.5339184,50176,19.761493682861328
1530914673.4538548,50304,20.454486846923828
1530914753.9116113,50432,20.167213439941406
1530914834.607832,50560,20.571374893188477
1530914915.2258763,50688,20.35892105102539
1530915061.07615,50816,21.114892959594727
1530915141.6640804,50944,20.400802612304688
1530915222.330498,51072,20.591279983520508
1530915303.0200887,51200,20.94167709350586
1530915450.7445443,51328,20.47298812866211
1530915531.5566838,51456,20.392484664916992
1530915612.2708342,51584,20.866626739501953
1530915692.925142,51712,21.08425521850586
1530915840.485531,51840,20.638538360595703
1530915921.2047596,51968,20.594852447509766
1530916001.9217799,52096,20.794097900390625
1530916082.5837617,52224,20.39461326599121
1530916229.6021225,52352,21.499980926513672
1530916310.2762282,52480,20.152206420898438
1530916390.906128,52608,21.631589889526367
1530916471.4589832,52736,20.680097579956055
1530916619.1593897,52864,20.327054977416992
1530916699.8189676,52992,20.860328674316406
1530916780.6433263,53120,20.61827850341797
1530916861.280926,53248,20.478538513183594
1530917007.1971343,53376,21.953393936157227
1530917087.946848,53504,20.385684967041016
1530917168.8628647,53632,20.765687942504883
1530917249.503602,53760,21.151229858398438
1530917396.2265394,53888,21.507291793823242
1530917476.982212,54016,21.019275665283203
1530917557.8191621,54144,22.035470962524414
1530917638.5018754,54272,21.939956665039062
1530917786.836956,54400,21.561418533325195
1530917867.6903856,54528,21.454498291015625
1530917948.3358486,54656,21.57057762145996
1530918029.0178847,54784,21.571809768676758
1530918175.203219,54912,21.59142303466797
1530918256.0501838,55040,22.061674118041992
1530918336.761039,55168,21.230405807495117
1530918417.4963176,55296,21.55942153930664
1530918563.3257847,55424,21.057353973388672
1530918644.211276,55552,22.024673461914062
1530918725.0975173,55680,21.143787384033203
1530918805.7674332,55808,22.200109481811523
1530918952.644266,55936,22.205385208129883
1530919033.3467183,56064,21.586488723754883
1530919114.2732625,56192,22.330764770507812
1530919195.0878894,56320,22.59177017211914
1530919341.9058156,56448,22.353622436523438
1530919422.745492,56576,22.072677612304688
1530919503.3629298,56704,22.101064682006836
1530919584.1221097,56832,22.06596565246582
1530919731.730916,56960,21.82099723815918
1530919812.6255105,57088,22.980619430541992
1530919893.5013552,57216,23.666337966918945
1530919974.229485,57344,22.65286636352539
1530920121.5326042,57472,22.192893981933594
1530920202.3951426,57600,22.321468353271484
1530920283.3017855,57728,21.705324172973633
1530920363.8473666,57856,21.727025985717773
1530920511.4277177,57984,22.854326248168945
1530920592.1286821,58112,22.471342086791992
1530920672.881805,58240,21.97471809387207
1530920753.7423573,58368,23.709827423095703
1530920900.8167167,58496,24.372255325317383
1530920981.6935308,58624,23.552501678466797
1530921062.5268335,58752,22.30824089050293
1530921143.3103125,58880,21.964628219604492
1530921290.2744865,59008,22.656747817993164
1530921370.985461,59136,22.390357971191406
1530921451.7277422,59264,22.536792755126953
1530921532.429338,59392,21.979997634887695
1530921679.546291,59520,23.172534942626953
1530921760.3173509,59648,22.500497817993164
1530921840.9917314,59776,23.121286392211914
1530921921.7267342,59904,22.86993408203125
1530922068.7960613,60032,23.133838653564453
1530922149.526839,60160,22.996686935424805
1530922230.176845,60288,23.532386779785156
1530922311.005178,60416,23.251502990722656
1530922460.3242037,60544,22.68598747253418
1530922541.105122,60672,23.58281707763672
1530922621.8937109,60800,23.502836227416992
1530922702.6124308,60928,22.860645294189453
1530922850.8549032,61056,22.932735443115234
1530922931.5975943,61184,23.016984939575195
1530923012.3184083,61312,23.133798599243164
1530923093.0015156,61440,22.11665153503418
1530923240.9764233,61568,23.189918518066406
1530923321.7895882,61696,22.455644607543945
1530923402.5747757,61824,23.31340980529785
1530923483.3036191,61952,23.25088882446289
1530923630.3532484,62080,22.508480072021484
1530923711.164562,62208,23.236305236816406
1530923792.1001859,62336,23.535415649414062
1530923872.787504,62464,23.37080192565918
1530924020.563964,62592,22.938119888305664
1530924101.2671387,62720,22.729816436767578
1530924181.8291767,62848,24.055410385131836
1530924262.4304597,62976,23.744680404663086
1530924410.333061,63104,22.96564292907715
1530924491.14512,63232,22.997591018676758
1530924571.914701,63360,24.411680221557617
1530924652.61964,63488,23.934307098388672
1530924801.9173841,63616,24.35655403137207
1530924882.5998957,63744,24.791641235351562
1530924963.3136098,63872,24.625730514526367
1530925044.1979892,64000,24.011688232421875
1530925192.8950825,64128,23.615657806396484
1530925273.8435378,64256,25.409019470214844
1530925354.5061905,64384,23.864824295043945
1530925435.3347018,64512,23.70233917236328
1530925582.933408,64640,24.157878875732422
1530925663.6417732,64768,24.33022689819336
1530925744.5053668,64896,23.79477882385254
1530925825.2396848,65024,23.769392013549805
1530925975.7705472,65152,24.097671508789062
1530926056.5822322,65280,23.388978958129883
1530926137.3880773,65408,25.355751037597656
1530926218.226982,65536,23.87387466430664
1530926368.5684369,65664,23.711135864257812
1530926449.3001173,65792,24.154945373535156
1530926530.1401486,65920,23.668363571166992
1530926610.9379797,66048,23.826622009277344
1530926759.0846703,66176,23.918869018554688
1530926839.8562553,66304,22.422496795654297
1530926920.6644545,66432,23.791351318359375
1530927001.4895608,66560,24.202661514282227
1530927149.8412838,66688,23.455886840820312
1530927230.599074,66816,24.194543838500977
1530927311.444247,66944,23.12602424621582
1530927392.218587,67072,24.074970245361328
1530927540.449226,67200,24.20050048828125
1530927621.3663929,67328,24.579713821411133
1530927702.072206,67456,24.663888931274414
1530927782.8437564,67584,24.307395935058594
1530927932.9082391,67712,24.541492462158203
1530928013.6312387,67840,24.82870864868164
1530928094.3803296,67968,24.177248001098633
1530928175.1585362,68096,25.813091278076172
1530928324.877838,68224,24.56608772277832
1530928405.8074653,68352,23.766693115234375
1530928486.72146,68480,24.85755729675293
1530928567.5069516,68608,24.733858108520508
1530928715.3242066,68736,25.107908248901367
1530928795.890907,68864,25.213462829589844
1530928876.4334986,68992,24.546859741210938
1530928956.9539273,69120,24.193958282470703
1530929106.1450849,69248,24.442672729492188
1530929187.0537035,69376,24.93394660949707
1530929267.7115257,69504,25.215784072875977
1530929348.523372,69632,24.987131118774414
1530929497.8861284,69760,23.739551544189453
1530929578.7903168,69888,25.47702980041504
1530929659.486056,70016,24.486190795898438
1530929740.347669,70144,23.994840621948242
1530929889.1466815,70272,24.959136962890625
1530929970.065093,70400,24.63153648376465
1530930050.85085,70528,25.177852630615234
1530930131.7407098,70656,25.493553161621094
1530930280.7248142,70784,24.227310180664062
1530930361.5154362,70912,24.06532859802246
1530930442.3592813,71040,25.43286895751953
1530930523.1222274,71168,24.600360870361328
1530930672.0544858,71296,25.104217529296875
1530930752.8750277,71424,26.132360458374023
1530930833.646435,71552,25.1917781829834
1530930914.601278,71680,24.575571060180664
1530931064.6575334,71808,24.92639923095703
1530931145.4960063,71936,26.00419807434082
1530931226.4683926,72064,25.414180755615234
1530931307.4157445,72192,25.90671157836914
1530931456.7354383,72320,24.43891143798828
1530931537.2654526,72448,25.009885787963867
1530931618.07705,72576,25.413837432861328
1530931698.7094517,72704,26.17924690246582
1530931849.348229,72832,26.068679809570312
1530931930.3845913,72960,25.75571060180664
1530932011.328747,73088,26.066659927368164
1530932092.0939372,73216,25.409103393554688
1530932243.079595,73344,25.202558517456055
1530932324.0520353,73472,26.198137283325195
1530932404.8075979,73600,25.664432525634766
1530932485.645078,73728,26.77700424194336
1530932635.1944087,73856,25.596208572387695
1530932715.992186,73984,25.206308364868164
1530932796.9507282,74112,25.74655532836914
1530932877.7863941,74240,25.386699676513672
1530933028.7580826,74368,25.86968994140625
1530933109.3718276,74496,25.18212127685547
1530958015.4310718,74880,24.51034927368164
1530958095.2642722,75008,25.282142639160156
1530958176.7227066,75136,24.638206481933594
1530958258.1024582,75264,23.258319854736328
1530958404.027326,75392,23.71860122680664
1530958484.3757172,75520,22.691207885742188
1530958564.6305718,75648,22.997074127197266
1530958644.7108116,75776,23.30963897705078
1530958790.070387,75904,22.968582153320312
1530958870.3489542,76032,22.675498962402344
1530958950.5179393,76160,23.175756454467773
1530959030.685771,76288,22.98635482788086
1530959175.6915185,76416,22.76519775390625
1530959255.8213043,76544,23.33637809753418
1530959336.1011093,76672,22.759870529174805
1530959416.3767545,76800,23.377119064331055
1530959562.2179334,76928,23.158658981323242
1530959642.5528245,77056,23.27959442138672
1530959722.8319898,77184,24.51018524169922
1530959802.944063,77312,22.985767364501953
1530959948.8739097,77440,24.268096923828125
1530960029.062055,77568,23.000171661376953
1530960109.2358434,77696,22.836198806762695
1530960189.241371,77824,23.5428524017334
1530960335.3691678,77952,22.902929306030273
1530960415.7995024,78080,23.547204971313477
1530960495.965524,78208,22.800539016723633
1530960576.256391,78336,23.627544403076172
1530960722.2917852,78464,23.442840576171875
1530960802.4073453,78592,23.225173950195312
1530960882.4334147,78720,22.861684799194336
1530960962.6004262,78848,23.40013885498047
1530961108.585444,78976,23.82685661315918
1530961188.9883275,79104,23.500661849975586
1530961269.2260656,79232,23.423072814941406
1530961349.3226726,79360,23.555713653564453
1530961495.542484,79488,24.227012634277344
1530961575.9250252,79616,23.964401245117188
1530961656.308112,79744,23.13829231262207
1530961736.7104406,79872,23.70913314819336
1530961882.6966906,80000,23.4624080657959
1530961962.9226844,80128,24.05350112915039
1530962042.9936464,80256,24.82008934020996
1530962123.1529233,80384,23.290998458862305
1530962269.9703834,80512,23.420101165771484
1530962350.1743562,80640,23.78034019470215
1530962430.01967,80768,24.3062744140625
1530962510.2159855,80896,24.10753059387207
1530962657.3061333,81024,24.60845184326172
1530962737.3144603,81152,23.63330078125
1530962817.3593023,81280,23.663347244262695
1530962897.4055703,81408,24.403785705566406
1530963042.457899,81536,23.50074005126953
1530963122.5140953,81664,24.77824592590332
1530963202.6186235,81792,23.85271453857422
1530963282.626183,81920,23.98189353942871
1530963429.9052496,82048,23.90553855895996
1530963509.9039237,82176,24.23890495300293
1530963590.0673172,82304,24.04555892944336
1530963670.0847108,82432,24.281042098999023
1530963815.4832885,82560,23.848426818847656
1530963895.7834668,82688,23.888975143432617
1530963975.9772866,82816,24.59218978881836
1530964056.17229,82944,24.399885177612305
1530964202.3776233,83072,24.58965301513672
1530964282.689398,83200,23.92233657836914
1530964362.9267745,83328,24.99872398376465
1530964443.2299657,83456,26.297252655029297
1530964589.4148264,83584,25.25400161743164
1530964669.7124176,83712,24.54151153564453
1530964750.1269124,83840,24.828407287597656
1530964830.3026657,83968,25.248868942260742
1530964976.6913958,84096,24.60243034362793
1530965056.9945443,84224,24.528079986572266
1530965137.2985613,84352,25.18993377685547
1530965217.4588013,84480,25.569292068481445
1530965362.989796,84608,25.188934326171875
1530965443.3001819,84736,24.98221778869629
1530965523.496368,84864,25.458351135253906
1530965603.653318,84992,26.09819793701172
1530965749.7782674,85120,25.829875946044922
1530965829.9374883,85248,25.469911575317383
1530965910.0792675,85376,25.582504272460938
1530967659.5304604,85632,25.402259826660156
1530967738.9701014,85760,25.917232513427734
1530967820.1892765,85888,25.110010147094727
1530967901.6996124,86016,25.22389793395996
1530968048.7904189,86144,25.152259826660156
1530968128.9346888,86272,25.190885543823242
1530968208.977163,86400,25.26194190979004
1530968289.1934144,86528,26.82404899597168
1530968434.8612099,86656,24.33462142944336
1530968514.977835,86784,25.669448852539062
1530968594.9064503,86912,26.50998306274414
1530968674.8193698,87040,25.5991268157959
1530968819.2529445,87168,25.743072509765625
1530968899.1068628,87296,24.899377822875977
1530968979.2694528,87424,25.136844635009766
1530969059.3707604,87552,25.797550201416016
1530969204.4793756,87680,25.65571403503418
1530969284.5836775,87808,25.385128021240234
1530969364.6557705,87936,26.0548152923584
1530969444.7022598,88064,24.596420288085938
1530969590.054801,88192,24.886619567871094
1530969670.2245247,88320,24.897842407226562
1530969750.3814323,88448,24.945741653442383
1530969830.2773287,88576,24.956462860107422
1530969974.7162213,88704,25.056453704833984
1530970054.8392801,88832,25.133663177490234
1530970134.9053006,88960,24.64046287536621
1530970214.818542,89088,25.893342971801758
1530970360.1596122,89216,25.38518524169922
1530970440.1144478,89344,25.080129623413086
1530970520.2118511,89472,24.914745330810547
1530970600.218605,89600,25.241548538208008
1530970747.2011425,89728,24.775863647460938
1530970827.2364392,89856,26.251768112182617
1530970907.3102622,89984,25.059635162353516
1530970987.4343061,90112,25.946395874023438
1530971132.1814945,90240,25.424219131469727
1530971212.4106967,90368,25.593151092529297
1530971292.566406,90496,25.31304168701172
1530971372.7177093,90624,25.954801559448242
1530971517.0416346,90752,25.353670120239258
1530971597.2158978,90880,26.48861312866211
1530971677.3524072,91008,25.613765716552734
1530971757.3275733,91136,26.05280303955078
1530971902.3716292,91264,26.193044662475586
1530971982.4396842,91392,25.97831916809082
1530972062.7154403,91520,26.282489776611328
1530972142.7488,91648,26.751279830932617
1530972288.4975646,91776,26.920869827270508
1530972368.7148716,91904,26.619977951049805
1530972448.9839325,92032,25.396989822387695
1530972529.1651325,92160,26.346817016601562
1530972674.3099027,92288,25.830097198486328
1530972754.5285926,92416,25.865978240966797
1530972834.7213573,92544,25.389873504638672
1530972914.7775228,92672,25.595722198486328
1530973060.0634334,92800,25.593679428100586
1530973140.311235,92928,25.70766258239746
1530973220.5581245,93056,25.777061462402344
1530973300.8372922,93184,26.28656005859375
1530973446.5581906,93312,24.803335189819336
1530973526.5565188,93440,25.78927993774414
1530973606.6772552,93568,26.477651596069336
1530973686.7820187,93696,25.166444778442383
1530973833.5219297,93824,25.993453979492188
1530973913.71192,93952,25.135326385498047
1530973993.8188477,94080,24.759897232055664
1530974073.9387145,94208,26.547353744506836
1530974220.1022289,94336,25.9362735748291
1530974300.1617186,94464,24.99762535095215
1530974380.328815,94592,27.316936492919922
1530974460.3389666,94720,25.734230041503906
1530974606.3062332,94848,25.334150314331055
1530974686.5983882,94976,26.02174186706543
1530974766.8354638,95104,25.984203338623047
1530974847.1239696,95232,25.763072967529297
1530974994.7305593,95360,25.83931541442871
1530975075.0303144,95488,25.774839401245117
1530975155.503101,95616,26.976255416870117
1530975235.8961248,95744,26.23774528503418
1530975381.7130454,95872,25.190885543823242
1530975462.143765,96000,24.921354293823242
1530975542.4393175,96128,25.472898483276367
1530975622.8326972,96256,24.891294479370117
1530975769.1946554,96384,24.982563018798828
1530975849.6125731,96512,25.053512573242188
1530975929.9855127,96640,24.76204490661621
1530976010.3637211,96768,25.08806037902832
1530976158.0520067,96896,25.89220428466797
1530976238.4199646,97024,24.560771942138672
1530976318.6878657,97152,25.10409927368164
1530976399.1545506,97280,25.441020965576172
1530976545.7974327,97408,26.08763885498047
1530976626.0669749,97536,25.066478729248047
