wall_time,step,value
1530834815.367672,512,0.43849971890449524
1530835267.58615,1024,0.372517466545105
1530977163.189283,2048,0.29136255383491516
1530977605.7311823,2560,0.2631620764732361
1530978045.6076775,3072,0.24514605104923248
1530978486.632033,3584,0.22937725484371185
1530978928.463965,4096,0.21860595047473907
1530979368.8533099,4608,0.20450334250926971
1530979811.2212217,5120,0.1914241760969162
1530980252.738153,5632,0.19043457508087158
1530980692.5193584,6144,0.18566641211509705
1530981135.2467294,6656,0.18287809193134308
1530981578.3386602,7168,0.17413976788520813
1530982019.8457255,7680,0.17131224274635315
1530982461.7615638,8192,0.17078138887882233
1530982902.750066,8704,0.16281422972679138
1530983345.1309602,9216,0.1649690866470337
1530983786.3164988,9728,0.15786418318748474
1530984228.619729,10240,0.15801532566547394
1530984671.3555806,10752,0.1570284217596054
1530985112.6964118,11264,0.1562017798423767
1530985554.8041897,11776,0.14663071930408478
1530985995.5301793,12288,0.15079796314239502
1530986436.726813,12800,0.14754104614257812
1530986878.7537856,13312,0.1480632722377777
1530987320.611002,13824,0.14358891546726227
1530987760.8703535,14336,0.13877013325691223
1530988201.4964871,14848,0.13817012310028076
1530988643.7185905,15360,0.13259948790073395
1530989085.726924,15872,0.13606847822666168
1530989526.8918324,16384,0.1351369321346283
1530989967.2380347,16896,0.1320352554321289
1530990408.1570294,17408,0.1304793506860733
1530990849.8518827,17920,0.13248367607593536
1530991289.5313172,18432,0.12637001276016235
1530991730.06767,18944,0.1267378330230713
1530992171.104978,19456,0.1224379688501358
1530992613.2735422,19968,0.12107482552528381
1530993057.1239038,20480,0.12029619514942169
1530993499.715799,20992,0.12158767879009247
1530993942.2358665,21504,0.11827712506055832
1530994386.3197625,22016,0.11772944033145905
1530994828.9552255,22528,0.11757025867700577
1530995270.9602618,23040,0.11549217253923416
1530995711.1798344,23552,0.11273465305566788
1530996152.4297397,24064,0.11097285896539688
1530996595.413806,24576,0.11007783561944962
1530997038.449009,25088,0.11088332533836365
1530997479.7341979,25600,0.11058346182107925
1530997920.7750695,26112,0.10731567442417145
1530998362.0524583,26624,0.10574400424957275
1530998803.3980896,27136,0.10267061740159988
1530999244.99528,27648,0.10669031739234924
1530999687.7605798,28160,0.1037721186876297
1531000130.6235113,28672,0.1029585748910904
1531000574.0010698,29184,0.10306218266487122
1531001018.7462883,29696,0.10670961439609528
1531001461.3952649,30208,0.10161099582910538
1531001904.642225,30720,0.10026504099369049
1531002348.2238295,31232,0.09963612258434296
1531002793.1413493,31744,0.10075708478689194
1531003236.7230437,32256,0.10309190303087234
1531003680.7619176,32768,0.09616197645664215
1531004123.1189365,33280,0.09824766963720322
1531004566.9892807,33792,0.10019519925117493
1531005014.0978198,34304,0.0955650582909584
1531005458.379575,34816,0.09694411605596542
1531005903.203947,35328,0.09625691175460815
1531006348.8237007,35840,0.0950203388929367
1531006794.5204344,36352,0.09203340113162994
1531007239.9982295,36864,0.09384550154209137
1531007683.053836,37376,0.09645108878612518
1531008129.4400086,37888,0.0964251458644867
1531008575.759076,38400,0.09625647962093353
1531009022.1637223,38912,0.09335829317569733
1531137229.5831957,39936,0.09218641370534897
1531137667.549741,40448,0.09260033071041107
1531138105.515267,40960,0.09091588109731674
1531138544.1333752,41472,0.08972876518964767
1531138982.9777176,41984,0.08694537729024887
1531139421.3241863,42496,0.08935065567493439
1531139860.0891218,43008,0.09052029997110367
1531140298.9681146,43520,0.08844146132469177
1531140738.3638105,44032,0.087828129529953
1531141178.5465686,44544,0.08430908620357513
1531141617.4263175,45056,0.0891277864575386
1531142057.537178,45568,0.09074092656373978
1531142496.6355755,46080,0.0877288207411766
1531142935.5028198,46592,0.08602922409772873
1531143375.725456,47104,0.08527311682701111
1531143816.8284943,47616,0.08250772207975388
1531144256.9608743,48128,0.08577657490968704
1531149023.5883582,49152,0.08818455040454865
1531149464.270162,49664,0.08760113269090652
1531149904.5028203,50176,0.08291716128587723
1531150345.1726618,50688,0.08407225459814072
1531150786.6950822,51200,0.08253073692321777
1531151227.012981,51712,0.0840320810675621
1531151667.636808,52224,0.08261915296316147
1531152108.7192478,52736,0.0828060582280159
1531152548.9088879,53248,0.08145163953304291
1531152990.2382324,53760,0.08116916567087173
1531153430.5475526,54272,0.08477388322353363
1531153871.5601788,54784,0.08238979429006577
1531154313.4049506,55296,0.08052701503038406
1531154754.403926,55808,0.08202621340751648
1531155197.3204103,56320,0.08192414790391922
1531155637.5926359,56832,0.08026520907878876
1531156080.6004024,57344,0.08119998872280121
1531156524.5564537,57856,0.08379536867141724
1531156967.1006067,58368,0.08333577960729599
1531157409.8709779,58880,0.08298767358064651
1531157852.112406,59392,0.08195634186267853
1531158296.1149483,59904,0.07913970202207565
1531158739.4780898,60416,0.08268581330776215
1531159183.3901093,60928,0.0797371193766594
1531159626.835885,61440,0.0796966478228569
1531160070.1835346,61952,0.07652977108955383
1531160514.5752466,62464,0.07944265753030777
1531160959.1055174,62976,0.0793384537100792
1531161404.3460124,63488,0.0787806287407875
1531161848.2852554,64000,0.07790028303861618
1531162291.6158555,64512,0.07611875981092453
1531162736.3093653,65024,0.07617177814245224
1531163179.9611773,65536,0.07475069165229797
1531163623.7659132,66048,0.07626637816429138
1531164069.4800394,66560,0.07655869424343109
1531164513.6897702,67072,0.07385773956775665
1531164957.9234166,67584,0.07297898828983307
1531165401.8340821,68096,0.07395731657743454
1531165845.6194592,68608,0.07616880536079407
1531166289.6250815,69120,0.07442202419042587
1531166733.692509,69632,0.07651714980602264
1531167178.5452213,70144,0.07464584708213806
1531167622.8229525,70656,0.07340669631958008
1531168067.793505,71168,0.07620906084775925
1531168513.3823228,71680,0.0738956481218338
1531168957.4659755,72192,0.07350119203329086
1531169401.884011,72704,0.07346577942371368
1531169846.636765,73216,0.0733584314584732
1531170291.4296043,73728,0.07205270230770111
1531170736.3673918,74240,0.07421567291021347
1531171181.141204,74752,0.07596743106842041
1531171626.2103286,75264,0.07337038964033127
1531172071.8374872,75776,0.07543409615755081
1531172517.11506,76288,0.07529878616333008
1531172963.7783644,76800,0.07010524719953537
1531173409.448581,77312,0.07451635599136353
1531173856.156594,77824,0.07141979783773422
1531174302.5813556,78336,0.07145094871520996
1531174748.555853,78848,0.07195928692817688
1531175194.7288098,79360,0.07186947017908096
1531175642.4572864,79872,0.07215602695941925
1531176089.8553658,80384,0.07249359041452408
1531176536.4503314,80896,0.07068467885255814
1531176983.525121,81408,0.0727059468626976
1531177430.6662197,81920,0.0727422684431076
1531177875.8080933,82432,0.07088810205459595
1531178323.1823032,82944,0.06921878457069397
1531178771.4593914,83456,0.07063095271587372
1531179218.3723104,83968,0.07233141362667084
1531179664.1681058,84480,0.07034562528133392
1531180110.7915127,84992,0.0717456266283989
1531180558.8493924,85504,0.07102787494659424
1531181007.9724517,86016,0.07105782628059387
1531226666.854459,87040,0.07039615511894226
1531227106.899639,87552,0.07027274370193481
1531227548.0014307,88064,0.07096181064844131
1531227985.202518,88576,0.07013286650180817
1531228425.083077,89088,0.07100237905979156
1531228865.862537,89600,0.07126259803771973
1531229304.8551667,90112,0.07035691291093826
1531229744.466147,90624,0.07242116332054138
1531230183.7429566,91136,0.06963397562503815
1531230624.0656075,91648,0.06874869763851166
1531231064.8223557,92160,0.06961537897586823
1531237998.7714689,93184,0.06927455961704254
1531238437.345756,93696,0.07026689499616623
1531238877.599336,94208,0.07001355290412903
1531239315.3502376,94720,0.06606096774339676
1531239753.814489,95232,0.06791947036981583
1531240193.3663027,95744,0.07120323181152344
1531240632.529049,96256,0.06631658971309662
1531241072.7383916,96768,0.0688733458518982
1531241511.2994902,97280,0.06869381666183472
