wall_time,step,value
1530532661.1769357,512,0.46065205335617065
1530532856.8213606,1024,0.39681777358055115
1530533049.9535348,1536,0.46388670802116394
1530533242.9335706,2048,0.4918743073940277
1530533437.2839382,2560,0.47122058272361755
1530533632.0412338,3072,0.40559473633766174
1530533828.949524,3584,0.3439980447292328
1530534024.3602297,4096,0.36195841431617737
1530534222.1905143,4608,0.3343123197555542
1530534418.6987484,5120,0.33867040276527405
1530534615.277205,5632,0.340924471616745
1530534812.1461725,6144,0.32913145422935486
1530535008.9622414,6656,0.3333461284637451
1530535205.3937635,7168,0.327945351600647
1530535402.0147903,7680,0.31605398654937744
1530535599.8484104,8192,0.29610157012939453
1530535798.354337,8704,0.29857730865478516
1530535995.0460215,9216,0.2797926664352417
1530536192.3334093,9728,0.28744420409202576
1530536388.9002264,10240,0.2839698791503906
1530536585.5819235,10752,0.2799021601676941
1530536783.011166,11264,0.2785082161426544
1530536980.9806628,11776,0.26813215017318726
1530537178.4039629,12288,0.2801252007484436
1530537377.0086246,12800,0.2839980125427246
1530537575.2900724,13312,0.2666977345943451
1530537774.3132915,13824,0.2753615379333496
1530537971.6000693,14336,0.284917950630188
1530538169.720398,14848,0.27001091837882996
1530538367.0920982,15360,0.27540528774261475
1530538564.7792704,15872,0.2738654315471649
1530538761.6220844,16384,0.2890946865081787
1530538959.1364279,16896,0.284201979637146
1530539157.1255684,17408,0.27847936749458313
1530539355.3893383,17920,0.27740034461021423
1530539553.458062,18432,0.28258445858955383
1530539750.9276288,18944,0.29636064171791077
1530539948.776753,19456,0.28992539644241333
1530540147.3070965,19968,0.2910600006580353
1530540345.675602,20480,0.2940913140773773
1530540543.4648168,20992,0.28896087408065796
1530540742.448534,21504,0.2760448753833771
1530540940.4608247,22016,0.2784944474697113
1530541140.86477,22528,0.285823792219162
1530541339.1481974,23040,0.2958572506904602
1530541538.109118,23552,0.2839391529560089
1530541737.7893815,24064,0.2585009038448334
1530541938.7989028,24576,0.26463785767555237
1530542137.4089448,25088,0.26828446984291077
1530542335.5208848,25600,0.27077266573905945
1530542534.864392,26112,0.26678267121315
1530542734.1327322,26624,0.25611355900764465
1530542932.8862805,27136,0.2641788125038147
1530543132.51672,27648,0.25754842162132263
1530543333.1756234,28160,0.26677951216697693
1530543531.6374693,28672,0.2661283612251282
1530543731.231598,29184,0.2660883367061615
1530543932.147553,29696,0.2724738121032715
1530544133.4568546,30208,0.2760588824748993
1530544332.7159967,30720,0.2638643682003021
1530544532.3541417,31232,0.27226290106773376
1530544733.8766706,31744,0.272929847240448
1530544933.862187,32256,0.28261032700538635
1530545133.7066574,32768,0.2722988724708557
1530545333.8793852,33280,0.24528710544109344
1530545534.1869998,33792,0.24997296929359436
1530545734.5442681,34304,0.2527211904525757
1530545935.3813586,34816,0.2598927915096283
1530546134.7194088,35328,0.27307701110839844
1530546336.8361425,35840,0.28290942311286926
1530546536.6128812,36352,0.2798879146575928
1530546737.4722242,36864,0.27204710245132446
1530546938.0261087,37376,0.2809477150440216
1530547139.6561694,37888,0.2873353064060211
1530547340.860374,38400,0.31544697284698486
1530620365.5659225,39424,0.30574092268943787
1530620560.4649494,39936,0.3044881820678711
1530620757.5461893,40448,0.3052436411380768
1530620952.6516984,40960,0.28527340292930603
1530621149.727964,41472,0.2906259000301361
1530621345.606759,41984,0.2839082181453705
1530621541.6049316,42496,0.2969861924648285
1530621738.6785824,43008,0.2857322692871094
1530621935.458547,43520,0.2890790104866028
1530622132.2302642,44032,0.2804776430130005
1530622328.7338662,44544,0.2680712044239044
1530622523.9270325,45056,0.26351118087768555
1530622720.3755999,45568,0.26079460978507996
1530622918.385117,46080,0.24591970443725586
1530623114.9966846,46592,0.2530343234539032
1530636788.8153858,47616,0.24093657732009888
1530636986.9775753,48128,0.26169490814208984
1530637183.8141398,48640,0.26450973749160767
1530637380.6365197,49152,0.2538147270679474
1530637577.879592,49664,0.24838627874851227
1530637774.1245697,50176,0.2507006525993347
1530637971.2303965,50688,0.254387766122818
1530638168.1499426,51200,0.25657379627227783
1530638365.3322258,51712,0.24543535709381104
1530638562.4770048,52224,0.2539020776748657
1530638759.8025873,52736,0.24369774758815765
1530638956.9147925,53248,0.24151740968227386
1530639154.3021276,53760,0.24996939301490784
1530639351.2835703,54272,0.237803652882576
1530639548.065127,54784,0.24344418942928314
1530639745.6880262,55296,0.23163534700870514
1530639942.2660303,55808,0.24223659932613373
1530640138.8726194,56320,0.24603262543678284
1530640336.0279558,56832,0.2559744417667389
1530640533.6790442,57344,0.24657031893730164
1530640731.4566936,57856,0.259684681892395
1530640928.1244779,58368,0.26519736647605896
1530641126.1481164,58880,0.26729413866996765
1530641324.4167156,59392,0.25928226113319397
1530641522.4333003,59904,0.26488354802131653
1530641720.6877446,60416,0.26118355989456177
1530641919.7232034,60928,0.25740668177604675
1530642118.8502715,61440,0.24477335810661316
1530642318.219968,61952,0.2549455463886261
1530642516.7830815,62464,0.25556817650794983
1530642715.890679,62976,0.25000855326652527
1530642915.2408543,63488,0.24628856778144836
1530643113.365943,64000,0.24151164293289185
1530643313.5035515,64512,0.24337145686149597
1530643512.2598822,65024,0.2526851296424866
1530643711.2922077,65536,0.2586454451084137
1530643909.717128,66048,0.24137696623802185
1530644107.7203853,66560,0.2474561482667923
1530644305.837661,67072,0.2386227399110794
1530644506.0005352,67584,0.2599545121192932
1530644704.9749627,68096,0.2654256820678711
1530644904.4326909,68608,0.27440500259399414
1530645104.862529,69120,0.2635619342327118
1530645305.7872422,69632,0.2481594979763031
1530645505.3577871,70144,0.26249492168426514
1530645704.2356992,70656,0.26397547125816345
1530645903.2307065,71168,0.2624339461326599
1530646102.181273,71680,0.2556057572364807
1530646301.374044,72192,0.25181320309638977
1530646502.2977524,72704,0.26548686623573303
1530646702.1708975,73216,0.2781791687011719
1530646902.6808503,73728,0.26882582902908325
1530647103.671826,74240,0.2693416178226471
1530647303.2847936,74752,0.2804042398929596
1530647501.8649383,75264,0.2803722023963928
1530647701.8794267,75776,0.2685055136680603
1530647901.8757894,76288,0.25995534658432007
1530648102.7133372,76800,0.2658495604991913
1530648301.9658978,77312,0.27327993512153625
1530648501.7560859,77824,0.2761942446231842
1530648701.7880826,78336,0.2826384902000427
1530648901.4318497,78848,0.2877362072467804
1530649103.072848,79360,0.27436915040016174
1530649303.798372,79872,0.2694200277328491
1530649504.2384267,80384,0.27006590366363525
1530649705.1287043,80896,0.26713672280311584
1530649906.726378,81408,0.2589065134525299
1530650107.920086,81920,0.2584369480609894
1530650308.5048053,82432,0.2611770033836365
1530650509.2661211,82944,0.2560250461101532
1530650711.3404593,83456,0.2601906955242157
1530650911.7376862,83968,0.2628229558467865
1530651112.3624141,84480,0.2575627863407135
1530651314.2184107,84992,0.25343796610832214
1530651517.2983477,85504,0.24519312381744385
1530707823.7293873,86528,0.2601155638694763
1530708019.1862664,87040,0.2765745222568512
1530708215.6215842,87552,0.27098140120506287
1530708411.8241985,88064,0.2613963782787323
1530708608.1779377,88576,0.26027607917785645
1530708805.4594598,89088,0.2745622992515564
1530709002.4278984,89600,0.27654871344566345
1530709198.8378716,90112,0.26545509696006775
1530709395.345727,90624,0.27370715141296387
1530709593.6825473,91136,0.27845633029937744
1530709789.8748412,91648,0.26066258549690247
1530709986.1101243,92160,0.2767413854598999
1530710183.3820944,92672,0.2699596583843231
1530710381.1533794,93184,0.2685713768005371
1530710579.3005846,93696,0.2731374502182007
1530710775.7979457,94208,0.25577500462532043
1530710972.0215435,94720,0.26470211148262024
1530711169.9998026,95232,0.26908785104751587
1530711366.9780023,95744,0.27451837062835693
1530711563.572188,96256,0.26932185888290405
1530711759.9192302,96768,0.28045135736465454
1530711956.6361897,97280,0.27637606859207153
