wall_time,step,value
1530436212.0309527,128,-66.59774780273438
1530436252.3879385,256,-29.002788543701172
1530436292.717279,384,-19.802595138549805
1530436333.0848026,512,-21.196741104125977
1530436425.3996773,640,-8.09459400177002
1530436465.7672248,768,-8.820755004882812
1530436506.1216097,896,-3.333892822265625
1530436546.4474294,1024,-4.3580427169799805
1530436639.0141292,1152,-2.8722305297851562
1530436679.3908293,1280,-3.4915049076080322
1530436719.716086,1408,-2.88350510597229
1530436760.0269325,1536,-1.337472677230835
1530436852.4353158,1664,-3.116074800491333
1530436892.7993205,1792,-3.440361499786377
1530436933.202872,1920,-0.9544680118560791
1530436973.582512,2048,-1.9724222421646118
1530437066.0112686,2176,-3.484132766723633
1530437106.3973403,2304,-0.394665002822876
1530437146.7584627,2432,-3.0979561805725098
1530437187.1496224,2560,-2.9644412994384766
1530437279.8731666,2688,-4.56127405166626
1530437320.232808,2816,-3.012652635574341
1530437360.57441,2944,-1.1463676691055298
1530437400.9219327,3072,-3.1418333053588867
1530437493.6315753,3200,-3.7966647148132324
1530437533.9330752,3328,-4.07875919342041
1530437574.2445798,3456,-1.3689262866973877
1530437614.5608866,3584,-3.400752067565918
1530437707.6837053,3712,-2.096405506134033
1530437748.0179226,3840,-2.307800054550171
1530437788.364279,3968,-1.0902903079986572
1530437828.6227887,4096,-1.4241243600845337
1530437922.3293653,4224,-0.9384286999702454
1530437962.747761,4352,-1.3633943796157837
1530438003.0721188,4480,-2.2337210178375244
1530438043.4278734,4608,-1.8363277912139893
1530438136.6646404,4736,-1.752961277961731
1530438177.0229115,4864,-2.675311803817749
1530438217.3702142,4992,-2.0465168952941895
1530438257.7481241,5120,-1.4922999143600464
1530438349.9597833,5248,-1.4389210939407349
1530438390.3935122,5376,-1.9148906469345093
1530438430.8745844,5504,-1.466338872909546
1530438471.296638,5632,-1.3774871826171875
1530438565.4122117,5760,-0.8381860852241516
1530438605.8875477,5888,-1.115692377090454
1530438646.2858145,6016,-0.7585048675537109
1530438686.7467244,6144,-1.475878357887268
1530438779.4094195,6272,-1.1939846277236938
1530438819.8659546,6400,-1.8968292474746704
1530438860.3274555,6528,-1.8339567184448242
1530438900.8079195,6656,-1.4350347518920898
1530438993.2096677,6784,-1.7688608169555664
1530439033.6628857,6912,-1.6526082754135132
1530439074.119084,7040,-1.0171416997909546
1530439114.6688952,7168,-1.4040855169296265
1530439206.2523606,7296,-0.582265317440033
1530439246.7346087,7424,-1.931021809577942
1530439287.235001,7552,-1.305193305015564
1530439327.625868,7680,-1.4868146181106567
1530439420.475191,7808,-0.4134480357170105
1530439460.953945,7936,-1.0928730964660645
1530439501.4465072,8064,-0.9713724255561829
1530439541.910836,8192,-1.4074461460113525
1530439634.5481663,8320,-1.002854585647583
1530439674.9586868,8448,-2.0852644443511963
1530439715.3527951,8576,-1.369403600692749
1530439755.7947712,8704,-1.4191429615020752
1530439849.0794957,8832,-1.891857385635376
1530439889.3928547,8960,-1.4731553792953491
1530439929.7883797,9088,-1.2556815147399902
1530439970.1935244,9216,-1.6324628591537476
1530440062.3529558,9344,-1.7457447052001953
1530440102.739626,9472,-1.1317166090011597
1530440143.2001126,9600,-1.3099991083145142
1530440183.5945067,9728,-1.2561030387878418
1530440276.5196004,9856,-1.4442166090011597
1530440316.8296983,9984,-1.2303128242492676
1530440357.193528,10112,-1.439658761024475
1530440397.6063538,10240,-1.7125260829925537
1530440489.7633872,10368,-2.5320208072662354
1530440530.0860267,10496,-2.3103487491607666
1530440570.473443,10624,-0.6139653921127319
1530440610.9034154,10752,-1.2274787425994873
1530440703.5729952,10880,-1.043308138847351
1530440744.098844,11008,-2.398423194885254
1530440784.5897295,11136,-1.1187264919281006
1530440825.1142342,11264,-2.0835533142089844
1530440917.2207203,11392,-1.2837116718292236
1530440957.7184832,11520,-1.1383860111236572
1530440998.1820025,11648,-1.2639349699020386
1530441038.6555636,11776,-1.597241997718811
1530441132.7860446,11904,-0.9921419620513916
1530441173.2872622,12032,-1.9124921560287476
1530441213.8027952,12160,-1.523875117301941
1530441254.2833855,12288,-0.5746870636940002
1530441347.5514486,12416,-1.3672282695770264
1530441387.9580805,12544,-2.197146415710449
1530441428.468735,12672,-1.4105156660079956
1530441469.0124836,12800,-1.4410498142242432
1530441561.7737286,12928,-1.3360538482666016
1530441602.312083,13056,-1.463025450706482
1530441642.8230412,13184,-1.4990907907485962
1530441683.3316712,13312,-1.194583535194397
1530441776.3795748,13440,-2.2307209968566895
1530441816.8488407,13568,-2.180675983428955
1530441857.3748884,13696,-1.5977368354797363
1530441897.841143,13824,-1.9052095413208008
1530441990.6724966,13952,-0.8904920220375061
1530442031.1102998,14080,-1.7064247131347656
1530442071.6421778,14208,-1.131771206855774
1530442112.1334772,14336,-1.1189472675323486
1530442205.1838555,14464,-0.857600212097168
1530442245.708718,14592,-2.215562343597412
1530442286.1753616,14720,-0.7819904685020447
1530442326.6929095,14848,-1.3576430082321167
1530442419.8293386,14976,-1.3388899564743042
1530442460.3489106,15104,-1.9119409322738647
1530442500.8416219,15232,-0.31610167026519775
1530442541.3223846,15360,-0.8369361758232117
1530442634.844306,15488,-1.1735358238220215
1530442675.3300128,15616,-0.3101467192173004
1530442715.8260586,15744,-1.218531608581543
1530442756.3161685,15872,-1.3708033561706543
1530442848.7632504,16000,-2.115406036376953
1530442889.1950903,16128,-0.9189909100532532
1530442929.6705244,16256,-1.2366063594818115
1530442970.1486046,16384,-0.6270206570625305
1530443062.5822093,16512,-1.3343274593353271
1530443103.0811424,16640,-1.3834996223449707
1530443143.5378242,16768,-0.7835801243782043
1530443183.9689002,16896,-0.6914095282554626
1530443276.9776266,17024,-0.47277969121932983
1530443317.4905427,17152,-1.0425704717636108
1530443358.0087304,17280,-1.5730326175689697
1530443398.4557614,17408,-0.7872801423072815
1530443491.4092987,17536,-1.1658514738082886
1530443531.8636572,17664,-0.8539021611213684
1530443572.3518538,17792,-1.2619537115097046
1530443612.7996237,17920,-1.089358925819397
1530443706.2019062,18048,-0.534151017665863
1530443746.6546,18176,-0.5640243887901306
1530443787.046033,18304,-1.0381174087524414
1530443827.522779,18432,-1.1406292915344238
1530443922.1447465,18560,-1.1229037046432495
1530443962.6302993,18688,-1.0950114727020264
1530444003.1040788,18816,-1.1095564365386963
1530444043.5695076,18944,-0.8243604898452759
1530444136.6942155,19072,0.2141461968421936
1530444177.1442068,19200,-0.6830548048019409
1530444217.6224298,19328,-0.3747471570968628
1530444258.0919008,19456,-1.7407877445220947
1530444351.9156163,19584,-0.43140289187431335
1530444392.340899,19712,-0.8110542297363281
1530444432.7837126,19840,-1.5671789646148682
1530444473.2254283,19968,-0.8109226822853088
1530444566.929499,20096,-0.18895971775054932
1530444607.378086,20224,-0.6995061039924622
1530444647.806157,20352,0.4010859727859497
1530444688.2898078,20480,0.1392849087715149
1530444781.398783,20608,-0.7267018556594849
1530444821.911139,20736,-1.181605577468872
1530444862.4394672,20864,-0.19553585350513458
1530444902.9149072,20992,0.1884940266609192
1530444996.5384538,21120,-0.5280975699424744
1530445037.0334897,21248,-1.3914871215820312
1530445077.4856055,21376,-1.8017421960830688
1530445117.9992425,21504,-1.2260897159576416
1530445211.4783988,21632,-1.2093074321746826
1530445251.9400375,21760,-0.6106730103492737
1530445292.5000865,21888,-0.8701038956642151
1530445333.0189397,22016,-1.5087388753890991
1530445426.6547763,22144,-0.6815985441207886
1530445467.1206086,22272,-0.7540096044540405
1530445507.6193554,22400,0.2553139925003052
1530445548.1178517,22528,-0.1520618200302124
1530445642.391403,22656,0.7437219023704529
1530445682.898031,22784,0.8618504405021667
1530445723.3866808,22912,0.029244624078273773
1530445763.8225245,23040,-0.109695203602314
1530445858.0994115,23168,-0.4459102749824524
1530445898.6349678,23296,-0.21898125112056732
1530445939.1912713,23424,-0.9130412340164185
1530445979.7326295,23552,-0.4511445462703705
1530446074.0215902,23680,-1.1264214515686035
1530446114.4743567,23808,-0.011705376207828522
1530446154.9303308,23936,-0.9439101219177246
1530446195.3560534,24064,-0.6541764140129089
1530446288.8153322,24192,-1.109411358833313
1530446329.3688679,24320,-0.2442149519920349
1530446369.87632,24448,-2.251253604888916
1530446410.3980339,24576,-1.77508544921875
1530446504.53271,24704,-1.3743882179260254
1530446545.0698538,24832,-0.5994669795036316
1530446585.5976572,24960,-1.0827542543411255
1530446626.0806513,25088,-0.2534319758415222
1530446719.6637628,25216,-0.20296610891819
1530446760.1608038,25344,-0.29513242840766907
1530446800.6112833,25472,-1.9557052850723267
1530446841.1000803,25600,0.46015655994415283
1530446935.477584,25728,-0.6549574136734009
1530446975.9442117,25856,0.34634536504745483
1530447016.3983839,25984,-1.3988796472549438
1530447056.8697793,26112,-0.1604214459657669
1530447150.610495,26240,-1.5436097383499146
1530447191.090584,26368,-0.9559221267700195
1530447231.621729,26496,-1.5023951530456543
1530447272.105557,26624,0.34182217717170715
1530447365.006272,26752,-0.3220827281475067
1530447405.4882858,26880,-0.6812599897384644
1530447445.9599879,27008,-0.29894229769706726
1530447486.4848416,27136,-1.1531319618225098
1530447580.0669024,27264,0.21009133756160736
1530447620.5633707,27392,-0.6220310926437378
1530447661.037409,27520,-0.005702175199985504
1530447701.4848394,27648,-0.1356537789106369
1530447796.1543207,27776,-0.22354383766651154
1530447836.664298,27904,0.4689192771911621
1530447877.1649067,28032,0.1600044220685959
1530447917.6553447,28160,-1.113580584526062
1530448010.9982018,28288,0.04896151274442673
1530448051.530191,28416,1.849104642868042
1530448092.0399394,28544,0.012043075636029243
1530448132.4952228,28672,-0.29084092378616333
1530448227.2106647,28800,-0.6884973049163818
1530448267.7037742,28928,-1.3578095436096191
1530448308.1780274,29056,-0.5191022753715515
1530448348.7013445,29184,0.04604934900999069
1530448442.4901018,29312,-0.5121325254440308
1530448483.0163,29440,0.10004882514476776
1530448523.5007849,29568,-0.7809626460075378
1530448564.023026,29696,-1.0310574769973755
1530448658.448081,29824,-1.4203819036483765
1530448698.871982,29952,-0.5109567642211914
1530448739.3734958,30080,0.48744088411331177
1530448779.8468547,30208,0.8290697932243347
1530448873.890924,30336,-0.5429015159606934
1530448914.4318054,30464,0.26662400364875793
1530448954.942883,30592,-1.6758427619934082
1530448995.4908583,30720,-0.5031460523605347
1530449090.8423011,30848,0.25225821137428284
1530449131.4024246,30976,0.5568605661392212
1530449171.9033315,31104,0.10595755279064178
1530449212.407101,31232,-0.14622598886489868
1530449306.2387013,31360,-0.16937072575092316
1530449346.7263522,31488,-1.6670855283737183
1530449387.154323,31616,-0.5833017826080322
1530449427.5925665,31744,-2.200407028198242
1530449522.0118716,31872,0.18850573897361755
1530449562.486112,32000,-0.5388713479042053
1530449603.0381637,32128,-0.1582578867673874
1530449643.450415,32256,-0.21293850243091583
1530449737.257916,32384,-0.011184116825461388
1530449777.7350342,32512,0.1285077929496765
1530449818.2202046,32640,-0.07002998888492584
1530449858.72681,32768,-0.10527559369802475
1530449952.8785236,32896,-1.0172317028045654
1530449993.4382374,33024,-0.47460973262786865
1530450034.0174742,33152,-1.9708610773086548
1530450074.5183625,33280,-1.4739841222763062
1530450168.2556987,33408,-0.5779778957366943
1530450208.7469466,33536,0.2648361623287201
1530450249.29088,33664,-0.4401737451553345
1530450289.8464508,33792,-1.240204095840454
1530450384.178154,33920,-0.8482177257537842
1530450424.787196,34048,-1.1637932062149048
1530450465.329141,34176,-0.7317196130752563
1530450505.9712543,34304,0.37295323610305786
1530450601.4881933,34432,-0.3403427004814148
1530450642.0463305,34560,0.1592302769422531
1530450682.6163049,34688,-0.28408151865005493
1530450723.2570803,34816,-0.9781314134597778
1530450817.7435539,34944,-1.2658674716949463
1530450858.300066,35072,-1.1937757730484009
1530450898.9393547,35200,-0.38017433881759644
1530450939.5082157,35328,-2.3429789543151855
1530451035.199218,35456,-1.0346853733062744
1530451075.847929,35584,0.2850799858570099
1530451116.4079523,35712,-0.18591125309467316
1530451156.910273,35840,1.031997799873352
1530451252.66737,35968,-0.3306349515914917
1530451293.2063398,36096,-1.5593465566635132
1530451333.7985444,36224,-3.3439383506774902
1530451374.2654219,36352,-1.8495495319366455
1530451468.458702,36480,-0.9200356602668762
1530451508.9611351,36608,-0.9025492072105408
1530451549.5037742,36736,-0.5988835096359253
1530451590.0299952,36864,0.19179058074951172
1530451683.8552558,36992,0.5878335237503052
1530451724.3629115,37120,0.4567957818508148
1530451764.8564303,37248,0.018913011997938156
1530451805.2794461,37376,-1.6496574878692627
1530451899.7005603,37504,-1.301811933517456
1530451940.1415465,37632,-0.22253091633319855
1530451980.6317194,37760,-1.3329381942749023
1530452021.1293538,37888,-0.8406247496604919
1530452116.5211062,38016,-1.0586730241775513
1530452157.122853,38144,-0.6544336676597595
1530452197.7248769,38272,-0.10574901103973389
1530452238.1620924,38400,-0.7699636816978455
1530452334.9877827,38528,-0.37813034653663635
1530452375.4878538,38656,-0.282555490732193
1530452415.9545977,38784,-0.5513854622840881
1530585922.8045073,39040,-2.6082003116607666
1530585963.319017,39168,0.019867699593305588
1530586003.813199,39296,-0.5613405704498291
1530586044.397627,39424,-1.2809782028198242
1530586135.8681178,39552,-1.2718092203140259
1530586176.334587,39680,-0.7069861888885498
1530586216.8337374,39808,-1.423887014389038
1530586258.0884862,39936,-0.5510485172271729
1530586349.7427278,40064,-1.202683687210083
1530586390.2193165,40192,-1.3293272256851196
1530586430.7657506,40320,0.4524119198322296
1530586472.009723,40448,0.19662217795848846
1530586563.854815,40576,-1.1941782236099243
1530586604.4071403,40704,-0.23989279568195343
1530586644.9505563,40832,-0.2145482897758484
1530586686.0292149,40960,0.18447759747505188
1530586777.8049748,41088,-0.5126518607139587
1530586818.310517,41216,-0.12027986347675323
1530586858.8239095,41344,-0.5597078800201416
1530586899.8800094,41472,-0.8692729473114014
1530586992.038519,41600,-1.1882858276367188
1530587032.5781546,41728,-0.6547057628631592
1530587073.0665386,41856,-1.9174944162368774
1530587113.8998923,41984,-0.5019306540489197
1530587206.074626,42112,-0.8875080943107605
1530587246.5744433,42240,-0.267389714717865
1530587287.113869,42368,-1.2738070487976074
1530587328.0687513,42496,-1.0069361925125122
1530587419.5671704,42624,0.290825217962265
1530587460.109758,42752,-0.24595870077610016
1530587500.627524,42880,1.164017677307129
1530587541.7751,43008,-0.6715893149375916
1530587634.0040576,43136,-0.5800178647041321
1530587674.5606482,43264,-1.4180082082748413
1530587715.1120796,43392,0.08430226147174835
1530587756.331851,43520,-0.5502168536186218
1530587848.9976573,43648,-1.0240753889083862
1530587889.5365365,43776,-0.0431394949555397
1530587930.100391,43904,0.3689683675765991
1530587971.144746,44032,-1.00789475440979
1530588064.1181066,44160,-1.0922812223434448
1530588104.672205,44288,-0.8148309588432312
1530588145.1908104,44416,-0.5759332776069641
1530588186.176372,44544,0.2218749225139618
1530588279.7915514,44672,-0.8806697726249695
1530588320.3351955,44800,-0.0650978609919548
1530588360.8575754,44928,-0.5115169882774353
1530588401.9269195,45056,1.409845232963562
1530588494.1443222,45184,-0.6062250733375549
1530588534.702349,45312,-0.6418826580047607
1530588575.236204,45440,-0.8544997572898865
1530588616.2288303,45568,-1.1400432586669922
1530588708.6751633,45696,0.07423940300941467
1530588749.1869087,45824,-0.6698889136314392
1530588789.6940782,45952,-0.8957833051681519
1530588830.6300673,46080,-0.64150470495224
1530588924.5266767,46208,-0.626250147819519
1530588965.05927,46336,-0.6706722378730774
1530589005.5848422,46464,-1.3199118375778198
1530589046.3419902,46592,-1.267828345298767
1530589139.586577,46720,0.30388301610946655
1530589180.1112976,46848,0.13693568110466003
1530589220.6350036,46976,-0.9115641713142395
1530589261.7293012,47104,0.28324899077415466
1530589353.382638,47232,-1.9306821823120117
1530589393.9081192,47360,-0.7951741218566895
1530589434.462751,47488,-0.7412488460540771
1530589475.3308227,47616,-0.22667934000492096
1530589568.9257987,47744,-0.07576660066843033
1530589609.4613404,47872,-0.6459313035011292
1530589650.0329404,48000,0.9204806685447693
1530589690.9952087,48128,-1.326336145401001
1530589784.6223366,48256,-0.9061924815177917
1530589825.1493878,48384,-0.10060626268386841
1530589865.6970222,48512,-0.09702607989311218
1530589906.635626,48640,-2.438838005065918
1530589999.3333576,48768,-0.5306956768035889
1530590039.9365253,48896,-0.23334048688411713
1530590080.5245771,49024,-0.8812090754508972
1530590121.1718054,49152,-0.7492377758026123
1530590214.441187,49280,-0.6275050640106201
1530590255.052058,49408,-0.779607892036438
1530590295.5546923,49536,-1.3013931512832642
1530590336.1670449,49664,-0.08247661590576172
1530590429.9161212,49792,-0.5780004858970642
1530590470.422625,49920,-0.6704859733581543
1530590510.975696,50048,-1.2126213312149048
1530590551.5783184,50176,0.4387814998626709
1530590644.894039,50304,-0.7754195332527161
1530590685.4730449,50432,-1.5111466646194458
1530590726.0336487,50560,-0.21830590069293976
1530590766.712811,50688,-2.0723400115966797
1530590860.845988,50816,-0.7698369026184082
1530590901.4543266,50944,0.08943578600883484
1530590942.0903099,51072,0.3689104914665222
1530590982.787332,51200,0.48504549264907837
1530591076.2780252,51328,-0.7659072875976562
1530591116.8807511,51456,-0.014330427162349224
1530591157.5406575,51584,-0.9174032211303711
1530591198.2833421,51712,0.14919081330299377
1530591291.1412833,51840,-0.34639376401901245
1530591331.6905222,51968,-0.3764454424381256
1530591372.317468,52096,-0.2315981239080429
1530591413.0368483,52224,-1.283581256866455
1530591506.437594,52352,-0.40794694423675537
1530591546.9757538,52480,0.4035269021987915
1530591587.5848713,52608,-0.7798681855201721
1530591628.311913,52736,-0.8055667281150818
1530591721.0849571,52864,-1.9108381271362305
1530591761.6996136,52992,-0.48520326614379883
1530591802.284832,53120,0.3541945219039917
1530591842.993025,53248,-0.7962517142295837
1530591938.1357765,53376,-0.27708709239959717
1530591978.7143419,53504,-0.5712136030197144
1530592019.3508804,53632,0.26215922832489014
1530592060.0603478,53760,-0.6800557374954224
1530592153.4067502,53888,0.28180503845214844
1530592194.035746,54016,-0.015263848006725311
1530592234.70729,54144,-0.5787535309791565
1530592275.4926121,54272,-0.5028045773506165
1530592369.2235298,54400,0.35336166620254517
1530592409.8634446,54528,-0.36873409152030945
1530592450.5250328,54656,-2.1918795108795166
1530592491.2955298,54784,-0.642539381980896
1530592584.9689977,54912,0.34067508578300476
1530592625.5399272,55040,-0.6004472374916077
1530592666.1696632,55168,-0.37669843435287476
1530592706.8225744,55296,-0.2291555404663086
1530592802.1535068,55424,-0.5318843722343445
1530592842.7924602,55552,-0.594826340675354
1530592883.4861827,55680,0.5860783457756042
1530592924.213463,55808,-0.8788220882415771
1530593018.693863,55936,-0.8945435285568237
1530593059.2185736,56064,-1.4216405153274536
1530593099.6835232,56192,-0.578752875328064
1530593140.3449364,56320,0.5616267919540405
1530593235.6918206,56448,-0.8770323395729065
1530593276.2297928,56576,-0.1842818558216095
1530593316.7705343,56704,-0.0354265421628952
1530593357.4341116,56832,-0.4624507427215576
1530593452.714691,56960,-0.9809494614601135
1530593493.316775,57088,-0.585111141204834
1530593533.883821,57216,0.8690332770347595
1530593574.559782,57344,0.9083695411682129
1530593668.6212447,57472,-0.3715437352657318
1530593709.1392314,57600,-1.5872509479522705
1530593749.6920576,57728,-0.9397345781326294
1530593790.3593535,57856,0.42427200078964233
1530593884.1012535,57984,-1.3664305210113525
1530593924.6636276,58112,-1.4506113529205322
1530593965.2534382,58240,-0.29721158742904663
1530594005.92129,58368,-0.2335851788520813
1530594100.521659,58496,0.9337372183799744
1530594141.089,58624,1.142598032951355
1530594181.6503172,58752,-0.4208778142929077
1530594222.227841,58880,-0.18198585510253906
1530594315.3986773,59008,-1.014026165008545
1530594355.9450629,59136,-0.14208519458770752
1530594396.5699716,59264,-0.292621910572052
1530594437.170357,59392,-0.1781637817621231
1530594532.7054307,59520,-0.6040284037590027
1530594573.259432,59648,-0.40388286113739014
1530594613.9305623,59776,0.004753614775836468
1530594654.5669146,59904,-1.5242421627044678
1530594748.6701896,60032,0.17492274940013885
1530594789.2417388,60160,-0.5174715518951416
1530594829.7928033,60288,-0.7015420794487
1530594870.5045395,60416,-1.606728196144104
1530594964.8475726,60544,0.10264264047145844
1530595005.4569812,60672,-0.7794573307037354
1530595046.0934443,60800,-0.42840686440467834
1530595086.7504206,60928,-1.2504247426986694
1530595182.1750593,61056,-1.763451099395752
1530595222.7495067,61184,-0.851042628288269
1530595263.266235,61312,0.79328852891922
1530595303.9524357,61440,-0.47350969910621643
1530595399.5180068,61568,-0.4533091187477112
1530595440.120599,61696,-0.1150640994310379
1530595480.7447913,61824,-0.7171693444252014
1530595521.4635367,61952,-0.3467504382133484
1530595616.5202086,62080,-0.06510557234287262
1530595657.0694325,62208,-0.1738523691892624
1530595697.65166,62336,0.29485687613487244
1530671899.001645,62592,-0.5362091660499573
1530671939.6704493,62720,0.5938729047775269
1530671980.3669,62848,-1.4148244857788086
1530672020.9504046,62976,-0.07247994840145111
1530672113.2772973,63104,0.4512214958667755
1530672153.8101063,63232,-0.4560888409614563
1530672194.3456063,63360,-1.2052903175354004
1530672235.0020134,63488,0.030139200389385223
1530672326.865006,63616,-1.2724980115890503
1530672367.3431585,63744,-0.7046951651573181
1530672407.8771925,63872,-1.735968828201294
1530672448.5097377,64000,-2.3529105186462402
1530672541.097951,64128,-0.11169961839914322
1530672581.6477222,64256,-0.9912208318710327
1530672622.2129343,64384,-0.15240778028964996
1530672662.8405907,64512,0.15775667130947113
1530672756.2792337,64640,-0.2610931992530823
1530672796.7927332,64768,-0.7524465322494507
1530672837.2894502,64896,-0.16917335987091064
1530672877.939525,65024,1.0406547784805298
1530672969.9203365,65152,-0.6081404685974121
1530673010.4054086,65280,-0.760405957698822
1530673050.8867183,65408,-1.0024893283843994
1530673091.501117,65536,0.7620754837989807
1530673184.6882687,65664,-1.036713719367981
1530673225.2222178,65792,-0.20932947099208832
1530673265.776905,65920,0.03489108383655548
1530673306.3994422,66048,-0.5604193806648254
1530673398.7416873,66176,-3.090376138687134
1530673439.2620606,66304,-1.5414981842041016
1530673479.8254092,66432,0.15577995777130127
1530673520.5119095,66560,-0.5526368021965027
1530673612.0593305,66688,-1.3813574314117432
1530673652.5540495,66816,-0.6370236873626709
1530673693.0764513,66944,-0.0862244963645935
1530673733.639063,67072,-0.7865748405456543
1530673826.724493,67200,-0.7855148911476135
1530673867.1836908,67328,-0.43948280811309814
1530673907.716671,67456,0.3629581034183502
1530673948.381085,67584,-0.43182289600372314
1530674040.77046,67712,0.5151698589324951
1530674081.2619247,67840,-0.740940511226654
1530674121.8915942,67968,0.26906856894493103
1530674162.5135915,68096,-0.6607543230056763
1530674254.9831662,68224,0.18975713849067688
1530674295.47481,68352,0.5359957218170166
1530674336.0220373,68480,-0.5407883524894714
1530674376.6455593,68608,-1.310286283493042
1530674468.4535348,68736,-1.5857404470443726
1530674509.0077844,68864,-0.285806804895401
1530674549.5620205,68992,-0.4100600481033325
1530674590.2002628,69120,-0.11548132449388504
1530674683.2399027,69248,-0.679294228553772
1530674723.734504,69376,0.6554962396621704
1530674764.26787,69504,-0.23349495232105255
1530674804.9229393,69632,-1.1708935499191284
1530674897.4037607,69760,-0.22621303796768188
1530674937.8782642,69888,0.23075823485851288
1530674978.4347415,70016,-0.2700732946395874
1530675019.0284493,70144,-0.930583655834198
1530675112.9012156,70272,-0.737998902797699
1530675153.4323473,70400,0.6243728399276733
1530675194.018207,70528,-0.043648675084114075
1530675234.7043014,70656,-0.7129875421524048
1530675327.663735,70784,-0.1817322075366974
1530675368.2685008,70912,-0.5369196534156799
1530675408.8344386,71040,-0.3210851550102234
1530675449.5352936,71168,-0.21591953933238983
1530675541.9705985,71296,-1.1736139059066772
1530675582.545757,71424,-1.0795048475265503
1530675623.0648437,71552,-0.1970285326242447
1530675663.6905906,71680,-1.7520289421081543
1530675756.6251154,71808,-0.6951397061347961
1530675797.1619313,71936,-0.5796706676483154
1530675837.733375,72064,1.249190330505371
1530675878.3420029,72192,-2.168194055557251
1530675972.5228121,72320,-0.2760149836540222
1530676013.095563,72448,-0.25612178444862366
1530676053.662407,72576,-0.14276017248630524
1530676094.351548,72704,-0.5605149269104004
1530676188.56646,72832,-0.7034431099891663
1530676229.0530179,72960,-0.9582260847091675
1530676269.6002538,73088,-0.1777021288871765
1530676310.2085302,73216,-0.43288037180900574
1530676402.2967982,73344,-0.4462133049964905
1530676442.7951784,73472,-0.32176828384399414
1530676483.3260417,73600,0.03852318972349167
1530676523.916918,73728,0.5723010897636414
1530676616.800712,73856,-0.4448338449001312
1530676657.3151326,73984,-2.3512675762176514
1530676697.840334,74112,0.3819533884525299
1530676738.4823256,74240,0.16956712305545807
1530676831.2158399,74368,-0.4193604588508606
1530676871.7261927,74496,-0.06893286854028702
1530676912.203489,74624,0.12105175852775574
1530676952.8181715,74752,-0.7527710795402527
1530677045.7581134,74880,-0.3192960023880005
1530677086.3351154,75008,-0.12642614543437958
1530677126.842472,75136,-0.8325085043907166
1530677167.542824,75264,-0.905189573764801
1530677259.9040985,75392,0.2161254584789276
1530677300.4894588,75520,0.2423938512802124
1530677341.0677495,75648,-1.2046784162521362
1530677381.7124944,75776,0.3928651511669159
1530712121.2534478,75904,-1.172385334968567
1530712161.7820547,76032,0.4786785840988159
1530712202.40943,76160,0.07870753109455109
1530712242.9634147,76288,-0.0981891006231308
1530712333.6188962,76416,-1.2018300294876099
1530712374.1664176,76544,0.035549722611904144
1530712414.6824083,76672,0.2484268844127655
1530712455.1871188,76800,-0.5678315162658691
1530712546.4016016,76928,-0.11360803991556168
1530712586.891594,77056,0.8966172933578491
1530712627.474391,77184,-0.21847225725650787
1530712667.9517028,77312,0.6929115056991577
1530712759.0004478,77440,-0.20213423669338226
1530712799.546417,77568,-0.39725902676582336
1530712840.0729802,77696,-1.19536554813385
1530712880.6042914,77824,0.2207256406545639
1530712971.6309626,77952,-0.4633287787437439
1530713012.1004357,78080,0.5027308464050293
1530713052.555427,78208,-0.05434061586856842
1530713093.074307,78336,-0.0515105202794075
1530713184.2281444,78464,-1.1086338758468628
1530713224.8010938,78592,0.01042453944683075
1530713265.3780568,78720,0.001301722601056099
1530713305.8807936,78848,-0.12251178920269012
1530713396.6555228,78976,0.007614192087203264
1530713437.1573105,79104,-0.048447463661432266
1530713477.6978362,79232,-0.8915026187896729
1530713518.2614589,79360,-0.9570105075836182
1530713609.507667,79488,-0.6986096501350403
1530713650.1062493,79616,-0.01461249589920044
1530713690.6984885,79744,-0.7417628169059753
1530713731.2308877,79872,-0.6553898453712463
1530713822.4476433,80000,-0.447512686252594
1530713863.0104797,80128,0.14016085863113403
1530713903.5986233,80256,0.011686645448207855
1530713944.1907668,80384,-0.5083531141281128
1530714035.5883553,80512,-0.2509937286376953
1530714076.070017,80640,-0.19560606777668
1530714116.606883,80768,-0.2620342969894409
1530714157.1939197,80896,-0.7979928255081177
1530714248.1569452,81024,-0.6024736166000366
1530714288.7323997,81152,-0.9667636752128601
1530714329.2726467,81280,-0.33682847023010254
1530714369.8492153,81408,-0.07796251773834229
1530714460.9696674,81536,-1.758800983428955
1530714501.490388,81664,-0.4187292158603668
1530714542.0329788,81792,0.16885651648044586
1530714582.622189,81920,-0.04280569776892662
1530714675.3420513,82048,-0.22967487573623657
1530714715.8931031,82176,-1.005927562713623
1530714756.5033693,82304,1.076309323310852
1530714797.019922,82432,0.013097088783979416
1530714889.1250365,82560,-0.3319413363933563
1530714929.6439476,82688,0.6959701776504517
1530714970.2068815,82816,-0.6534663438796997
1530715010.7625837,82944,-0.09473800659179688
1530715102.709102,83072,-1.5013335943222046
1530715143.261786,83200,-0.2142110913991928
1530715183.8059316,83328,0.6039004921913147
1530715224.408581,83456,-0.6973173022270203
1530715316.1148355,83584,0.35203567147254944
1530715356.6675005,83712,-1.2255735397338867
1530715397.2454486,83840,-0.5442352890968323
1530715437.7686846,83968,-0.4596303701400757
1530715530.6465847,84096,0.1744045466184616
1530715571.1675804,84224,-1.4755669832229614
1530715611.6982894,84352,-0.24867404997348785
1530715652.23106,84480,-0.4224606156349182
1530715744.0356705,84608,-0.2028622329235077
1530715784.5551655,84736,0.08112074434757233
1530715825.0892956,84864,-0.9469547867774963
1530715865.5721817,84992,0.3423579931259155
1530715958.3426015,85120,0.045461006462574005
1530715998.8685887,85248,-1.076478362083435
1530716039.405011,85376,-1.6280704736709595
1530716079.868945,85504,-0.9659970998764038
1530716171.6071963,85632,-0.6394418478012085
1530716212.112275,85760,-1.2925235033035278
1530716252.5248475,85888,0.9920169711112976
1530716293.119968,86016,0.04181629419326782
1530716385.0112252,86144,0.4778280258178711
1530716425.4710126,86272,0.007374629378318787
1530716465.9082077,86400,-0.1782432347536087
1530716506.361558,86528,-0.19611352682113647
1530716599.682323,86656,-1.3519071340560913
1530716640.1711879,86784,-0.033811524510383606
1530716680.7482374,86912,0.17221854627132416
1530716721.2682838,87040,-0.702536404132843
1530716813.136467,87168,0.39907827973365784
1530716853.6054487,87296,-0.11322622746229172
1530716894.0861833,87424,-1.2406871318817139
1530716934.6117296,87552,-0.7154531478881836
1530717028.0092692,87680,-0.5561075806617737
1530717068.5230455,87808,0.25577330589294434
1530717109.095065,87936,1.4298560619354248
1530717149.6674645,88064,-1.6446382999420166
1530717242.8583448,88192,-0.6665835976600647
1530717283.3811371,88320,-0.5280845165252686
1530717323.9487522,88448,-0.12507154047489166
1530717364.5190759,88576,1.2452220916748047
1530717456.3547766,88704,-1.0025322437286377
1530717496.9559615,88832,-1.0061123371124268
1530717537.4576719,88960,0.03758881241083145
1530717577.966806,89088,-0.03405682370066643
1530717670.3559573,89216,-0.843704104423523
1530717710.886295,89344,-0.14689484238624573
1530717751.3712685,89472,-0.4241545796394348
1530717791.9172962,89600,1.0094698667526245
1530717884.1706607,89728,-0.039768069982528687
1530717924.6472414,89856,-0.364504337310791
1530717965.2827537,89984,-0.03124842792749405
1530718005.8971813,90112,0.4602610468864441
1530718097.9247088,90240,-0.36054807901382446
1530718138.4878259,90368,8.253660053014755e-05
1530718179.0625107,90496,-1.5555593967437744
1530718219.5843635,90624,-0.4917326867580414
1530718312.0552394,90752,-1.0133187770843506
1530718352.5960202,90880,-1.0385937690734863
1530718393.1578734,91008,0.11712567508220673
1530718433.7537148,91136,-0.952448308467865
1530718526.3337805,91264,0.25423431396484375
1530718566.9602702,91392,0.11530783027410507
1530718607.4664533,91520,-0.2975148558616638
1530718648.0317883,91648,0.7498428225517273
1530718740.4474936,91776,-0.14871935546398163
1530718781.0115342,91904,0.004559904802590609
1530718821.5414584,92032,-0.5848574638366699
1530718862.061687,92160,-0.4836934506893158
1530718954.8346672,92288,-0.4687333405017853
1530718995.4039268,92416,-0.8457248210906982
1530719035.9683332,92544,1.315731167793274
1530719076.4800134,92672,-0.4708012640476227
1530719169.9214206,92800,0.3410811722278595
1530719210.507657,92928,-0.19991058111190796
1530719251.0919735,93056,-0.21587678790092468
1530719291.648906,93184,-0.15220293402671814
1530719384.3595333,93312,0.7036097645759583
1530719424.858559,93440,-0.25748777389526367
1530719465.3916118,93568,-0.49598485231399536
1530719505.9698784,93696,0.31868696212768555
1530719598.455984,93824,0.17006078362464905
1530719638.9728255,93952,-0.5262460708618164
1530719679.5618956,94080,-0.5061487555503845
1530719720.119355,94208,-0.8475481271743774
1530719812.7710378,94336,-1.688190221786499
1530719853.3246431,94464,0.6787435412406921
1530719893.8751147,94592,-0.02740328572690487
1530719934.401832,94720,-0.3635352849960327
1530720027.2057893,94848,-0.8885308504104614
1530720067.7792952,94976,-0.641877293586731
1530720108.3475056,95104,-1.3480305671691895
1530720148.9327433,95232,-0.4823414981365204
1530720242.0980673,95360,-0.8207557797431946
1530720282.6511507,95488,-0.760652482509613
1530720323.2258596,95616,0.2503233850002289
1530720363.7299442,95744,-0.7314748764038086
1530720456.3990004,95872,0.1733771115541458
1530720496.9341,96000,-0.8659809231758118
1530720537.4835424,96128,-0.8753803372383118
1530720578.0116034,96256,-0.6024789810180664
1530720672.7059758,96384,-1.1066246032714844
1530720713.2841744,96512,-0.08556139469146729
1530720753.8357203,96640,-1.161401629447937
1530720794.4413738,96768,0.19823713600635529
1530720887.0838058,96896,-0.6720393896102905
1530720927.6648736,97024,-0.6951563358306885
1530720968.202832,97152,-0.14339765906333923
1530721008.7412956,97280,-0.16625112295150757
1530721101.8978238,97408,-0.9679407477378845
1530721142.4423125,97536,-0.6494786739349365
1530721183.0258706,97664,-0.6487531065940857
