wall_time,step,value
1533212796.449367,512,4.880410194396973
1533214824.6456563,1024,2.042142868041992
1533216826.8857713,1536,1.8679769039154053
1533218820.3358092,2048,1.8944121599197388
1533220818.060023,2560,1.519063115119934
1533222805.0247858,3072,1.7104214429855347
1533224787.762482,3584,1.752805471420288
1533226775.4434364,4096,1.504522681236267
1533228765.5093424,4608,1.407573938369751
1533230740.339518,5120,1.4533970355987549
1533232709.4672327,5632,1.4340531826019287
1533234677.2134252,6144,1.3062756061553955
1533236648.8312542,6656,1.2558073997497559
1533238609.4886713,7168,1.3294413089752197
1533240572.0989091,7680,1.2968370914459229
1533242547.7199135,8192,1.3412035703659058
1533244508.2588525,8704,1.410188913345337
1533246474.1681678,9216,1.4513072967529297
1533248448.816484,9728,1.3977044820785522
1533250419.8258305,10240,1.329344391822815
1533252388.2829719,10752,1.5494459867477417
1533254365.9934337,11264,1.2310066223144531
1533256335.116483,11776,1.8493576049804688
1533258320.1428127,12288,1.2877289056777954
1533260298.6937337,12800,1.8096479177474976
1533262272.3450456,13312,1.5129224061965942
1533264252.9618814,13824,1.3092966079711914
1533266229.6465995,14336,1.2853482961654663
1533268177.9979212,14848,1.3179149627685547
1533270145.1055055,15360,1.4676644802093506
1533272106.1328464,15872,1.5510817766189575
1533274081.901246,16384,1.401884913444519
1533276050.2692306,16896,1.215779423713684
1533278002.908245,17408,1.2139296531677246
1533279964.2658918,17920,1.4933592081069946
1533281926.6794636,18432,1.6490341424942017
1533283881.5742583,18944,1.3768227100372314
1533285837.598998,19456,1.5896326303482056
1533287806.5418484,19968,1.0555870532989502
1533289767.8676248,20480,0.9803497195243835
1533291723.4467177,20992,1.4538779258728027
1533293681.9855456,21504,1.786136507987976
1533295649.4312794,22016,1.4995853900909424
1533297602.1588097,22528,1.449816346168518
1533299544.0947063,23040,1.2948521375656128
1533301515.5447595,23552,1.331969976425171
1533303484.2890065,24064,1.4438413381576538
1533305452.309137,24576,1.1292392015457153
1533307415.1426337,25088,1.1418498754501343
1533309384.5787392,25600,1.366197943687439
1533311351.8251648,26112,1.53423273563385
1533313311.2533705,26624,1.3128055334091187
1533315284.7470565,27136,1.0691503286361694
1533317254.096836,27648,1.4165630340576172
1533319223.846703,28160,1.2014834880828857
1533321190.0618663,28672,1.330322504043579
1533323153.0210433,29184,1.3268744945526123
1533554396.506481,29696,1.4291081428527832
1533556361.665478,30208,1.3352794647216797
1533558320.8213027,30720,1.216394305229187
1533560290.6047468,31232,1.3367632627487183
1533562245.3904808,31744,1.398450255393982
1533564216.2818916,32256,1.5945485830307007
1533566173.4954147,32768,2.1077706813812256
1533568159.2467487,33280,1.0035345554351807
1533570123.1743832,33792,0.9692912697792053
1533572093.2761436,34304,1.356336236000061
1533574066.392062,34816,1.9431540966033936
1533576044.192788,35328,1.1320266723632812
1533578021.8124728,35840,1.4784183502197266
1533579995.9957871,36352,1.1139343976974487
1533581979.8741734,36864,1.1595872640609741
1533583951.1937006,37376,1.4828752279281616
1533585918.8872142,37888,1.630134105682373
1533587887.6737309,38400,2.121845245361328
1533589867.459809,38912,1.0817385911941528
1533591824.565324,39424,1.6618777513504028
1533593789.283474,39936,1.4266177415847778
1533595754.0955145,40448,1.4770773649215698
1533597732.3798265,40960,1.3727654218673706
1533599699.6688526,41472,1.4483604431152344
1533601665.8389554,41984,1.1668968200683594
1533603635.4503012,42496,1.1877803802490234
1533605611.6526468,43008,1.131729245185852
1533607592.8647416,43520,1.6264609098434448
1533609560.5184894,44032,1.4114426374435425
1533611548.6716936,44544,0.9940192699432373
1533613536.2932906,45056,1.4881621599197388
1533615511.8000922,45568,1.8272838592529297
1533617490.168922,46080,1.293185830116272
1533619468.8528798,46592,1.6120970249176025
1533621435.2243218,47104,2.6204755306243896
1533623412.0239663,47616,1.626182198524475
1533625393.816323,48128,1.036015272140503
1533627372.2480094,48640,1.2283798456192017
1533629349.6202464,49152,1.4667251110076904
1533631318.398708,49664,1.9220762252807617
1533633296.1728992,50176,1.1287914514541626
1533635270.0834684,50688,1.2769765853881836
1533637248.23607,51200,1.0237009525299072
1533639242.940351,51712,1.2200052738189697
1533641219.7583234,52224,1.213767647743225
1533643215.1910279,52736,1.224359393119812
1533645198.203406,53248,1.1368080377578735
1533647179.6989179,53760,1.0044634342193604
1533649168.3853278,54272,1.6683405637741089
1533651156.5491366,54784,1.4032574892044067
1533653146.5143971,55296,1.4206771850585938
1533655136.624362,55808,1.147944688796997
1533657112.7772465,56320,1.4760589599609375
1533659097.9129927,56832,1.4902311563491821
1533661077.1685855,57344,1.5926710367202759
1533663054.1393712,57856,1.1991769075393677
1533665054.3965757,58368,1.0476974248886108
1533667064.5437093,58880,1.1119390726089478
1533669054.414259,59392,1.2541836500167847
1533674857.961803,59904,1.3751568794250488
1533676842.340533,60416,1.3235112428665161
1533678821.041347,60928,1.5178322792053223
1533680799.384216,61440,1.2603840827941895
1533682793.2466738,61952,2.1908719539642334
1533684797.2575667,62464,2.0110232830047607
1533686784.547214,62976,1.2305423021316528
1533688771.7180622,63488,1.0683525800704956
1533690769.4899502,64000,1.413726568222046
1533692752.53319,64512,1.5804131031036377
1533694737.0588028,65024,1.3868809938430786
1533696722.1378467,65536,1.2960129976272583
1533698706.3940153,66048,1.1167837381362915
1533700703.476041,66560,1.7262077331542969
1533702701.4588752,67072,1.0233001708984375
1533704689.4860728,67584,1.2402324676513672
1533706674.585381,68096,1.2207857370376587
1533708675.1520371,68608,1.1905795335769653
1533710685.195701,69120,1.1550629138946533
1533712687.4271429,69632,1.296046495437622
1533714697.4559076,70144,1.4680302143096924
1533716692.9908762,70656,1.41889226436615
1533718706.386825,71168,1.1685099601745605
1533720708.0795884,71680,1.1179343461990356
1533722708.352975,72192,1.058746099472046
1533724700.6201572,72704,1.338737964630127
1533726706.5550244,73216,1.1050764322280884
1533728701.113203,73728,1.174680233001709
1533730692.413796,74240,1.2388801574707031
1533732678.7063115,74752,2.1643807888031006
1533734661.6436784,75264,1.1965152025222778
1533736664.1814399,75776,0.9997177124023438
1533738667.018401,76288,1.2616652250289917
1533740671.6717937,76800,1.2061318159103394
1533742691.891209,77312,2.0713045597076416
1533745706.3184562,77824,1.1749292612075806
1533747702.6456387,78336,1.5080405473709106
1533749699.9375064,78848,1.2571791410446167
1533751690.5869486,79360,1.6792781352996826
1533753694.8686109,79872,1.167284369468689
1533755684.2017379,80384,2.2413649559020996
1533757675.0681689,80896,1.3356488943099976
1533759661.664325,81408,1.6457687616348267
1533761648.7827501,81920,1.687015175819397
1533763647.0610273,82432,1.1214972734451294
1533765643.6541512,82944,1.3398219347000122
1533767626.532945,83456,1.050630807876587
1533769626.4541566,83968,1.4341462850570679
1533771620.0464816,84480,1.9530287981033325
1533773628.775876,84992,1.2783703804016113
1533775625.6155822,85504,1.6895415782928467
1533777625.0466058,86016,1.3946665525436401
1533779628.8605776,86528,1.1745778322219849
1533781625.3338728,87040,1.2556438446044922
1533783632.4599638,87552,1.2263433933258057
1533785627.1878762,88064,1.3605061769485474
1533787632.7221262,88576,1.651713490486145
1533789623.3432858,89088,0.9801480174064636
1533791615.336812,89600,1.436373233795166
1533793612.2790065,90112,1.5400927066802979
1533795612.834658,90624,1.6117346286773682
1533797600.4981678,91136,2.2592759132385254
1533799591.990699,91648,1.0802083015441895
1533801580.0597074,92160,1.2724673748016357
1533803571.0897775,92672,1.3953436613082886
1533805559.2621589,93184,2.1821563243865967
1533807544.4035683,93696,1.2169784307479858
1533809542.6250796,94208,1.2551027536392212
1533811536.6099198,94720,1.5070582628250122
1533813526.1306925,95232,1.4177662134170532
1533815519.8802567,95744,1.4414184093475342
1533817504.941701,96256,1.6112276315689087
1533819500.9567194,96768,1.3863704204559326
1533821498.5036402,97280,1.472715139389038
