wall_time,step,value
1531869334.9440453,128,0.8067675828933716
1531869477.72492,256,0.5058746337890625
1531869620.6983786,384,0.42273783683776855
1531869763.5199735,512,0.4233973026275635
1531870029.7150946,640,0.22845634818077087
1531870172.6000144,768,0.18250299990177155
1531870315.3840826,896,0.18928346037864685
1531870458.127776,1024,0.18238653242588043
1531870724.6752403,1152,0.1766611635684967
1531870867.4965405,1280,0.14507915079593658
1531871010.4632523,1408,0.1645570546388626
1531871153.2672057,1536,0.12470129132270813
1531871412.4437912,1664,0.10370715707540512
1531871555.3180091,1792,0.08827768266201019
1531871698.1208243,1920,0.0897376537322998
1531871841.012476,2048,0.11386017501354218
1531872097.7195153,2176,0.10911807417869568
1531872240.454022,2304,0.12188555300235748
1531872383.305285,2432,0.07843603193759918
1531872526.139169,2560,0.08632246404886246
1531872783.196224,2688,0.10425456613302231
1531872926.0169032,2816,0.08339977264404297
1531873068.706486,2944,0.07644523680210114
1531873211.378077,3072,0.06902989000082016
1531873463.773267,3200,0.08789553493261337
1531873606.516847,3328,0.09407906234264374
1531873749.3653939,3456,0.09401620924472809
1531873892.2482815,3584,0.083395816385746
1531874141.5361469,3712,0.09378176182508469
1531874284.569319,3840,0.09268836677074432
1531874427.345023,3968,0.0641048401594162
1531874570.24507,4096,0.07775291800498962
1531874817.301162,4224,0.08003448694944382
1531874960.2808046,4352,0.08598750829696655
1531875103.2310467,4480,0.07555709034204483
1531875246.3112626,4608,0.07535393536090851
1531875489.9498358,4736,0.05477675050497055
1531875633.025135,4864,0.065050408244133
1531875776.1454558,4992,0.05835820734500885
1531875919.1596005,5120,0.08809792250394821
1531876160.3379002,5248,0.068502277135849
1531876303.3312724,5376,0.06671091169118881
1531876446.3399122,5504,0.07117173075675964
1531876589.2190506,5632,0.06536085903644562
1531876829.4157107,5760,0.0611136332154274
1531876972.351702,5888,0.06074981391429901
1531877115.4074795,6016,0.06124957278370857
1531877258.2925298,6144,0.06190919131040573
1531877499.6445322,6272,0.06097688525915146
1531877642.7082021,6400,0.0695929154753685
1531877785.6841652,6528,0.06294763088226318
1531877928.5927165,6656,0.06615912169218063
1531878170.2167807,6784,0.05787312611937523
1531878313.2275212,6912,0.05998695269227028
1531878456.0969431,7040,0.04740990325808525
1531878599.0999894,7168,0.056341495364904404
1531878840.0582888,7296,0.05055342614650726
1531878983.15572,7424,0.04919419810175896
1531879126.160994,7552,0.04091980308294296
1531879269.3230054,7680,0.05658289045095444
1531879510.0947444,7808,0.055179376155138016
1531879653.0010903,7936,0.04691009223461151
1531879795.9720557,8064,0.04230446740984917
1531879939.0327392,8192,0.040941596031188965
1531880179.6050165,8320,0.055484600365161896
1531880322.5820377,8448,0.05224776640534401
1531880465.6018002,8576,0.05745440348982811
1531880608.4867783,8704,0.06757143884897232
1531880850.8734527,8832,0.05346297845244408
1531880993.9389412,8960,0.06292064487934113
1531881136.9179652,9088,0.05349275469779968
1531881279.8301466,9216,0.04908541962504387
1531881523.8992221,9344,0.04359603300690651
1531881666.7414916,9472,0.049282416701316833
1531881809.470949,9600,0.0382009819149971
1531881952.1540089,9728,0.04823286831378937
1531882199.0690587,9856,0.041650962084531784
1531882342.0953155,9984,0.04308855161070824
1531882485.026045,10112,0.05079427734017372
1531882627.8877182,10240,0.04057855159044266
1531882874.3335915,10368,0.03784143179655075
1531883017.2720063,10496,0.04150984063744545
1531883160.1833866,10624,0.041004449129104614
1531883303.0649989,10752,0.040232159197330475
1531883549.7163374,10880,0.043959032744169235
1531883692.5832977,11008,0.04351796582341194
1531883835.520971,11136,0.04301008582115173
1531883978.4414809,11264,0.03764837980270386
1531884222.062723,11392,0.04060117527842522
1531884365.0192838,11520,0.03804391995072365
1531884508.0436661,11648,0.03853117302060127
1531884650.8714628,11776,0.0362914614379406
1531884897.0281267,11904,0.027623489499092102
1531885039.8252456,12032,0.03610897809267044
1531885182.6555498,12160,0.03181449696421623
1531885325.5109081,12288,0.035328980535268784
1531885570.1293364,12416,0.03765611723065376
1531885713.0672984,12544,0.03185179829597473
1531885856.1018245,12672,0.02748149074614048
1531885999.000529,12800,0.026843039318919182
1531886242.9495637,12928,0.030634427443146706
1531886385.799886,13056,0.03752412647008896
1531886528.713566,13184,0.03627272695302963
1531886671.58812,13312,0.03237783908843994
1531886916.2189682,13440,0.04941292852163315
1531887059.2150633,13568,0.0357181690633297
1531887202.2832096,13696,0.026396244764328003
1531887345.3841195,13824,0.026156509295105934
1531887590.412493,13952,0.02211742475628853
1531887733.5014365,14080,0.027966566383838654
1531887876.5308743,14208,0.03224343806505203
1531888019.6140394,14336,0.03100111149251461
1531888265.1591914,14464,0.03168557584285736
1531888408.115612,14592,0.03317289426922798
1531888551.1733522,14720,0.030316168442368507
1531888694.3499365,14848,0.03845146298408508
1531888938.4987512,14976,0.030926410108804703
1531889081.3919435,15104,0.03055085428059101
1531889224.5417776,15232,0.021343518048524857
1531889367.7096114,15360,0.029151543974876404
1531889610.7936363,15488,0.029092133045196533
1531889753.7431161,15616,0.02243696339428425
1531889896.7795935,15744,0.029190344735980034
1531890039.8419309,15872,0.02345707267522812
1531890285.3284917,16000,0.02197791449725628
1531890428.4301865,16128,0.026245031505823135
1531890571.5516045,16256,0.025708867236971855
1531890714.573624,16384,0.03330550342798233
1531890958.4594939,16512,0.03548560291528702
1531891101.4399247,16640,0.02251744270324707
1531891244.382327,16768,0.03291918337345123
1531891387.2630384,16896,0.033766210079193115
1531891632.4331307,17024,0.024408118799328804
1531891775.3552291,17152,0.02300739847123623
1531891918.4870465,17280,0.029734166339039803
1531892061.5009925,17408,0.02655017375946045
1531892304.967862,17536,0.029082652181386948
1531892448.0741026,17664,0.02765893191099167
1531892591.058512,17792,0.026271939277648926
1531892733.9785419,17920,0.02945147454738617
1531892979.3790998,18048,0.030425284057855606
1531893122.4348989,18176,0.021895717829465866
1531893265.4697983,18304,0.029048627242445946
1531893408.501692,18432,0.023585718125104904
1531893652.8707545,18560,0.021677223965525627
1531893795.9484541,18688,0.018889617174863815
1531893939.1071582,18816,0.028914203867316246
1531894082.271264,18944,0.028906336054205894
1531894326.6573763,19072,0.02500259317457676
1531894469.6525407,19200,0.02459331974387169
1531894612.495218,19328,0.024726860225200653
1531894755.420778,19456,0.02005847916007042
1531895000.4222205,19584,0.01701071672141552
1531895143.3646057,19712,0.03072200156748295
1531895286.2924464,19840,0.021762382239103317
1531895429.183895,19968,0.020431790500879288
1531895674.2044718,20096,0.018759828060865402
1531895817.1304066,20224,0.016331443563103676
1531895959.9456544,20352,0.016131438314914703
1531896102.7619956,20480,0.027598265558481216
1532075366.6762745,20608,0.025651007890701294
1532075509.4974597,20736,0.02191813662648201
1532075652.278835,20864,0.018171876668930054
1532075795.2450387,20992,0.018656816333532333
1532076038.29305,21120,0.020123913884162903
1532076181.2851567,21248,0.019039656966924667
1532076324.079834,21376,0.02156742848455906
1532076466.8263824,21504,0.019798586145043373
1532076709.6982563,21632,0.02220289036631584
1532076852.684796,21760,0.014923027716577053
1532076995.6436522,21888,0.020586175844073296
1532077138.6210663,22016,0.01875225268304348
1532077381.656557,22144,0.02187814749777317
1532077524.5970953,22272,0.023203447461128235
1532077667.618738,22400,0.024684526026248932
1532077810.6173823,22528,0.02267785742878914
1532078052.564429,22656,0.01753479242324829
1532078195.6028745,22784,0.018661361187696457
1532078338.6213202,22912,0.021688314154744148
1532078481.6724794,23040,0.03172015771269798
1532081444.7088606,23168,0.02330167219042778
1532081591.597377,23296,0.015456427820026875
1532081738.603699,23424,0.015608951449394226
1532081885.3666973,23552,0.02029515616595745
1532082127.3368275,23680,0.011145888827741146
1532082270.324492,23808,0.01943621039390564
1532082413.2195678,23936,0.0191306434571743
1532082556.2321687,24064,0.02292444556951523
1532082797.976749,24192,0.018487537279725075
1532082941.1246722,24320,0.01635441929101944
1532083084.28579,24448,0.02335377410054207
1532083227.2863917,24576,0.016055289655923843
1532083470.6901886,24704,0.016965379938483238
1532083613.6423354,24832,0.01474873349070549
1532083756.680638,24960,0.021952422335743904
1532083899.6539106,25088,0.017803361639380455
1532084141.7847807,25216,0.016786908730864525
1532084284.755825,25344,0.014570679515600204
1532084427.6741936,25472,0.020191442221403122
1532084570.6125636,25600,0.01566425710916519
1532084813.465369,25728,0.01945704035460949
1532084956.4759696,25856,0.015416404232382774
1532085099.4117591,25984,0.019096028059720993
1532085242.2770045,26112,0.015939105302095413
1532085484.170896,26240,0.01827898435294628
1532085627.0287914,26368,0.01785440370440483
1532085769.9097085,26496,0.01728944666683674
1532085912.7608902,26624,0.018192606046795845
1532086155.186935,26752,0.010915263555943966
1532086297.8560605,26880,0.016489556059241295
1532086440.6811466,27008,0.012326037511229515
1532086583.3713868,27136,0.021360009908676147
1532086828.2843282,27264,0.018583431839942932
1532086971.156049,27392,0.022579874843358994
1532087114.0325172,27520,0.015755806118249893
1532087256.7379382,27648,0.021765727549791336
1532087499.9731598,27776,0.017225412651896477
1532087642.8608396,27904,0.019640183076262474
1532087785.7318316,28032,0.021115746349096298
1532087928.6698682,28160,0.014175544492900372
1532088170.9145372,28288,0.024994228035211563
1532088313.825686,28416,0.015032337978482246
1532088456.7864766,28544,0.01528867892920971
1532088599.663632,28672,0.01454276405274868
1532088844.906266,28800,0.014926724135875702
1532088987.877486,28928,0.017663374543190002
1532089130.9836068,29056,0.021058734506368637
1532089274.094423,29184,0.012674002908170223
1532089519.649084,29312,0.014020860195159912
1532089662.5510907,29440,0.014962518587708473
1532089805.5257208,29568,0.017671408131718636
1532089948.3930023,29696,0.01965552568435669
1532090190.2821898,29824,0.015292655676603317
1532090333.2682831,29952,0.01687009260058403
1532090476.0648367,30080,0.011727532371878624
1532090618.9048333,30208,0.015175256878137589
1532090865.1589885,30336,0.018239788711071014
1532091007.937888,30464,0.015999719500541687
1532091150.9546156,30592,0.01701756939291954
1532091293.9335055,30720,0.016419120132923126
1532091539.930217,30848,0.011510349810123444
1532091682.8342166,30976,0.017406124621629715
1532091825.7230363,31104,0.014560863375663757
1532091968.5856056,31232,0.014319268055260181
1532092211.498498,31360,0.01788300834596157
1532092354.3756623,31488,0.011875089257955551
1532092497.32757,31616,0.009384054690599442
1532092640.0740902,31744,0.01683899387717247
1532092886.683843,31872,0.024577992036938667
1532093029.557628,32000,0.018960142508149147
1532093172.5107682,32128,0.014548366889357567
1532093315.5893023,32256,0.015675242990255356
1532093561.385949,32384,0.01832001283764839
1532093704.3070593,32512,0.009824227541685104
1532093847.2645917,32640,0.018784914165735245
1532093990.1720278,32768,0.0198733601719141
1532094236.3511708,32896,0.020798325538635254
1532094379.4479704,33024,0.011371937580406666
1532094522.6134582,33152,0.013996059074997902
1532094665.6999037,33280,0.017926309257745743
1532094911.2388232,33408,0.012773621827363968
1532095054.2143748,33536,0.01084185391664505
1532095197.0233703,33664,0.01392205711454153
1532095339.781552,33792,0.02094634436070919
1532095584.0322728,33920,0.01454417034983635
1532095727.130528,34048,0.017982227727770805
1532095870.1950517,34176,0.009389584884047508
1532096013.245512,34304,0.017597973346710205
1532096259.151548,34432,0.019741788506507874
1532096402.3476193,34560,0.022710533812642097
1532096545.5018563,34688,0.011892142705619335
1532096688.6586275,34816,0.011117077432572842
1532096933.266074,34944,0.013206683099269867
1532097076.379253,35072,0.011914527043700218
1532097219.5740504,35200,0.0179996769875288
1532097362.712397,35328,0.012581673450767994
1532097607.472193,35456,0.013159533031284809
1532097750.423065,35584,0.012918190099298954
1532097893.5890079,35712,0.013014351949095726
1532098036.7523143,35840,0.011103013530373573
1532098284.4015675,35968,0.013303486630320549
1532098427.452556,36096,0.010942084714770317
1532098570.4592574,36224,0.015334442257881165
1532098713.507339,36352,0.008586447685956955
1532098963.004328,36480,0.011963830329477787
1532099106.1161716,36608,0.012383000925183296
1532099249.2190251,36736,0.01596582867205143
1532099392.4534144,36864,0.01514793187379837
1532099638.0949266,36992,0.023236965760588646
1532099781.2020667,37120,0.020779719576239586
1532099924.389884,37248,0.012915065512061119
1532100067.5705302,37376,0.013325621373951435
1532100313.842824,37504,0.012352287769317627
1532100457.0369103,37632,0.014747709967195988
1532100600.132008,37760,0.012049559503793716
1532100743.2587328,37888,0.014221720397472382
1532100989.7119477,38016,0.009797070175409317
1532101132.790012,38144,0.013022960163652897
1532101275.831372,38272,0.01104555744677782
1532101418.9147081,38400,0.013866189867258072
1532101666.328995,38528,0.016532547771930695
1532101809.5011733,38656,0.014554183930158615
1532101952.509687,38784,0.013101469725370407
1532102095.6457388,38912,0.021217700093984604
1532102341.4273777,39040,0.010104653425514698
1532102484.5013707,39168,0.014478182420134544
1532102627.7175093,39296,0.011311367154121399
1532102770.9011426,39424,0.009988587349653244
1532103017.8685856,39552,0.01525282021611929
1532103160.7712264,39680,0.014356926083564758
1532103303.7674654,39808,0.012431432493031025
1532103446.8185656,39936,0.01415148563683033
1532110686.284082,40064,0.016103778034448624
1532110833.1457021,40192,0.018945345655083656
1532110979.9767103,40320,0.01472480222582817
1532111126.9914353,40448,0.012030917219817638
1532111374.628618,40576,0.011492576450109482
1532111517.46427,40704,0.017248986288905144
1532111660.259253,40832,0.010872717946767807
1532111803.1285748,40960,0.01070450060069561
1532112049.4898863,41088,0.009307472966611385
1532112192.6258729,41216,0.015423918142914772
1532112335.661994,41344,0.020253919064998627
1532112478.7406802,41472,0.012127650901675224
1532112725.6223586,41600,0.015028290450572968
1532112868.818562,41728,0.00926876999437809
1532113011.8880057,41856,0.010904463939368725
1532113154.9925077,41984,0.01459591742604971
1532113401.8729181,42112,0.012680388987064362
1532113544.8825715,42240,0.01535977702587843
1532113687.9939847,42368,0.017026428133249283
1532113831.0447853,42496,0.008612222969532013
1532114082.3730764,42624,0.010721910744905472
1532114225.4436803,42752,0.012991569004952908
1532114368.4488559,42880,0.009118273854255676
1532114511.3687925,43008,0.014004225842654705
1532114761.8334148,43136,0.013272669166326523
1532114904.8115184,43264,0.011699868366122246
1532115047.8364537,43392,0.011006830260157585
1532115190.9243653,43520,0.015476930886507034
1532115438.5499897,43648,0.0072480314411222935
1532115581.4312127,43776,0.012131555937230587
1532115724.3618119,43904,0.009745285846292973
1532115867.2354913,44032,0.014872241765260696
1532116117.7293732,44160,0.01542317308485508
1532116260.7695334,44288,0.01780838519334793
1532116403.7987492,44416,0.012265129014849663
1532116546.7997205,44544,0.009662462398409843
1532116793.8700676,44672,0.007939889095723629
1532116936.9535913,44800,0.010892444290220737
1532117080.057529,44928,0.012713739648461342
1532117223.1763725,45056,0.010986171662807465
1532117472.142119,45184,0.008962160907685757
1532117615.241801,45312,0.008901799097657204
1532117758.468141,45440,0.013557063415646553
1532117901.7093754,45568,0.011743622832000256
1532118149.9298882,45696,0.010405334644019604
1532118292.8382628,45824,0.013424960896372795
1532118435.984819,45952,0.007742529734969139
1532118579.0464892,46080,0.011888029985129833
1532118826.5633361,46208,0.012694071047008038
1532118969.6532025,46336,0.01052434928715229
1532119112.7685149,46464,0.011062129400670528
1532119255.9002306,46592,0.013536909595131874
1532119503.8600917,46720,0.012942166067659855
1532119646.7470455,46848,0.013330060057342052
1532119789.612197,46976,0.01136325765401125
1532119932.4766629,47104,0.011638250201940536
1532120180.5054698,47232,0.009557826444506645
1532120323.3855655,47360,0.014012549072504044
1532120466.3427842,47488,0.009634247981011868
1532120609.2017686,47616,0.01343565434217453
1532120858.379521,47744,0.009122392162680626
1532121001.371818,47872,0.01983276568353176
1532121144.3639631,48000,0.013122358359396458
1532121287.400548,48128,0.012801828794181347
1532121538.2229614,48256,0.01541831810027361
1532121681.346163,48384,0.0077416072599589825
1532121824.1988611,48512,0.00970757007598877
1532121967.320751,48640,0.011192935518920422
1532122217.6094773,48768,0.015510667115449905
1532122360.6008658,48896,0.011637035757303238
1532122503.5097456,49024,0.011114448308944702
1532122646.5039008,49152,0.008538421243429184
1532122895.3803935,49280,0.013788292184472084
1532123038.4481604,49408,0.010505026206374168
1532123181.3272233,49536,0.014936552383005619
1532123324.3773673,49664,0.009986125864088535
1532123575.3143616,49792,0.01265273243188858
1532123718.3664086,49920,0.008944008499383926
1532123861.4187891,50048,0.011783787980675697
1532124004.4497344,50176,0.015929797664284706
1532124253.3878105,50304,0.013357155956327915
1532124396.5027118,50432,0.009624343365430832
1532124539.6074705,50560,0.008659892715513706
1532124682.6144469,50688,0.0206628255546093
1532124931.3439827,50816,0.008123846724629402
1532125074.3659837,50944,0.01830112934112549
1532125217.5789194,51072,0.00801167357712984
1532125360.7631474,51200,0.0076235695742070675
1532125610.9714313,51328,0.014904743060469627
1532125754.0524335,51456,0.010827536694705486
1532125897.1375976,51584,0.007809576578438282
1532126040.1985643,51712,0.012659959495067596
1532126292.8648918,51840,0.008962651714682579
1532126436.0394866,51968,0.024206239730119705
1532126579.2330947,52096,0.01765819825232029
1532126722.407527,52224,0.00908607430756092
1532126973.0243878,52352,0.01254311203956604
1532127116.0906296,52480,0.018729129806160927
1532127259.3019707,52608,0.01224659662693739
1532127402.4501896,52736,0.008273919112980366
1532127652.0508802,52864,0.016304386779665947
1532127795.0802684,52992,0.01065098587423563
1532127938.1400943,53120,0.010382413864135742
1532128081.1818297,53248,0.008816611021757126
1532128332.364276,53376,0.011170923709869385
1532128475.4305358,53504,0.012222962453961372
1532128618.4480433,53632,0.011646132916212082
1532128761.394083,53760,0.011793334037065506
1532129012.3480666,53888,0.013894913718104362
1532129155.2536476,54016,0.008534876629710197
1532129298.303133,54144,0.010309260338544846
1532129441.2215984,54272,0.014278855174779892
1532129692.3218963,54400,0.009920070879161358
1532129835.2572253,54528,0.007583878468722105
1532129978.1521206,54656,0.006236530374735594
1532130121.1144338,54784,0.006766479928046465
1532130371.6300364,54912,0.010404041036963463
1532130514.6036837,55040,0.012325892224907875
1532130657.798964,55168,0.009083705022931099
1532130800.9087138,55296,0.011310368776321411
1532131052.6028724,55424,0.010641340166330338
1532131195.7579188,55552,0.01056273840367794
1532131338.881922,55680,0.012106710113584995
1532131482.0012264,55808,0.009726271033287048
1532131734.5695143,55936,0.014743891544640064
1532131877.67038,56064,0.006306192837655544
1532132020.6959872,56192,0.0072164940647780895
1532132163.8967254,56320,0.008213061839342117
1532132414.0735643,56448,0.007736356928944588
1532132557.0138524,56576,0.008048412390053272
1532132700.057485,56704,0.013307493180036545
1532132843.0914967,56832,0.012911157682538033
1532133094.824724,56960,0.0077485754154622555
1532133237.9038508,57088,0.00824000034481287
1532133381.2319493,57216,0.006644333712756634
1532133524.253084,57344,0.008721132762730122
1532133775.414507,57472,0.011510777287185192
1532133918.4176047,57600,0.006711702328175306
1532134061.5033412,57728,0.01543907355517149
1532134204.654568,57856,0.01532159186899662
1532134453.2527986,57984,0.00842510536313057
1532134596.2220125,58112,0.00980657059699297
1532134739.4056625,58240,0.010210560634732246
1532134882.430648,58368,0.007771129719913006
1532135135.9765031,58496,0.009417622350156307
1532135279.0641785,58624,0.00744230393320322
1532135422.2172637,58752,0.014759493991732597
1532135565.3174706,58880,0.011118416674435139
1532135814.7204895,59008,0.007881052792072296
1532135957.7656043,59136,0.013743703253567219
1532136100.8660219,59264,0.0166923888027668
1532136243.972813,59392,0.014579014852643013
1532136495.3619251,59520,0.007510386407375336
1532136638.281889,59648,0.009741620160639286
1532136781.203531,59776,0.006069364957511425
1532136924.1895916,59904,0.011419791728258133
1532137177.1094007,60032,0.016977563500404358
1532137320.0504518,60160,0.011613222770392895
1532137462.9403398,60288,0.007295807357877493
1532137605.836944,60416,0.010389200411736965
1532137855.8980398,60544,0.009870244190096855
1532137998.6245131,60672,0.007366739213466644
1532138141.4273124,60800,0.006503889337182045
1532138284.0824006,60928,0.013534734956920147
1532138537.925545,61056,0.009691150858998299
1532138680.7241762,61184,0.01618954725563526
1532138823.6311846,61312,0.012869818136096
1532138966.6436307,61440,0.016643153503537178
1532139218.6198664,61568,0.01885305531322956
1532139361.5526118,61696,0.008893873542547226
1532139504.531238,61824,0.009056995622813702
1532139647.4360073,61952,0.0057303118519485
1532139899.6335342,62080,0.009155286476016045
1532140042.4638264,62208,0.012361222878098488
1532140185.4690633,62336,0.0073178112506866455
1532140328.300935,62464,0.007427581120282412
1532164340.6813786,62592,0.007379715796560049
1532164487.745782,62720,0.008185820654034615
1532164634.428322,62848,0.010454673320055008
1532164781.7304194,62976,0.008352391421794891
1532165029.4569292,63104,0.006283605005592108
1532165172.5299675,63232,0.008728018961846828
1532165315.651334,63360,0.025375744327902794
1532165458.72849,63488,0.017430229112505913
1532165706.2792728,63616,0.007558060809969902
1532165849.2465522,63744,0.014567072503268719
1532165992.2949023,63872,0.014103264547884464
1532166135.4112825,64000,0.01534247025847435
1532166380.4037447,64128,0.010055921040475368
1532166523.4302948,64256,0.00478346599265933
1532166666.4861066,64384,0.014055471867322922
1532166809.599359,64512,0.008272739127278328
1532167057.6479173,64640,0.010224252939224243
1532167200.7357256,64768,0.010019472800195217
1532167343.788734,64896,0.008582635782659054
1532167486.8866916,65024,0.0135419350117445
1532167734.9829533,65152,0.010299372486770153
1532167877.8876085,65280,0.010153692215681076
1532168020.9268909,65408,0.010217678733170033
1532168163.886888,65536,0.011137617751955986
1532168413.4906278,65664,0.007429506164044142
1532168556.3337426,65792,0.01101271528750658
1532168699.1185498,65920,0.006667821202427149
1532168842.0378878,66048,0.012865821830928326
1532169087.4020596,66176,0.013729486614465714
1532169230.267428,66304,0.012327593751251698
1532169373.1330616,66432,0.005454611033201218
1532169516.0600495,66560,0.010445674881339073
1532169765.3806324,66688,0.005863382015377283
1532169908.4008875,66816,0.0045873261988162994
1532170051.4388402,66944,0.013894807547330856
1532170194.5204773,67072,0.006556094158440828
1532170443.3758247,67200,0.01173290517181158
1532170586.4975588,67328,0.008792315609753132
1532170729.5862567,67456,0.008225193247199059
1532170872.6876583,67584,0.0057721929624676704
1532171118.8225403,67712,0.006422772537916899
1532171261.901498,67840,0.012228522449731827
1532171404.8717885,67968,0.01230955682694912
1532171547.8658211,68096,0.006295717786997557
1532171794.7462137,68224,0.006556662265211344
1532171937.8010292,68352,0.009031268768012524
1532172080.840461,68480,0.004364046733826399
1532172223.9136858,68608,0.01003524474799633
1532172474.4616375,68736,0.008353311568498611
1532172617.5485258,68864,0.009109635837376118
1532172760.5419836,68992,0.010917572304606438
1532172903.6425216,69120,0.007056557573378086
1532173150.8566785,69248,0.017997629940509796
1532173293.906155,69376,0.00612685177475214
1532173436.9666948,69504,0.010546250268816948
1532173580.0904276,69632,0.00982530415058136
1532173828.866395,69760,0.010705765336751938
1532173971.984909,69888,0.008333847858011723
1532174115.315351,70016,0.006217275746166706
1532174258.542155,70144,0.012693261727690697
1532174507.353492,70272,0.011121280491352081
1532174650.516687,70400,0.014516826719045639
1532174793.610117,70528,0.006219513714313507
1532174936.8087196,70656,0.01064779981970787
1532175185.709247,70784,0.007515954785048962
1532175328.7313347,70912,0.009607993066310883
1532175471.910101,71040,0.0125348549336195
1532175614.9384456,71168,0.0140372384339571
1532175862.2434661,71296,0.012683264911174774
1532176005.3698275,71424,0.008394095115363598
1532176148.4745278,71552,0.009198416024446487
1532176291.5981262,71680,0.005994801409542561
1532176539.5548677,71808,0.009291836060583591
1532176682.654718,71936,0.0088767409324646
1532176825.6964047,72064,0.018625734373927116
1532176968.7577567,72192,0.0061663188971579075
1532177216.1928327,72320,0.006616553757339716
1532177359.5101814,72448,0.0080649359151721
1532177502.718532,72576,0.0088424701243639
1532177645.961766,72704,0.0078078703954815865
1532177892.099609,72832,0.010176088660955429
1532178035.304966,72960,0.00668067391961813
1532178178.5258398,73088,0.006367850117385387
1532178321.6717167,73216,0.009840106591582298
1532178571.3631005,73344,0.01183716394007206
1532178714.5023901,73472,0.007101078517735004
1532178857.677567,73600,0.007149755023419857
1532179000.8344219,73728,0.011867483146488667
1532179249.991898,73856,0.007373166736215353
1532179393.3047,73984,0.006606695707887411
1532179536.5083137,74112,0.010527203790843487
1532179679.7419713,74240,0.010147692635655403
1532179927.5666056,74368,0.013415705412626266
1532180070.82137,74496,0.010517952032387257
1532180214.0099108,74624,0.006079761311411858
1532180357.1882653,74752,0.011012658476829529
1532180608.6658907,74880,0.007748223841190338
1532180751.7853956,75008,0.0036022630520164967
1532180895.0057411,75136,0.006824512034654617
1532181038.1606987,75264,0.015333089046180248
1532181286.5456724,75392,0.00573431421071291
1532181429.7389646,75520,0.006160061340779066
1532181573.023798,75648,0.009721224196255207
1532181716.1536748,75776,0.009862028993666172
1532181962.3652549,75904,0.005249653942883015
1532182105.699304,76032,0.004904662724584341
1532182248.7752988,76160,0.008458029478788376
1532182391.9189591,76288,0.017513541504740715
1532182642.9921327,76416,0.009302906692028046
1532182786.126364,76544,0.013554435223340988
1532182929.319392,76672,0.008627966977655888
1532183072.4893188,76800,0.006723939441144466
1532183323.7207367,76928,0.004581933841109276
1532183466.865726,77056,0.00810960866510868
1532183610.0723684,77184,0.0112127885222435
1532183753.3844092,77312,0.0037016563583165407
1532184002.7346165,77440,0.010152250528335571
1532184145.9892142,77568,0.008213571272790432
1532184289.216166,77696,0.010284948162734509
1532184432.3341188,77824,0.011067809537053108
1532184679.2231162,77952,0.0068111298605799675
1532184822.1435022,78080,0.013893874362111092
1532184965.1893404,78208,0.0059158033691346645
1532185108.2190185,78336,0.009468523785471916
1532185353.9749565,78464,0.0068110572174191475
1532185496.8341985,78592,0.009816327132284641
1532185639.9879348,78720,0.009677737019956112
1532185783.1075022,78848,0.0044098179787397385
1532186033.846482,78976,0.00834609568119049
1532186176.9987402,79104,0.006936207413673401
1532186320.3611436,79232,0.00758641492575407
1532186463.468163,79360,0.0051120128482580185
1532186711.6130743,79488,0.01132143009454012
1532186854.837235,79616,0.0145487729460001
1532186998.0917375,79744,0.008467311970889568
1532187141.2626357,79872,0.007890202105045319
1532187391.243367,80000,0.008629227057099342
1532187534.3998144,80128,0.01422165334224701
1532187677.6538649,80256,0.008234096691012383
1532187820.8965929,80384,0.003876658622175455
1532188070.0556688,80512,0.009492700919508934
1532188213.002715,80640,0.008962670341134071
1532188356.154525,80768,0.00567473191767931
1532188499.4022355,80896,0.00617353618144989
1532188747.5114386,81024,0.007537299767136574
1532188890.7242415,81152,0.014046093448996544
1532189033.728216,81280,0.010576761327683926
1532189176.8626802,81408,0.00969700701534748
1532189425.8285372,81536,0.015933312475681305
1532189568.8919497,81664,0.0076154740527272224
1532189712.0707324,81792,0.0042535774409770966
1532189855.1820576,81920,0.009777650237083435
1532190106.5435133,82048,0.005334543064236641
1532190249.6249647,82176,0.007527565583586693
1532190392.789148,82304,0.011750716716051102
1532190535.927981,82432,0.006198623217642307
1532190786.6926217,82560,0.00946119800209999
1532190929.6865673,82688,0.00802492257207632
1532191072.6325202,82816,0.00820064451545477
1532191215.515646,82944,0.010672127828001976
1532191466.3839536,83072,0.024707254022359848
1532191609.2952588,83200,0.012499198317527771
1532191752.251087,83328,0.0034684347920119762
1532191895.27856,83456,0.014013310894370079
1532192145.9832623,83584,0.00916872825473547
1532192288.8214417,83712,0.007637756876647472
1532192431.8433332,83840,0.00896645151078701
1532192574.9176736,83968,0.007202352397143841
1532192823.5665298,84096,0.01052048895508051
1532192966.723371,84224,0.01198048610240221
1532193109.8144941,84352,0.005726125091314316
1532193252.8913927,84480,0.01030176505446434
1532193500.9600418,84608,0.011700247414410114
1532193644.0279243,84736,0.004333085380494595
1532193787.0688689,84864,0.007943396456539631
1532193930.0744588,84992,0.006170452106744051
1532194179.4650846,85120,0.008346360176801682
1532194322.5365438,85248,0.010667053051292896
1532194465.4015827,85376,0.008303247392177582
1532194608.5416982,85504,0.00771104684099555
1532194861.4453514,85632,0.006758266128599644
1532195004.7306142,85760,0.007930724881589413
1532195147.9534302,85888,0.006452517118304968
1532195291.1284199,86016,0.005484563764184713
1532195543.2130044,86144,0.010638278909027576
1532195686.3021374,86272,0.02671356499195099
1532195829.5589705,86400,0.0038127226289361715
1532195972.734255,86528,0.007836565375328064
1532196225.1206732,86656,0.0108895068988204
1532196368.4245377,86784,0.013097791001200676
1532196511.7257843,86912,0.004940286744385958
1532196654.9665592,87040,0.05033702775835991
1532196915.5642803,87168,0.008777310140430927
1532197058.7613308,87296,0.018860453739762306
1532197201.8023937,87424,0.002249364508315921
1532197345.1213884,87552,0.00020168880291748792
1532197605.0155652,87680,0.000620674341917038
1532197748.1689482,87808,0.007617679424583912
1532197891.431992,87936,0.026493115350604057
1532198034.6839144,88064,0.009545017965137959
1532198293.817792,88192,0.005178594496101141
1532198437.1510975,88320,0.003867731662467122
1532198580.4018188,88448,0.03124547377228737
1532198723.673588,88576,0.029764551669359207
1532198974.7037976,88704,0.0047945259138941765
1532199118.0959997,88832,0.012403512373566628
1532199261.3396485,88960,0.0016750084469094872
1532199404.5529866,89088,0.005487136077135801
1532199662.51799,89216,0.02155790664255619
1532199805.820927,89344,0.0010189274325966835
1532199949.0341663,89472,0.04941917210817337
1532200092.349661,89600,0.01623954437673092
1532200338.565204,89728,0.0014189661014825106
1532200481.7349212,89856,0.032578371465206146
1532200624.7617228,89984,0.002096426673233509
1532200767.9265194,90112,0.003385453950613737
1532201017.8101184,90240,0.03506951406598091
1532201161.025972,90368,0.013975589536130428
1532201304.2522273,90496,0.01126953773200512
1532201447.555915,90624,0.0005715411389246583
1532201698.4567726,90752,0.00048692041309550405
1532201841.6677585,90880,0.07034625858068466
1532201984.8064284,91008,0.00019984719983767718
1532202128.0061975,91136,0.0008010407327674329
1532202378.2584648,91264,0.01053293701261282
1532202521.3615875,91392,0.0017986943712458014
1532202664.5410628,91520,0.011796439066529274
1532202807.6531796,91648,0.019556859508156776
1532203061.112818,91776,0.010218197479844093
1532203204.093092,91904,0.00019501929637044668
1532203347.0264754,92032,0.0005244608037173748
1532203490.0435498,92160,0.012114088982343674
1532203742.5378723,92288,0.0025622579269111156
1532203885.7604005,92416,0.07408104836940765
1532204028.9957147,92544,0.01460878923535347
1532204172.1888916,92672,0.00021221580391284078
1532204419.671669,92800,0.017842082306742668
1532204562.8639174,92928,0.00909182894974947
1532204706.0304294,93056,0.0012336027575656772
1532204849.2607706,93184,0.016345251351594925
1532205098.7758079,93312,0.0038642471190541983
1532205241.8434932,93440,0.0011619642609730363
1532205385.141348,93568,0.0016575177432969213
1532205528.2881684,93696,0.008130679838359356
1532205783.5646873,93824,0.002251710742712021
1532205926.685817,93952,0.0005679582827724516
1532206069.7810967,94080,0.010306475684046745
1532206213.0650647,94208,0.0014963626163080335
1532206462.2474892,94336,0.00926604401320219
1532206605.3385875,94464,0.002607444766908884
1532206748.5148757,94592,0.002473063999786973
1532206891.662734,94720,0.017232999205589294
1532207147.3426843,94848,0.0032360749319195747
1532207290.4887564,94976,0.005159505642950535
1532207433.6029077,95104,0.0009732840699143708
1532207576.9359353,95232,0.006900865584611893
1532207818.7802253,95360,0.00563035998493433
1532207961.8683197,95488,0.006957784295082092
1532208104.9973419,95616,0.0006216934998519719
1532208248.1581287,95744,0.0016618408262729645
1532208485.0462492,95872,0.02276007831096649
1532208628.1953032,96000,0.0014921575784683228
1532208771.371575,96128,0.0020988371688872576
1532208914.5377119,96256,0.06858612596988678
1532209146.3867757,96384,0.023646719753742218
1532209289.459623,96512,0.02865752950310707
1532209432.4867635,96640,0.0022209074813872576
1532209575.51695,96768,0.008136540651321411
1532209814.1234868,96896,0.00020264496561139822
1532209957.2149527,97024,0.01919032633304596
1532210100.1681666,97152,0.008731333538889885
1532210243.2276351,97280,0.00011213304969714954
1532210476.0516653,97408,0.005087927915155888
1532210619.0895364,97536,0.0014950698241591454
1532210762.1698768,97664,0.0008084805449470878
