wall_time,step,value
1531836366.956615,512,0.41241171956062317
1531836817.1862016,1024,0.38801416754722595
1531837268.9408624,1536,0.3692016005516052
1531837719.846361,2048,0.3743200898170471
1531838169.4866264,2560,0.34176287055015564
1531838619.9778345,3072,0.3405596613883972
1531839069.5828702,3584,0.3258169889450073
1531839520.0566678,4096,0.3211248815059662
1531839967.7763486,4608,0.3144373297691345
1531840418.1266956,5120,0.3028773069381714
1531840868.0093904,5632,0.28803372383117676
1531841318.2906625,6144,0.2637478709220886
1531841767.367894,6656,0.2622758746147156
1531842216.597513,7168,0.2602348327636719
1531842665.9441803,7680,0.2642829418182373
1531843116.7223608,8192,0.2530165910720825
1531843565.0428383,8704,0.24342359602451324
1531844013.603856,9216,0.2533363997936249
1531844462.3387313,9728,0.23817920684814453
1531844910.5501647,10240,0.23296889662742615
1531845360.72905,10752,0.21449795365333557
1531845810.519302,11264,0.21280914545059204
1531846258.884332,11776,0.22982273995876312
1531846708.6498177,12288,0.2102842479944229
1531847158.9506788,12800,0.2029799520969391
1531847608.2451768,13312,0.19891692698001862
1531848058.4813175,13824,0.19551979005336761
1531848506.7487547,14336,0.1964791864156723
1531848956.0160546,14848,0.18734638392925262
1531849404.0305874,15360,0.17527323961257935
1531849854.396659,15872,0.19111435115337372
1531850303.1985822,16384,0.193720743060112
1531850752.1086278,16896,0.18695314228534698
1531851201.657699,17408,0.17822787165641785
1531851650.1666052,17920,0.17847071588039398
1531852098.8543668,18432,0.16796958446502686
1531852549.3145797,18944,0.1678270697593689
1531852998.3249102,19456,0.17381171882152557
1531853446.601098,19968,0.16835033893585205
1531853896.2416084,20480,0.16094720363616943
1531854346.238841,20992,0.158024400472641
1531854795.8059874,21504,0.15595059096813202
1531855246.1053908,22016,0.15138393640518188
1531855696.6792939,22528,0.14984120428562164
1531856146.0008984,23040,0.150315061211586
1531856597.7976649,23552,0.14761584997177124
1531857047.9372797,24064,0.15031345188617706
1531857500.3250484,24576,0.1488514244556427
1531857950.3150892,25088,0.13869917392730713
1531858401.0952716,25600,0.142479807138443
1531858850.9496334,26112,0.1397336721420288
1531859303.3225272,26624,0.1384536325931549
1531859754.4848669,27136,0.13955774903297424
1531860205.320567,27648,0.1318226158618927
1531860656.8681674,28160,0.13305781781673431
1531861108.9659922,28672,0.1350802332162857
1531861560.626869,29184,0.1291072517633438
1531862010.6903183,29696,0.1328456550836563
1531862461.0855632,30208,0.13471202552318573
1531862911.2463126,30720,0.1291867047548294
1531863363.1567402,31232,0.1294289529323578
1531863813.8411279,31744,0.1352420300245285
1531864265.245577,32256,0.13527147471904755
1531864716.145219,32768,0.12500403821468353
1531865167.2310128,33280,0.1289561539888382
1531865617.7316723,33792,0.12634919583797455
1531866068.2948837,34304,0.12624715268611908
1531866520.613232,34816,0.12948177754878998
1531866971.8653598,35328,0.12042819708585739
1531867424.0974565,35840,0.12457816302776337
1531867875.609033,36352,0.12385798245668411
1531868328.2702308,36864,0.12251885235309601
1531868781.0663881,37376,0.12083188444375992
1531952893.7055027,38400,0.11736762523651123
1531953341.5481896,38912,0.12091241031885147
1531953790.4151053,39424,0.11829456686973572
1531954237.1567914,39936,0.11571641266345978
1531954685.719457,40448,0.1126411184668541
1531955134.863761,40960,0.11241308599710464
1531955582.3916874,41472,0.10560169816017151
1531956030.7705696,41984,0.10332853347063065
1531956479.0266294,42496,0.10396832972764969
1531956927.5783706,43008,0.09977705776691437
1531957376.2203932,43520,0.10488642007112503
1531957825.1417375,44032,0.10136989504098892
1531958273.2273593,44544,0.11881165206432343
1531958720.9720752,45056,0.14835283160209656
1531959169.1039777,45568,0.16411861777305603
1531959618.2314398,46080,0.15012647211551666
1531960066.7549787,46592,0.1676589846611023
1531960520.3332863,47104,0.15996511280536652
1531960976.3167045,47616,0.18115392327308655
1531961429.7629426,48128,0.18399037420749664
1531961882.9937227,48640,0.17739851772785187
1531962336.4272459,49152,0.17438335716724396
1531962789.773354,49664,0.18840953707695007
1531963243.7630708,50176,0.1847766786813736
1531963697.227793,50688,0.18292704224586487
1531964151.330405,51200,0.1793118119239807
1531964605.226133,51712,0.18270359933376312
1531965057.1408687,52224,0.17589814960956573
1531965510.5045838,52736,0.18833714723587036
1531965963.2842038,53248,0.17604060471057892
1531966415.3337288,53760,0.1693449318408966
1531966867.4497752,54272,0.17895692586898804
1531967318.312266,54784,0.18559996783733368
1531967769.4902546,55296,0.17930258810520172
1531968222.5992105,55808,0.18100963532924652
1531968677.0352018,56320,0.17310278117656708
1531969129.6320143,56832,0.17384383082389832
1531969583.0013838,57344,0.1720735877752304
1531970036.1670737,57856,0.17221538722515106
1531970489.4273362,58368,0.1666942983865738
1531970942.926294,58880,0.17366038262844086
1531971396.9268823,59392,0.16778340935707092
1531971850.6197255,59904,0.16591498255729675
1531972305.4889534,60416,0.17711780965328217
1531972759.978302,60928,0.17503531277179718
1531973215.1533058,61440,0.17132051289081573
1531973670.6022663,61952,0.18125472962856293
1531974126.4510183,62464,0.17939119040966034
1531974582.2735288,62976,0.18163402378559113
1531975036.948272,63488,0.17872576415538788
1531975492.1676953,64000,0.17082060873508453
1531975946.7318633,64512,0.18780109286308289
1531976402.634386,65024,0.18305546045303345
1531976857.2992668,65536,0.1769842654466629
1531977311.942081,66048,0.18346166610717773
1531977767.0084271,66560,0.17800892889499664
1531978221.2745655,67072,0.17870105803012848
1531978675.1949599,67584,0.17330686748027802
1531979128.6521604,68096,0.1759563833475113
1531979584.135609,68608,0.17416267096996307
1531980039.491723,69120,0.178352952003479
1531980494.3860629,69632,0.17479804158210754
1531980948.7415078,70144,0.1588800549507141
1531981404.720406,70656,0.1643780618906021
1531981860.9228077,71168,0.16170842945575714
1532019770.7173905,72192,0.1512344926595688
1532020221.6924233,72704,0.13827909529209137
1532020673.7183368,73216,0.14416943490505219
1532021125.3915825,73728,0.14545582234859467
1532021578.2660198,74240,0.14676152169704437
1532022031.4954963,74752,0.15965822339057922
1532022484.1106377,75264,0.15049424767494202
1532022936.2637637,75776,0.16272106766700745
1532023388.477363,76288,0.15616370737552643
1532023842.1128702,76800,0.15717707574367523
1532024295.6545124,77312,0.14980357885360718
1532024748.9000487,77824,0.16070178151130676
1532025201.9717736,78336,0.16452156007289886
1532025655.827729,78848,0.1772177815437317
1532026109.6491203,79360,0.17436620593070984
1532026565.924515,79872,0.16082967817783356
1532027020.044652,80384,0.17858213186264038
1532027473.4651117,80896,0.17330141365528107
1532027927.9782345,81408,0.1875240057706833
1532028383.1854832,81920,0.17798025906085968
1532028836.5100012,82432,0.18024857342243195
1532029290.447755,82944,0.1779448539018631
1532029743.592774,83456,0.18096360564231873
1532030198.2154782,83968,0.18091000616550446
1532030651.866148,84480,0.17513181269168854
1532031106.099978,84992,0.17150725424289703
1532031558.614498,85504,0.17844244837760925
1532032011.2039742,86016,0.1784176528453827
1532032464.3972034,86528,0.18464644253253937
1532032919.6155632,87040,0.18760910630226135
1532033373.9301355,87552,0.1781804859638214
1532033828.701615,88064,0.18335431814193726
1532034282.2025568,88576,0.19028212130069733
1532034735.921111,89088,0.19457437098026276
1532035190.1273727,89600,0.18209484219551086
1532035644.3205757,90112,0.18237042427062988
1532036100.03359,90624,0.19007888436317444
1532036554.9413328,91136,0.1757168024778366
1532037009.282165,91648,0.1963045448064804
1532037463.7821956,92160,0.18727533519268036
1532037918.7425292,92672,0.1831241250038147
1532038372.5878015,93184,0.18362705409526825
1532038827.1430929,93696,0.17973271012306213
1532039282.1170819,94208,0.17955639958381653
1532039737.1942906,94720,0.18386845290660858
1532040190.3947096,95232,0.18495430052280426
1532040643.3998554,95744,0.18075071275234222
1532074479.9851208,96768,0.1676943302154541
1532074932.1371543,97280,0.1678423434495926
