wall_time,step,value
1530532661.1769357,512,2.6589412689208984
1530532856.8213606,1024,1.3339273929595947
1530533049.9535348,1536,1.7502669095993042
1530533242.9335706,2048,2.5056848526000977
1530533437.2839382,2560,2.279836416244507
1530533632.0412338,3072,1.3252242803573608
1530533828.949524,3584,1.0420604944229126
1530534024.3602297,4096,1.5241926908493042
1530534222.1905143,4608,1.8369660377502441
1530534418.6987484,5120,2.945991039276123
1530534615.277205,5632,1.0223366022109985
1530534812.1461725,6144,2.1365551948547363
1530535008.9622414,6656,2.1311981678009033
1530535205.3937635,7168,1.2449631690979004
1530535402.0147903,7680,1.3468016386032104
1530535599.8484104,8192,2.64137864112854
1530535798.354337,8704,2.115342140197754
1530535995.0460215,9216,1.189276099205017
1530536192.3334093,9728,0.9378048181533813
1530536388.9002264,10240,1.1760141849517822
1530536585.5819235,10752,1.526687741279602
1530536783.011166,11264,1.5436360836029053
1530536980.9806628,11776,1.2465027570724487
1530537178.4039629,12288,0.9615643620491028
1530537377.0086246,12800,1.8235809803009033
1530537575.2900724,13312,1.4978266954421997
1530537774.3132915,13824,1.421642541885376
1530537971.6000693,14336,2.7079474925994873
1530538169.720398,14848,1.7370561361312866
1530538367.0920982,15360,1.3790688514709473
1530538564.7792704,15872,1.871720552444458
1530538761.6220844,16384,1.2466932535171509
1530538959.1364279,16896,2.2216107845306396
1530539157.1255684,17408,3.6811869144439697
1530539355.3893383,17920,1.114588737487793
1530539553.458062,18432,0.9423289895057678
1530539750.9276288,18944,1.7498970031738281
1530539948.776753,19456,3.3460304737091064
1530540147.3070965,19968,2.1465542316436768
1530540345.675602,20480,1.3745559453964233
1530540543.4648168,20992,2.048870086669922
1530540742.448534,21504,4.558358669281006
1530540940.4608247,22016,1.8322633504867554
1530541140.86477,22528,5.216615200042725
1530541339.1481974,23040,1.0946893692016602
1530541538.109118,23552,7.991696357727051
1530541737.7893815,24064,5.347077369689941
1530541938.7989028,24576,1.9504178762435913
1530542137.4089448,25088,2.425623893737793
1530542335.5208848,25600,6.760329723358154
1530542534.864392,26112,7.164523601531982
1530542734.1327322,26624,3.2836663722991943
1530542932.8862805,27136,2.1127750873565674
1530543132.51672,27648,4.552577495574951
1530543333.1756234,28160,2.8744797706604004
1530543531.6374693,28672,5.690247058868408
1530543731.231598,29184,4.130242824554443
1530543932.147553,29696,2.903731346130371
1530544133.4568546,30208,5.619309902191162
1530544332.7159967,30720,1.8798885345458984
1530544532.3541417,31232,1.5194686651229858
1530544733.8766706,31744,2.8930366039276123
1530544933.862187,32256,1.3735876083374023
1530545133.7066574,32768,1.8324569463729858
1530545333.8793852,33280,4.198395729064941
1530545534.1869998,33792,1.5868861675262451
1530545734.5442681,34304,2.384422540664673
1530545935.3813586,34816,3.0069024562835693
1530546134.7194088,35328,3.972583293914795
1530546336.8361425,35840,3.6390788555145264
1530546536.6128812,36352,1.3239796161651611
1530546737.4722242,36864,1.6836000680923462
1530546938.0261087,37376,3.553865909576416
1530547139.6561694,37888,1.8703967332839966
1530547340.860374,38400,1.452102541923523
1530620365.5659225,39424,1.4220576286315918
1530620560.4649494,39936,1.2493572235107422
1530620757.5461893,40448,1.8726073503494263
1530620952.6516984,40960,6.051651954650879
1530621149.727964,41472,4.211239814758301
1530621345.606759,41984,9.70383358001709
1530621541.6049316,42496,6.857010364532471
1530621738.6785824,43008,4.377596855163574
1530621935.458547,43520,2.433060884475708
1530622132.2302642,44032,2.0797622203826904
1530622328.7338662,44544,1.290850281715393
1530622523.9270325,45056,1.7414846420288086
1530622720.3755999,45568,1.7688955068588257
1530622918.385117,46080,1.6968101263046265
1530623114.9966846,46592,6.113846778869629
1530636788.8153858,47616,3.4387547969818115
1530636986.9775753,48128,10.360591888427734
1530637183.8141398,48640,4.424685478210449
1530637380.6365197,49152,9.054333686828613
1530637577.879592,49664,2.5201261043548584
1530637774.1245697,50176,2.465118646621704
1530637971.2303965,50688,5.916244029998779
1530638168.1499426,51200,4.954994201660156
1530638365.3322258,51712,1.2917239665985107
1530638562.4770048,52224,1.7317969799041748
1530638759.8025873,52736,4.035348892211914
1530638956.9147925,53248,3.527351140975952
1530639154.3021276,53760,7.788983345031738
1530639351.2835703,54272,7.041163444519043
1530639548.065127,54784,5.449540615081787
1530639745.6880262,55296,2.314605951309204
1530639942.2660303,55808,3.025235176086426
1530640138.8726194,56320,1.900998830795288
1530640336.0279558,56832,3.86671781539917
1530640533.6790442,57344,3.09041166305542
1530640731.4566936,57856,3.9018173217773438
1530640928.1244779,58368,1.2333178520202637
1530641126.1481164,58880,12.299241065979004
1530641324.4167156,59392,9.957243919372559
1530641522.4333003,59904,6.267953872680664
1530641720.6877446,60416,4.492720603942871
1530641919.7232034,60928,10.312145233154297
1530642118.8502715,61440,9.594862937927246
1530642318.219968,61952,7.663904190063477
1530642516.7830815,62464,14.387629508972168
1530642715.890679,62976,6.377989768981934
1530642915.2408543,63488,8.572136878967285
1530643113.365943,64000,7.99360990524292
1530643313.5035515,64512,5.797403335571289
1530643512.2598822,65024,7.723657131195068
1530643711.2922077,65536,6.4674906730651855
1530643909.717128,66048,6.79257345199585
1530644107.7203853,66560,3.6322059631347656
1530644305.837661,67072,4.081471920013428
1530644506.0005352,67584,7.7539896965026855
1530644704.9749627,68096,4.1461567878723145
1530644904.4326909,68608,4.166553497314453
1530645104.862529,69120,7.187958717346191
1530645305.7872422,69632,3.5668702125549316
1530645505.3577871,70144,6.354265213012695
1530645704.2356992,70656,4.109175205230713
1530645903.2307065,71168,8.013629913330078
1530646102.181273,71680,5.890160083770752
1530646301.374044,72192,2.524030923843384
1530646502.2977524,72704,9.501606941223145
1530646702.1708975,73216,14.032663345336914
1530646902.6808503,73728,7.753626346588135
1530647103.671826,74240,7.028536319732666
1530647303.2847936,74752,3.5664522647857666
1530647501.8649383,75264,7.8879194259643555
1530647701.8794267,75776,4.438322067260742
1530647901.8757894,76288,4.419449329376221
1530648102.7133372,76800,6.546769142150879
1530648301.9658978,77312,5.1801371574401855
1530648501.7560859,77824,6.132967948913574
1530648701.7880826,78336,3.226790428161621
1530648901.4318497,78848,2.455442428588867
1530649103.072848,79360,4.246994972229004
1530649303.798372,79872,5.433168888092041
1530649504.2384267,80384,9.977460861206055
1530649705.1287043,80896,4.670555114746094
1530649906.726378,81408,4.937091827392578
1530650107.920086,81920,9.993078231811523
1530650308.5048053,82432,16.50349998474121
1530650509.2661211,82944,3.4711830615997314
1530650711.3404593,83456,14.899855613708496
1530650911.7376862,83968,6.688365936279297
1530651112.3624141,84480,9.722529411315918
1530651314.2184107,84992,14.907116889953613
1530651517.2983477,85504,10.00578784942627
1530707823.7293873,86528,7.556253433227539
1530708019.1862664,87040,4.175840854644775
1530708215.6215842,87552,3.972276449203491
1530708411.8241985,88064,3.6506261825561523
1530708608.1779377,88576,1.7156983613967896
1530708805.4594598,89088,0.6835954785346985
1530709002.4278984,89600,1.546231985092163
1530709198.8378716,90112,5.699121952056885
1530709395.345727,90624,0.865479588508606
1530709593.6825473,91136,3.002692699432373
1530709789.8748412,91648,4.936477184295654
1530709986.1101243,92160,5.19174861907959
1530710183.3820944,92672,4.914997577667236
1530710381.1533794,93184,3.23453950881958
1530710579.3005846,93696,2.684065818786621
1530710775.7979457,94208,1.3889076709747314
1530710972.0215435,94720,7.713194847106934
1530711169.9998026,95232,4.710662841796875
1530711366.9780023,95744,7.537848949432373
1530711563.572188,96256,4.952627182006836
1530711759.9192302,96768,2.9509453773498535
1530711956.6361897,97280,2.512899398803711
