wall_time,step,value
1530398025.8339906,512,18.056697845458984
1530398258.01199,1024,6.993721961975098
1530398490.4195235,1536,3.340808153152466
1530398722.6608987,2048,3.1287002563476562
1530398955.9782104,2560,3.219116687774658
1530399188.2644997,3072,3.1026694774627686
1530399421.8964229,3584,2.9963581562042236
1530399655.2184372,4096,2.372246026992798
1530399888.6418061,4608,5.293453216552734
1530400122.061654,5120,8.471845626831055
1530400355.519236,5632,8.116639137268066
1530400589.2210917,6144,5.609839916229248
1530400825.5773559,6656,3.5411674976348877
1530401060.2858827,7168,7.0849504470825195
1530401294.6248913,7680,2.108858585357666
1530401528.4167159,8192,3.294001817703247
1530401763.4900546,8704,2.2303409576416016
1530401997.1838357,9216,1.5081171989440918
1530402231.6536708,9728,2.086578607559204
1530402466.2149513,10240,2.2803354263305664
1530402701.2394428,10752,1.7932298183441162
1530402935.4794953,11264,1.9073172807693481
1530403170.5932477,11776,1.824565052986145
1530403406.276572,12288,2.012199640274048
1530403640.5659306,12800,1.6161580085754395
1530403874.1714652,13312,1.5160316228866577
1530404108.7242446,13824,1.9503347873687744
1530404343.768279,14336,1.330217719078064
1530404577.8692374,14848,1.8779137134552002
1530404812.3290615,15360,1.6250755786895752
1530405046.4100466,15872,2.425382614135742
1530405281.4289815,16384,3.5654044151306152
1530405516.84372,16896,1.8276803493499756
1530405751.5436854,17408,1.6723706722259521
1530405985.4042547,17920,5.837547302246094
1530406219.9496112,18432,1.332578182220459
1530406454.3433673,18944,1.1637449264526367
1530406688.8408515,19456,2.800778865814209
1530406924.1615858,19968,3.834716320037842
1530407158.928863,20480,1.1196136474609375
1530407393.3065035,20992,1.307043433189392
1530407627.8176239,21504,1.683717131614685
1530407862.2248964,22016,1.372746229171753
1530408097.5406916,22528,1.551947832107544
1530408331.7245374,23040,1.291847825050354
1530408566.2284238,23552,3.39848256111145
1530408800.645579,24064,2.941734552383423
1530409036.442162,24576,1.6042715311050415
1530409271.1222637,25088,2.0019705295562744
1530409506.6929822,25600,1.1709392070770264
1530409740.2819123,26112,1.6384952068328857
1530409974.8750012,26624,1.694952130317688
1530410208.5259643,27136,1.3227123022079468
1530410444.8412762,27648,1.7805664539337158
1530410679.6439393,28160,1.5287396907806396
1530410913.9357474,28672,1.1965011358261108
1530411148.5608761,29184,1.405174970626831
1530411382.673757,29696,1.0412509441375732
1530411618.9751527,30208,1.1939020156860352
1530411852.9524398,30720,1.211755633354187
1530412088.599708,31232,0.8493692278862
1530412324.5933182,31744,1.0519062280654907
1530412559.9119117,32256,0.9522019028663635
1530412795.1843462,32768,0.9904762506484985
1530413029.9506953,33280,1.4687473773956299
1530413266.3475208,33792,1.0138535499572754
1530413501.5283773,34304,0.9606912136077881
1530413736.7795386,34816,1.0063334703445435
1530413973.593424,35328,0.9461504817008972
1530414209.076052,35840,1.264604926109314
1530414444.6523702,36352,1.9619865417480469
1530414680.6528597,36864,0.8958117365837097
1530414917.444051,37376,1.1062347888946533
1530415153.2760818,37888,0.8367522358894348
1530415389.6419876,38400,1.135756492614746
1530547740.9506204,39424,1.435199499130249
1530547972.734069,39936,0.9578136205673218
1530548203.3606021,40448,0.8844330310821533
1530548435.7542553,40960,1.5781275033950806
1530548666.9176495,41472,1.0930860042572021
1530548897.6331272,41984,1.385815143585205
1530549129.0173948,42496,1.5550588369369507
1530549361.3646464,43008,0.8422779440879822
1530549592.938155,43520,1.0238025188446045
1530549822.7384722,44032,0.8559512495994568
1530550054.0920684,44544,1.046971082687378
1530550285.2315152,45056,0.9389774799346924
1530550517.5133014,45568,1.108385443687439
1530550747.6597173,46080,1.2641805410385132
1530550980.0068367,46592,2.2796671390533447
1530551210.9106328,47104,1.247512698173523
1530551442.7406945,47616,1.152970314025879
1530551674.5803926,48128,1.2847721576690674
1530551905.9299786,48640,1.0848981142044067
1530552138.9139888,49152,2.2244317531585693
1530552371.1508143,49664,1.7009172439575195
1530552604.1646738,50176,1.7751551866531372
1530552837.3019137,50688,0.8997905254364014
1530553070.5405934,51200,1.0526082515716553
1530553302.6064615,51712,1.4802708625793457
1530553534.9432914,52224,1.3764662742614746
1530553766.3851166,52736,1.5010651350021362
1530553998.7298377,53248,1.116968035697937
1530554230.9879937,53760,1.782381296157837
1530554464.1776414,54272,0.9282470941543579
1530554695.9037464,54784,1.453956961631775
1530554929.6856706,55296,1.2667298316955566
1530555162.0259163,55808,1.408332347869873
1530555394.294117,56320,1.6482042074203491
1530555627.813118,56832,1.4696167707443237
1530555859.8460624,57344,0.8572630286216736
1530556094.002983,57856,1.178366780281067
1530556327.8868783,58368,2.3353111743927
1530556561.1053457,58880,1.0438766479492188
1530556794.301049,59392,1.6974996328353882
1530557027.1118674,59904,1.152827262878418
1530557259.8822615,60416,0.9461482167243958
1530557493.6597638,60928,0.9253454804420471
1530557726.4632409,61440,1.0734853744506836
1530557960.6140068,61952,1.166981816291809
1530558193.8638113,62464,1.0869319438934326
1530558426.7536502,62976,1.0520018339157104
1530558661.4874003,63488,1.358412742614746
1530558896.3746328,64000,1.3489714860916138
1530559130.9462247,64512,1.3228927850723267
1530559365.1149683,65024,1.1101710796356201
1530559600.0283997,65536,0.8806861042976379
1530559834.418373,66048,0.7739843726158142
1530560068.111097,66560,1.2307826280593872
1530560303.2127779,67072,1.260455846786499
1530560536.797211,67584,0.9727991819381714
1530560771.2447364,68096,1.0317312479019165
1530561005.6182692,68608,1.0070685148239136
1530561239.4175792,69120,1.1081490516662598
1530561473.7896626,69632,1.4543720483779907
1530561709.2272854,70144,0.8468831777572632
1530561945.3044183,70656,1.7490695714950562
1530562179.0054626,71168,0.8915533423423767
1530562414.7834196,71680,0.9956347942352295
1530562649.0961783,72192,0.8857468366622925
1530562884.5279083,72704,1.2949198484420776
1530563118.8531113,73216,0.9047010540962219
1530563354.630333,73728,0.9266096949577332
1530563588.2363987,74240,1.0332731008529663
1530563823.3396282,74752,0.854887068271637
1530564059.4466264,75264,1.3659605979919434
1530564294.7681427,75776,1.1527466773986816
1530564531.6452863,76288,1.190083384513855
1530564767.557984,76800,0.885718584060669
1530565004.5798364,77312,1.0265440940856934
1530651917.8341389,78336,1.0978522300720215
1530652149.5574787,78848,0.8561988472938538
1530652380.7883422,79360,0.9889360070228577
1530652613.692008,79872,0.9480302929878235
1530652845.122345,80384,1.4052015542984009
1530653076.4451842,80896,1.052432894706726
1530653307.4998367,81408,1.09423828125
1530653539.0484483,81920,0.9475167989730835
1530653770.7084792,82432,1.0038113594055176
1530654002.8327038,82944,0.9958460330963135
1530654234.457797,83456,0.9735530018806458
1530654467.193318,83968,1.2409999370574951
1530654699.9950445,84480,1.4816609621047974
1530654933.5665898,84992,1.745712161064148
1530655167.2146344,85504,1.5361517667770386
1530655399.5340724,86016,1.2478350400924683
1530655632.0013235,86528,1.50678288936615
1530655864.752724,87040,1.393641710281372
1530656098.3135326,87552,1.7694694995880127
1530656332.5054553,88064,1.8309118747711182
1530656565.203909,88576,1.072539210319519
1530656798.1283484,89088,1.2687913179397583
1530657031.031172,89600,1.1709116697311401
1530657264.063356,90112,1.4233219623565674
1530657498.8270845,90624,1.1374731063842773
1530657732.2045686,91136,1.4088096618652344
1530657965.9855177,91648,1.3460420370101929
1530658199.9459062,92160,0.8920849561691284
1530658432.5937605,92672,2.1102569103240967
1530658666.2701209,93184,1.2622323036193848
1530658900.059378,93696,1.3368604183197021
1530659133.7259526,94208,1.1550023555755615
1530659367.6822057,94720,1.9825001955032349
1530659602.2680986,95232,1.5133633613586426
1530659837.3291993,95744,2.1311848163604736
1530660072.15909,96256,0.9890159964561462
1530660306.9783928,96768,2.0358924865722656
1530660540.405438,97280,2.3426225185394287
