wall_time,step,value
1532727873.025725,512,2.2539026737213135
1532974028.0123553,1024,2.5964040756225586
1532975648.2493548,1536,2.939643621444702
1532977249.8557856,2048,3.00665545463562
1532978843.5908518,2560,3.249427318572998
1532980429.2213318,3072,3.3861145973205566
1532982000.0881495,3584,3.5618739128112793
1532983575.8892922,4096,3.715355396270752
1532985141.5077748,4608,3.656693935394287
1532986714.3149593,5120,3.8108043670654297
1532988296.6866233,5632,4.023905277252197
1533118631.770854,6656,4.128561973571777
1533120196.1918707,7168,4.11431884765625
1533121760.0876086,7680,4.039612770080566
1533123304.786411,8192,4.329249382019043
1533124857.3621283,8704,4.122529029846191
1533126412.051692,9216,4.054421901702881
1533127963.9889421,9728,4.138260364532471
1533129525.4507792,10240,4.124854564666748
1533131077.0405912,10752,4.274432182312012
1533132632.7710893,11264,4.152349472045898
1533134189.3235471,11776,4.0994086265563965
1533135742.528078,12288,4.112026214599609
1533137299.7274737,12800,4.237771511077881
1533138863.220942,13312,4.1758832931518555
1533140416.3213263,13824,4.1661882400512695
1533141950.3061185,14336,4.049963474273682
1533143495.9799652,14848,3.9464385509490967
1533145046.6871817,15360,4.016108512878418
1533146579.8408709,15872,4.20188570022583
1533148121.9379554,16384,4.097414970397949
1533149656.212383,16896,4.143381118774414
1533151204.508658,17408,4.10922908782959
1533152730.7943513,17920,4.088131904602051
1533154259.0979695,18432,4.059206962585449
1533155775.1266284,18944,3.9768614768981934
1533157301.6519053,19456,4.122537136077881
1533158822.2922323,19968,4.051385879516602
1533160361.207407,20480,4.079234600067139
1533161884.7103703,20992,4.070013999938965
1533163403.8361256,21504,3.9729676246643066
1533164924.8653522,22016,4.035267353057861
1533166443.8080497,22528,4.030871868133545
1533167967.9253426,23040,4.056545257568359
1533169489.241166,23552,3.7907252311706543
1533171008.0937204,24064,4.0206708908081055
1533172523.0509923,24576,3.9406609535217285
1533174045.7677178,25088,4.073185920715332
1533175559.6719632,25600,3.9263031482696533
1533177085.142062,26112,3.8233730792999268
1533178596.2613516,26624,3.7961246967315674
1533180119.7682166,27136,3.96856951713562
1533181638.6103323,27648,3.886005401611328
1533183162.7528574,28160,3.8619742393493652
1533184677.1080005,28672,3.8652820587158203
1533186190.5529044,29184,3.936121702194214
1533187717.399395,29696,3.9191346168518066
1533189257.0185108,30208,3.8647379875183105
1533190779.581168,30720,3.8734073638916016
1533192304.680181,31232,3.820301055908203
1533193844.6444714,31744,3.7446799278259277
1533195373.771242,32256,3.7700634002685547
1533196901.5337834,32768,3.822258710861206
1533198422.8264997,33280,3.9392833709716797
1533199959.392927,33792,3.7665486335754395
1533201500.7554276,34304,3.7431437969207764
1533203037.9614012,34816,3.801362991333008
1533204583.7616727,35328,3.7704639434814453
1533206126.202625,35840,3.7862133979797363
1533207671.2566118,36352,3.733074903488159
1533209215.262439,36864,3.7208876609802246
1533210753.27874,37376,3.7409744262695312
1533357202.8410609,37888,3.79679536819458
1533358724.9400105,38400,3.7225584983825684
1533360261.6652918,38912,3.7331337928771973
1533361792.417981,39424,3.716876268386841
1533363322.1279414,39936,3.7292189598083496
1533364860.5340543,40448,3.7338976860046387
1533366386.792084,40960,3.7135021686553955
1533367930.2326028,41472,3.686486005783081
1533369467.8766932,41984,3.81221342086792
1533370999.024454,42496,3.716823101043701
1533372544.8943157,43008,3.693593978881836
1533374073.3184035,43520,3.7115654945373535
1533375616.5049267,44032,3.682995319366455
1533377149.077523,44544,3.5095584392547607
1533378692.1539335,45056,3.653578996658325
1533380235.0082893,45568,3.5841879844665527
1533381776.543394,46080,3.6157138347625732
1533383315.848588,46592,3.7434394359588623
1533384858.903854,47104,3.667328357696533
1533386410.9903395,47616,3.635072708129883
1533402134.0012486,48640,3.604240894317627
1533403675.6634698,49152,3.581040143966675
1533405232.2746627,49664,3.546861171722412
1533406774.0976508,50176,3.576115846633911
1533408326.5092542,50688,3.5752174854278564
1533409889.6030812,51200,3.55810809135437
1533411438.5050118,51712,3.567897319793701
1533412985.6799028,52224,3.6064352989196777
1533414534.6655774,52736,3.6556477546691895
1533416096.2480452,53248,3.6111724376678467
1533417662.3681257,53760,3.5349631309509277
1533419226.6636953,54272,3.6275839805603027
1533420803.0216658,54784,3.4896254539489746
1533422359.4504056,55296,3.4551761150360107
1533423916.0816505,55808,3.598872661590576
1533425469.547238,56320,3.5183281898498535
1533427050.2797716,56832,3.4850106239318848
1533428619.4680367,57344,3.603940963745117
1533430184.4272058,57856,3.656137466430664
1533431764.1202977,58368,3.4853756427764893
1533433332.3283124,58880,3.5668323040008545
1533434894.9625142,59392,3.4588303565979004
1533436454.2142835,59904,3.495526075363159
1533438029.9264526,60416,3.4799258708953857
1533439601.0879762,60928,3.5156264305114746
1533441175.3292737,61440,3.4393112659454346
1533442758.4343193,61952,3.4679908752441406
1533444327.5719635,62464,3.4699625968933105
1533445900.1292756,62976,3.478781223297119
1533447468.8561661,63488,3.488476276397705
1533449035.256149,64000,3.47857928276062
1533450609.9538739,64512,3.376459836959839
1533452173.843457,65024,3.3593978881835938
1533453758.4014785,65536,3.3908932209014893
1533455327.8259864,66048,3.402804136276245
1533456918.280106,66560,3.424898147583008
1533458485.2757547,67072,3.4401988983154297
1533460044.9217095,67584,3.429428815841675
1533461627.6301236,68096,3.452991485595703
1533463193.545901,68608,3.3298943042755127
1533464769.9959538,69120,3.4577736854553223
1533466355.4452198,69632,3.4136886596679688
1533467931.9506226,70144,3.381054639816284
1533469502.5458968,70656,3.4240100383758545
1533471086.4816225,71168,3.491339921951294
1533472674.8053856,71680,3.3613734245300293
1533474258.2294793,72192,3.3785316944122314
1533475839.816751,72704,3.3568413257598877
1533477421.4980156,73216,3.380488634109497
1533479003.5107095,73728,3.3952622413635254
1533480596.4914367,74240,3.4233405590057373
1533483602.1613064,75264,3.363779067993164
1533485182.2206044,75776,3.411097764968872
1533486753.3133256,76288,3.4095547199249268
1533488331.024488,76800,3.375607967376709
1533489905.2079222,77312,3.372056484222412
1533491483.3052142,77824,3.474194288253784
1533493051.6226008,78336,3.3549575805664062
1533494628.0518093,78848,3.4757416248321533
1533496203.018099,79360,3.391679048538208
1533497770.2591746,79872,3.4264912605285645
1533499341.2524211,80384,3.3494210243225098
1533500922.8669014,80896,3.3363208770751953
1533502506.8405151,81408,3.372981309890747
1533504085.1436772,81920,3.2707278728485107
1533505649.4069176,82432,3.4067630767822266
1533507242.202135,82944,3.377715587615967
1533508812.6638696,83456,3.417912006378174
1533510394.982515,83968,3.4240028858184814
1533511978.685158,84480,3.4227569103240967
1533513562.951989,84992,3.372626781463623
1533515143.7438064,85504,3.425570249557495
1533516733.6264985,86016,3.2474913597106934
1533518318.075294,86528,3.3822906017303467
1533519897.7144697,87040,3.363776683807373
1533521484.7570584,87552,3.3419647216796875
1533523058.4035604,88064,3.355419874191284
1533524640.2443554,88576,3.396207809448242
1533526229.651842,89088,3.422712802886963
1533527812.3377717,89600,3.2804882526397705
1533529401.531082,90112,3.3758628368377686
1533530986.9990373,90624,3.348358631134033
1533532567.648527,91136,3.3602077960968018
1533534151.599791,91648,3.219853162765503
1533535733.0237179,92160,3.3022525310516357
1533537310.4063106,92672,3.292201280593872
1533538891.3360472,93184,3.2390506267547607
1533540460.1678216,93696,3.2129523754119873
1533542039.2755096,94208,3.245426893234253
1533543620.8641832,94720,3.31684947013855
1533545212.7516987,95232,3.341010570526123
1533546789.424457,95744,3.2886059284210205
1533548375.5525734,96256,3.343362808227539
1533549965.6756475,96768,3.282111406326294
1533551547.3087347,97280,3.3329200744628906
