wall_time,step,value
1532647273.1883507,512,0.03744488209486008
1532648589.7570038,1024,0.06738327443599701
1532649898.7740963,1536,0.09773462265729904
1532651197.9602873,2048,0.06729836016893387
1532652482.7056212,2560,0.08866670727729797
1532653739.7569444,3072,0.11902903020381927
1532654971.686002,3584,0.0952957272529602
1532656208.5593107,4096,0.13430212438106537
1532657442.9639034,4608,0.1565198004245758
1532658680.916924,5120,0.12218519300222397
1532659926.8335361,5632,0.19025814533233643
1532661180.1367168,6144,0.07903463393449783
1532662447.6896021,6656,0.10272551327943802
1532663720.5804365,7168,0.0931675136089325
1532664999.5573807,7680,0.13130973279476166
1532666278.40486,8192,0.194055438041687
1532667553.3609068,8704,0.1576991081237793
1532668829.9408638,9216,0.10427878797054291
1532670113.0228539,9728,0.09596697986125946
1532671386.4949656,10240,0.1391441524028778
1532672657.3971128,10752,0.10041200369596481
1532673934.4055216,11264,0.1173374354839325
1532675214.7114878,11776,0.07561865448951721
1532676484.7683752,12288,0.11924462765455246
1532677757.1145937,12800,0.1048857569694519
1532679028.5578313,13312,0.15430600941181183
1532680299.5063152,13824,0.1950734257698059
1532681565.6546557,14336,0.12080077826976776
1532682830.6161861,14848,0.14647074043750763
1532684102.4282265,15360,0.11225958913564682
1532685372.5556557,15872,0.15004192292690277
1532686651.8562138,16384,0.18469394743442535
1532687931.2023103,16896,0.06427562236785889
1532689195.3231528,17408,0.15185262262821198
1532690469.7599752,17920,0.17263725399971008
1532691740.9124494,18432,0.09486506879329681
1532693013.378175,18944,0.14714698493480682
1532694291.1713164,19456,0.1570003777742386
1532695565.007632,19968,0.16413111984729767
1532696833.47799,20480,0.11786770820617676
1532698099.3494158,20992,0.12852992117404938
1532699370.2953312,21504,0.11336461454629898
1532700643.9620895,22016,0.12535631656646729
1532701927.8567495,22528,0.09881594777107239
1532703206.3930044,23040,0.1359042376279831
1532704486.092336,23552,0.11453665792942047
1532705761.407012,24064,0.16464374959468842
1532707044.1255677,24576,0.10414176434278488
1532708314.5342977,25088,0.08688933402299881
1532709587.5970035,25600,0.1931551694869995
1532710861.3960958,26112,0.10898999124765396
1532712143.481546,26624,0.06059645116329193
1532713421.1213498,27136,0.0589786022901535
1532714704.1021082,27648,0.09873493760824203
1532715983.8245125,28160,0.1584198772907257
1532717267.0336974,28672,0.17231835424900055
1532718543.8931637,29184,0.13409079611301422
1532719822.6942134,29696,0.09702518582344055
1532721105.831099,30208,0.10879489779472351
1532722386.2212882,30720,0.1141248419880867
1532723673.4268909,31232,0.14485186338424683
1532724959.845852,31744,0.12366316467523575
1532726235.8425949,32256,0.11659641563892365
1532891720.2951636,32768,0.09508676826953888
1532892984.4574227,33280,0.18868890404701233
1532894255.0830424,33792,0.1461034119129181
1532895526.5571296,34304,0.09398230165243149
1532896797.683959,34816,0.11865223199129105
1532898070.3759046,35328,0.12432541698217392
1532899340.157154,35840,0.11267165839672089
1532900612.001191,36352,0.12947872281074524
1532901881.5368726,36864,0.10932609438896179
1532903158.6363444,37376,0.0755951926112175
1532904434.489443,37888,0.09928794205188751
1532905709.5716097,38400,0.15086039900779724
1532906992.9070516,38912,0.175385981798172
1532908271.1378274,39424,0.08597490936517715
1532909550.664304,39936,0.08058859407901764
1532910826.5095105,40448,0.12738847732543945
1532912109.4651208,40960,0.15277354419231415
1532913387.116679,41472,0.11963346600532532
1532914680.0716648,41984,0.12912237644195557
1532915961.015885,42496,0.11656913161277771
1532917243.0665052,43008,0.1727311760187149
1532918525.527605,43520,0.125826895236969
1532919803.6130033,44032,0.16505298018455505
1532921086.2667832,44544,0.11841122061014175
1532922369.7665658,45056,0.053789231926202774
1532923654.703908,45568,0.0851454809308052
1532924930.085175,46080,0.09048914164304733
1532926209.1331336,46592,0.13255321979522705
1532927493.7996573,47104,0.09379201382398605
1532928777.713633,47616,0.13031017780303955
1532930060.6017325,48128,0.13364094495773315
1532931332.6254008,48640,0.12585295736789703
1532932614.6727257,49152,0.15673695504665375
1532933893.7760415,49664,0.10207882523536682
1532935173.3733952,50176,0.09611744433641434
1532936448.9323814,50688,0.1555689573287964
1532937732.6089828,51200,0.11406874656677246
1532939012.7618284,51712,0.12561437487602234
1532940291.124847,52224,0.134977325797081
1532941567.8888159,52736,0.18021707236766815
1532942850.5610404,53248,0.13352391123771667
1532944131.8621612,53760,0.16215339303016663
1532945410.5157998,54272,0.1284155547618866
1532946697.141401,54784,0.0909222811460495
1532947975.7085998,55296,0.09317951649427414
1532949254.9466696,55808,0.0737219750881195
1532950541.6801555,56320,0.12915465235710144
1532951824.5794678,56832,0.12598320841789246
1532953106.1187143,57344,0.0972168892621994
1532954389.4381187,57856,0.09602481126785278
1532955671.8128228,58368,0.08313111960887909
1532956953.8853579,58880,0.08288803696632385
1532958234.771974,59392,0.12017811834812164
1532959519.2681165,59904,0.07373379170894623
1532960803.8855488,60416,0.08917789161205292
1532962084.5712514,60928,0.11607958376407623
1532963367.960017,61440,0.14968611299991608
1532964647.2479057,61952,0.10015270859003067
1532965932.8253748,62464,0.10217612981796265
1532967217.5850742,62976,0.12974701821804047
1532968501.0157692,63488,0.12122369557619095
1532969783.820422,64000,0.14501897990703583
1532971059.1387577,64512,0.11210015416145325
1532972340.4689543,65024,0.07444552332162857
1533036711.5256128,65536,0.08272583782672882
1533037994.5399146,66048,0.11031844466924667
1533039276.3575032,66560,0.10767680406570435
1533040562.2534702,67072,0.1173994168639183
1533041847.8550086,67584,0.1332361102104187
1533043126.9622383,68096,0.1508042812347412
1533044412.4790382,68608,0.09080915153026581
1533045702.13742,69120,0.057245831936597824
1533046982.5925558,69632,0.10761935263872147
1533048262.360456,70144,0.11343540996313095
1533049544.3190706,70656,0.12186866998672485
1533050830.2743714,71168,0.11463194340467453
1533052115.6510093,71680,0.08518039435148239
1533053400.2355819,72192,0.11424051970243454
1533054685.019922,72704,0.12949301302433014
1533055966.2497385,73216,0.11624851077795029
1533057246.7088096,73728,0.14801985025405884
1533058531.3128505,74240,0.1365189105272293
1533059818.4282055,74752,0.13752296566963196
1533061106.7444274,75264,0.1244036853313446
1533062385.7747712,75776,0.09267379343509674
1533063679.085895,76288,0.11457449197769165
1533064966.0202444,76800,0.11163721978664398
1533066244.8516781,77312,0.15094058215618134
1533067526.6348312,77824,0.14079789817333221
1533068800.0019011,78336,0.08896324783563614
1533070084.8299825,78848,0.04841209948062897
1533071372.303266,79360,0.11367306113243103
1533072655.262781,79872,0.0959545373916626
1533073937.3340268,80384,0.0998348668217659
1533075217.532569,80896,0.11622853577136993
1533076503.90504,81408,0.15832196176052094
1533077797.4702678,81920,0.08191543072462082
1533079079.8970282,82432,0.1397382915019989
1533080354.7206957,82944,0.08019136637449265
1533081638.469429,83456,0.12467801570892334
1533082916.8503544,83968,0.09353639930486679
1533084202.3600533,84480,0.1381921023130417
1533085481.2708535,84992,0.13810527324676514
1533086760.850264,85504,0.055814240127801895
1533088049.183468,86016,0.07257215678691864
1533089325.1671417,86528,0.07658267766237259
1533090605.9567244,87040,0.05133828893303871
1533091895.4530797,87552,0.08467511832714081
1533093182.367982,88064,0.12917962670326233
1533094475.2808716,88576,0.10309532284736633
1533095761.0678248,89088,0.10721093416213989
1533097038.125204,89600,0.10846191644668579
1533098320.6451573,90112,0.12838663160800934
1533099611.5869188,90624,0.0813751146197319
1533100903.8568687,91136,0.0593523308634758
1533102183.846152,91648,0.10647756606340408
1533103469.7505505,92160,0.0950487032532692
1533104756.1159081,92672,0.13065457344055176
1533106047.1260986,93184,0.10010131448507309
1533107326.7574596,93696,0.13559675216674805
1533108610.3030763,94208,0.14149193465709686
1533109893.6535525,94720,0.10513157397508621
1533111173.1094832,95232,0.08683636784553528
1533112455.2133214,95744,0.12119448930025101
1533113744.6211514,96256,0.12760618329048157
1533115023.819922,96768,0.13596303761005402
1533116305.6152778,97280,0.08004394918680191
