wall_time,step,value
1532647273.1883507,512,24.938594818115234
1532648589.7570038,1024,-5.2049946784973145
1532649898.7740963,1536,-5.537128448486328
1532651197.9602873,2048,-3.158578872680664
1532652482.7056212,2560,-3.6443376541137695
1532653739.7569444,3072,-5.343051910400391
1532654971.686002,3584,-9.452213287353516
1532656208.5593107,4096,-6.023387432098389
1532657442.9639034,4608,-10.193764686584473
1532658680.916924,5120,-9.604243278503418
1532659926.8335361,5632,-7.219130516052246
1532661180.1367168,6144,-6.042137145996094
1532662447.6896021,6656,-7.20011043548584
1532663720.5804365,7168,-4.824248790740967
1532664999.5573807,7680,-4.807961463928223
1532666278.40486,8192,-5.774560928344727
1532667553.3609068,8704,-4.569026470184326
1532668829.9408638,9216,-5.2485857009887695
1532670113.0228539,9728,-0.7121219635009766
1532671386.4949656,10240,-2.7457001209259033
1532672657.3971128,10752,-2.1686902046203613
1532673934.4055216,11264,-3.0490458011627197
1532675214.7114878,11776,-3.363646984100342
1532676484.7683752,12288,-5.499905586242676
1532677757.1145937,12800,-2.912876605987549
1532679028.5578313,13312,-6.8815460205078125
1532680299.5063152,13824,-4.733479022979736
1532681565.6546557,14336,-2.524888038635254
1532682830.6161861,14848,-3.74809193611145
1532684102.4282265,15360,-6.243588924407959
1532685372.5556557,15872,-2.9412786960601807
1532686651.8562138,16384,0.3322750926017761
1532687931.2023103,16896,-1.672785997390747
1532689195.3231528,17408,-3.573137044906616
1532690469.7599752,17920,-0.6637483835220337
1532691740.9124494,18432,-3.769834518432617
1532693013.378175,18944,-3.487865447998047
1532694291.1713164,19456,-0.7174825668334961
1532695565.007632,19968,-6.792013645172119
1532696833.47799,20480,-4.254175186157227
1532698099.3494158,20992,-1.756793737411499
1532699370.2953312,21504,-6.444950103759766
1532700643.9620895,22016,-6.04512882232666
1532701927.8567495,22528,-0.7075945138931274
1532703206.3930044,23040,-2.496709108352661
1532704486.092336,23552,-0.5476797223091125
1532705761.407012,24064,-1.4198814630508423
1532707044.1255677,24576,-2.5494306087493896
1532708314.5342977,25088,-5.086524963378906
1532709587.5970035,25600,0.7642947435379028
1532710861.3960958,26112,-4.57801628112793
1532712143.481546,26624,0.8019080758094788
1532713421.1213498,27136,-0.21368008852005005
1532714704.1021082,27648,-4.6410980224609375
1532715983.8245125,28160,-1.160319447517395
1532717267.0336974,28672,0.9890848398208618
1532718543.8931637,29184,-2.7947592735290527
1532719822.6942134,29696,-4.144814491271973
1532721105.831099,30208,-1.3887118101119995
1532722386.2212882,30720,-2.754810333251953
1532723673.4268909,31232,1.0813276767730713
1532724959.845852,31744,-0.29935508966445923
1532726235.8425949,32256,-0.42839449644088745
1532891720.2951636,32768,-2.558448314666748
1532892984.4574227,33280,-2.2520904541015625
1532894255.0830424,33792,0.8608900308609009
1532895526.5571296,34304,0.26512178778648376
1532896797.683959,34816,-4.2880449295043945
1532898070.3759046,35328,-0.9575889110565186
1532899340.157154,35840,-3.741776943206787
1532900612.001191,36352,-2.214615821838379
1532901881.5368726,36864,-1.1264636516571045
1532903158.6363444,37376,-1.5144994258880615
1532904434.489443,37888,-1.595442533493042
1532905709.5716097,38400,-2.785356044769287
1532906992.9070516,38912,3.7343649864196777
1532908271.1378274,39424,-1.5129462480545044
1532909550.664304,39936,-1.3553053140640259
1532910826.5095105,40448,0.5981842279434204
1532912109.4651208,40960,2.2278003692626953
1532913387.116679,41472,-1.6252377033233643
1532914680.0716648,41984,2.2506461143493652
1532915961.015885,42496,-2.3698172569274902
1532917243.0665052,43008,-0.8772791624069214
1532918525.527605,43520,2.011540412902832
1532919803.6130033,44032,-6.778392314910889
1532921086.2667832,44544,0.3659263849258423
1532922369.7665658,45056,0.4244384467601776
1532923654.703908,45568,-2.0972046852111816
1532924930.085175,46080,-2.748195171356201
1532926209.1331336,46592,-1.2662432193756104
1532927493.7996573,47104,2.0607056617736816
1532928777.713633,47616,0.20883139967918396
1532930060.6017325,48128,0.43679487705230713
1532931332.6254008,48640,-8.881099700927734
1532932614.6727257,49152,-0.6144592761993408
1532933893.7760415,49664,-3.068713665008545
1532935173.3733952,50176,-4.834088325500488
1532936448.9323814,50688,-1.8460181951522827
1532937732.6089828,51200,2.302586078643799
1532939012.7618284,51712,-2.5322437286376953
1532940291.124847,52224,-1.9099373817443848
1532941567.8888159,52736,-3.50783109664917
1532942850.5610404,53248,-0.5063679814338684
1532944131.8621612,53760,1.1337711811065674
1532945410.5157998,54272,-1.1729446649551392
1532946697.141401,54784,-1.2011433839797974
1532947975.7085998,55296,0.297465980052948
1532949254.9466696,55808,2.669830799102783
1532950541.6801555,56320,-1.0317893028259277
1532951824.5794678,56832,-2.114180326461792
1532953106.1187143,57344,-2.5212531089782715
1532954389.4381187,57856,2.2030482292175293
1532955671.8128228,58368,2.6995105743408203
1532956953.8853579,58880,-1.0029584169387817
1532958234.771974,59392,-7.695157051086426
1532959519.2681165,59904,-1.8180150985717773
1532960803.8855488,60416,-3.5744738578796387
1532962084.5712514,60928,-4.357347011566162
1532963367.960017,61440,-0.188370019197464
1532964647.2479057,61952,-3.4634766578674316
1532965932.8253748,62464,-4.535560131072998
1532967217.5850742,62976,-2.2882444858551025
1532968501.0157692,63488,-0.7130856513977051
1532969783.820422,64000,0.06900747120380402
1532971059.1387577,64512,-3.734703779220581
1532972340.4689543,65024,-5.905514240264893
1533036711.5256128,65536,1.4970887899398804
1533037994.5399146,66048,-1.407034158706665
1533039276.3575032,66560,0.27473336458206177
1533040562.2534702,67072,-1.6731376647949219
1533041847.8550086,67584,1.9804869890213013
1533043126.9622383,68096,1.4603514671325684
1533044412.4790382,68608,-1.710793137550354
1533045702.13742,69120,-0.3067110776901245
1533046982.5925558,69632,-4.031609058380127
1533048262.360456,70144,-2.0550196170806885
1533049544.3190706,70656,-1.0709161758422852
1533050830.2743714,71168,-1.5489168167114258
1533052115.6510093,71680,0.03592640161514282
1533053400.2355819,72192,-0.05220966041088104
1533054685.019922,72704,-0.6354185938835144
1533055966.2497385,73216,-0.2594505250453949
1533057246.7088096,73728,-0.310249924659729
1533058531.3128505,74240,-1.639693021774292
1533059818.4282055,74752,-2.937199592590332
1533061106.7444274,75264,0.2882711887359619
1533062385.7747712,75776,-5.072251319885254
1533063679.085895,76288,-1.2124637365341187
1533064966.0202444,76800,-2.42193603515625
1533066244.8516781,77312,4.4901204109191895
1533067526.6348312,77824,-2.268228530883789
1533068800.0019011,78336,-5.980705261230469
1533070084.8299825,78848,0.1613934338092804
1533071372.303266,79360,-2.0222349166870117
1533072655.262781,79872,-2.515961170196533
1533073937.3340268,80384,0.2732256352901459
1533075217.532569,80896,-5.0981292724609375
1533076503.90504,81408,-5.35390567779541
1533077797.4702678,81920,1.9439653158187866
1533079079.8970282,82432,-1.8777860403060913
1533080354.7206957,82944,-6.458399772644043
1533081638.469429,83456,2.156832218170166
1533082916.8503544,83968,-6.148580074310303
1533084202.3600533,84480,-0.12353289127349854
1533085481.2708535,84992,-4.112606048583984
1533086760.850264,85504,-3.5323312282562256
1533088049.183468,86016,-0.49362248182296753
1533089325.1671417,86528,-1.7822394371032715
1533090605.9567244,87040,-5.806946754455566
1533091895.4530797,87552,-2.9287049770355225
1533093182.367982,88064,-0.47916024923324585
1533094475.2808716,88576,2.40818452835083
1533095761.0678248,89088,4.129085540771484
1533097038.125204,89600,-5.264876365661621
1533098320.6451573,90112,1.4189460277557373
1533099611.5869188,90624,0.6465901136398315
1533100903.8568687,91136,2.699594497680664
1533102183.846152,91648,-3.07611083984375
1533103469.7505505,92160,-2.14805269241333
1533104756.1159081,92672,-0.032209157943725586
1533106047.1260986,93184,0.9751584529876709
1533107326.7574596,93696,-5.870746612548828
1533108610.3030763,94208,-1.213747262954712
1533109893.6535525,94720,0.09840676188468933
1533111173.1094832,95232,-6.712408542633057
1533112455.2133214,95744,-7.0312395095825195
1533113744.6211514,96256,-1.541092038154602
1533115023.819922,96768,-6.410604476928711
1533116305.6152778,97280,-1.3743011951446533
