wall_time,step,value
1532579943.3875587,128,0.99984210729599
1532580144.9207485,256,0.9998384714126587
1532580346.49861,384,0.9998393058776855
1532580548.1427598,512,0.9998410940170288
1532580959.1623416,640,0.9998440146446228
1532581160.7876146,768,0.9998464584350586
1532581362.4284346,896,0.9998470544815063
1532581563.962756,1024,0.9998472929000854
1532581964.3934984,1152,0.9998471140861511
1532582165.9858005,1280,0.9998475909233093
1532582367.6551406,1408,0.9998461008071899
1532582569.2423885,1536,0.9998466372489929
1532582964.3054147,1664,0.9998456239700317
1532583165.7734637,1792,0.9998453855514526
1532583367.2755306,1920,0.9998462796211243
1532583568.714376,2048,0.9998469352722168
1532583955.4440727,2176,0.9998471140861511
1532584157.0150526,2304,0.999847412109375
1532584358.4937723,2432,0.9998477697372437
1532584560.0404553,2560,0.9998485445976257
1532584942.1776228,2688,0.9998489022254944
1532585143.6615155,2816,0.9998492002487183
1532585345.1694508,2944,0.9998487830162048
1532585546.637125,3072,0.9998493194580078
1532585923.3869586,3200,0.999848484992981
1532586124.860911,3328,0.999847948551178
1532586326.4888558,3456,0.9998483061790466
1532586528.102266,3584,0.9998473525047302
1532586899.5778105,3712,0.9998481273651123
1532587101.2750208,3840,0.9998478293418884
1532587303.0712128,3968,0.9998487830162048
1532587504.7906127,4096,0.9998490810394287
1532587884.7677612,4224,0.9998480081558228
1532588086.2696447,4352,0.9998480081558228
1532588287.9497907,4480,0.999848484992981
1532588489.5596514,4608,0.9998483657836914
1532588865.1061945,4736,0.999847948551178
1532589066.9058607,4864,0.9998475909233093
1532589268.6105487,4992,0.9998476505279541
1532589470.230992,5120,0.9998481869697571
1532589845.3953385,5248,0.9998506903648376
1532590046.9292116,5376,0.9998502731323242
1532590248.4680374,5504,0.999849259853363
1532590450.0285347,5632,0.9998499751091003
1532590829.715127,5760,0.9998505711555481
1532591031.3484328,5888,0.9998502731323242
1532591232.9436815,6016,0.9998513460159302
1532591434.6605637,6144,0.9998514652252197
1532591823.9007273,6272,0.9998511672019958
1532592025.2974966,6400,0.9998514652252197
1532592226.635979,6528,0.9998518824577332
1532592427.9342244,6656,0.9998525977134705
1532592821.0444016,6784,0.9998515248298645
1532593022.439597,6912,0.9998523592948914
1532593224.1301136,7040,0.9998513460159302
1532593425.5777717,7168,0.9998508095741272
1532593812.045833,7296,0.9998518228530884
1532594013.6212463,7424,0.9998517632484436
1532594215.143941,7552,0.9998512864112854
1532594416.7495437,7680,0.999851644039154
1532594804.744862,7808,0.9998510479927063
1532595006.2443244,7936,0.9998519420623779
1532595207.771164,8064,0.9998520016670227
1532595409.2325892,8192,0.9998524188995361
1532595795.949494,8320,0.9998511672019958
1532595997.4020722,8448,0.999851644039154
1532596199.0024736,8576,0.99985271692276
1532596400.505798,8704,0.999852180480957
1532596787.7206228,8832,0.9998509287834167
1532596989.336115,8960,0.9998498558998108
1532597190.994633,9088,0.9998505711555481
1532597392.6601422,9216,0.9998508095741272
1532597782.8245447,9344,0.9998518228530884
1532597984.4230561,9472,0.9998518824577332
1532598186.0163488,9600,0.9998520612716675
1532598387.662919,9728,0.9998526573181152
1532598784.066119,9856,0.9998525381088257
1532598985.753355,9984,0.999851405620575
1532599187.3600225,10112,0.9998530745506287
1532599388.860217,10240,0.9998520016670227
1532599779.9930046,10368,0.9998533725738525
1532599981.7541978,10496,0.9998528957366943
1532600183.5035415,10624,0.999852180480957
1532600385.0903425,10752,0.9998519420623779
1532600779.138884,10880,0.9998526573181152
1532600980.8014014,11008,0.9998534917831421
1532601182.5064893,11136,0.9998525381088257
1532601384.2453265,11264,0.9998558163642883
1532601785.1492107,11392,0.999856173992157
1532601986.6316197,11520,0.9998534917831421
1532602188.1495218,11648,0.9998530149459839
1532602389.4241672,11776,0.9998537302017212
1532602787.990411,11904,0.999852180480957
1532602989.5342445,12032,0.9998541474342346
1532603191.114719,12160,0.9998524785041809
1532603392.7272651,12288,0.9998529553413391
1532603791.4209359,12416,0.9998537302017212
1532603992.9818578,12544,0.9998528957366943
1532604194.6487193,12672,0.9998525977134705
1532604396.3391302,12800,0.9998520016670227
1532604793.2463114,12928,0.9998521208763123
1532604994.9154701,13056,0.9998518824577332
1532605196.5378008,13184,0.999852180480957
1532605398.166033,13312,0.9998531341552734
1532605795.8911753,13440,0.9998530745506287
1532605997.3832498,13568,0.999851644039154
1532606198.9491858,13696,0.9998521208763123
1532606400.62702,13824,0.9998529553413391
1532606794.7003536,13952,0.9998519420623779
1532606996.3096962,14080,0.9998536109924316
1532607197.8605225,14208,0.9998534917831421
1532607399.499053,14336,0.9998536705970764
1532607796.2743373,14464,0.999853789806366
1532607997.6744576,14592,0.9998530745506287
1532608199.0974853,14720,0.9998541474342346
1532608400.6047132,14848,0.9998527765274048
1532608795.381207,14976,0.999853253364563
1532608996.8650274,15104,0.9998525381088257
1532609198.3623862,15232,0.9998514652252197
1532609399.9164057,15360,0.9998524188995361
1532609797.7501645,15488,0.9998515844345093
1532609999.3701458,15616,0.9998504519462585
1532610200.9750495,15744,0.9998521208763123
1532610402.6410975,15872,0.9998510479927063
1532610802.3548143,16000,0.9998531937599182
1532611003.980324,16128,0.9998518824577332
1532611205.645022,16256,0.9998528957366943
1532611407.2836804,16384,0.999854326248169
1532611801.4853365,16512,0.999853253364563
1532612003.097436,16640,0.9998522400856018
1532612204.6095243,16768,0.99985271692276
1532612406.2742777,16896,0.9998522400856018
1532612804.2096088,17024,0.9998522996902466
1532613005.7347593,17152,0.9998545050621033
1532613207.2466292,17280,0.999852180480957
1532613408.883401,17408,0.9998533725738525
1532613801.3042555,17536,0.9998528361320496
1532614002.7514627,17664,0.99985271692276
1532614204.3000436,17792,0.9998546242713928
1532614405.7465584,17920,0.9998548030853271
1532614801.8969846,18048,0.9998540282249451
1532615003.2213943,18176,0.9998524188995361
1532615204.5803633,18304,0.9998539090156555
1532615405.8099055,18432,0.9998527765274048
1532615804.0834146,18560,0.9998545050621033
1532616005.7022793,18688,0.999854326248169
1532616207.2722971,18816,0.9998539090156555
1532616408.874668,18944,0.9998563528060913
1532616808.4543242,19072,0.9998544454574585
1532617010.0031059,19200,0.9998551607131958
1532617211.5668948,19328,0.9998528957366943
1532617413.1013665,19456,0.9998548626899719
1532617810.751329,19584,0.9998562335968018
1532618012.3134625,19712,0.9998541474342346
1532618213.7881505,19840,0.9998525977134705
1532618415.2564788,19968,0.999851644039154
1532618811.176625,20096,0.9998535513877869
1532619012.5266933,20224,0.9998525977134705
1532619213.8718352,20352,0.9998525381088257
1532619415.2863271,20480,0.9998526573181152
1532619810.192558,20608,0.9998530149459839
1532620011.688606,20736,0.9998545050621033
1532620213.320489,20864,0.9998522400856018
1532620414.932207,20992,0.999854326248169
1532620811.342164,21120,0.9998534321784973
1532621012.6636903,21248,0.9998541474342346
1532621214.082845,21376,0.9998549818992615
1532621415.6030483,21504,0.999854564666748
1532621814.2824867,21632,0.9998541474342346
1532622015.8890157,21760,0.9998539090156555
1532622217.4542766,21888,0.9998536109924316
1532622419.0499632,22016,0.9998550415039062
1532622820.3931627,22144,0.9998542666435242
1532623021.9017828,22272,0.9998533725738525
1532623223.4270458,22400,0.9998533129692078
1532623425.0979078,22528,0.9998534321784973
1532623822.669937,22656,0.9998547434806824
1532624024.0034235,22784,0.9998534321784973
1532624225.5537763,22912,0.9998534917831421
1532624427.1487734,23040,0.9998530745506287
1532624828.7599401,23168,0.9998545050621033
1532625030.1938486,23296,0.9998554587364197
1532625231.7195687,23424,0.9998530149459839
1532625433.3873374,23552,0.999854326248169
1532625835.2484853,23680,0.9998546242713928
1532626036.733622,23808,0.9998546838760376
1532626238.2673411,23936,0.999855637550354
1532626439.6552055,24064,0.9998531341552734
1532626840.808548,24192,0.9998524188995361
1532627042.462877,24320,0.9998539090156555
1532627244.1102276,24448,0.9998548626899719
1532627445.74108,24576,0.9998545050621033
1532627844.9785995,24704,0.9998552203178406
1532628046.5502832,24832,0.9998549222946167
1532628248.0723898,24960,0.9998567700386047
1532628449.784464,25088,0.9998559355735779
1532628849.566911,25216,0.9998563528060913
1532629051.1508985,25344,0.9998576641082764
1532629252.678294,25472,0.9998561143875122
1532629454.2448454,25600,0.9998547434806824
1532629855.039723,25728,0.9998565912246704
1532630056.5569031,25856,0.999854564666748
1532630258.0931077,25984,0.999855637550354
1532630459.7300127,26112,0.9998536705970764
1532630855.5707889,26240,0.9998553395271301
1532631057.2041173,26368,0.9998563528060913
1532631258.7391582,26496,0.9998558759689331
1532631460.3648975,26624,0.9998553395271301
1532631860.0864902,26752,0.9998561143875122
1532632061.70327,26880,0.9998557567596436
1532632263.219605,27008,0.9998552799224854
1532632464.9661615,27136,0.9998548030853271
1532632861.9117825,27264,0.9998549222946167
1532633063.4871032,27392,0.999855637550354
1532633265.0745895,27520,0.999853789806366
1532633466.3922074,27648,0.9998556971549988
1532633868.0556087,27776,0.9998553991317749
1532634069.630144,27904,0.9998555779457092
1532634271.2088358,28032,0.9998577833175659
1532634472.8072345,28160,0.999859094619751
1532634870.7040777,28288,0.9998573064804077
1532635072.1573281,28416,0.9998582601547241
1532635273.7418823,28544,0.9998579025268555
1532635475.3563485,28672,0.9998594522476196
1532635877.1633139,28800,0.9998567700386047
1532636078.7995229,28928,0.9998568296432495
1532636280.3229995,29056,0.999858558177948
1532636481.9380033,29184,0.9998581409454346
1532636877.27461,29312,0.999858021736145
1532637078.881132,29440,0.9998567700386047
1532637280.527748,29568,0.9998606443405151
1532637482.0575674,29696,0.9998595118522644
1532637879.6736736,29824,0.9998596906661987
1532638081.3620932,29952,0.9998608231544495
1532638283.056478,30080,0.9998608827590942
1532638484.5880842,30208,0.9998589754104614
1532638883.4027667,30336,0.9998610019683838
1532639084.990173,30464,0.9998607039451599
1532639286.5418725,30592,0.9998611211776733
1532639488.1858668,30720,0.9998612999916077
1532639892.0707738,30848,0.9998587369918823
1532640093.712672,30976,0.999859631061554
1532640295.4108832,31104,0.999860405921936
1532640497.0263772,31232,0.9998602271080017
1532640899.2443645,31360,0.9998606443405151
1532641100.8229403,31488,0.9998611807823181
1532641302.4655275,31616,0.999859631061554
1532641504.1459513,31744,0.9998584389686584
1532641908.9752104,31872,0.9998582005500793
1532642110.5816767,32000,0.999859631061554
1532642312.124265,32128,0.9998594522476196
1532642513.6886983,32256,0.9998618364334106
1532642915.294219,32384,0.9998612999916077
1532643116.9234962,32512,0.9998588562011719
1532643318.4834661,32640,0.9998615980148315
1532643520.0729883,32768,0.9998601078987122
1532643923.1151788,32896,0.9998604655265808
1532644124.6667733,33024,0.9998607635498047
1532644326.2232535,33152,0.9998610615730286
1532644527.8277035,33280,0.9998624920845032
1532644932.1972325,33408,0.9998576641082764
1532645133.8061163,33536,0.9998613595962524
1532645335.3239152,33664,0.9998590350151062
1532645537.0615263,33792,0.9998582005500793
1532793357.1326833,34048,0.9998596906661987
1532793558.5598378,34176,0.999861478805542
1532793759.911272,34304,0.9998603463172913
1532794155.780754,34432,0.9998603463172913
1532794357.4344008,34560,0.9998629093170166
1532794559.1004245,34688,0.9998611211776733
1532794760.7271984,34816,0.9998608231544495
1532795151.740436,34944,0.9998611807823181
1532795353.4785397,35072,0.999860942363739
1532795555.0177245,35200,0.9998592138290405
1532795756.5498843,35328,0.9998584985733032
1532796146.0299206,35456,0.9998594522476196
1532796347.4502754,35584,0.999860942363739
1532796549.0192316,35712,0.9998584985733032
1532796750.557896,35840,0.999859094619751
1532797142.8679538,35968,0.9998601675033569
1532797344.400008,36096,0.9998611807823181
1532797545.9038155,36224,0.999862790107727
1532797747.3739026,36352,0.9998614192008972
1532798138.0344486,36480,0.9998624920845032
1532798339.66326,36608,0.9998610615730286
1532798541.1886883,36736,0.9998602271080017
1532798742.7449298,36864,0.9998603463172913
1532799137.5395901,36992,0.9998610019683838
1532799339.067391,37120,0.9998605251312256
1532799540.4616997,37248,0.9998618960380554
1532799742.0125024,37376,0.9998604655265808
1532800134.4438956,37504,0.9998603463172913
1532800336.1554,37632,0.99986332654953
1532800537.7434487,37760,0.9998632073402405
1532800739.3955684,37888,0.9998607039451599
1532801136.2601202,38016,0.9998621344566345
1532801337.9643013,38144,0.9998617768287659
1532801539.6659262,38272,0.9998618364334106
1532801741.409884,38400,0.9998626708984375
1532802137.1016707,38528,0.9998612999916077
1532802338.7946959,38656,0.9998607635498047
1532802540.4908211,38784,0.9998624920845032
1532802742.0484667,38912,0.9998624324798584
1532803138.036948,39040,0.9998608827590942
1532803339.6404746,39168,0.9998613595962524
1532803541.245646,39296,0.9998624324798584
1532803742.913794,39424,0.9998612403869629
1532804135.1957855,39552,0.9998607635498047
1532804336.8767717,39680,0.9998593926429749
1532804538.4704607,39808,0.9998578429222107
1532804740.174765,39936,0.999861478805542
1532805135.0941222,40064,0.9998582005500793
1532805336.7211869,40192,0.9998601675033569
1532805538.3755183,40320,0.9998615384101868
1532805739.9986475,40448,0.9998621940612793
1532806131.4093046,40576,0.9998639225959778
1532806332.8539035,40704,0.9998618960380554
1532806534.6192255,40832,0.9998627305030823
1532806736.331742,40960,0.9998655319213867
1532807131.8087275,41088,0.9998660087585449
1532807333.4054701,41216,0.9998640418052673
1532807534.9599793,41344,0.9998632669448853
1532807736.4737365,41472,0.9998648166656494
1532808130.3960857,41600,0.9998621344566345
1532808331.963186,41728,0.9998644590377808
1532808533.5447178,41856,0.9998672604560852
1532808735.1280274,41984,0.9998665452003479
1532809129.6917331,42112,0.99986732006073
1532809331.293483,42240,0.9998700022697449
1532809532.8167863,42368,0.9998689889907837
1532809734.251679,42496,0.9998681545257568
1532810123.2599971,42624,0.9998696446418762
1532810324.9048116,42752,0.9998674392700195
1532810526.3967936,42880,0.999866783618927
1532810728.0481594,43008,0.9998709559440613
1532811122.7539551,43136,0.9998670816421509
1532811324.3427792,43264,0.999871015548706
1532811525.9207761,43392,0.999866783618927
1532823442.9168026,43648,0.9998685121536255
1532823650.5971603,43776,0.9998701214790344
1532823858.3094664,43904,0.9998698830604553
1532824066.0835176,44032,0.99986732006073
1532824462.6992383,44160,0.9998708367347717
1532824664.3876069,44288,0.9998692274093628
1532824866.0488126,44416,0.9998705387115479
1532825067.7706234,44544,0.9998667240142822
1532825459.93219,44672,0.9998700618743896
1532825661.6560516,44800,0.9998691082000732
1532825863.3622007,44928,0.9998683333396912
1532826065.0551462,45056,0.9998672604560852
1532826457.5391295,45184,0.9998705983161926
1532826659.1855166,45312,0.9998693466186523
1532826860.8320253,45440,0.9998703598976135
1532827062.5126507,45568,0.9998676180839539
1532827455.4571695,45696,0.9998675584793091
1532827657.1603632,45824,0.9998695254325867
1532827858.8166928,45952,0.9998670816421509
1532828060.5079076,46080,0.9998679757118225
1532828452.33807,46208,0.9998688697814941
1532828653.8489003,46336,0.9998682141304016
1532828855.3637497,46464,0.9998690485954285
1532829056.9135687,46592,0.9998709559440613
1532829450.5237617,46720,0.9998677968978882
1532829652.0288448,46848,0.9998713731765747
1532829853.594699,46976,0.999870777130127
1532830055.2219806,47104,0.9998704195022583
1532830449.7658572,47232,0.9998723268508911
1532830651.3299105,47360,0.9998701810836792
1532830853.0341055,47488,0.9998695850372314
1532831054.6995044,47616,0.999872088432312
1532831448.472102,47744,0.9998705387115479
1532831650.2774653,47872,0.9998729228973389
1532831851.953159,48000,0.9998704195022583
1532832053.700833,48128,0.9998710751533508
1532832447.5092611,48256,0.9998699426651001
1532832649.2091882,48384,0.9998725652694702
1532832850.9718478,48512,0.9998708367347717
1532833052.7341287,48640,0.9998679161071777
1532833445.2802145,48768,0.9998728632926941
1532833647.0134108,48896,0.9998711943626404
1532833848.713807,49024,0.9998704195022583
1532834050.423706,49152,0.9998705983161926
1532834445.7586877,49280,0.9998718500137329
1532834647.542297,49408,0.9998685121536255
1532834849.1777554,49536,0.999870777130127
1532835050.8108644,49664,0.9998719096183777
1532835445.2558038,49792,0.9998710751533508
1532835646.9713612,49920,0.9998726844787598
1532835848.6424596,50048,0.9998733997344971
1532836050.3333368,50176,0.9998719096183777
1532836443.4063184,50304,0.9998709559440613
1532836644.922661,50432,0.9998729825019836
1532836846.482869,50560,0.9998703002929688
1532837048.2130396,50688,0.9998739361763
1532837441.8643162,50816,0.9998717904090881
1532837643.5348444,50944,0.999870240688324
1532837845.1506023,51072,0.9998728036880493
1532838046.7065232,51200,0.9998716115951538
1532838438.1874454,51328,0.9998729228973389
1532838639.8521118,51456,0.999872624874115
1532838841.443099,51584,0.999871015548706
1532839043.1868963,51712,0.9998723268508911
1532839438.070755,51840,0.9998723268508911
1532839639.6435275,51968,0.9998708367347717
1532839841.1807334,52096,0.9998703598976135
1532840042.7774696,52224,0.999873697757721
1532840437.384203,52352,0.9998716115951538
1532840638.985483,52480,0.9998722076416016
1532840840.5974514,52608,0.9998739361763
1532841042.1436434,52736,0.999873161315918
1532841437.2752244,52864,0.9998731017112732
1532841638.840293,52992,0.9998711347579956
1532841840.3165822,53120,0.9998756051063538
1532842042.0571513,53248,0.9998736381530762
1532842436.729816,53376,0.999873697757721
1532842638.4655452,53504,0.9998730421066284
1532842840.1479251,53632,0.9998732805252075
1532843041.8597834,53760,0.9998729825019836
1532843436.3345532,53888,0.9998748898506165
1532843638.0459952,54016,0.9998749494552612
1532843839.8583848,54144,0.9998741745948792
1532844041.6080039,54272,0.999873161315918
1532844434.693459,54400,0.9998752474784851
1532844636.2043889,54528,0.9998754262924194
1532844837.8374212,54656,0.9998754262924194
1532845039.4788322,54784,0.999875545501709
1532845437.153519,54912,0.9998732805252075
1532845638.8764799,55040,0.9998738169670105
1532845840.4556618,55168,0.9998760223388672
1532846042.1475701,55296,0.9998757839202881
1532846437.6662588,55424,0.9998787641525269
1532846639.3989005,55552,0.9998748302459717
1532846841.16095,55680,0.9998733401298523
1532847042.9071877,55808,0.9998750686645508
1532847437.7644222,55936,0.9998751878738403
1532847639.420164,56064,0.999876856803894
1532847841.0197399,56192,0.9998752474784851
1532848042.5790424,56320,0.999877393245697
1532848438.316229,56448,0.9998738765716553
1532848639.9224675,56576,0.999875545501709
1532848841.6371732,56704,0.9998770356178284
1532849043.4582589,56832,0.9998736381530762
1532849438.8741024,56960,0.9998759031295776
1532849640.3266711,57088,0.9998752474784851
1532849841.6762173,57216,0.9998764395713806
1532850043.2490764,57344,0.9998766183853149
1532850438.0542653,57472,0.9998761415481567
1532850639.714155,57600,0.9998780488967896
1532850841.3546388,57728,0.9998775720596313
1532851042.9632075,57856,0.9998764395713806
1532851441.340394,57984,0.9998750686645508
1532851643.1341724,58112,0.9998758435249329
1532851844.6834004,58240,0.9998742341995239
1532852046.4611852,58368,0.9998762607574463
1532852443.37341,58496,0.9998772144317627
1532852645.0137944,58624,0.999875545501709
1532852846.6612098,58752,0.9998781681060791
1532853048.2478552,58880,0.9998787045478821
1532853448.4170825,59008,0.999873697757721
1532853650.1663632,59136,0.9998784065246582
1532853851.8449323,59264,0.9998753070831299
1532854053.476007,59392,0.9998775124549866
1532854448.8965087,59520,0.999875545501709
1532854650.4760983,59648,0.9998803734779358
1532854852.3447568,59776,0.999877393245697
1532855054.007661,59904,0.9998751282691956
1532855448.114768,60032,0.9998779892921448
1532855649.7037187,60160,0.9998744130134583
1532855851.2685757,60288,0.9998776912689209
1532856052.9557207,60416,0.9998772740364075
1532856450.367719,60544,0.9998787641525269
1532856651.886669,60672,0.9998796582221985
1532856853.569956,60800,0.9998788833618164
1532857055.2267108,60928,0.9998764395713806
1532857451.7522671,61056,0.9998795390129089
1532857653.4025855,61184,0.9998786449432373
1532857854.9828682,61312,0.9998789429664612
1532858056.626021,61440,0.9998772144317627
1532858455.5936143,61568,0.9998805522918701
1532858657.2093892,61696,0.9998781085014343
1532858858.9306717,61824,0.9998780488967896
1532859060.3780704,61952,0.9998785853385925
1532859459.0595927,62080,0.9998800754547119
1532859660.640018,62208,0.9998792409896851
1532859862.279747,62336,0.9998798370361328
1532860063.9984422,62464,0.9998773336410522
1532860458.9411561,62592,0.9998823404312134
1532860660.4905627,62720,0.9998813271522522
1532860861.985276,62848,0.9998794198036194
1532861063.5903676,62976,0.9998801946640015
1532861462.6912463,63104,0.9998816251754761
1532861664.2958467,63232,0.9998788833618164
1532861865.9646108,63360,0.9998793005943298
1532862067.5140748,63488,0.9998818039894104
1532862467.0972226,63616,0.9998776316642761
1532862668.731766,63744,0.9998816251754761
1532862870.113242,63872,0.9998816251754761
1532863071.7336414,64000,0.9998786449432373
1532863467.2194664,64128,0.9998788237571716
1532863669.04049,64256,0.9998800754547119
1532863870.7991133,64384,0.9998778104782104
1532864072.4670832,64512,0.9998826384544373
1532864469.4121256,64640,0.9998806118965149
1532864671.2763975,64768,0.9998806715011597
1532864873.002783,64896,0.9998809695243835
1532865074.6851804,65024,0.9998819231987
1532865476.7790616,65152,0.9998818039894104
1532865678.4898472,65280,0.9998810887336731
1532865880.3369215,65408,0.9998807311058044
1532866082.1747816,65536,0.9998818039894104
1532866482.4622662,65664,0.9998812079429626
1532866684.0583053,65792,0.9998790621757507
1532866885.4873254,65920,0.9998806715011597
1532867086.851129,66048,0.9998788237571716
1532867487.453797,66176,0.999879002571106
1532867689.0262215,66304,0.9998775124549866
1532867890.9001527,66432,0.9998770356178284
1532868092.653868,66560,0.9998809099197388
1532868491.3242729,66688,0.9998806118965149
1532868693.0096061,66816,0.9998801350593567
1532868894.8215182,66944,0.9998815655708313
1532869096.4942822,67072,0.9998793005943298
1532869494.818423,67200,0.9998764395713806
1532869696.5471625,67328,0.9998805522918701
1532869898.3298929,67456,0.9998805522918701
1532870100.1396556,67584,0.9998821020126343
1532870498.7013323,67712,0.9998834133148193
1532870700.3865821,67840,0.9998849630355835
1532870902.0340614,67968,0.9998849034309387
1532871103.690718,68096,0.9998759627342224
1532871500.2975113,68224,0.9998815655708313
1532871701.7075298,68352,0.9998854398727417
1532871903.3998473,68480,0.9998815655708313
1532872105.0203214,68608,0.9998824596405029
1532872505.2536545,68736,0.9998834133148193
1532872707.046304,68864,0.9998801350593567
1532872908.8353372,68992,0.9998800158500671
1532873110.5139458,69120,0.9998824596405029
1532873510.2927928,69248,0.9998831748962402
1532873712.0102282,69376,0.9998818635940552
1532873913.567421,69504,0.9998841881752014
1532874115.3115337,69632,0.9998840093612671
1532874519.9743817,69760,0.9998830556869507
1532874721.7068202,69888,0.9998822212219238
1532874923.314389,70016,0.9998822212219238
1532875125.0446415,70144,0.9998818635940552
1532875526.2040794,70272,0.999883770942688
1532875727.979928,70400,0.9998804330825806
1532875929.6614268,70528,0.9998831152915955
1532876131.3351934,70656,0.9998812675476074
1532876530.8155007,70784,0.999883770942688
1532876732.5251334,70912,0.9998842477798462
1532876934.2407115,71040,0.9998828172683716
1532877135.9086294,71168,0.9998831152915955
1532877537.8547392,71296,0.9998853802680969
1532877739.4511435,71424,0.9998814463615417
1532877941.015148,71552,0.9998841285705566
1532878142.617834,71680,0.9998854994773865
1532878543.7073698,71808,0.9998840093612671
1532878745.484772,71936,0.9998844265937805
1532878947.1527016,72064,0.9998811483383179
1532879148.7865407,72192,0.9998801946640015
1532879545.7758756,72320,0.9998832941055298
1532879747.4390492,72448,0.9998816251754761
1532879948.9916909,72576,0.9998844265937805
1532880150.7245057,72704,0.9998862147331238
1532880549.7899652,72832,0.9998834729194641
1532880751.5959356,72960,0.9998847246170044
1532880953.3423083,73088,0.9998845458030701
1532881155.1934392,73216,0.9998858571052551
1532881553.5091288,73344,0.999883770942688
1532881755.1819131,73472,0.9998868107795715
1532881956.7375715,73600,0.9998865127563477
1532882158.4387867,73728,0.9998858571052551
1532882557.7228525,73856,0.9998879432678223
1532882759.46897,73984,0.9998860359191895
1532882961.1733644,74112,0.9998854994773865
1532883162.909549,74240,0.9998871088027954
1532883563.1715627,74368,0.999884307384491
1532883764.7868586,74496,0.999885618686676
1532883966.3871176,74624,0.9998849034309387
1532884167.835581,74752,0.999886691570282
1532884569.3726938,74880,0.9998843669891357
1532884771.01809,75008,0.999885082244873
1532884972.800905,75136,0.9998812675476074
1532885174.5023353,75264,0.9998831748962402
1532885574.1522348,75392,0.999886155128479
1532885775.8209345,75520,0.9998837113380432
1532885977.5953822,75648,0.9998863339424133
1532886179.3160815,75776,0.9998847842216492
1532886579.7648823,75904,0.9998862147331238
1532886781.344731,76032,0.9998874068260193
1532886983.0457485,76160,0.9998878240585327
1532887184.8575847,76288,0.9998854398727417
1532887584.7736173,76416,0.9998875856399536
1532887786.4680796,76544,0.9998869895935059
1532887988.2147145,76672,0.9998854994773865
1532888189.6981344,76800,0.9998863935470581
1532888586.516249,76928,0.9998863935470581
1532888788.201974,77056,0.9998852610588074
1532888989.9270384,77184,0.9998853802680969
1532889191.6084185,77312,0.999886691570282
1532889588.790953,77440,0.9998874068260193
1532889790.500452,77568,0.9998875260353088
1532889992.1500733,77696,0.9998881220817566
1532890193.8198712,77824,0.9998871684074402
1532996809.9840279,77952,0.9998887777328491
1532997017.4281623,78080,0.9998871684074402
1532997225.0034244,78208,0.9998878240585327
1532997432.6250093,78336,0.9998855590820312
1532997835.5038984,78464,0.9998874664306641
1532998037.0280337,78592,0.9998874664306641
1532998238.4992356,78720,0.9998865723609924
1532998439.947304,78848,0.9998883605003357
1532998836.6663506,78976,0.9998883008956909
1532999038.303291,79104,0.9998844861984253
1532999239.8926475,79232,0.9998846054077148
1532999441.5354714,79360,0.9998834729194641
1532999840.072783,79488,0.9998844861984253
1533000041.4895065,79616,0.999886155128479
1533000242.974665,79744,0.9998832941055298
1533000444.4586287,79872,0.999884307384491
1533000844.0227056,80000,0.9998824000358582
1533001045.4996815,80128,0.9998844861984253
1533001246.955942,80256,0.9998821020126343
1533001448.5127413,80384,0.999883770942688
1533001846.4971936,80512,0.9998874068260193
1533002047.9427087,80640,0.9998856782913208
1533002249.4747243,80768,0.9998846054077148
1533002450.8797266,80896,0.9998891949653625
1533002851.8013754,81024,0.9998888969421387
1533003053.219422,81152,0.9998874068260193
1533003254.6990416,81280,0.9998869895935059
1533003456.1995316,81408,0.9998850226402283
1533003857.673868,81536,0.999885082244873
1533004059.2918072,81664,0.9998805522918701
1533004260.8446147,81792,0.9998836517333984
1533004462.5161147,81920,0.9998841285705566
1533004864.4446595,82048,0.9998867511749268
1533005066.0176978,82176,0.9998856782913208
1533005267.5012875,82304,0.9998857378959656
1533005469.0242317,82432,0.9998863935470581
1533005872.1550188,82560,0.9998852610588074
1533006073.694348,82688,0.999883770942688
1533006275.3106205,82816,0.9998872876167297
1533006476.881216,82944,0.9998864531517029
1533006878.9026206,83072,0.9998890161514282
1533007080.6191504,83200,0.9998831152915955
1533007282.1328394,83328,0.999884843826294
1533007483.724825,83456,0.9998823404312134
1533007881.2750328,83584,0.9998840689659119
1533008082.8681288,83712,0.9998877644538879
1533008284.5105786,83840,0.999883770942688
1533008485.9742765,83968,0.9998852014541626
1533008885.6476085,84096,0.9998863339424133
1533009087.2758968,84224,0.9998877644538879
1533009288.7581015,84352,0.9998847246170044
1533009490.3840191,84480,0.9998876452445984
1533009892.8143625,84608,0.9998862147331238
1533010094.4460585,84736,0.9998859167098999
1533010295.9959204,84864,0.9998852014541626
1533010497.5549324,84992,0.9998864531517029
1533010895.6669936,85120,0.9998827576637268
1533011097.247275,85248,0.9998867511749268
1533011298.7633553,85376,0.9998847842216492
1533011500.233234,85504,0.999885618686676
1533011902.5679348,85632,0.9998862147331238
1533012103.8474283,85760,0.9998859763145447
1533012305.0827713,85888,0.9998873472213745
1533012506.4347715,86016,0.9998871684074402
1533012905.6732469,86144,0.9998881816864014
1533013107.094803,86272,0.9998878836631775
1533013308.5929272,86400,0.9998863935470581
1533013509.9556646,86528,0.9998833537101746
1533013908.7096598,86656,0.9998875856399536
1533014110.096889,86784,0.999887228012085
1533014311.5854597,86912,0.999884843826294
1533014513.0255187,87040,0.9998846650123596
1533014909.4696531,87168,0.9998893141746521
1533015111.0344348,87296,0.9998852014541626
1533015312.5541413,87424,0.9998874664306641
1533015514.2137613,87552,0.9998852610588074
1533015914.5880482,87680,0.9998847246170044
1533016116.070893,87808,0.9998875260353088
1533016317.719169,87936,0.9998841881752014
1533016519.321671,88064,0.9998860359191895
1533016919.3962958,88192,0.9998853206634521
1533017120.979127,88320,0.9998872876167297
1533017322.5360942,88448,0.9998844861984253
1533017523.9096656,88576,0.999889075756073
1533017924.9776716,88704,0.9998854994773865
1533018126.2840407,88832,0.999886155128479
1533018327.693259,88960,0.9998871684074402
1533018529.130738,89088,0.999884843826294
1533018927.5793297,89216,0.9998868703842163
1533019129.1421854,89344,0.9998883008956909
1533019330.6596313,89472,0.999886155128479
1533019532.3648448,89600,0.9998870491981506
1533019933.1552508,89728,0.9998876452445984
1533020134.6589038,89856,0.999886155128479
1533020336.2695158,89984,0.9998891949653625
1533020537.8669934,90112,0.9998887777328491
1533020935.0655985,90240,0.999888002872467
1533021136.624816,90368,0.9998869895935059
1533021338.207829,90496,0.9998891949653625
1533021539.8536022,90624,0.9998891949653625
1533021942.0342247,90752,0.999890148639679
1533022143.7310894,90880,0.9998879432678223
1533022345.1652403,91008,0.9998880624771118
1533022546.835007,91136,0.9998854994773865
1533022946.9150138,91264,0.9998881220817566
1533023148.5174217,91392,0.9998883605003357
1533023350.1495924,91520,0.999887228012085
1533023551.7841296,91648,0.9998891949653625
1533023950.0126193,91776,0.9998884201049805
1533024151.632283,91904,0.9998905062675476
1533024353.2150338,92032,0.9998896718025208
1533024554.6780086,92160,0.9998860359191895
1533024957.6324713,92288,0.9998856782913208
1533025159.2728841,92416,0.9998883605003357
1533025360.9762223,92544,0.9998888969421387
1533025562.5337017,92672,0.9998890161514282
1533025963.048805,92800,0.9998912215232849
1533026164.577205,92928,0.9998900294303894
1533026366.0501642,93056,0.9998882412910461
1533026567.4569976,93184,0.9998899102210999
1533026967.8686006,93312,0.9998891949653625
1533027169.460297,93440,0.9998916387557983
1533027371.0739195,93568,0.9998894333839417
1533027572.6498644,93696,0.9998902678489685
1533027973.8916016,93824,0.9998882412910461
1533028175.4117386,93952,0.9998874068260193
1533028376.98372,94080,0.9998883605003357
1533028578.4772286,94208,0.9998877644538879
1533028980.6250658,94336,0.9998864531517029
1533029182.1975248,94464,0.9998899698257446
1533029383.6379914,94592,0.9998897910118103
1533029585.0939238,94720,0.9998879432678223
1533029987.960968,94848,0.9998916983604431
1533030189.4834423,94976,0.9998895525932312
1533030390.9339216,95104,0.999889612197876
1533030592.4313805,95232,0.9998902082443237
1533030993.8147697,95360,0.9998907446861267
1533031195.3656495,95488,0.9998876452445984
1533031396.9578881,95616,0.9998894333839417
1533031598.6004612,95744,0.9998904466629028
1533032000.9630904,95872,0.9998911619186401
1533032202.6485085,96000,0.9998883008956909
1533032404.2527738,96128,0.999889075756073
1533032605.850503,96256,0.999889612197876
1533033008.5695782,96384,0.9998903274536133
1533033209.7852414,96512,0.9998902678489685
1533033411.3726258,96640,0.9998887777328491
1533033612.8268428,96768,0.9998888373374939
1533034015.0190656,96896,0.999889075756073
1533034216.5468323,97024,0.9998891353607178
1533034418.212436,97152,0.9998869299888611
1533034619.726318,97280,0.9998923540115356
1533035019.571757,97408,0.9998922944068909
1533035221.164953,97536,0.9998894929885864
