wall_time,step,value
1530397837.6224577,128,46.36054992675781
1530397881.1016266,256,16.911191940307617
1530397925.2474608,384,16.233423233032227
1530397969.923162,512,12.910872459411621
1530398069.403946,640,11.690070152282715
1530398113.0339584,768,15.062313079833984
1530398157.6753187,896,13.373974800109863
1530398202.4922876,1024,12.299910545349121
1530398301.6279109,1152,13.839778900146484
1530398345.4814012,1280,13.823156356811523
1530398390.469583,1408,12.565617561340332
1530398435.4425058,1536,13.51334285736084
1530398534.1662507,1664,11.744990348815918
1530398578.2057776,1792,12.059917449951172
1530398623.1989222,1920,10.970657348632812
1530398668.3275344,2048,12.335087776184082
1530398766.4676967,2176,11.375568389892578
1530398810.3640816,2304,11.93140697479248
1530398855.4786763,2432,15.151847839355469
1530398900.4909527,2560,13.515480041503906
1530398999.7955506,2688,10.786504745483398
1530399043.898224,2816,12.071510314941406
1530399089.070241,2944,11.15992546081543
1530399134.1320932,3072,13.452025413513184
1530399232.125604,3200,14.251056671142578
1530399276.127754,3328,12.914702415466309
1530399321.2363367,3456,11.76862621307373
1530399366.3442883,3584,11.95090103149414
1530399465.7095902,3712,12.458511352539062
1530399509.6885936,3840,12.065301895141602
1530399554.605665,3968,12.263962745666504
1530399599.6523125,4096,11.303971290588379
1530399699.0143616,4224,10.96524715423584
1530399743.0791805,4352,11.693645477294922
1530399788.1452057,4480,12.207478523254395
1530399833.1947336,4608,11.217011451721191
1530399932.415249,4736,12.432347297668457
1530399976.4451435,4864,11.441133499145508
1530400021.4856777,4992,11.008378982543945
1530400066.4750688,5120,11.346772193908691
1530400165.8557334,5248,12.222392082214355
1530400209.9173417,5376,12.496907234191895
1530400254.8990684,5504,11.088695526123047
1530400299.9477332,5632,12.149250984191895
1530400399.3454878,5760,13.40671443939209
1530400443.4543524,5888,11.072250366210938
1530400488.6542559,6016,12.710205078125
1530400533.71238,6144,12.266729354858398
1530400633.0693502,6272,12.79361629486084
1530400677.1532705,6400,12.155205726623535
1530400722.3586016,6528,11.197467803955078
1530400767.4874177,6656,12.39329719543457
1530400869.407308,6784,11.941656112670898
1530400913.4586742,6912,11.723475456237793
1530400958.597952,7040,12.074092864990234
1530401003.789536,7168,14.380545616149902
1530401104.1467166,7296,12.093173027038574
1530401148.2115567,7424,11.309542655944824
1530401193.2920942,7552,12.010801315307617
1530401238.3468173,7680,11.693965911865234
1530401338.5063925,7808,11.743663787841797
1530401382.5236297,7936,11.662919998168945
1530401427.7341604,8064,13.303746223449707
1530401472.7484283,8192,14.792503356933594
1530401572.263967,8320,11.558520317077637
1530401616.3931983,8448,12.501545906066895
1530401661.5025666,8576,12.057111740112305
1530401706.6396794,8704,11.377636909484863
1530401807.3331623,8832,11.264760971069336
1530401851.3761902,8960,12.768758773803711
1530401896.4083712,9088,14.092854499816895
1530401941.5628846,9216,11.232847213745117
1530402041.0459867,9344,12.351279258728027
1530402085.059848,9472,11.266286849975586
1530402130.200732,9600,11.046186447143555
1530402175.3592153,9728,9.713224411010742
1530402275.5172398,9856,11.485651016235352
1530402319.547376,9984,13.158446311950684
1530402364.655634,10112,13.298835754394531
1530402409.7917318,10240,11.945374488830566
1530402510.0868516,10368,11.410263061523438
1530402554.0902593,10496,10.69904613494873
1530402599.1796825,10624,10.457991600036621
1530402644.2550855,10752,10.835827827453613
1530402745.0842838,10880,12.548489570617676
1530402788.99803,11008,11.401381492614746
1530402834.0664988,11136,12.619625091552734
1530402879.110181,11264,10.852612495422363
1530402979.3593283,11392,11.179732322692871
1530403023.412974,11520,11.075303077697754
1530403068.499623,11648,10.8478422164917
1530403113.5940363,11776,11.159650802612305
1530403214.423375,11904,11.760368347167969
1530403258.3445265,12032,12.665655136108398
1530403303.4829438,12160,9.085037231445312
1530403348.547394,12288,9.687400817871094
1530403450.0926852,12416,9.408158302307129
1530403494.089364,12544,9.736464500427246
1530403539.1672907,12672,9.641812324523926
1530403584.2878077,12800,10.369784355163574
1530403684.455709,12928,10.167669296264648
1530403728.516973,13056,10.420913696289062
1530403773.5538292,13184,10.467577934265137
1530403818.682229,13312,11.71654987335205
1530403917.9861102,13440,10.268367767333984
1530403962.0626395,13568,9.477706909179688
1530404007.106395,13696,10.042617797851562
1530404052.2335205,13824,10.026350975036621
1530404152.5652013,13952,10.87775993347168
1530404196.633635,14080,10.294318199157715
1530404241.5939755,14208,11.602678298950195
1530404286.694844,14336,9.863218307495117
1530404387.5790598,14464,11.541515350341797
1530404431.4732814,14592,10.263136863708496
1530404476.6197824,14720,11.047187805175781
1530404521.690806,14848,10.545137405395508
1530404621.7052307,14976,10.699438095092773
1530404665.6498506,15104,9.996458053588867
1530404710.754907,15232,10.258023262023926
1530404755.8477633,15360,10.836833953857422
1530404856.1525972,15488,12.480305671691895
1530404900.082642,15616,10.887876510620117
1530404945.0050204,15744,11.326971054077148
1530404990.0836873,15872,11.560639381408691
1530405090.2658432,16000,10.998631477355957
1530405134.2160146,16128,10.485294342041016
1530405179.2404592,16256,12.22276782989502
1530405224.2227542,16384,11.694847106933594
1530405325.2549956,16512,10.823423385620117
1530405369.1626763,16640,10.906253814697266
1530405414.2758393,16768,10.957108497619629
1530405459.3266673,16896,11.044368743896484
1530405560.6646755,17024,12.890920639038086
1530405604.5635507,17152,9.900981903076172
1530405649.5877738,17280,11.28715705871582
1530405694.6718204,17408,10.283628463745117
1530405795.4065423,17536,11.43066692352295
1530405839.3340628,17664,11.639982223510742
1530405884.3584738,17792,12.797135353088379
1530405929.3754766,17920,10.655950546264648
1530406029.269979,18048,10.337981224060059
1530406073.1738448,18176,10.1476469039917
1530406118.1825445,18304,10.64795207977295
1530406163.2036965,18432,10.17191219329834
1530406263.8179848,18560,11.272591590881348
1530406307.7634273,18688,10.098520278930664
1530406352.6711092,18816,9.915482521057129
1530406397.7726567,18944,11.220020294189453
1530406498.1765733,19072,10.513298988342285
1530406542.1068594,19200,10.886823654174805
1530406587.0378735,19328,10.713603019714355
1530406632.0336761,19456,9.74248218536377
1530406732.655296,19584,10.296154022216797
1530406776.5617356,19712,9.999137878417969
1530406821.7080352,19840,10.819024085998535
1530406866.8071017,19968,10.06493091583252
1530406968.0275407,20096,10.593306541442871
1530407011.9404004,20224,10.269518852233887
1530407056.9578815,20352,10.093954086303711
1530407101.9660943,20480,11.166579246520996
1530407202.8180566,20608,11.23089599609375
1530407246.680122,20736,10.719812393188477
1530407291.542178,20864,11.437000274658203
1530407336.5483623,20992,10.576760292053223
1530407437.102724,21120,11.218156814575195
1530407481.0207825,21248,11.924820899963379
1530407526.0392535,21376,10.262771606445312
1530407571.132963,21504,10.61231803894043
1530407671.628386,21632,10.312692642211914
1530407715.5446358,21760,10.598960876464844
1530407760.5295646,21888,11.148066520690918
1530407805.5202641,22016,10.003966331481934
1530407906.0672052,22144,9.717698097229004
1530407949.9768505,22272,11.093361854553223
1530407994.8888927,22400,9.519328117370605
1530408039.8878152,22528,10.596702575683594
1530408141.391444,22656,9.80534553527832
1530408185.3029687,22784,9.518428802490234
1530408230.1999173,22912,10.433815002441406
1530408275.2935493,23040,10.587478637695312
1530408375.513518,23168,10.43178939819336
1530408419.4187088,23296,10.4314603805542
1530408464.3432314,23424,10.129067420959473
1530408509.4594886,23552,11.184005737304688
1530408610.0602977,23680,9.349516868591309
1530408653.9791262,23808,10.74280834197998
1530408698.9208758,23936,10.306772232055664
1530408743.9442732,24064,9.699483871459961
1530408844.5562925,24192,9.757173538208008
1530408888.422185,24320,9.906023025512695
1530408933.389832,24448,10.156656265258789
1530408978.3820295,24576,9.574636459350586
1530409080.2979898,24704,10.058027267456055
1530409124.2266762,24832,9.956267356872559
1530409169.198058,24960,9.571260452270508
1530409214.198984,25088,10.425332069396973
1530409314.9669688,25216,9.528982162475586
1530409358.872162,25344,9.497529029846191
1530409403.800823,25472,9.6260986328125
1530409448.7490892,25600,9.406349182128906
1530409550.4659946,25728,10.181716918945312
1530409594.320975,25856,10.260045051574707
1530409639.339154,25984,9.82997989654541
1530409684.3601022,26112,10.044584274291992
1530409784.1338575,26240,9.770855903625488
1530409828.0821319,26368,9.810408592224121
1530409873.093239,26496,9.753137588500977
1530409918.0906212,26624,9.436370849609375
1530410018.7882879,26752,9.68838882446289
1530410062.704172,26880,10.156163215637207
1530410107.6646664,27008,10.404674530029297
1530410152.7436674,27136,9.701608657836914
1530410252.44035,27264,10.348957061767578
1530410296.3728766,27392,10.57131576538086
1530410341.4317176,27520,9.830948829650879
1530410386.5798979,27648,9.948576927185059
1530410488.7003472,27776,9.760055541992188
1530410532.614971,27904,10.275810241699219
1530410577.5455527,28032,10.863443374633789
1530410622.6256132,28160,10.067561149597168
1530410723.5129583,28288,10.536094665527344
1530410767.4334607,28416,10.539972305297852
1530410812.2555583,28544,10.384215354919434
1530410857.21636,28672,9.918120384216309
1530410957.7331114,28800,9.419886589050293
1530411001.6131368,28928,10.193536758422852
1530411046.5257483,29056,9.63015079498291
1530411091.586758,29184,9.59948444366455
1530411192.3728158,29312,9.906049728393555
1530411236.2937062,29440,9.537447929382324
1530411281.1698728,29568,9.470498085021973
1530411326.3124433,29696,9.706727981567383
1530411426.5139682,29824,9.4273099899292
1530411470.441003,29952,9.791393280029297
1530411515.357564,30080,10.719749450683594
1530411560.405655,30208,9.938959121704102
1530411662.8111792,30336,10.673933029174805
1530411706.7395926,30464,9.748335838317871
1530411751.5705795,30592,9.379281044006348
1530411796.590853,30720,9.99863338470459
1530411896.8268917,30848,11.6271390914917
1530411940.7673929,30976,10.030969619750977
1530411985.7162752,31104,9.87020206451416
1530412030.7759442,31232,9.339183807373047
1530412132.553745,31360,9.847956657409668
1530412176.5277607,31488,10.714690208435059
1530412221.3633869,31616,10.884976387023926
1530412266.474648,31744,9.713594436645508
1530412368.5088794,31872,9.522175788879395
1530412412.4670238,32000,10.018342971801758
1530412457.2045937,32128,10.447620391845703
1530412502.17269,32256,10.458329200744629
1530412603.8264875,32384,11.037155151367188
1530412647.8049214,32512,10.33324146270752
1530412692.674697,32640,10.14499282836914
1530412737.785463,32768,11.15671443939209
1530412839.0661783,32896,9.936840057373047
1530412882.9849916,33024,9.91616439819336
1530412927.8779316,33152,10.967805862426758
1530412972.9264488,33280,9.54936408996582
1530413073.8410027,33408,10.902965545654297
1530413117.7502785,33536,10.344487190246582
1530413162.5541189,33664,9.842582702636719
1530413207.7042909,33792,11.22077465057373
1530413310.181802,33920,10.710672378540039
1530413354.0380743,34048,10.176692008972168
1530413398.7998898,34176,11.171944618225098
1530413443.803306,34304,10.290127754211426
1530413545.3747509,34432,10.87204360961914
1530413589.2403452,34560,9.949512481689453
1530413634.1153762,34688,10.094463348388672
1530413679.1415374,34816,9.852547645568848
1530413780.674107,34944,10.774139404296875
1530413824.6030393,35072,9.895606994628906
1530413869.3409216,35200,9.23242473602295
1530413914.4464586,35328,10.80956745147705
1530414017.4189277,35456,9.669265747070312
1530414061.365252,35584,9.61626148223877
1530414106.1678758,35712,9.708457946777344
1530414151.2431452,35840,10.135091781616211
1530414252.9072907,35968,9.667180061340332
1530414296.8105063,36096,10.085267066955566
1530414341.7030234,36224,9.747400283813477
1530414386.7478123,36352,10.77461051940918
1530414488.5251112,36480,9.502296447753906
1530414532.4425535,36608,10.240925788879395
1530414577.2305028,36736,9.683513641357422
1530414622.362873,36864,9.974201202392578
1530414724.5104902,36992,9.518020629882812
1530414768.410204,37120,9.599566459655762
1530414813.2708206,37248,10.517980575561523
1530414858.4163156,37376,10.469285011291504
1530414961.3248208,37504,9.852972984313965
1530415005.2553911,37632,10.68464183807373
1530415050.0551043,37760,11.289787292480469
1530415095.127893,37888,9.87517261505127
1530415197.2040353,38016,10.177374839782715
1530415241.1393166,38144,10.862876892089844
1530415285.800527,38272,11.347972869873047
1530415330.8739963,38400,10.20396900177002
1530415433.5145133,38528,10.153676986694336
1530415477.4362938,38656,9.63868522644043
1530547554.5267417,39040,10.945347785949707
1530547598.281945,39168,10.025144577026367
1530547642.065404,39296,10.689069747924805
1530547686.5481465,39424,10.316851615905762
1530547784.7443166,39552,11.433526992797852
1530547828.5101762,39680,10.441427230834961
1530547872.7450213,39808,10.463751792907715
1530547917.5400102,39936,10.212193489074707
1530548016.4934106,40064,10.318981170654297
1530548060.3399932,40192,9.334396362304688
1530548104.6127338,40320,10.082904815673828
1530548149.4845507,40448,9.678247451782227
1530548247.1598256,40576,10.938148498535156
1530548290.9894488,40704,9.973271369934082
1530548335.2483268,40832,10.43196964263916
1530548380.1493704,40960,9.66524887084961
1530548479.563551,41088,10.55588150024414
1530548523.4011385,41216,9.464585304260254
1530548567.639873,41344,10.825115203857422
1530548612.4344983,41472,9.59935188293457
1530548710.7734525,41600,10.266568183898926
1530548754.597031,41728,9.479926109313965
1530548798.8757167,41856,9.611496925354004
1530548843.7394452,41984,11.137176513671875
1530548941.4357884,42112,11.291260719299316
1530548985.290564,42240,10.452845573425293
1530549029.5444684,42368,11.053192138671875
1530549074.4849443,42496,10.540534973144531
1530549172.8048117,42624,9.509077072143555
1530549216.6689243,42752,10.473295211791992
1530549260.9140265,42880,10.743669509887695
1530549305.7808294,43008,9.84266471862793
1530549405.1136997,43136,10.091374397277832
1530549448.9878638,43264,9.366779327392578
1530549493.3929458,43392,10.957277297973633
1530549538.272018,43520,10.654377937316895
1530549636.7153099,43648,10.007624626159668
1530549680.516659,43776,10.558265686035156
1530549724.7763646,43904,10.070612907409668
1530549769.7114458,44032,10.826459884643555
1530549866.499646,44160,10.770183563232422
1530549910.3295472,44288,10.225001335144043
1530549954.638158,44416,9.612168312072754
1530549999.4403718,44544,11.639520645141602
1530550097.927144,44672,10.267783164978027
1530550141.8142538,44800,10.334503173828125
1530550186.188756,44928,9.919382095336914
1530550231.064689,45056,10.416728973388672
1530550329.0455327,45184,9.373039245605469
1530550372.9221318,45312,10.664447784423828
1530550417.387104,45440,9.486515045166016
1530550462.313175,45568,10.191451072692871
1530550561.3238184,45696,9.803211212158203
1530550605.1214778,45824,10.679560661315918
1530550649.5598738,45952,9.740799903869629
1530550694.475211,46080,9.517462730407715
1530550791.5363827,46208,10.08862018585205
1530550835.3824828,46336,9.911444664001465
1530550879.8500786,46464,9.68422794342041
1530550924.7687402,46592,9.81363582611084
1530551023.7371776,46720,9.57746696472168
1530551067.6089785,46848,10.591497421264648
1530551112.0083518,46976,10.574543952941895
1530551157.0163562,47104,9.673245429992676
1530551254.6694732,47232,9.444331169128418
1530551298.5150826,47360,9.70833969116211
1530551343.1267002,47488,9.701062202453613
1530551388.086561,47616,9.740100860595703
1530551486.5726602,47744,9.553030014038086
1530551530.4442964,47872,10.815924644470215
1530551575.0166538,48000,10.161436080932617
1530551620.0652037,48128,9.56107234954834
1530551718.369517,48256,10.172438621520996
1530551762.2136178,48384,9.783781051635742
1530551806.7505994,48512,10.190913200378418
1530551851.5974202,48640,9.603742599487305
1530551949.693379,48768,10.09753704071045
1530551993.5189548,48896,9.591818809509277
1530552038.117563,49024,11.998481750488281
1530552083.042727,49152,9.862442970275879
1530552182.7131298,49280,9.85762882232666
1530552226.5619183,49408,10.372384071350098
1530552271.211001,49536,10.445881843566895
1530552316.0149753,49664,9.834405899047852
1530552414.868799,49792,9.502131462097168
1530552458.6679564,49920,9.810422897338867
1530552503.2843611,50048,9.863306045532227
1530552548.3054476,50176,10.75806999206543
1530552647.9212158,50304,9.980588912963867
1530552691.7607362,50432,9.409760475158691
1530552736.376266,50560,10.19477367401123
1530552781.3590841,50688,10.042998313903809
1530552881.120565,50816,9.470680236816406
1530552924.9694035,50944,10.626795768737793
1530552969.6621025,51072,10.3298978805542
1530553014.6261973,51200,10.198452949523926
1530553114.3406334,51328,10.20553207397461
1530553158.2084246,51456,9.463469505310059
1530553202.911401,51584,9.558558464050293
1530553247.9832997,51712,9.146201133728027
1530553346.3946517,51840,9.749805450439453
1530553390.2378714,51968,9.355361938476562
1530553434.9873796,52096,9.36971378326416
1530553480.0522244,52224,9.761959075927734
1530553578.777964,52352,9.340474128723145
1530553622.5680215,52480,10.192456245422363
1530553667.2660758,52608,10.909276962280273
1530553712.1964319,52736,9.535933494567871
1530553810.195967,52864,10.460144996643066
1530553854.0327642,52992,9.675984382629395
1530553898.8040478,53120,9.39974308013916
1530553943.7517498,53248,10.499611854553223
1530554042.4993632,53376,10.297943115234375
1530554086.357483,53504,10.735649108886719
1530554131.0510397,53632,9.965697288513184
1530554175.990929,53760,9.823820114135742
1530554274.7806008,53888,9.164875030517578
1530554318.6636338,54016,10.073678970336914
1530554363.410934,54144,10.308646202087402
1530554408.3233483,54272,10.137191772460938
1530554507.9469476,54400,10.463573455810547
1530554551.7630973,54528,11.506099700927734
1530554596.5341303,54656,9.85439395904541
1530554641.4734015,54784,10.49996280670166
1530554739.7167675,54912,10.287818908691406
1530554783.5706766,55040,9.760309219360352
1530554828.3411813,55168,9.746678352355957
1530554873.3186505,55296,10.277100563049316
1530554973.4806142,55424,9.273492813110352
1530555017.382861,55552,9.68377685546875
1530555062.0004313,55680,9.529747009277344
1530555107.0402825,55808,9.564969062805176
1530555205.8179207,55936,10.500526428222656
1530555249.6450806,56064,10.136164665222168
1530555294.4095023,56192,10.047538757324219
1530555339.3306606,56320,9.511648178100586
1530555438.0883622,56448,9.197574615478516
1530555481.9138994,56576,9.63779067993164
1530555526.6851146,56704,9.211770057678223
1530555571.5939062,56832,9.627272605895996
1530555671.6325562,56960,11.218180656433105
1530555715.5471492,57088,10.357673645019531
1530555760.342044,57216,9.643316268920898
1530555805.3793151,57344,10.633917808532715
1530555903.753901,57472,9.809693336486816
1530555947.6408877,57600,11.125626564025879
1530555992.5529156,57728,9.605293273925781
1530556037.5686767,57856,9.7139253616333
1530556137.7583344,57984,10.283032417297363
1530556181.6218855,58112,10.845430374145508
1530556226.5304086,58240,10.59081745147705
1530556271.5264099,58368,9.791823387145996
1530556371.714535,58496,10.31058120727539
1530556415.5649405,58624,10.180411338806152
1530556460.0930452,58752,10.79385757446289
1530556504.9447367,58880,10.07658576965332
1530556604.8950665,59008,10.61168098449707
1530556648.8165176,59136,10.060735702514648
1530556693.4905856,59264,9.456345558166504
1530556738.348077,59392,10.071443557739258
1530556838.1131818,59520,9.577962875366211
1530556882.0078998,59648,10.167624473571777
1530556926.6464362,59776,9.924971580505371
1530556971.642848,59904,9.938138961791992
1530557070.933113,60032,10.558388710021973
1530557114.8343115,60160,9.68873405456543
1530557159.4844363,60288,9.939515113830566
1530557204.3505795,60416,10.351552963256836
1530557303.6778862,60544,9.700718879699707
1530557347.5306447,60672,9.675098419189453
1530557392.1765296,60800,9.365372657775879
1530557437.0719223,60928,9.379402160644531
1530557537.3509574,61056,9.87757682800293
1530557581.1676583,61184,9.841873168945312
1530557625.5965574,61312,10.036849975585938
1530557670.6005485,61440,11.793384552001953
1530557770.2672062,61568,9.343250274658203
1530557814.1759021,61696,9.606491088867188
1530557858.7281005,61824,9.533902168273926
1530557903.8128788,61952,9.409347534179688
1530558004.4387307,62080,9.450642585754395
1530558048.3365378,62208,9.238897323608398
1530558093.044092,62336,11.081865310668945
1530558138.0751677,62464,9.400697708129883
1530558237.6559289,62592,9.465892791748047
1530558281.5428824,62720,10.313414573669434
1530558326.328905,62848,9.258580207824707
1530558371.1574786,62976,10.269388198852539
1530558470.5960588,63104,9.35438346862793
1530558514.5307436,63232,9.626619338989258
1530558559.3345735,63360,9.78209400177002
1530558604.3488212,63488,9.49552059173584
1530558705.2957292,63616,9.935761451721191
1530558749.223513,63744,9.848347663879395
1530558794.026559,63872,10.826436996459961
1530558839.0983715,64000,9.624244689941406
1530558940.2096827,64128,9.361710548400879
1530558984.0941796,64256,9.86734676361084
1530559028.9928708,64384,9.70098876953125
1530559073.967018,64512,9.727273941040039
1530559174.7662525,64640,10.069791793823242
1530559218.7164161,64768,9.562535285949707
1530559263.7511418,64896,9.565766334533691
1530559308.7639937,65024,9.38939094543457
1530559408.9306517,65152,9.37548542022705
1530559452.8736558,65280,10.409014701843262
1530559497.6893096,65408,9.153536796569824
1530559542.7534022,65536,9.562150001525879
1530559643.8596723,65664,9.572403907775879
1530559687.8293908,65792,10.179879188537598
1530559732.6420083,65920,9.890514373779297
1530559777.7101157,66048,9.16218376159668
1530559878.262757,66176,9.698786735534668
1530559922.206912,66304,9.977594375610352
1530559967.2615435,66432,9.363673210144043
1530560012.2486231,66560,10.9491548538208
1530560111.9383688,66688,9.50527572631836
1530560155.8270626,66816,9.475296020507812
1530560200.6174204,66944,9.759151458740234
1530560245.721333,67072,10.780078887939453
1530560347.036466,67200,9.770902633666992
1530560390.9476335,67328,9.419914245605469
1530560435.7442002,67456,9.320402145385742
1530560480.8021421,67584,9.863544464111328
1530560580.6287448,67712,9.70775032043457
1530560624.4935544,67840,10.5437593460083
1530560669.359489,67968,9.532934188842773
1530560714.264178,68096,9.420595169067383
1530560815.031542,68224,9.59964656829834
1530560858.9605367,68352,9.541193962097168
1530560903.7073135,68480,9.888260841369629
1530560948.8212316,68608,9.948968887329102
1530561049.4170558,68736,9.715325355529785
1530561093.2845812,68864,9.50735092163086
1530561138.1488373,68992,9.998294830322266
1530561183.0613277,69120,9.183855056762695
1530561283.2078073,69248,10.255887031555176
1530561327.1019504,69376,9.307474136352539
1530561372.007457,69504,9.65782642364502
1530561417.0549276,69632,9.487689018249512
1530561517.5145416,69760,10.014689445495605
1530561561.4023635,69888,10.395112037658691
1530561606.2604675,70016,9.375651359558105
1530561651.2793179,70144,9.61697769165039
1530561753.0295687,70272,11.083792686462402
1530561796.936699,70400,10.125205993652344
1530561841.9464972,70528,10.827357292175293
1530561886.858139,70656,10.047873497009277
1530561989.1184735,70784,9.52063274383545
1530562032.992917,70912,10.626588821411133
1530562077.9744792,71040,9.660909652709961
1530562122.8686838,71168,9.70616626739502
1530562222.78639,71296,9.650680541992188
1530562266.636696,71424,9.730852127075195
1530562311.5640032,71552,9.755351066589355
1530562356.5912113,71680,10.460590362548828
1530562458.611966,71808,10.134934425354004
1530562502.4794996,71936,9.803411483764648
1530562547.4254553,72064,10.181685447692871
1530562592.3915234,72192,9.679037094116211
1530562692.915055,72320,9.65023136138916
1530562736.8174179,72448,10.485864639282227
1530562781.702203,72576,10.181024551391602
1530562826.6603436,72704,9.686714172363281
1530562928.3061645,72832,9.757818222045898
1530562972.1254072,72960,10.032743453979492
1530563017.0410771,73088,9.685455322265625
1530563061.9317172,73216,9.565940856933594
1530563162.6883245,73344,9.539714813232422
1530563206.5512109,73472,9.514248847961426
1530563251.5701373,73600,10.706537246704102
1530563296.5240345,73728,9.798173904418945
1530563398.3762841,73856,9.845343589782715
1530563442.2505457,73984,9.70103931427002
1530563487.07412,74112,10.4009428024292
1530563532.1005967,74240,9.66213607788086
1530563632.0233974,74368,10.580916404724121
1530563675.9152336,74496,10.2064847946167
1530563720.9553754,74624,9.54870891571045
1530563765.9086332,74752,9.345486640930176
1530563867.1570532,74880,9.16840934753418
1530563911.0749023,75008,9.542854309082031
1530563956.1391633,75136,9.304858207702637
1530564001.2251904,75264,10.647560119628906
1530564103.2848654,75392,10.326627731323242
1530564147.206057,75520,10.09965991973877
1530564192.1723385,75648,9.925354957580566
1530564237.1805995,75776,9.689373970031738
1530564338.589617,75904,9.54682445526123
1530564382.4439206,76032,9.513707160949707
1530564427.5017183,76160,9.398207664489746
1530564472.5487714,76288,9.91029167175293
1530564575.4070952,76416,9.857527732849121
1530564619.3133519,76544,9.892462730407715
1530564664.2888575,76672,10.650225639343262
1530564709.324706,76800,10.263026237487793
1530564811.3225992,76928,11.014400482177734
1530564855.2538753,77056,9.735052108764648
1530564900.3371744,77184,9.626791954040527
1530564945.4186385,77312,11.152994155883789
1530565048.3351076,77440,9.866352081298828
1530565092.2194688,77568,10.694880485534668
1530651731.3376307,77952,10.297938346862793
1530651775.1886067,78080,9.720619201660156
1530651819.2886217,78208,10.345948219299316
1530651864.1309462,78336,10.330048561096191
1530651961.6962411,78464,10.032387733459473
1530652005.5318282,78592,9.320958137512207
1530652050.227183,78720,9.470084190368652
1530652095.2002914,78848,10.155673027038574
1530652193.3857622,78976,9.950361251831055
1530652237.2434106,79104,9.730581283569336
1530652281.8512745,79232,9.786124229431152
1530652326.9563887,79360,9.536943435668945
1530652424.594741,79488,9.455804824829102
1530652468.4268234,79616,9.574682235717773
1530652513.1917543,79744,10.239482879638672
1530652558.072846,79872,9.370047569274902
1530652657.4791474,80000,10.045462608337402
1530652701.3247023,80128,9.401656150817871
1530652746.0245621,80256,9.768036842346191
1530652790.9197123,80384,10.0877103805542
1530652888.9586933,80512,9.819049835205078
1530652932.8476458,80640,10.551199913024902
1530652977.653119,80768,9.629395484924316
1530653022.6736681,80896,9.799779891967773
1530653120.2968168,81024,9.987513542175293
1530653164.136454,81152,9.555656433105469
1530653209.0057428,81280,10.18986988067627
1530653254.0913992,81408,9.739001274108887
1530653351.3574178,81536,10.056310653686523
1530653395.2088842,81664,10.496438026428223
1530653440.230206,81792,9.696615219116211
1530653485.2339237,81920,9.269113540649414
1530653582.9010022,82048,9.712528228759766
1530653626.759743,82176,9.852682113647461
1530653671.610675,82304,9.474712371826172
1530653716.6044285,82432,9.932270050048828
1530653814.5394022,82560,10.269651412963867
1530653858.3978446,82688,9.540325164794922
1530653903.324978,82816,9.914010047912598
1530653948.4401295,82944,10.9161958694458
1530654046.6168447,83072,9.340204238891602
1530654090.4722362,83200,10.499966621398926
1530654135.4487975,83328,9.820513725280762
1530654180.4499278,83456,10.403676986694336
1530654278.2866614,83584,10.20109748840332
1530654322.1955826,83712,10.479156494140625
1530654367.276322,83840,10.399333000183105
1530654412.265573,83968,10.39699935913086
1530654511.1057477,84096,9.915491104125977
1530654555.0148985,84224,9.541025161743164
1530654600.1079762,84352,11.105192184448242
1530654645.2545877,84480,10.979036331176758
1530654743.8289895,84608,10.267473220825195
1530654787.7130487,84736,10.429925918579102
1530654832.8044746,84864,9.767627716064453
1530654877.8648171,84992,9.466096878051758
1530654977.369005,85120,11.03921890258789
1530655021.2982612,85248,9.903862953186035
1530655066.2747352,85376,9.970648765563965
1530655111.4341757,85504,9.492106437683105
1530655211.1300108,85632,10.568013191223145
1530655255.04411,85760,9.91409969329834
1530655300.099241,85888,9.572307586669922
1530655345.1805437,86016,11.118332862854004
1530655443.3915915,86144,10.57638168334961
1530655487.3710384,86272,9.539145469665527
1530655532.5476997,86400,10.300765037536621
1530655577.644844,86528,10.379318237304688
1530655675.8096778,86656,10.205428123474121
1530655719.827525,86784,10.915864944458008
1530655764.9389105,86912,10.48163890838623
1530655810.068904,87040,9.835484504699707
1530655908.57745,87168,11.02353572845459
1530655952.5337558,87296,10.02139663696289
1530655997.7002666,87424,10.02660083770752
1530656042.8320692,87552,10.229466438293457
1530656142.1419957,87680,9.557558059692383
1530656186.1573884,87808,9.472867965698242
1530656231.2801213,87936,10.682326316833496
1530656276.4813514,88064,10.036170959472656
1530656376.3373942,88192,10.119415283203125
1530656420.2956889,88320,10.0069580078125
1530656465.3492649,88448,10.467194557189941
1530656510.5136414,88576,9.846807479858398
1530656608.9788904,88704,9.432740211486816
1530656653.0362597,88832,9.760722160339355
1530656698.137928,88960,9.941081047058105
1530656743.236011,89088,9.047770500183105
1530656842.0042853,89216,9.48388671875
1530656886.1176035,89344,9.804875373840332
1530656931.21109,89472,9.608414649963379
1530656976.2255023,89600,9.763978004455566
1530657074.8452878,89728,9.927084922790527
1530657118.9777877,89856,10.089877128601074
1530657164.0874174,89984,9.750764846801758
1530657209.13758,90112,10.465842247009277
1530657307.9552155,90240,9.649312973022461
1530657352.0121677,90368,11.444887161254883
1530657397.0725057,90496,10.15841007232666
1530657442.1492372,90624,9.433427810668945
1530657542.7133474,90752,10.044958114624023
1530657586.7554638,90880,10.153270721435547
1530657631.7846885,91008,10.357905387878418
1530657677.0431898,91136,9.725960731506348
1530657776.0319188,91264,10.673050880432129
1530657820.1652308,91392,10.065360069274902
1530657865.2860684,91520,11.253376960754395
1530657910.4288266,91648,10.149310111999512
1530658009.810698,91776,10.694917678833008
1530658054.034479,91904,9.708089828491211
1530658099.1153133,92032,10.09616470336914
1530658144.3022475,92160,9.884854316711426
1530658243.771871,92288,12.4292573928833
1530658287.8941386,92416,10.080053329467773
1530658333.0006514,92544,10.301074981689453
1530658378.1475444,92672,10.555398941040039
1530658476.4376445,92800,9.934268951416016
1530658520.5953002,92928,9.96065902709961
1530658565.687351,93056,10.426202774047852
1530658610.8331082,93184,10.084611892700195
1530658710.1011863,93312,12.199429512023926
1530658754.2464874,93440,10.144426345825195
1530658799.391059,93568,11.650267601013184
1530658844.5597742,93696,9.707550048828125
1530658943.8717237,93824,11.053031921386719
1530658988.018453,93952,10.038549423217773
1530659033.2390985,94080,9.590303421020508
1530659078.2717445,94208,11.506667137145996
1530659177.590546,94336,10.950579643249512
1530659221.798762,94464,10.262062072753906
1530659267.0227334,94592,9.91504192352295
1530659312.283806,94720,12.212857246398926
1530659411.4928467,94848,10.458395957946777
1530659455.6651888,94976,9.863568305969238
1530659500.7962854,95104,10.638947486877441
1530659545.939802,95232,9.439671516418457
1530659646.1539872,95360,10.70004940032959
1530659690.4149277,95488,10.414658546447754
1530659735.5208673,95616,9.662044525146484
1530659780.8360817,95744,10.083527565002441
1530659881.0599298,95872,9.854660034179688
1530659925.3256712,96000,9.827892303466797
1530659970.505073,96128,10.139403343200684
1530660015.629876,96256,11.050722122192383
1530660115.9167776,96384,10.358077049255371
1530660160.1694098,96512,10.935271263122559
1530660205.344626,96640,10.529637336730957
1530660250.4855154,96768,9.66330623626709
1530660350.799953,96896,9.416040420532227
1530660394.995764,97024,9.716883659362793
1530660440.179165,97152,9.790141105651855
1530660485.4031155,97280,10.961864471435547
1530660584.22157,97408,9.612577438354492
