wall_time,step,value
1530452723.8358614,512,1282.221435546875
1530452967.0335352,1024,74.1416015625
1530453208.8576767,1536,54.57482147216797
1530453451.0262678,2048,118.70285034179688
1530453694.8964186,2560,99.54490661621094
1530453938.5349457,3072,85.5553970336914
1530454182.4679353,3584,72.86847686767578
1530454424.1719415,4096,60.802825927734375
1530454667.051792,4608,81.06085968017578
1530454909.5933373,5120,64.70634460449219
1530455151.0324738,5632,56.810569763183594
1530455395.0566373,6144,58.0936393737793
1530455639.513079,6656,43.73845672607422
1530455882.5570579,7168,57.037200927734375
1530456126.178036,7680,65.48918914794922
1530456369.76289,8192,49.472537994384766
1530456613.8762915,8704,49.23093795776367
1530456857.6022177,9216,40.536930084228516
1530457102.2196405,9728,55.8662223815918
1530457345.6335115,10240,46.82011795043945
1530457588.7475176,10752,54.26811981201172
1530457831.8220606,11264,47.51904296875
1530458075.315277,11776,50.30031204223633
1530458319.2125583,12288,42.58361053466797
1530458562.282402,12800,43.273345947265625
1530458804.968775,13312,43.36544418334961
1530459050.192898,13824,49.307254791259766
1530459294.9345686,14336,42.65343475341797
1530459538.9192288,14848,35.44511795043945
1530459784.3832452,15360,36.26192092895508
1530460029.854736,15872,38.70978546142578
1530460274.6551514,16384,40.19112777709961
1530460519.6204054,16896,43.613773345947266
1530460763.7345722,17408,34.708709716796875
1530461008.1484318,17920,35.802433013916016
1530461252.0873857,18432,30.759742736816406
1530461496.0164661,18944,37.45115661621094
1530461740.187712,19456,34.4448356628418
1530461983.1875281,19968,35.37934875488281
1530462227.35621,20480,30.3404598236084
1530462471.8380811,20992,31.78893280029297
1530462716.8831692,21504,33.43425369262695
1530462961.2485769,22016,32.934288024902344
1530463207.5378883,22528,36.355464935302734
1530463452.7019694,23040,34.85092544555664
1530463697.1148255,23552,33.97510528564453
1530463942.0878332,24064,29.75381088256836
1530464187.5069404,24576,27.91826820373535
1530464432.3286784,25088,28.787843704223633
1530464677.4016032,25600,25.328306198120117
1530464922.7569463,26112,29.6955509185791
1530465169.285734,26624,30.07836151123047
1530465414.0993793,27136,30.702695846557617
1530465659.6348805,27648,30.437728881835938
1530465905.1624289,28160,30.329936981201172
1530466150.6440253,28672,29.00532341003418
1530466397.0270257,29184,29.996042251586914
1530466644.0859468,29696,30.075881958007812
1530466889.8827164,30208,24.044910430908203
1530467135.6778033,30720,27.996992111206055
1530467381.72052,31232,26.62810516357422
1530467629.250111,31744,29.272274017333984
1530467875.7761712,32256,29.664213180541992
1530468121.7804472,32768,28.364831924438477
1530468368.6109192,33280,26.136308670043945
1530468615.067486,33792,20.291858673095703
1530468861.0469594,34304,17.574060440063477
1530469108.3658013,34816,18.970109939575195
1530469355.8960917,35328,22.15106964111328
1530469602.3119035,35840,29.77686882019043
1530469848.9672134,36352,20.021852493286133
1530470098.090486,36864,13.783970832824707
1530470345.4272788,37376,19.48948097229004
1530470594.2498415,37888,20.995790481567383
1530470843.077238,38400,59.661399841308594
1530721432.862867,39424,44.18692398071289
1530721675.5062864,39936,27.302608489990234
1530721918.6988463,40448,30.29802894592285
1530722162.0473082,40960,27.732929229736328
1530722406.1984053,41472,43.82659149169922
1530722649.0698085,41984,16.527820587158203
1530722892.488791,42496,17.57724952697754
1530723136.2231896,43008,15.899054527282715
1530723380.3337913,43520,16.47926139831543
1530723625.4916477,44032,134.36203002929688
1530723868.1166034,44544,13.470252990722656
1530724111.6883676,45056,18.06583595275879
1530724355.1472814,45568,103.87322235107422
1530724598.2980828,46080,22.373220443725586
1530724841.0871081,46592,23.73531723022461
1530725084.179339,47104,71.06717681884766
1530725327.5175724,47616,36.082061767578125
1530725571.3048487,48128,18.108112335205078
1530725816.3029203,48640,30.329240798950195
1530726061.5160248,49152,61.70565414428711
1530726307.0217788,49664,35.24419021606445
1530726552.7417676,50176,25.98291778564453
1530726797.9550972,50688,48.939090728759766
1530727042.0816607,51200,34.84709930419922
1530727287.3257406,51712,218.12979125976562
1530727532.8206198,52224,33.59066390991211
1530727778.2268045,52736,53.74177551269531
1530728023.9183605,53248,105.55828094482422
1530728268.536613,53760,26.103078842163086
1530728512.976359,54272,33.83861541748047
1530728757.5051725,54784,47.50497055053711
1530729002.673817,55296,31.4152774810791
1530729249.0133798,55808,57.38673782348633
1530729495.5656765,56320,61.02932357788086
1530729743.0195897,56832,175.99392700195312
1530729989.5194151,57344,78.34961700439453
1530730235.2087402,57856,103.11161804199219
1530730481.6151028,58368,113.39274597167969
1530730729.0840604,58880,29.111841201782227
1530730974.748625,59392,51.32024383544922
1530731221.583299,59904,96.73871612548828
1530731468.3256752,60416,110.27076721191406
1530731714.4120183,60928,51.44934844970703
1530731960.914773,61440,34.03986740112305
1530732207.4106243,61952,35.48540115356445
1530732453.2421737,62464,183.4026336669922
1530732701.052972,62976,33.352481842041016
1530732947.7128017,63488,104.5356674194336
1530733193.7019844,64000,29.538414001464844
1530733441.249323,64512,30.832008361816406
1530733688.220291,65024,164.33840942382812
1530733936.7219012,65536,94.60065460205078
1530734183.2688873,66048,54.06790542602539
1530734430.5622036,66560,236.59359741210938
1530734677.4080641,67072,58.62667465209961
1530734924.2521017,67584,31.592369079589844
1530735171.0079622,68096,146.16946411132812
1530735418.295033,68608,78.85348510742188
1530735664.978195,69120,55.34349060058594
1530735911.8795793,69632,126.49864959716797
1530736158.8028114,70144,91.37024688720703
1530736405.89806,70656,48.74588394165039
1530736652.7146387,71168,22.963773727416992
1530736900.3900292,71680,74.32599639892578
1530737148.0276139,72192,17.158884048461914
1530737397.5013793,72704,70.33134460449219
1530737644.9795065,73216,554.65380859375
1530737893.1068697,73728,7.289323329925537
1530738140.096872,74240,49.598854064941406
1530738387.3360338,74752,42.565589904785156
1530738635.7638922,75264,53.94831085205078
1530738885.5259342,75776,42.19160461425781
1530739133.7725735,76288,71.32382202148438
1530739382.8497918,76800,69.43384552001953
1530739631.9973054,77312,42.08842468261719
1530760499.1332412,78336,81.29276275634766
1530760744.9516995,78848,74.97647094726562
1530760989.5168304,79360,456.6412048339844
1530761235.7321846,79872,170.3326416015625
1530761480.9440699,80384,69.97413635253906
1530761726.4328961,80896,82.03772735595703
1530761972.0874631,81408,138.70828247070312
1530762218.5989327,81920,74.29947662353516
1530762464.2176914,82432,98.4187240600586
1530762709.7717278,82944,69.81998443603516
1530762956.2113068,83456,327.313720703125
1530763201.280589,83968,35.51018142700195
1530763445.9455655,84480,103.4857177734375
1530763690.533991,84992,36.3501091003418
1530763935.3121684,85504,50.725921630859375
1530764180.9440837,86016,45.536033630371094
1530764426.229559,86528,74.00638580322266
1530764671.5233302,87040,37.84565734863281
1530764917.3051517,87552,53.33841323852539
1530765162.1632156,88064,107.7252426147461
1530765409.1526952,88576,75.52227020263672
1530765655.762147,89088,35.23211669921875
1530765902.3666594,89600,58.4359245300293
1530766149.6643987,90112,24.003084182739258
1530766395.7918682,90624,36.351749420166016
1530766643.328019,91136,38.36882781982422
1530766888.3139315,91648,71.5440902709961
1530767136.045735,92160,58.96807861328125
1530767381.9575484,92672,181.4324188232422
1530767629.1952207,93184,248.85324096679688
1530767875.0284994,93696,401.4193420410156
1530768122.2145035,94208,66.26195526123047
1530768368.4224951,94720,51.568111419677734
1530768616.5402815,95232,39.88230514526367
1530768862.8817334,95744,59.51713562011719
1530769110.172784,96256,106.2784194946289
1530769356.715799,96768,208.3345184326172
1530769603.4437082,97280,31.719099044799805
