wall_time,step,value
1532580759.8950007,512,0.4011695086956024
1532581765.3660638,1024,0.36623817682266235
1532582765.2852356,1536,0.31459519267082214
1532583756.264362,2048,0.26665323972702026
1532584743.0265107,2560,0.24480633437633514
1532585724.0777628,3072,0.22640742361545563
1532586700.3216865,3584,0.21909868717193604
1532587685.6191456,4096,0.20161807537078857
1532588665.8103428,4608,0.20357100665569305
1532589646.1331391,5120,0.19553150236606598
1532590630.598933,5632,0.18288862705230713
1532591624.8073385,6144,0.17879244685173035
1532592621.8248875,6656,0.17516770958900452
1532593612.8625088,7168,0.16714420914649963
1532594605.654442,7680,0.16020135581493378
1532595596.9284346,8192,0.15678855776786804
1532596588.5537498,8704,0.1539572775363922
1532597583.7710893,9216,0.15263855457305908
1532598585.0381885,9728,0.1508379578590393
1532599580.8337116,10240,0.14438262581825256
1532600579.9134803,10752,0.14194191992282867
1532601586.058416,11264,0.1337846964597702
1532602588.8185635,11776,0.128821462392807
1532603592.192612,12288,0.13460436463356018
1532604593.9988472,12800,0.1310008019208908
1532605596.6194704,13312,0.12395807355642319
1532606595.4643106,13824,0.122688427567482
1532607597.1699443,14336,0.11739493161439896
1532608596.203368,14848,0.1110304743051529
1532609598.4174798,15360,0.11568743735551834
1532610603.2037609,15872,0.11205816268920898
1532611602.4133635,16384,0.10446608811616898
1532612605.0863698,16896,0.10960163921117783
1532613602.2824163,17408,0.10411731898784637
1532614602.8972707,17920,0.10410516709089279
1532615604.8497343,18432,0.09667904675006866
1532616609.426125,18944,0.09983354806900024
1532617611.6391864,19456,0.1012725681066513
1532618612.1654093,19968,0.09520212560892105
1532619611.1800988,20480,0.09855296462774277
1532620612.1300094,20992,0.09466629475355148
1532621615.1714077,21504,0.09559321403503418
1532622621.2846775,22016,0.09274786710739136
1532623623.6689768,22528,0.09429766237735748
1532624629.6057656,23040,0.08880416303873062
1532625636.0754838,23552,0.0891713947057724
1532626641.3462486,24064,0.08210975676774979
1532627645.7564518,24576,0.08626864850521088
1532628650.3972166,25088,0.08304958045482635
1532629655.8146656,25600,0.08432856947183609
1532630656.2845118,26112,0.07933670282363892
1532631661.0243742,26624,0.07968714088201523
1532632662.607915,27136,0.07852870970964432
1532633668.9571352,27648,0.07864437997341156
1532634671.5234392,28160,0.07726049423217773
1532635677.8315547,28672,0.0771755576133728
1532636677.9770718,29184,0.07401997596025467
1532637680.3537586,29696,0.07513343542814255
1532638684.1188316,30208,0.08024334907531738
1532639692.848787,30720,0.07805787771940231
1532640700.0271409,31232,0.07528585940599442
1532641709.7387772,31744,0.0706285834312439
1532642715.8517504,32256,0.06994260102510452
1532643723.7930481,32768,0.0685868039727211
1532644732.892054,33280,0.0739516168832779
1532645740.606396,33792,0.06656534969806671
1532793956.6258678,34304,0.07030889391899109
1532794952.5559454,34816,0.06912697106599808
1532795946.8385708,35328,0.0682808980345726
1532796943.6543117,35840,0.06771479547023773
1532797938.9189324,36352,0.06896717101335526
1532798938.4565678,36864,0.06726549565792084
1532799934.915122,37376,0.06806907057762146
1532800937.0283544,37888,0.06809744238853455
1532801937.7428706,38400,0.06952880322933197
1532802938.799396,38912,0.06875256448984146
1532803935.8018484,39424,0.0656202882528305
1532804935.9366453,39936,0.0669010579586029
1532805932.245058,40448,0.06540636718273163
1532806932.7824297,40960,0.059424664825201035
1532807931.269372,41472,0.06207648292183876
1532808930.5438626,41984,0.06571091711521149
1532809924.0590947,42496,0.06459823250770569
1532810923.6746283,43008,0.06214747577905655
1532824263.4350145,44032,0.06080523878335953
1532825260.5543008,44544,0.06395303457975388
1532826258.2205915,45056,0.06266367435455322
1532827256.253463,45568,0.05886082351207733
1532828253.174488,46080,0.05998309701681137
1532829251.328917,46592,0.06206440553069115
1532830250.313306,47104,0.059906307607889175
1532831249.294944,47616,0.05924419313669205
1532832248.2634795,48128,0.05748016759753227
1532833246.0616531,48640,0.061334364116191864
1532834246.5017688,49152,0.05708965286612511
1532835245.9569156,49664,0.05773049592971802
1532836244.0624895,50176,0.06034358590841293
1532837242.6060033,50688,0.05811220407485962
1532838239.0947943,51200,0.05705704167485237
1532839238.9192076,51712,0.05577521398663521
1532840238.1898437,52224,0.05756107345223427
1532841238.2321339,52736,0.05702294036746025
1532842237.484147,53248,0.056677933782339096
1532843237.2495074,53760,0.06072447821497917
1532844235.5923088,54272,0.05559998005628586
1532845237.8348908,54784,0.056335289031267166
1532846238.6268778,55296,0.056862879544496536
1532847238.6413212,55808,0.05660766363143921
1532848238.9864943,56320,0.056356143206357956
1532849239.7696924,56832,0.05580422654747963
1532850238.8030386,57344,0.05447380989789963
1532851242.0991964,57856,0.05503780022263527
1532852244.1987467,58368,0.05584516376256943
1532853249.1562872,58880,0.05437667295336723
1532854249.6884637,59392,0.055258989334106445
1532855248.9808667,59904,0.0542224757373333
1532856251.1650949,60416,0.053972501307725906
1532857252.5791693,60928,0.054334189742803574
1532858256.5668342,61440,0.05247465521097183
1532859259.8774226,61952,0.05249103903770447
1532860259.7529094,62464,0.052653539925813675
1532861263.5507374,62976,0.05335661768913269
1532862267.9175134,63488,0.05402391776442528
1532863267.7915528,64000,0.0529390312731266
1532864270.146417,64512,0.05322051793336868
1532865277.5284562,65024,0.05291351303458214
1532866283.4648132,65536,0.050938867032527924
1532867288.2530098,66048,0.05397137627005577
1532868292.0882936,66560,0.05233757570385933
1532869295.4970932,67072,0.052752505987882614
1532870299.3814678,67584,0.050302885472774506
1532871301.0678298,68096,0.04947900027036667
1532872305.9741511,68608,0.0512237623333931
1532873311.081192,69120,0.055975887924432755
1532874320.711752,69632,0.05005389079451561
1532875326.9650517,70144,0.051936689764261246
1532876331.681962,70656,0.05353318154811859
1532877338.7277799,71168,0.04949129372835159
1532878344.464969,71680,0.05267999321222305
1532879346.6111515,72192,0.05109115317463875
1532880350.6317837,72704,0.04905000329017639
1532881354.3961034,73216,0.04874245077371597
1532882358.6142058,73728,0.051230598241090775
1532883364.109664,74240,0.04820201173424721
1532884370.30399,74752,0.0495615154504776
1532885374.896548,75264,0.05176614597439766
1532886380.4490583,75776,0.05198828503489494
1532887385.5816927,76288,0.04869489744305611
1532888387.3900654,76800,0.050016917288303375
1532889389.5781586,77312,0.04826093465089798
1532890392.785599,77824,0.04905175790190697
1532997636.5768955,78336,0.048805948346853256
1532998637.6906664,78848,0.04777580127120018
1532999641.129418,79360,0.05019204691052437
1533000645.0354333,79872,0.047745391726493835
1533001647.5830162,80384,0.04858960211277008
1533002652.7932756,80896,0.04981088265776634
1533003658.5362554,81408,0.047341037541627884
1533004665.5701044,81920,0.049998026341199875
1533005673.0761476,82432,0.04680826514959335
1533006679.9672098,82944,0.049057357013225555
1533007682.1014633,83456,0.04856470599770546
1533008686.5993974,83968,0.048835389316082
1533009693.9168808,84480,0.048603471368551254
1533010696.7098658,84992,0.0483127124607563
1533011703.77194,85504,0.04564574733376503
1533012706.8290834,86016,0.047366123646497726
1533013709.9442232,86528,0.04663211852312088
1533014710.466789,87040,0.04869774729013443
1533015715.4671328,87552,0.04872961714863777
1533016720.4701245,88064,0.047011882066726685
1533017726.1306179,88576,0.04881942644715309
1533018728.405837,89088,0.04633263871073723
1533019734.0023036,89600,0.047342412173748016
1533020736.1351233,90112,0.04618663713335991
1533021743.0038726,90624,0.043973106890916824
1533022747.8249753,91136,0.047513317316770554
1533023751.3304992,91648,0.04611754044890404
1533024758.6952183,92160,0.04601505398750305
1533025764.25422,92672,0.04771305248141289
1533026768.7847345,93184,0.04685239866375923
1533027774.8959217,93696,0.0452379509806633
1533028781.5725098,94208,0.045708149671554565
1533029789.1287832,94720,0.04433632269501686
1533030794.947374,95232,0.04548368975520134
1533031802.115621,95744,0.047001540660858154
1533032809.7547777,96256,0.04607617110013962
1533033816.1034641,96768,0.04661726951599121
1533034820.700822,97280,0.04614774137735367
