wall_time,step,value
1532579943.3875062,128,-31.222883224487305
1532580144.920686,256,-17.936994552612305
1532580346.4985666,384,-14.443404197692871
1532580548.1427152,512,-11.584701538085938
1532580959.162296,640,-12.183640480041504
1532581160.7875702,768,-10.891624450683594
1532581362.4283867,896,-11.620878219604492
1532581563.9626434,1024,-11.097585678100586
1532581964.393386,1152,-10.139744758605957
1532582165.9857473,1280,-10.473672866821289
1532582367.6550803,1408,-9.938362121582031
1532582569.242338,1536,-9.868338584899902
1532582964.305359,1664,-9.007298469543457
1532583165.7734108,1792,-9.07032585144043
1532583367.275485,1920,-8.978469848632812
1532583568.714302,2048,-8.409708023071289
1532583955.4440215,2176,-8.643331527709961
1532584157.0150056,2304,-8.998787879943848
1532584358.4936872,2432,-8.392887115478516
1532584560.040378,2560,-8.222588539123535
1532584942.1775448,2688,-8.384345054626465
1532585143.6614301,2816,-7.811097621917725
1532585345.16935,2944,-7.823968410491943
1532585546.6370394,3072,-7.457073211669922
1532585923.3868206,3200,-7.560475826263428
1532586124.860869,3328,-7.069062232971191
1532586326.4888086,3456,-6.8564605712890625
1532586528.102219,3584,-7.024623394012451
1532586899.577768,3712,-6.724532127380371
1532587101.2749786,3840,-6.204265594482422
1532587303.071139,3968,-7.0710625648498535
1532587504.7905273,4096,-6.598182678222656
1532587884.767683,4224,-6.486538887023926
1532588086.26957,4352,-6.422889232635498
1532588287.9497423,4480,-6.536251068115234
1532588489.5596037,4608,-6.5155510902404785
1532588865.10615,4736,-6.709919452667236
1532589066.9057496,4864,-6.620650291442871
1532589268.6104822,4992,-6.47127103805542
1532589470.2309437,5120,-6.296128273010254
1532589845.3952932,5248,-6.205315589904785
1532590046.9291613,5376,-6.568276405334473
1532590248.4679546,5504,-6.172937393188477
1532590450.0284903,5632,-6.317799091339111
1532590829.7150702,5760,-6.039066314697266
1532591031.348352,5888,-5.758700847625732
1532591232.9435773,6016,-5.662649154663086
1532591434.6605182,6144,-5.7759013175964355
1532591823.9006815,6272,-5.829188823699951
1532592025.2974336,6400,-5.923917770385742
1532592226.6359036,6528,-5.833766937255859
1532592427.9341655,6656,-5.734800338745117
1532592821.044325,6784,-5.81661319732666
1532593022.4395492,6912,-5.556018352508545
1532593224.1300414,7040,-5.552081108093262
1532593425.5777,7168,-5.557304859161377
1532593812.0457802,7296,-5.904121398925781
1532594013.6212006,7424,-5.658962249755859
1532594215.1438613,7552,-5.1162614822387695
1532594416.7494664,7680,-5.736112594604492
1532594804.744753,7808,-5.389934062957764
1532595006.2442384,7936,-5.445882320404053
1532595207.7711084,8064,-5.553560256958008
1532595409.232504,8192,-5.4712443351745605
1532595795.9494188,8320,-5.2229084968566895
1532595997.40196,8448,-5.016909599304199
1532596199.0024145,8576,-5.226224899291992
1532596400.50572,8704,-5.163019180297852
1532596787.7205162,8832,-5.081365585327148
1532596989.3360684,8960,-5.2673516273498535
1532597190.994588,9088,-5.166040420532227
1532597392.6600938,9216,-5.26874303817749
1532597782.824496,9344,-4.703154563903809
1532597984.4230099,9472,-4.840690612792969
1532598186.0162857,9600,-5.1275506019592285
1532598387.6628728,9728,-5.197570323944092
1532598784.066071,9856,-5.157556533813477
1532598985.7533085,9984,-4.713733673095703
1532599187.3599699,10112,-4.77269983291626
1532599388.8601637,10240,-4.669571876525879
1532599779.9929597,10368,-4.648920059204102
1532599981.7541513,10496,-4.708057403564453
1532600183.5034947,10624,-4.845315933227539
1532600385.0902905,10752,-4.7068023681640625
1532600779.1388078,10880,-4.620731353759766
1532600980.8013074,11008,-4.816074371337891
1532601182.5064428,11136,-4.412983417510986
1532601384.2452748,11264,-4.565242290496826
1532601785.1491272,11392,-4.787291049957275
1532601986.6315567,11520,-4.707743167877197
1532602188.149451,11648,-4.502494812011719
1532602389.4240983,11776,-4.693363189697266
1532602787.9903648,11904,-4.575386047363281
1532602989.5342002,12032,-4.419483661651611
1532603191.114607,12160,-4.314420223236084
1532603392.727161,12288,-4.38258695602417
1532603791.4208193,12416,-4.283595085144043
1532603992.9817696,12544,-4.4992265701293945
1532604194.6486666,12672,-4.385122299194336
1532604396.3390696,12800,-4.36392068862915
1532604793.246269,12928,-4.322787761688232
1532604994.9153833,13056,-4.510740280151367
1532605196.5377538,13184,-4.581183433532715
1532605398.1659677,13312,-4.210107803344727
1532605795.891101,13440,-4.271963119506836
1532605997.383189,13568,-4.204634189605713
1532606198.9491382,13696,-4.238974094390869
1532606400.6269352,13824,-4.614587306976318
1532606794.7003067,13952,-4.13446044921875
1532606996.3095849,14080,-4.400976181030273
1532607197.8604016,14208,-4.0018415451049805
1532607399.4989738,14336,-4.172802448272705
1532607796.2742934,14464,-4.234226703643799
1532607997.6743917,14592,-4.210676193237305
1532608199.0974183,14720,-4.720061302185059
1532608400.6046648,14848,-4.096976280212402
1532608795.3811398,14976,-4.015904903411865
1532608996.8649597,15104,-4.158736228942871
1532609198.3623288,15232,-3.8385989665985107
1532609399.9163575,15360,-3.9019479751586914
1532609797.7501194,15488,-3.9481866359710693
1532609999.3700993,15616,-3.9256043434143066
1532610200.974992,15744,-4.0996270179748535
1532610402.6410508,15872,-3.9685842990875244
1532610802.3547425,16000,-4.024984836578369
1532611003.9802134,16128,-3.932192087173462
1532611205.6449704,16256,-3.919581174850464
1532611407.2836342,16384,-3.7716102600097656
1532611801.4852774,16512,-3.94088077545166
1532612003.0973763,16640,-4.014776229858398
1532612204.6094484,16768,-3.8949992656707764
1532612406.274188,16896,-3.83923602104187
1532612804.2095633,17024,-3.8291614055633545
1532613005.734693,17152,-3.774233341217041
1532613207.246572,17280,-3.9764742851257324
1532613408.8833544,17408,-4.046446323394775
1532613801.304204,17536,-3.787116765975952
1532614002.751416,17664,-3.6481618881225586
1532614204.2999995,17792,-3.9647226333618164
1532614405.746494,17920,-3.963873863220215
1532614801.896901,18048,-3.8738887310028076
1532615003.2212667,18176,-3.7360105514526367
1532615204.58029,18304,-4.033790588378906
1532615405.8098598,18432,-3.6546266078948975
1532615804.08337,18560,-3.5146031379699707
1532616005.7022302,18688,-3.8994784355163574
1532616207.2722118,18816,-3.8729734420776367
1532616408.8746212,18944,-3.6490368843078613
1532616808.4542677,19072,-3.7851243019104004
1532617010.003055,19200,-3.69573712348938
1532617211.5668502,19328,-3.9384307861328125
1532617413.1012912,19456,-3.8333792686462402
1532617810.751279,19584,-3.9218251705169678
1532618012.313418,19712,-3.8644814491271973
1532618213.7880902,19840,-3.9237730503082275
1532618415.256432,19968,-3.6653525829315186
1532618811.1765804,20096,-3.468320846557617
1532619012.5266464,20224,-3.5819714069366455
1532619213.8717902,20352,-3.823875904083252
1532619415.286282,20480,-3.804065465927124
1532619810.1925135,20608,-3.555276393890381
1532620011.688547,20736,-3.3372106552124023
1532620213.3203735,20864,-3.433631420135498
1532620414.9321613,20992,-3.5895655155181885
1532620811.3420775,21120,-3.7215633392333984
1532621012.6636393,21248,-3.5053658485412598
1532621214.0827982,21376,-3.787313938140869
1532621415.6029243,21504,-3.581822156906128
1532621814.2824206,21632,-3.3224289417266846
1532622015.8889475,21760,-3.2163326740264893
1532622217.4542165,21888,-3.6340219974517822
1532622419.0499172,22016,-3.4534125328063965
1532622820.3931158,22144,-3.506854295730591
1532623021.9017246,22272,-3.4923408031463623
1532623223.426999,22400,-3.3053319454193115
1532623425.0978627,22528,-3.468432903289795
1532623822.6698644,22656,-3.457782745361328
1532624024.0033574,22784,-3.384857177734375
1532624225.553731,22912,-3.6297364234924316
1532624427.1487286,23040,-3.3122761249542236
1532624828.7598155,23168,-3.5520524978637695
1532625030.193771,23296,-3.343312978744507
1532625231.7195253,23424,-3.435932159423828
1532625433.387293,23552,-3.6742544174194336
1532625835.2484422,23680,-3.3801190853118896
1532626036.7335684,23808,-3.042876958847046
1532626238.2672672,23936,-3.5138890743255615
1532626439.6551425,24064,-3.251889705657959
1532626840.8085048,24192,-3.5344460010528564
1532627042.4628134,24320,-3.4514787197113037
1532627244.1101656,24448,-3.796086072921753
1532627445.74099,24576,-3.265251636505127
1532627844.978519,24704,-3.331092357635498
1532628046.5502336,24832,-3.5376577377319336
1532628248.072298,24960,-3.3296890258789062
1532628449.7843945,25088,-3.3811559677124023
1532628849.566868,25216,-3.142017126083374
1532629051.1508512,25344,-3.4853923320770264
1532629252.6782224,25472,-3.4716379642486572
1532629454.2447948,25600,-3.318197011947632
1532629855.0396116,25728,-3.1270265579223633
1532630056.5568173,25856,-3.519550085067749
1532630258.0930622,25984,-3.4732117652893066
1532630459.7299697,26112,-3.153569221496582
1532630855.5707214,26240,-3.1119377613067627
1532631057.2040544,26368,-3.263705015182495
1532631258.7391067,26496,-3.479302406311035
1532631460.3648524,26624,-3.155731439590454
1532631860.0864222,26752,-3.1358845233917236
1532632061.703226,26880,-3.0486533641815186
1532632263.219543,27008,-3.177994966506958
1532632464.966071,27136,-3.2348294258117676
1532632861.91174,27264,-3.2484443187713623
1532633063.487057,27392,-3.1887927055358887
1532633265.074546,27520,-3.259437322616577
1532633466.3921402,27648,-3.2075626850128174
1532633868.0555627,27776,-3.216848850250244
1532634069.6300936,27904,-3.374635696411133
1532634271.2087817,28032,-3.318767547607422
1532634472.8071916,28160,-3.3918240070343018
1532634870.7039824,28288,-3.3768250942230225
1532635072.1572526,28416,-3.1676504611968994
1532635273.741834,28544,-2.97875714302063
1532635475.3562531,28672,-3.223931312561035
1532635877.1632667,28800,-2.988300323486328
1532636078.7994425,28928,-3.0621933937072754
1532636280.3229501,29056,-3.067826509475708
1532636481.9379246,29184,-3.0679423809051514
1532636877.274556,29312,-3.220538377761841
1532637078.8810852,29440,-3.18241810798645
1532637280.527708,29568,-3.3130640983581543
1532637482.0575094,29696,-3.47116756439209
1532637879.673628,29824,-3.0123133659362793
1532638081.3620286,29952,-3.2570793628692627
1532638283.056412,30080,-2.9138669967651367
1532638484.5880282,30208,-3.0208349227905273
1532638883.4027095,30336,-2.883237600326538
1532639084.9900756,30464,-2.6089956760406494
1532639286.5418265,30592,-3.243370532989502
1532639488.185819,30720,-3.2100672721862793
1532639892.0707266,30848,-3.1223745346069336
1532640093.7126265,30976,-2.929239511489868
1532640295.4108243,31104,-3.1152706146240234
1532640497.0263317,31232,-3.122546911239624
1532640899.2442975,31360,-2.994687795639038
1532641100.8228965,31488,-3.005016326904297
1532641302.4654753,31616,-3.0028698444366455
1532641504.1458821,31744,-2.76621675491333
1532641908.9750667,31872,-3.2602756023406982
1532642110.581631,32000,-2.994196891784668
1532642312.124216,32128,-3.0419564247131348
1532642513.6886227,32256,-3.249112606048584
1532642915.2941687,32384,-3.148707628250122
1532643116.9234445,32512,-2.989551305770874
1532643318.4834132,32640,-2.837921142578125
1532643520.0729415,32768,-3.1168127059936523
1532643923.1151052,32896,-2.897793769836426
1532644124.6667268,33024,-3.0479767322540283
1532644326.223139,33152,-3.224220037460327
1532644527.8276563,33280,-3.1812331676483154
1532644932.1971426,33408,-3.1674983501434326
1532645133.806069,33536,-3.0463216304779053
1532645335.3238633,33664,-3.038966655731201
1532645537.0614645,33792,-3.210193157196045
1532793357.1326344,34048,-2.9617724418640137
1532793558.5597923,34176,-3.034745216369629
1532793759.9112265,34304,-3.1130928993225098
1532794155.780698,34432,-2.9210758209228516
1532794357.4343567,34560,-2.7512450218200684
1532794559.10038,34688,-2.9573607444763184
1532794760.7271452,34816,-2.9651553630828857
1532795151.7403839,34944,-3.100005626678467
1532795353.478451,35072,-3.014418363571167
1532795555.0176558,35200,-2.914630174636841
1532795756.5498135,35328,-2.787490129470825
1532796146.0298738,35456,-2.888789415359497
1532796347.4502149,35584,-3.023725986480713
1532796549.0191565,35712,-3.125432014465332
1532796750.5578268,35840,-2.958866596221924
1532797142.8678718,35968,-2.961812734603882
1532797344.3999624,36096,-2.9085352420806885
1532797545.9037523,36224,-2.9964966773986816
1532797747.3738592,36352,-3.1308069229125977
1532798138.034367,36480,-2.9460842609405518
1532798339.6632106,36608,-2.789393424987793
1532798541.1886287,36736,-3.123213768005371
1532798742.7448688,36864,-2.7974629402160645
1532799137.5395453,36992,-2.708042860031128
1532799339.0673404,37120,-2.825444459915161
1532799540.4616227,37248,-3.152280330657959
1532799742.012423,37376,-2.949903964996338
1532800134.4438357,37504,-2.8268373012542725
1532800336.1553462,37632,-2.6084113121032715
1532800537.7434032,37760,-2.8015971183776855
1532800739.3954976,37888,-2.9577524662017822
1532801136.2600667,38016,-3.004723072052002
1532801337.9642556,38144,-2.7417871952056885
1532801539.6658425,38272,-2.910482168197632
1532801741.4098356,38400,-2.7597577571868896
1532802137.1016273,38528,-3.1636335849761963
1532802338.7946494,38656,-2.859668731689453
1532802540.4907734,38784,-2.8234949111938477
1532802742.0483549,38912,-2.819040060043335
1532803138.0368965,39040,-2.9053969383239746
1532803339.640417,39168,-2.851703405380249
1532803541.2455978,39296,-2.819688320159912
1532803742.913724,39424,-2.9403183460235596
1532804135.1957421,39552,-3.0004403591156006
1532804336.876676,39680,-3.0878608226776123
1532804538.470412,39808,-2.7495875358581543
1532804740.1747198,39936,-2.7537779808044434
1532805135.0940728,40064,-2.7076590061187744
1532805336.7211404,40192,-2.9352049827575684
1532805538.3754718,40320,-2.6973519325256348
1532805739.998601,40448,-2.8187360763549805
1532806131.4092574,40576,-2.8465583324432373
1532806332.8538268,40704,-2.7981998920440674
1532806534.6191738,40832,-2.798903226852417
1532806736.3316808,40960,-2.8747620582580566
1532807131.8086703,41088,-2.5489447116851807
1532807333.4053733,41216,-2.7352044582366943
1532807534.9599352,41344,-2.7377591133117676
1532807736.4736505,41472,-2.7260422706604004
1532808130.3959725,41600,-2.7127630710601807
1532808331.9631388,41728,-2.8422188758850098
1532808533.5446737,41856,-2.817305088043213
1532808735.127988,41984,-2.909250259399414
1532809129.691684,42112,-2.8314318656921387
1532809331.2934146,42240,-2.8109657764434814
1532809532.8167431,42368,-2.6145682334899902
1532809734.2516193,42496,-2.6555302143096924
1532810123.25982,42624,-2.7900078296661377
1532810324.9047627,42752,-3.024336338043213
1532810526.3967464,42880,-2.798562526702881
1532810728.0481014,43008,-3.1288397312164307
1532811122.7539065,43136,-2.6081089973449707
1532811324.3426921,43264,-3.0548431873321533
1532811525.9206388,43392,-2.739358425140381
1532811727.5731428,43520,-2.61519193649292
1532823442.916756,43648,-2.6529593467712402
1532823650.5970833,43776,-2.5930047035217285
1532823858.3094203,43904,-2.752535104751587
1532824066.0834744,44032,-2.760805368423462
1532824462.699157,44160,-2.952052354812622
1532824664.3875618,44288,-2.656334400177002
1532824866.048767,44416,-2.834134101867676
1532825067.7705462,44544,-2.6831398010253906
1532825459.9321067,44672,-2.7598605155944824
1532825661.656006,44800,-2.7673611640930176
1532825863.3621268,44928,-2.6380510330200195
1532826065.0550869,45056,-2.8295347690582275
1532826457.5390837,45184,-2.8052287101745605
1532826659.1854708,45312,-2.7192044258117676
1532826860.8319805,45440,-2.8639602661132812
1532827062.512572,45568,-2.747563362121582
1532827455.4571173,45696,-2.8471577167510986
1532827657.1603174,45824,-2.888715982437134
1532827858.816646,45952,-2.808225393295288
1532828060.5078447,46080,-2.5052146911621094
1532828452.3380117,46208,-2.712850332260132
1532828653.8488576,46336,-2.678670883178711
1532828855.3637028,46464,-2.764068126678467
1532829056.9135242,46592,-2.8848721981048584
1532829450.5237098,46720,-2.964569330215454
1532829652.028797,46848,-2.5062525272369385
1532829853.5946553,46976,-2.6212525367736816
1532830055.2219417,47104,-2.508734703063965
1532830449.7657862,47232,-2.4434702396392822
1532830651.3298414,47360,-2.7539186477661133
1532830853.034033,47488,-2.703373432159424
1532831054.6994565,47616,-2.3695647716522217
1532831448.4720306,47744,-2.5078680515289307
1532831650.2773745,47872,-2.5273892879486084
1532831851.9531136,48000,-2.5334677696228027
1532832053.7007883,48128,-2.515899419784546
1532832447.5092008,48256,-2.7465717792510986
1532832649.2091413,48384,-2.8222813606262207
1532832850.9718041,48512,-2.7155885696411133
1532833052.73408,48640,-2.6338160037994385
1532833445.2801673,48768,-2.7604808807373047
1532833647.0133681,48896,-2.5252645015716553
1532833848.7137613,49024,-2.462397575378418
1532834050.4236417,49152,-2.844449281692505
1532834445.7586286,49280,-2.560997724533081
1532834647.5422494,49408,-2.679130792617798
1532834849.1777117,49536,-2.6157820224761963
1532835050.8108132,49664,-2.753021717071533
1532835445.2557604,49792,-2.567336082458496
1532835646.9713078,49920,-2.6844635009765625
1532835848.6424124,50048,-2.5981855392456055
1532836050.3332708,50176,-2.8268325328826904
1532836443.4062693,50304,-2.6856417655944824
1532836644.9225223,50432,-2.6078004837036133
1532836846.482811,50560,-2.8111701011657715
1532837048.212989,50688,-2.400991439819336
1532837441.86427,50816,-2.4673190116882324
1532837643.5347905,50944,-2.7029619216918945
1532837845.1505208,51072,-2.562354326248169
1532838046.7064495,51200,-2.6915271282196045
1532838438.1873999,51328,-2.5791964530944824
1532838639.852022,51456,-2.438368558883667
1532838841.4430468,51584,-2.5848851203918457
1532839043.1868384,51712,-2.410435676574707
1532839438.0707057,51840,-2.496518135070801
1532839639.6434622,51968,-2.6465351581573486
1532839841.180666,52096,-2.7011806964874268
1532840042.7774196,52224,-2.64133620262146
1532840437.3841581,52352,-2.399810314178467
1532840638.98544,52480,-2.3494865894317627
1532840840.5974011,52608,-2.623344659805298
1532841042.143583,52736,-2.564028024673462
1532841437.2751768,52864,-2.958526134490967
1532841638.8402495,52992,-2.6957318782806396
1532841840.3165362,53120,-2.7576842308044434
1532842042.0571039,53248,-2.8522608280181885
1532842436.7297428,53376,-2.7767865657806396
1532842638.4654765,53504,-2.6660726070404053
1532842840.147881,53632,-2.526884078979492
1532843041.8597379,53760,-2.710146427154541
1532843436.334475,53888,-2.3894646167755127
1532843638.0459428,54016,-2.4406533241271973
1532843839.8583167,54144,-2.469358444213867
1532844041.6079617,54272,-2.595174551010132
1532844434.693415,54400,-2.584275722503662
1532844636.2043417,54528,-2.4864156246185303
1532844837.8373733,54656,-2.7308847904205322
1532845039.4787781,54784,-2.8831100463867188
1532845437.1534755,54912,-2.5539655685424805
1532845638.8764303,55040,-2.6586499214172363
1532845840.4556105,55168,-2.8248748779296875
1532846042.1474943,55296,-2.825129508972168
1532846437.6662056,55424,-2.3261327743530273
1532846639.398858,55552,-2.4515435695648193
1532846841.1608906,55680,-2.5234432220458984
1532847042.9071243,55808,-2.4568114280700684
1532847437.7643774,55936,-2.6438984870910645
1532847639.4200585,56064,-2.5373008251190186
1532847841.0196671,56192,-2.4905600547790527
1532848042.5789828,56320,-2.51924991607666
1532848438.3161557,56448,-2.416353702545166
1532848639.922379,56576,-2.6392557621002197
1532848841.6371315,56704,-2.7022922039031982
1532849043.4581926,56832,-2.563211679458618
1532849438.8740528,56960,-2.533574342727661
1532849640.3266063,57088,-2.6946322917938232
1532849841.676173,57216,-2.562652587890625
1532850043.2490296,57344,-2.39068341255188
1532850438.0542178,57472,-2.477958917617798
1532850639.7141106,57600,-2.3544018268585205
1532850841.3545816,57728,-2.515862464904785
1532851042.9631603,57856,-2.4812135696411133
1532851441.3403497,57984,-2.4904069900512695
1532851643.1341276,58112,-2.801907777786255
1532851844.6833262,58240,-2.5434200763702393
1532852046.461139,58368,-2.3102827072143555
1532852443.373368,58496,-2.6132192611694336
1532852645.0137267,58624,-2.4992027282714844
1532852846.661165,58752,-2.686908721923828
1532853048.2477918,58880,-2.3786511421203613
1532853448.4170387,59008,-2.3322579860687256
1532853650.1663163,59136,-2.746121883392334
1532853851.8448348,59264,-2.3986289501190186
1532854053.4759624,59392,-2.54592227935791
1532854448.896462,59520,-2.1904895305633545
1532854650.4760392,59648,-2.3265185356140137
1532854852.3446453,59776,-2.4337363243103027
1532855054.0076044,59904,-2.406045436859131
1532855448.1147113,60032,-2.2644574642181396
1532855649.7036552,60160,-2.3193163871765137
1532855851.2685056,60288,-2.302253484725952
1532856052.9556754,60416,-2.5465452671051025
1532856450.3676639,60544,-2.4650259017944336
1532856651.8865821,60672,-2.518746852874756
1532856853.569906,60800,-2.3940775394439697
1532857055.2266161,60928,-2.3803532123565674
1532857451.7522242,61056,-2.481652021408081
1532857653.4025397,61184,-2.4457263946533203
1532857854.982806,61312,-2.510490894317627
1532858056.6259832,61440,-2.4128193855285645
1532858455.5935526,61568,-2.452314853668213
1532858657.209342,61696,-2.151270866394043
1532858858.9305902,61824,-2.6920862197875977
1532859060.3779864,61952,-2.509976625442505
1532859459.059547,62080,-2.2583088874816895
1532859660.639958,62208,-2.09482479095459
1532859862.279704,62336,-2.508291244506836
1532860063.998378,62464,-2.5968828201293945
1532860458.9410992,62592,-2.3730556964874268
1532860660.4905086,62720,-2.5176830291748047
1532860861.9852328,62848,-2.4830565452575684
1532861063.5903227,62976,-2.253605365753174
1532861462.6911805,63104,-2.6183204650878906
1532861664.2957935,63232,-2.3947508335113525
1532861865.964563,63360,-2.642817497253418
1532862067.5140328,63488,-2.4907360076904297
1532862467.0971584,63616,-2.3080575466156006
1532862668.7317247,63744,-2.801060438156128
1532862870.1131887,63872,-2.2589354515075684
1532863071.733598,64000,-2.346156120300293
1532863467.2194002,64128,-2.27571439743042
1532863669.0404458,64256,-2.4043939113616943
1532863870.7990615,64384,-2.2593812942504883
1532864072.4670184,64512,-2.572465419769287
1532864469.412082,64640,-2.367166519165039
1532864671.27635,64768,-2.178786277770996
1532864873.0027359,64896,-2.784731864929199
1532865074.6851203,65024,-2.4173483848571777
1532865476.7790165,65152,-2.6646130084991455
1532865678.4897964,65280,-2.57706618309021
1532865880.3368757,65408,-2.326537847518921
1532866082.1747367,65536,-2.1491506099700928
1532866482.46219,65664,-2.5969510078430176
1532866684.0582626,65792,-2.2397704124450684
1532866885.4872754,65920,-2.6627442836761475
1532867086.85106,66048,-2.2116756439208984
1532867487.4537394,66176,-2.554375171661377
1532867689.0261762,66304,-2.484157085418701
1532867890.9000912,66432,-1.8894975185394287
1532868092.6538243,66560,-2.1134159564971924
1532868491.3242025,66688,-2.505728006362915
1532868693.0095592,66816,-2.3898730278015137
1532868894.8214738,66944,-2.1983675956726074
1532869096.4942305,67072,-2.4020936489105225
1532869494.8183763,67200,-2.3209705352783203
1532869696.547106,67328,-2.450047492980957
1532869898.3298485,67456,-2.3270764350891113
1532870100.1395926,67584,-2.216618061065674
1532870498.7012758,67712,-2.394709348678589
1532870700.3865173,67840,-2.3278589248657227
1532870902.034009,67968,-2.205160140991211
1532871103.690674,68096,-2.2621090412139893
1532871500.297415,68224,-2.257573127746582
1532871701.7074223,68352,-2.3369619846343994
1532871903.3997645,68480,-2.138148307800293
1532872105.0202692,68608,-2.4915897846221924
1532872505.2536108,68736,-2.2307991981506348
1532872707.0462317,68864,-2.2078306674957275
1532872908.8352876,68992,-2.125110387802124
1532873110.5138636,69120,-2.566206216812134
1532873510.2927427,69248,-2.238447904586792
1532873712.0101705,69376,-2.560009479522705
1532873913.5673344,69504,-2.3266234397888184
1532874115.3114817,69632,-2.2177517414093018
1532874519.9743376,69760,-2.1264588832855225
1532874721.7067559,69888,-2.3458361625671387
1532874923.3142645,70016,-2.3278322219848633
1532875125.0445955,70144,-2.407092809677124
1532875526.2040303,70272,-2.3230466842651367
1532875727.9798424,70400,-2.2148523330688477
1532875929.6613302,70528,-2.268158435821533
1532876131.3351488,70656,-2.168928623199463
1532876530.815419,70784,-2.0581929683685303
1532876732.5250382,70912,-2.2226641178131104
1532876934.2406623,71040,-2.237877607345581
1532877135.9085824,71168,-2.3677682876586914
1532877537.8546944,71296,-2.506514549255371
1532877739.4510877,71424,-2.2170181274414062
1532877941.0150585,71552,-2.3465309143066406
1532878142.6177902,71680,-2.321388006210327
1532878543.707325,71808,-2.4249188899993896
1532878745.4846973,71936,-2.255387306213379
1532878947.1526587,72064,-2.240168809890747
1532879148.7864916,72192,-2.3678932189941406
1532879545.775788,72320,-2.414815902709961
1532879747.4390016,72448,-2.2788469791412354
1532879948.9916482,72576,-2.268634796142578
1532880150.7244601,72704,-2.513615131378174
1532880549.7899213,72832,-2.3112125396728516
1532880751.595891,72960,-2.3963398933410645
1532880953.3422344,73088,-2.1871449947357178
1532881155.1933951,73216,-2.1558663845062256
1532881553.5090833,73344,-2.5418310165405273
1532881755.1818643,73472,-2.27730393409729
1532881956.7375274,73600,-2.419496536254883
1532882158.4387434,73728,-2.3453824520111084
1532882557.722798,73856,-2.3417654037475586
1532882759.4689043,73984,-2.159520149230957
1532882961.1733196,74112,-2.1674208641052246
1532883162.9094791,74240,-2.4502735137939453
1532883563.171518,74368,-2.2668774127960205
1532883764.7868137,74496,-2.177304744720459
1532883966.3870711,74624,-2.1312854290008545
1532884167.8355112,74752,-2.214418888092041
1532884569.3726306,74880,-2.3517589569091797
1532884771.0180473,75008,-2.1927196979522705
1532884972.8008235,75136,-2.0589773654937744
1532885174.5022864,75264,-2.063646078109741
1532885574.152154,75392,-2.5882959365844727
1532885775.8208816,75520,-2.2114927768707275
1532885977.5953374,75648,-2.2342944145202637
1532886179.3160145,75776,-2.3030476570129395
1532886579.7648358,75904,-2.2240190505981445
1532886781.3446805,76032,-2.599592447280884
1532886983.0457053,76160,-2.4347660541534424
1532887184.857512,76288,-2.1453962326049805
1532887584.773549,76416,-2.304396390914917
1532887786.468034,76544,-2.478916645050049
1532887988.214668,76672,-2.39203143119812
1532888189.6980813,76800,-2.1271064281463623
1532888586.516206,76928,-2.299649715423584
1532888788.201901,77056,-2.26004695892334
1532888989.9269898,77184,-2.3106203079223633
1532889191.6083724,77312,-2.397613048553467
1532889588.7908702,77440,-2.1598806381225586
1532889790.500402,77568,-2.2295784950256348
1532889992.1499767,77696,-2.2738230228424072
1532890193.8197463,77824,-2.266317367553711
1532996809.9839797,77952,-2.4180924892425537
1532997017.428107,78080,-2.077213764190674
1532997225.003329,78208,-2.3098602294921875
1532997432.6249578,78336,-2.071784257888794
1532997835.5038087,78464,-2.2237093448638916
1532998037.027985,78592,-2.2831053733825684
1532998238.499187,78720,-2.4325075149536133
1532998439.9472492,78848,-2.251077890396118
1532998836.666302,78976,-2.2803802490234375
1532999038.3032432,79104,-2.0111446380615234
1532999239.8926017,79232,-2.360746145248413
1532999441.5354319,79360,-1.8920947313308716
1532999840.0727344,79488,-2.112445831298828
1533000041.4894593,79616,-2.146284818649292
1533000242.9746222,79744,-2.1586833000183105
1533000444.4585469,79872,-2.0310187339782715
1533000844.0226595,80000,-2.099210262298584
1533001045.49962,80128,-2.0598316192626953
1533001246.955885,80256,-2.2790658473968506
1533001448.5126898,80384,-2.2043561935424805
1533001846.4971476,80512,-2.133765459060669
1533002047.942664,80640,-2.0551974773406982
1533002249.4746594,80768,-2.2760274410247803
1533002450.8796632,80896,-2.2224254608154297
1533002851.8013287,81024,-2.4261562824249268
1533003053.2193778,81152,-2.3403141498565674
1533003254.6989932,81280,-2.0320754051208496
1533003456.1994584,81408,-2.0761566162109375
1533003857.673817,81536,-2.046398401260376
1533004059.2917364,81664,-2.2050089836120605
1533004260.8445246,81792,-2.235628128051758
1533004462.5160701,81920,-1.9520536661148071
1533004864.4446142,82048,-2.082397699356079
1533005066.0176547,82176,-2.261960029602051
1533005267.501218,82304,-2.3105664253234863
1533005469.0241697,82432,-2.1033403873443604
1533005872.154955,82560,-2.163210868835449
1533006073.6942997,82688,-2.1851916313171387
1533006275.3105779,82816,-2.0957460403442383
1533006476.8811717,82944,-2.0465612411499023
1533006878.9025621,83072,-2.15440034866333
1533007080.6191008,83200,-2.031043767929077
1533007282.1327975,83328,-1.9476510286331177
1533007483.7247775,83456,-2.2908778190612793
1533007881.2749825,83584,-2.608295440673828
1533008082.868011,83712,-2.062948226928711
1533008284.5105124,83840,-2.305469512939453
1533008485.974226,83968,-2.246671676635742
1533008885.647528,84096,-2.099503755569458
1533009087.2758262,84224,-2.347625255584717
1533009288.7580395,84352,-1.9369826316833496
1533009490.3839736,84480,-2.1103644371032715
1533009892.8143122,84608,-2.0872507095336914
1533010094.4460132,84736,-2.120790958404541
1533010295.995866,84864,-2.2359862327575684
1533010497.5548897,84992,-1.9118108749389648
1533010895.6668987,85120,-1.7278501987457275
1533011097.247215,85248,-2.300245761871338
1533011298.7633119,85376,-1.9902160167694092
1533011500.2331707,85504,-2.106679677963257
1533011902.567891,85632,-2.1605350971221924
1533012103.847371,85760,-2.141451835632324
1533012305.0827155,85888,-2.3020682334899902
1533012506.4347198,86016,-2.3220739364624023
1533012905.673193,86144,-2.087162971496582
1533013107.094757,86272,-1.9615305662155151
1533013308.5928764,86400,-1.9056226015090942
1533013509.9555964,86528,-2.3606607913970947
1533013908.709564,86656,-1.9108824729919434
1533014110.0968428,86784,-2.0368144512176514
1533014311.5853856,86912,-2.043239116668701
1533014513.0254107,87040,-2.2432432174682617
1533014909.469564,87168,-2.1988556385040283
1533015111.03439,87296,-2.06062650680542
1533015312.5540943,87424,-2.0553085803985596
1533015514.2136936,87552,-2.140418529510498
1533015914.5879934,87680,-1.9098330736160278
1533016116.070827,87808,-2.0385076999664307
1533016317.7190657,87936,-2.19592547416687
1533016519.3216264,88064,-2.263615846633911
1533016919.3962543,88192,-2.019367218017578
1533017120.979045,88320,-2.028449058532715
1533017322.5360153,88448,-2.307060718536377
1533017523.9096112,88576,-2.255876302719116
1533017924.977592,88704,-1.9744070768356323
1533018126.2839677,88832,-2.144012451171875
1533018327.693211,88960,-2.28417706489563
1533018529.1306806,89088,-2.084477663040161
1533018927.5792725,89216,-2.020128011703491
1533019129.142121,89344,-2.194730281829834
1533019330.659581,89472,-2.12355637550354
1533019532.3647783,89600,-2.1132142543792725
1533019933.155156,89728,-2.1186106204986572
1533020134.6588554,89856,-1.876690149307251
1533020336.2694113,89984,-2.1356375217437744
1533020537.8669467,90112,-2.1122093200683594
1533020935.0655458,90240,-2.328310489654541
1533021136.6247323,90368,-1.9504132270812988
1533021338.2077494,90496,-2.0035409927368164
1533021539.8535542,90624,-2.198249578475952
1533021942.0341673,90752,-2.0656909942626953
1533022143.7310283,90880,-2.269641637802124
1533022345.165199,91008,-2.1537632942199707
1533022546.834898,91136,-2.163074493408203
1533022946.914959,91264,-1.9606237411499023
1533023148.5173495,91392,-2.086665391921997
1533023350.1495361,91520,-2.0657293796539307
1533023551.7840695,91648,-1.9022866487503052
1533023950.0125742,91776,-2.0863139629364014
1533024151.632239,91904,-2.1570749282836914
1533024353.2149878,92032,-2.2086002826690674
1533024554.6779408,92160,-1.9150733947753906
1533024957.6324265,92288,-2.4709601402282715
1533025159.2728062,92416,-1.883268117904663
1533025360.9761114,92544,-2.384274482727051
1533025562.5336297,92672,-2.065260171890259
1533025963.0487416,92800,-2.277488946914673
1533026164.577159,92928,-2.209996461868286
1533026366.0501146,93056,-2.2940356731414795
1533026567.456922,93184,-2.0185959339141846
1533026967.8685281,93312,-1.8043372631072998
1533027169.4602523,93440,-2.1596388816833496
1533027371.0738695,93568,-2.129103183746338
1533027572.6498177,93696,-1.9353047609329224
1533027973.8915558,93824,-2.039152145385742
1533028175.4116926,93952,-1.982659101486206
1533028376.9836702,94080,-2.203035831451416
1533028578.4771843,94208,-2.0809595584869385
1533028980.624958,94336,-1.9851312637329102
1533029182.1974785,94464,-1.8799890279769897
1533029383.637943,94592,-2.1881442070007324
1533029585.0938463,94720,-1.9371761083602905
1533029987.9609175,94848,-1.877873420715332
1533030189.483398,94976,-2.0115723609924316
1533030390.9338496,95104,-1.9631437063217163
1533030592.4312813,95232,-1.9994958639144897
1533030993.8146627,95360,-2.0715107917785645
1533031195.3656046,95488,-1.9797937870025635
1533031396.9578376,95616,-1.9747815132141113
1533031598.6003716,95744,-1.8265931606292725
1533032000.9629798,95872,-1.8867466449737549
1533032202.6484666,96000,-1.82059907913208
1533032404.2527215,96128,-1.9685821533203125
1533032605.85045,96256,-2.1906771659851074
1533033008.5695224,96384,-2.131589889526367
1533033209.7851768,96512,-1.909493088722229
1533033411.3725812,96640,-1.9966247081756592
1533033612.8267992,96768,-2.1390647888183594
1533034015.0189538,96896,-2.050447940826416
1533034216.5467682,97024,-2.0027127265930176
1533034418.2123873,97152,-2.1434433460235596
1533034619.726272,97280,-2.1651813983917236
1533035019.571712,97408,-2.171743154525757
1533035221.164894,97536,-1.931457757949829
1533035422.7179232,97664,-2.18789005279541
