wall_time,step,value
1532580759.8950007,512,2.2034764289855957
1532581765.3660638,1024,2.549853563308716
1532582765.2852356,1536,2.8107805252075195
1532583756.264362,2048,3.0919506549835205
1532584743.0265107,2560,3.1220085620880127
1532585724.0777628,3072,3.386878490447998
1532586700.3216865,3584,3.553222179412842
1532587685.6191456,4096,3.6798691749572754
1532588665.8103428,4608,3.7031264305114746
1532589646.1331391,5120,3.7197117805480957
1532590630.598933,5632,3.960913896560669
1532591624.8073385,6144,3.9369304180145264
1532592621.8248875,6656,3.9017746448516846
1532593612.8625088,7168,4.112842559814453
1532594605.654442,7680,3.987414836883545
1532595596.9284346,8192,4.124134063720703
1532596588.5537498,8704,4.07009220123291
1532597583.7710893,9216,4.101233005523682
1532598585.0381885,9728,4.06452751159668
1532599580.8337116,10240,4.129332065582275
1532600579.9134803,10752,4.059197425842285
1532601586.058416,11264,4.155590057373047
1532602588.8185635,11776,4.112256050109863
1532603592.192612,12288,4.055809497833252
1532604593.9988472,12800,4.160820007324219
1532605596.6194704,13312,4.2048444747924805
1532606595.4643106,13824,4.239782810211182
1532607597.1699443,14336,4.179497241973877
1532608596.203368,14848,4.126132011413574
1532609598.4174798,15360,4.11708927154541
1532610603.2037609,15872,4.073493480682373
1532611602.4133635,16384,4.025712013244629
1532612605.0863698,16896,4.068731784820557
1532613602.2824163,17408,4.018389701843262
1532614602.8972707,17920,3.9819748401641846
1532615604.8497343,18432,4.073205471038818
1532616609.426125,18944,4.083940505981445
1532617611.6391864,19456,4.05673885345459
1532618612.1654093,19968,4.017547607421875
1532619611.1800988,20480,4.127307415008545
1532620612.1300094,20992,4.038508415222168
1532621615.1714077,21504,4.091601848602295
1532622621.2846775,22016,4.027082920074463
1532623623.6689768,22528,4.037228584289551
1532624629.6057656,23040,3.9459705352783203
1532625636.0754838,23552,4.026749610900879
1532626641.3462486,24064,3.859484910964966
1532627645.7564518,24576,4.010573387145996
1532628650.3972166,25088,3.9224400520324707
1532629655.8146656,25600,3.9677329063415527
1532630656.2845118,26112,3.9154744148254395
1532631661.0243742,26624,3.9219143390655518
1532632662.607915,27136,3.8566150665283203
1532633668.9571352,27648,3.9334335327148438
1532634671.5234392,28160,3.9386203289031982
1532635677.8315547,28672,3.9216408729553223
1532636677.9770718,29184,3.8603873252868652
1532637680.3537586,29696,3.928624391555786
1532638684.1188316,30208,4.015923500061035
1532639692.848787,30720,3.9680728912353516
1532640700.0271409,31232,3.896930694580078
1532641709.7387772,31744,3.8688931465148926
1532642715.8517504,32256,3.7664520740509033
1532643723.7930481,32768,3.7418053150177
1532644732.892054,33280,3.9181580543518066
1532645740.606396,33792,3.703197956085205
1532793956.6258678,34304,3.8075668811798096
1532794952.5559454,34816,3.806683301925659
1532795946.8385708,35328,3.8496665954589844
1532796943.6543117,35840,3.6733787059783936
1532797938.9189324,36352,3.8982956409454346
1532798938.4565678,36864,3.747400999069214
1532799934.915122,37376,3.8074402809143066
1532800937.0283544,37888,3.814117908477783
1532801937.7428706,38400,3.800741672515869
1532802938.799396,38912,3.8183867931365967
1532803935.8018484,39424,3.697803020477295
1532804935.9366453,39936,3.764679431915283
1532805932.245058,40448,3.8157150745391846
1532806932.7824297,40960,3.6748242378234863
1532807931.269372,41472,3.7032859325408936
1532808930.5438626,41984,3.7822444438934326
1532809924.0590947,42496,3.7846646308898926
1532810923.6746283,43008,3.6806282997131348
1532824263.4350145,44032,3.731973171234131
1532825260.5543008,44544,3.8072428703308105
1532826258.2205915,45056,3.757955551147461
1532827256.253463,45568,3.6822617053985596
1532828253.174488,46080,3.56410551071167
1532829251.328917,46592,3.747058153152466
1532830250.313306,47104,3.6731395721435547
1532831249.294944,47616,3.6543757915496826
1532832248.2634795,48128,3.586076259613037
1532833246.0616531,48640,3.7336106300354004
1532834246.5017688,49152,3.6118578910827637
1532835245.9569156,49664,3.6112542152404785
1532836244.0624895,50176,3.646003007888794
1532837242.6060033,50688,3.7350871562957764
1532838239.0947943,51200,3.652754545211792
1532839238.9192076,51712,3.6144680976867676
1532840238.1898437,52224,3.5701286792755127
1532841238.2321339,52736,3.596797227859497
1532842237.484147,53248,3.6627259254455566
1532843237.2495074,53760,3.7908668518066406
1532844235.5923088,54272,3.641068935394287
1532845237.8348908,54784,3.612384080886841
1532846238.6268778,55296,3.5740718841552734
1532847238.6413212,55808,3.624373197555542
1532848238.9864943,56320,3.6047542095184326
1532849239.7696924,56832,3.729273557662964
1532850238.8030386,57344,3.525784969329834
1532851242.0991964,57856,3.6139721870422363
1532852244.1987467,58368,3.618884325027466
1532853249.1562872,58880,3.633118152618408
1532854249.6884637,59392,3.644062042236328
1532855248.9808667,59904,3.6118083000183105
1532856251.1650949,60416,3.623356580734253
1532857252.5791693,60928,3.5740280151367188
1532858256.5668342,61440,3.5303711891174316
1532859259.8774226,61952,3.5078749656677246
1532860259.7529094,62464,3.5343730449676514
1532861263.5507374,62976,3.5512516498565674
1532862267.9175134,63488,3.5688769817352295
1532863267.7915528,64000,3.5289275646209717
1532864270.146417,64512,3.58171010017395
1532865277.5284562,65024,3.6025424003601074
1532866283.4648132,65536,3.5432181358337402
1532867288.2530098,66048,3.598980665206909
1532868292.0882936,66560,3.5435280799865723
1532869295.4970932,67072,3.5893115997314453
1532870299.3814678,67584,3.529235363006592
1532871301.0678298,68096,3.4857051372528076
1532872305.9741511,68608,3.6083171367645264
1532873311.081192,69120,3.670783519744873
1532874320.711752,69632,3.521648406982422
1532875326.9650517,70144,3.563365936279297
1532876331.681962,70656,3.5543932914733887
1532877338.7277799,71168,3.5898869037628174
1532878344.464969,71680,3.5880439281463623
1532879346.6111515,72192,3.519649028778076
1532880350.6317837,72704,3.504014253616333
1532881354.3961034,73216,3.4850234985351562
1532882358.6142058,73728,3.590494155883789
1532883364.109664,74240,3.517393112182617
1532884370.30399,74752,3.5317223072052
1532885374.896548,75264,3.53800630569458
1532886380.4490583,75776,3.56976056098938
1532887385.5816927,76288,3.471886396408081
1532888387.3900654,76800,3.6538422107696533
1532889389.5781586,77312,3.566070556640625
1532890392.785599,77824,3.58807635307312
1532997636.5768955,78336,3.4724230766296387
1532998637.6906664,78848,3.5374207496643066
1532999641.129418,79360,3.591431140899658
1533000645.0354333,79872,3.538754940032959
1533001647.5830162,80384,3.494861602783203
1533002652.7932756,80896,3.533181667327881
1533003658.5362554,81408,3.496720790863037
1533004665.5701044,81920,3.5019564628601074
1533005673.0761476,82432,3.513040065765381
1533006679.9672098,82944,3.534191846847534
1533007682.1014633,83456,3.4137890338897705
1533008686.5993974,83968,3.4548614025115967
1533009693.9168808,84480,3.5381875038146973
1533010696.7098658,84992,3.443385601043701
1533011703.77194,85504,3.3806018829345703
1533012706.8290834,86016,3.524695634841919
1533013709.9442232,86528,3.462686538696289
1533014710.466789,87040,3.5016567707061768
1533015715.4671328,87552,3.510998487472534
1533016720.4701245,88064,3.463838577270508
1533017726.1306179,88576,3.531642198562622
1533018728.405837,89088,3.496744155883789
1533019734.0023036,89600,3.518873929977417
1533020736.1351233,90112,3.4947235584259033
1533021743.0038726,90624,3.385857343673706
1533022747.8249753,91136,3.5522103309631348
1533023751.3304992,91648,3.522118330001831
1533024758.6952183,92160,3.443566083908081
1533025764.25422,92672,3.4877123832702637
1533026768.7847345,93184,3.433227062225342
1533027774.8959217,93696,3.398918867111206
1533028781.5725098,94208,3.4843592643737793
1533029789.1287832,94720,3.4940478801727295
1533030794.947374,95232,3.4050865173339844
1533031802.115621,95744,3.451737642288208
1533032809.7547777,96256,3.5079193115234375
1533033816.1034641,96768,3.4953925609588623
1533034820.700822,97280,3.3440470695495605
