wall_time,step,value
1532646222.2198505,128,14.785990715026855
1532646473.4353511,256,17.35914421081543
1532646724.8210976,384,14.132122993469238
1532646976.06509,512,13.432038307189941
1532647522.03126,640,12.314830780029297
1532647773.3255665,768,12.497499465942383
1532648024.7537725,896,11.343023300170898
1532648276.03172,1024,12.618250846862793
1532648838.6868541,1152,10.880485534667969
1532649089.9252489,1280,11.660027503967285
1532649341.1796513,1408,12.753312110900879
1532649592.3974857,1536,14.052252769470215
1532650147.6439216,1664,13.06961727142334
1532650398.938512,1792,12.117401123046875
1532650650.3170187,1920,11.632549285888672
1532650901.655742,2048,12.163793563842773
1532651446.790979,2176,10.943914413452148
1532651698.1517954,2304,11.804789543151855
1532651949.5613194,2432,13.081019401550293
1532652200.816786,2560,12.920103073120117
1532652731.6611223,2688,10.88796329498291
1532652983.0842943,2816,12.018385887145996
1532653234.3888304,2944,14.153512001037598
1532653485.8065937,3072,13.791653633117676
1532653988.6586492,3200,12.748237609863281
1532654240.1210606,3328,11.95163345336914
1532654491.4666674,3456,12.57193374633789
1532654742.8073006,3584,11.967521667480469
1532655220.928349,3712,11.358194351196289
1532655472.1541677,3840,12.030324935913086
1532655723.4390218,3968,11.004454612731934
1532655974.7739058,4096,12.3026704788208
1532656457.6755993,4224,10.802695274353027
1532656708.9756536,4352,11.738067626953125
1532656960.3148854,4480,11.485167503356934
1532657211.7243154,4608,10.208324432373047
1532657692.0408995,4736,11.346550941467285
1532657943.4655075,4864,11.115351676940918
1532658194.8245244,4992,9.920825958251953
1532658446.2270741,5120,11.176743507385254
1532658930.111257,5248,10.203269958496094
1532659181.4354594,5376,10.397961616516113
1532659432.7913923,5504,10.316250801086426
1532659684.1776433,5632,10.126739501953125
1532660175.6717775,5760,10.26929759979248
1532660426.96119,5888,9.836831092834473
1532660678.2325106,6016,10.90857219696045
1532660929.5413952,6144,11.347434043884277
1532661428.9392333,6272,9.730925559997559
1532661680.3222392,6400,11.717012405395508
1532661931.5524604,6528,11.444969177246094
1532662182.9123733,6656,13.330499649047852
1532662696.6821222,6784,9.752527236938477
1532662947.9218562,6912,12.77818775177002
1532663199.1101367,7040,10.783181190490723
1532663450.3741624,7168,10.380674362182617
1532663969.419054,7296,10.903562545776367
1532664220.6782992,7424,11.982535362243652
1532664471.899788,7552,11.67647933959961
1532664723.1927714,7680,10.288597106933594
1532665248.4322116,7808,10.17232894897461
1532665499.7842166,7936,11.351279258728027
1532665751.1237183,8064,10.583569526672363
1532666002.2480557,8192,10.28356647491455
1532666527.2732656,8320,11.46781063079834
1532666778.5474846,8448,10.843086242675781
1532667030.024448,8576,12.467637062072754
1532667281.5796788,8704,11.442038536071777
1532667802.3949914,8832,10.403127670288086
1532668053.9613233,8960,10.46666431427002
1532668305.5234683,9088,11.032418251037598
1532668556.9690008,9216,10.534526824951172
1532669078.9816399,9344,10.392641067504883
1532669330.516379,9472,11.613248825073242
1532669581.990981,9600,10.35495662689209
1532669833.59144,9728,9.575931549072266
1532670362.1271374,9856,10.098970413208008
1532670613.6326313,9984,9.740674018859863
1532670864.9720042,10112,10.914395332336426
1532671116.2991283,10240,10.67939281463623
1532671635.5280032,10368,10.728569984436035
1532671886.94003,10496,10.224395751953125
1532672138.453099,10624,9.786439895629883
1532672389.993463,10752,9.9706449508667
1532672906.4094944,10880,10.342032432556152
1532673157.6589963,11008,11.048018455505371
1532673409.0649133,11136,9.94078254699707
1532673660.4791424,11264,10.027973175048828
1532674183.4795432,11392,10.083489418029785
1532674434.9376504,11520,12.592073440551758
1532674686.4366188,11648,9.787983894348145
1532674937.7737403,11776,10.051332473754883
1532675463.7511783,11904,12.714911460876465
1532675715.217177,12032,10.70212459564209
1532675966.5728402,12160,10.37325382232666
1532676218.1113007,12288,10.085367202758789
1532676733.8440468,12416,10.153410911560059
1532676985.2690775,12544,11.028639793395996
1532677236.6614246,12672,9.934173583984375
1532677487.9954388,12800,10.096022605895996
1532678006.1173768,12928,13.250123023986816
1532678257.604173,13056,9.709426879882812
1532678509.1183884,13184,9.873906135559082
1532678760.6686563,13312,10.20471477508545
1532679277.5606685,13440,9.859678268432617
1532679529.1952765,13568,9.438939094543457
1532679780.770036,13696,9.494861602783203
1532680032.4211147,13824,10.403923988342285
1532680548.4976952,13952,11.30560302734375
1532680799.8363457,14080,11.003069877624512
1532681051.198695,14208,11.057238578796387
1532681302.575866,14336,10.434745788574219
1532681814.5165222,14464,10.156207084655762
1532682065.7676277,14592,10.122410774230957
1532682317.2219253,14720,11.167584419250488
1532682568.6145866,14848,10.237964630126953
1532683079.6915174,14976,10.062994003295898
1532683331.0208552,15104,11.13759994506836
1532683582.4094663,15232,10.435198783874512
1532683833.6628416,15360,9.973426818847656
1532684351.2391095,15488,10.378806114196777
1532684602.4006145,15616,10.341241836547852
1532684853.5118113,15744,9.755059242248535
1532685104.896055,15872,9.726181030273438
1532685621.51018,16000,9.596639633178711
1532685872.8951733,16128,9.41631031036377
1532686124.3077087,16256,9.891158103942871
1532686375.6292193,16384,10.179832458496094
1532686900.6496906,16512,10.873116493225098
1532687152.0639598,16640,9.626362800598145
1532687403.6006446,16768,10.090353965759277
1532687655.097881,16896,10.228132247924805
1532688179.983102,17024,9.649319648742676
1532688431.3761506,17152,10.227669715881348
1532688682.6740072,17280,10.517882347106934
1532688933.9191394,17408,10.215832710266113
1532689444.135762,17536,9.901378631591797
1532689695.373616,17664,10.000846862792969
1532689946.6692178,17792,9.20466136932373
1532690198.0695732,17920,9.88995361328125
1532690718.7324026,18048,9.778365135192871
1532690970.0491962,18176,9.653266906738281
1532691221.2772083,18304,10.218341827392578
1532691472.5519984,18432,9.868054389953613
1532691989.9281297,18560,10.099095344543457
1532692241.1187515,18688,10.021974563598633
1532692492.4015193,18816,9.902050018310547
1532692743.6430802,18944,10.381688117980957
1532693262.2278817,19072,10.62623405456543
1532693513.4916983,19200,9.483989715576172
1532693764.7682514,19328,10.628508567810059
1532694016.0152147,19456,11.710373878479004
1532694540.103064,19584,10.145530700683594
1532694791.567105,19712,9.916165351867676
1532695042.9841123,19840,11.946908950805664
1532695294.2948608,19968,10.324374198913574
1532695813.9819064,20096,9.866337776184082
1532696065.3253202,20224,9.867907524108887
1532696316.6078002,20352,10.475411415100098
1532696567.8903563,20480,10.517067909240723
1532697082.5336592,20608,9.952530860900879
1532697333.8565738,20736,10.769427299499512
1532697585.0975893,20864,10.258893966674805
1532697836.3803644,20992,9.99044418334961
1532698348.3441286,21120,9.592669486999512
1532698599.846371,21248,9.726577758789062
1532698851.1729488,21376,11.884973526000977
1532699102.6356397,21504,10.168802261352539
1532699619.1465702,21632,11.141997337341309
1532699870.4901068,21760,10.286064147949219
1532700121.920384,21888,9.997818946838379
1532700373.2631454,22016,10.051188468933105
1532700893.0087845,22144,11.516231536865234
1532701144.3461964,22272,9.505760192871094
1532701395.8482442,22400,9.530854225158691
1532701647.0384746,22528,10.406063079833984
1532702176.6235964,22656,9.369229316711426
1532702427.9246988,22784,9.64987564086914
1532702679.2001736,22912,10.102785110473633
1532702930.5281575,23040,10.326459884643555
1532703455.3512697,23168,9.887242317199707
1532703706.815334,23296,9.701986312866211
1532703958.1600933,23424,10.896385192871094
1532704209.5551636,23552,10.8445463180542
1532704735.0620706,23680,10.387104988098145
1532704986.672899,23808,9.524330139160156
1532705238.3078132,23936,9.331392288208008
1532705490.0395608,24064,10.097363471984863
1532706010.2818787,24192,9.726030349731445
1532706261.6543088,24320,10.18565845489502
1532706512.9270658,24448,9.865641593933105
1532706764.2093966,24576,10.056028366088867
1532707293.05249,24704,9.858866691589355
1532707544.4093575,24832,11.039018630981445
1532707795.717757,24960,9.145710945129395
1532708047.0212212,25088,10.02766227722168
1532708563.5162437,25216,9.28752326965332
1532708814.7685342,25344,9.991124153137207
1532709066.1938682,25472,10.611149787902832
1532709317.616138,25600,9.877595901489258
1532709836.5474107,25728,10.145294189453125
1532710087.91327,25856,9.805523872375488
1532710339.340328,25984,10.290414810180664
1532710590.6793988,26112,9.722362518310547
1532711110.3222413,26240,9.663737297058105
1532711361.678462,26368,9.82676887512207
1532711613.0090647,26496,9.544218063354492
1532711864.3568044,26624,10.072466850280762
1532712392.3215024,26752,10.305856704711914
1532712643.649969,26880,10.21945571899414
1532712894.9910154,27008,9.680018424987793
1532713146.2940247,27136,10.984130859375
1532713670.3345952,27264,10.314270973205566
1532713921.7269402,27392,10.915605545043945
1532714173.0648646,27520,11.852446556091309
1532714424.4997807,27648,10.293359756469727
1532714953.0133076,27776,9.749612808227539
1532715204.4106615,27904,10.382165908813477
1532715455.7513216,28032,11.292790412902832
1532715706.9626966,28160,10.234694480895996
1532716232.7646604,28288,10.386407852172852
1532716484.1344247,28416,10.8353271484375
1532716735.591665,28544,9.634163856506348
1532716986.9315841,28672,10.210331916809082
1532717516.0590262,28800,9.703547477722168
1532717767.4866488,28928,10.61506175994873
1532718018.7819643,29056,10.854822158813477
1532718270.217892,29184,10.931537628173828
1532718792.9417243,29312,9.977107048034668
1532719044.6314907,29440,9.93967056274414
1532719296.344764,29568,9.897806167602539
1532719548.0951278,29696,10.598377227783203
1532720071.4720938,29824,12.179710388183594
1532720322.7849472,29952,9.736405372619629
1532720574.22182,30080,10.43839168548584
1532720825.556322,30208,9.552499771118164
1532721354.8351452,30336,10.12369155883789
1532721606.2363956,30464,9.877091407775879
1532721857.5648766,30592,10.174552917480469
1532722108.7963,30720,9.881519317626953
1532722635.1155808,30848,10.778225898742676
1532722886.2506304,30976,9.730591773986816
1532723137.4735982,31104,10.112701416015625
1532723388.7768981,31232,10.258548736572266
1532723922.3385065,31360,10.738619804382324
1532724173.67548,31488,10.058955192565918
1532724424.9645107,31616,10.27509593963623
1532724676.2912147,31744,9.518726348876953
1532725208.740711,31872,9.972228050231934
1532725460.140049,32000,9.65067195892334
1532725711.4221225,32128,9.58501148223877
1532725962.751792,32256,10.575840950012207
1532890699.7031128,32384,10.401531219482422
1532890950.9829547,32512,9.776933670043945
1532891202.1706624,32640,9.787946701049805
1532891453.4482913,32768,10.21555233001709
1532891968.9480317,32896,10.414422035217285
1532892220.1360438,33024,12.408824920654297
1532892471.296426,33152,9.670964241027832
1532892722.5187404,33280,9.816070556640625
1532893233.306862,33408,10.869203567504883
1532893484.4316688,33536,10.201495170593262
1532893735.5978956,33664,9.8463716506958
1532893986.9217794,33792,9.797701835632324
1532894503.7492821,33920,10.671488761901855
1532894754.9638073,34048,10.34023380279541
1532895006.344385,34176,9.560551643371582
1532895257.6098225,34304,10.543706893920898
1532895775.2139394,34432,11.456137657165527
1532896026.5005374,34560,9.737340927124023
1532896277.9014611,34688,9.47541618347168
1532896529.1880574,34816,10.531274795532227
1532897046.394056,34944,9.657313346862793
1532897297.661437,35072,9.391840934753418
1532897549.1271636,35200,10.355527877807617
1532897800.6022902,35328,10.306554794311523
1532898319.1737924,35456,10.068896293640137
1532898570.5510128,35584,10.369911193847656
1532898821.8968678,35712,10.297528266906738
1532899073.1249325,35840,9.459895133972168
1532899588.835201,35968,10.081950187683105
1532899840.1302812,36096,9.644222259521484
1532900091.4470336,36224,10.664767265319824
1532900342.8184147,36352,9.372050285339355
1532900860.820596,36480,9.637240409851074
1532901111.9804647,36608,9.963783264160156
1532901363.1568232,36736,10.10670280456543
1532901614.4594307,36864,11.563658714294434
1532902130.4786403,36992,11.573715209960938
1532902381.828116,37120,10.892529487609863
1532902633.200061,37248,10.07785415649414
1532902884.4274237,37376,9.818224906921387
1532903407.3422532,37504,10.267608642578125
1532903658.6003945,37632,10.536194801330566
1532903909.7599247,37760,9.819289207458496
1532904161.024994,37888,11.090554237365723
1532904683.050729,38016,12.637067794799805
1532904934.2490056,38144,10.638404846191406
1532905185.6132476,38272,10.249791145324707
1532905436.7861996,38400,9.74825382232666
1532905958.323394,38528,9.663274765014648
1532906209.7591171,38656,9.686657905578613
1532906461.0594223,38784,9.724797248840332
1532906712.4133463,38912,9.837428092956543
1532907241.4800436,39040,9.301273345947266
1532907492.736473,39168,9.564741134643555
1532907743.9976616,39296,10.0187349319458
1532907995.3247604,39424,10.183384895324707
1532908519.822943,39552,9.802773475646973
1532908771.0235207,39680,10.210386276245117
1532909022.3210552,39808,10.38160228729248
1532909273.5598981,39936,10.264559745788574
1532909799.4796674,40064,9.583221435546875
1532910050.601941,40192,10.00606632232666
1532910302.0263789,40320,10.55710506439209
1532910553.1833773,40448,9.625626564025879
1532911075.3087392,40576,9.391068458557129
1532911326.576826,40704,9.72899341583252
1532911577.7872624,40832,10.35295581817627
1532911829.0019114,40960,11.208722114562988
1532912358.2907338,41088,10.737702369689941
1532912609.7117944,41216,10.698701858520508
1532912861.0181916,41344,9.916645050048828
1532913112.3048146,41472,10.079294204711914
1532913635.7852452,41600,10.494139671325684
1532913886.961432,41728,9.720076560974121
1532914138.0015996,41856,9.762533187866211
1532914388.965287,41984,10.568034172058105
1532914928.770757,42112,12.323099136352539
1532915180.1566002,42240,9.846783638000488
1532915431.5783076,42368,9.360804557800293
1532915682.9900668,42496,9.78229808807373
1532916209.7154894,42624,9.478355407714844
1532916461.1251218,42752,9.99984073638916
1532916712.3199239,42880,10.25207233428955
1532916963.7394288,43008,9.611083984375
1532917491.829406,43136,10.140542030334473
1532917743.2147646,43264,9.350499153137207
1532917994.6034355,43392,9.635188102722168
1532918245.939835,43520,10.128875732421875
1532918774.171786,43648,11.114608764648438
1532919025.5383976,43776,10.574226379394531
1532919277.0052452,43904,9.690786361694336
1532919528.334261,44032,10.179043769836426
1532920052.3861284,44160,10.408382415771484
1532920303.741842,44288,10.11086368560791
1532920555.1646268,44416,9.805465698242188
1532920806.6241336,44544,10.049675941467285
1532921335.0701993,44672,10.250517845153809
1532921586.494008,44800,9.300366401672363
1532921837.939275,44928,9.485187530517578
1532922089.3957722,45056,9.370379447937012
1532922618.5070822,45184,9.446979522705078
1532922869.928612,45312,9.329670906066895
1532923121.3111587,45440,9.684515953063965
1532923372.6324904,45568,10.037907600402832
1532923903.3688145,45696,11.069668769836426
1532924154.593052,45824,9.640288352966309
1532924405.8856454,45952,9.952431678771973
1532924657.1470366,46080,9.735980033874512
1532925178.8547106,46208,9.359576225280762
1532925430.1969986,46336,8.99666976928711
1532925681.4479704,46464,9.903374671936035
1532925932.8730896,46592,9.311281204223633
1532926457.8846276,46720,10.243762969970703
1532926709.310633,46848,10.070174217224121
1532926960.7429383,46976,9.784998893737793
1532927212.2394233,47104,9.700876235961914
1532927742.4369657,47232,10.446172714233398
1532927993.8053508,47360,10.357065200805664
1532928245.0917716,47488,9.682347297668457
1532928496.423948,47616,9.747468948364258
1532929026.5491083,47744,9.7412109375
1532929277.8949742,47872,9.56039047241211
1532929529.2940922,48000,9.968934059143066
1532929780.5934122,48128,9.615842819213867
1532930309.3783877,48256,9.82472038269043
1532930560.762144,48384,10.204146385192871
1532930812.1055703,48512,9.641697883605957
1532931063.514771,48640,11.667320251464844
1532931581.4820485,48768,9.826844215393066
1532931832.806003,48896,10.285694122314453
1532932084.1128423,49024,9.491423606872559
1532932335.5422285,49152,10.395162582397461
1532932863.237025,49280,9.84245777130127
1532933114.5321057,49408,9.823288917541504
1532933365.8668072,49536,9.988122940063477
1532933617.2115972,49664,10.204375267028809
1532934142.4608169,49792,9.30429458618164
1532934393.6887188,49920,10.611039161682129
1532934644.9879441,50048,9.510405540466309
1532934896.2335014,50176,9.589686393737793
1532935421.8775742,50304,9.46009349822998
1532935672.9493668,50432,9.398880958557129
1532935924.0929832,50560,9.363855361938477
1532936175.1954062,50688,10.08569622039795
1532936697.721277,50816,9.676900863647461
1532936948.9687526,50944,9.781314849853516
1532937200.3313134,51072,9.297307968139648
1532937451.646313,51200,9.609122276306152
1532937981.4477444,51328,9.342183113098145
1532938232.6589088,51456,9.241291046142578
1532938483.8971786,51584,10.046489715576172
1532938735.1973906,51712,10.540534019470215
1532939261.502549,51840,9.717394828796387
1532939512.7262862,51968,9.853555679321289
1532939763.8340244,52096,10.831493377685547
1532940015.1595032,52224,9.925748825073242
1532940539.9647753,52352,9.9996337890625
1532940791.2125967,52480,9.476724624633789
1532941042.5591247,52608,9.475518226623535
1532941293.8782718,52736,10.472278594970703
1532941816.6813207,52864,9.51257038116455
1532942067.8977714,52992,10.311020851135254
1532942319.265098,53120,9.598679542541504
1532942570.5233681,53248,10.544973373413086
1532943099.3090339,53376,9.858004570007324
1532943350.59385,53504,11.146444320678711
1532943602.0719697,53632,10.486588478088379
1532943853.5667355,53760,9.799427032470703
1532944380.568331,53888,10.231110572814941
1532944631.788635,54016,9.257755279541016
1532944883.0973675,54144,9.837017059326172
1532945134.323686,54272,10.725707054138184
1532945659.198534,54400,9.726774215698242
1532945910.5837793,54528,9.758033752441406
1532946161.8838477,54656,10.718843460083008
1532946413.0540588,54784,9.00503921508789
1532946945.7861705,54912,10.387572288513184
1532947197.2177908,55040,9.978365898132324
1532947448.5392058,55168,9.503899574279785
1532947699.7826214,55296,9.851515769958496
1532948224.31877,55424,10.061970710754395
1532948475.7568703,55552,9.86814022064209
1532948727.1029122,55680,9.939911842346191
1532948978.451469,55808,11.718194007873535
1532949503.8804772,55936,10.574664115905762
1532949755.1697094,56064,9.397154808044434
1532950006.489619,56192,9.918424606323242
1532950257.923104,56320,9.987237930297852
1532950790.5103483,56448,9.497045516967773
1532951041.9491377,56576,11.667353630065918
1532951293.255032,56704,9.387959480285645
1532951544.6381738,56832,9.466710090637207
1532952073.3642118,56960,10.177948951721191
1532952324.6476526,57088,10.219839096069336
1532952575.9315293,57216,9.510234832763672
1532952827.1609702,57344,10.123149871826172
1532953354.9294302,57472,10.071064949035645
1532953606.2937884,57600,9.1641263961792
1532953857.6878605,57728,10.090044975280762
1532954109.0235908,57856,11.530220031738281
1532954638.2439363,57984,9.477018356323242
1532954889.6329873,58112,10.861872673034668
1532955140.9838715,58240,11.382722854614258
1532955392.3315337,58368,10.397113800048828
1532955920.3162699,58496,9.652456283569336
1532956171.5390756,58624,9.90719223022461
1532956422.9818218,58752,9.715496063232422
1532956674.4108033,58880,9.771566390991211
1532957202.5345402,59008,9.98576545715332
1532957453.8336952,59136,9.750161170959473
1532957705.1982749,59264,9.981596946716309
1532957956.6329815,59392,10.619443893432617
1532958483.365299,59520,10.426106452941895
1532958734.5988472,59648,9.473386764526367
1532958985.8189948,59776,9.658596992492676
1532959236.9739451,59904,9.73336124420166
1532959767.9854405,60032,9.917267799377441
1532960019.4263916,60160,11.245771408081055
1532960270.7280083,60288,10.198948860168457
1532960522.1254783,60416,10.120523452758789
1532961052.6751108,60544,9.77025318145752
1532961304.118256,60672,9.39022159576416
1532961555.344773,60800,11.852644920349121
1532961806.675001,60928,9.517799377441406
1532962333.3571901,61056,9.600894927978516
1532962584.6519923,61184,10.6170072555542
1532962836.0523336,61312,10.995585441589355
1532963087.2663567,61440,9.116177558898926
1532963616.6269085,61568,9.393921852111816
1532963868.102077,61696,9.575682640075684
1532964119.32942,61824,9.941608428955078
1532964370.8126495,61952,9.51890754699707
1532964895.9335923,62080,9.19958782196045
1532965146.988322,62208,9.552078247070312
1532965398.2838085,62336,9.203450202941895
1532965649.5050962,62464,10.385231018066406
1532966181.5959437,62592,10.524691581726074
1532966432.9735682,62720,9.42554759979248
1532966684.2530477,62848,10.059659957885742
1532966935.5698552,62976,9.28843879699707
1532967466.3307076,63104,9.78361988067627
1532967717.5994122,63232,10.822888374328613
1532967969.0423932,63360,9.673922538757324
1532968220.3907585,63488,9.661029815673828
1532968749.7587566,63616,11.24309253692627
1532969001.1461828,63744,10.408334732055664
1532969252.510886,63872,10.020950317382812
1532969503.9088528,64000,9.758344650268555
1532970032.6140313,64128,9.702028274536133
1532970284.0546725,64256,9.25854206085205
1532970535.589695,64384,9.98004150390625
1532970786.9273472,64512,10.361817359924316
1532971307.8748329,64640,10.405793190002441
1532971559.455993,64768,9.864184379577637
1532971810.8879564,64896,9.464606285095215
1532972062.3013475,65024,10.847521781921387
1533035682.361172,65152,9.931609153747559
1533035933.5530307,65280,9.971625328063965
1533036184.8311172,65408,10.541646003723145
1533036436.1274903,65536,10.192978858947754
1533036959.8486857,65664,9.559722900390625
1533037211.2395334,65792,9.126936912536621
1533037462.5492847,65920,9.214330673217773
1533037713.870462,66048,11.204824447631836
1533038242.8033206,66176,9.914200782775879
1533038494.073222,66304,9.379424095153809
1533038745.5116394,66432,10.98802375793457
1533038997.0053391,66560,10.246455192565918
1533039524.6522083,66688,9.537172317504883
1533039775.9772666,66816,9.91837215423584
1533040027.1689348,66944,9.956862449645996
1533040278.495833,67072,9.441548347473145
1533040810.5345254,67200,10.25710391998291
1533041061.7552924,67328,10.552105903625488
1533041313.012771,67456,10.043854713439941
1533041564.2720277,67584,9.590950012207031
1533042096.0952265,67712,9.784459114074707
1533042347.2985759,67840,9.671736717224121
1533042598.4614615,67968,10.197310447692871
1533042849.6975577,68096,9.505695343017578
1533043375.2206144,68224,10.818805694580078
1533043626.4198978,68352,9.676901817321777
1533043877.6500294,68480,9.383838653564453
1533044128.9767292,68608,11.532533645629883
1533044660.8472152,68736,10.008286476135254
1533044912.264253,68864,9.780943870544434
1533045163.6966786,68992,10.31324291229248
1533045415.131194,69120,9.291962623596191
1533045950.7070978,69248,9.654035568237305
1533046202.1126137,69376,10.36246395111084
1533046453.4959645,69504,9.340550422668457
1533046704.9139144,69632,9.471922874450684
1533047230.8576765,69760,9.335576057434082
1533047482.1971445,69888,10.043639183044434
1533047733.507497,70016,9.43458366394043
1533047984.8440814,70144,9.665709495544434
1533048510.6497753,70272,9.77126407623291
1533048762.1283758,70400,9.648962020874023
1533049013.454434,70528,9.725045204162598
1533049264.9037864,70656,10.358354568481445
1533049792.7036102,70784,10.71331787109375
1533050043.980522,70912,10.38754653930664
1533050295.2786198,71040,9.90787410736084
1533050546.6673446,71168,10.48447322845459
1533051078.5229142,71296,9.833062171936035
1533051329.7857943,71424,12.070295333862305
1533051581.1380515,71552,9.72482967376709
1533051832.4754224,71680,10.428385734558105
1533052364.1233432,71808,10.042465209960938
1533052615.4473588,71936,9.31918716430664
1533052866.6825137,72064,9.276348114013672
1533053118.1444457,72192,9.53252124786377
1533053648.4354177,72320,9.697566986083984
1533053899.7782962,72448,10.550082206726074
1533054151.099027,72576,9.206459045410156
1533054402.379571,72704,9.95749568939209
1533054933.145725,72832,9.65792465209961
1533055184.4661832,72960,9.620097160339355
1533055435.7230258,73088,9.297372817993164
1533055686.9847372,73216,10.500094413757324
1533056214.3993573,73344,10.420894622802734
1533056465.3574312,73472,9.62586784362793
1533056716.3626842,73600,10.575325012207031
1533056967.5652988,73728,9.963296890258789
1533057495.2203572,73856,9.929139137268066
1533057746.611402,73984,9.923911094665527
1533057998.150219,74112,10.061650276184082
1533058249.589646,74240,9.312823295593262
1533058779.6703482,74368,9.82010555267334
1533059030.9944396,74496,9.441549301147461
1533059282.3859856,74624,9.933306694030762
1533059533.7251315,74752,9.444377899169922
1533060066.7760653,74880,9.882991790771484
1533060318.1356897,75008,10.658109664916992
1533060569.5284116,75136,9.584906578063965
1533060820.9609792,75264,11.098315238952637
1533061355.1493812,75392,10.413208961486816
1533061606.5567172,75520,9.773307800292969
1533061857.9799407,75648,10.044964790344238
1533062109.4230669,75776,9.383752822875977
1533062634.3084915,75904,9.572742462158203
1533062885.7757442,76032,9.834604263305664
1533063137.1077273,76160,9.969380378723145
1533063388.2698328,76288,9.832542419433594
1533063927.5471902,76416,9.178431510925293
1533064178.8293934,76544,9.411194801330566
1533064430.247673,76672,9.452486991882324
1533064681.5881805,76800,9.796202659606934
1533065214.4580095,76928,9.51901626586914
1533065465.954945,77056,9.498488426208496
1533065717.4798088,77184,10.36471939086914
1533065968.8929582,77312,10.514383316040039
1533066493.2640727,77440,11.374558448791504
1533066744.6976228,77568,9.243045806884766
1533066996.114555,77696,9.187346458435059
1533067247.4513495,77824,9.811208724975586
1533067775.0433393,77952,11.096246719360352
1533068026.1187408,78080,9.542122840881348
1533068277.3055873,78208,9.998513221740723
1533068528.4861453,78336,10.528894424438477
1533069048.4780016,78464,10.042509078979492
1533069299.7273798,78592,9.290253639221191
1533069551.0594301,78720,10.705646514892578
1533069802.3764524,78848,9.435992240905762
1533070333.3028147,78976,9.933869361877441
1533070584.6817355,79104,10.425146102905273
1533070836.0614357,79232,12.184536933898926
1533071087.4189765,79360,9.36148452758789
1533071620.7081928,79488,11.20268440246582
1533071872.161329,79616,10.29975414276123
1533072123.4961967,79744,9.313615798950195
1533072374.8504546,79872,9.654255867004395
1533072903.7747371,80000,9.508805274963379
1533073155.0957694,80128,9.306217193603516
1533073406.490036,80256,9.476614952087402
1533073658.0537412,80384,9.956650733947754
1533074185.8154619,80512,9.45327091217041
1533074436.928121,80640,9.426198959350586
1533074688.0750542,80768,9.762015342712402
1533074939.3267176,80896,9.21894359588623
1533075466.0854917,81024,9.423079490661621
1533075717.3576515,81152,11.782842636108398
1533075968.6257298,81280,9.612555503845215
1533076219.9786606,81408,11.342315673828125
1533076752.3858333,81536,9.322340965270996
1533077003.6578681,81664,9.809293746948242
1533077255.066089,81792,9.7206449508667
1533077506.518766,81920,9.505770683288574
1533078045.946265,82048,9.446889877319336
1533078297.357827,82176,9.65519905090332
1533078548.6329618,82304,10.435248374938965
1533078799.9268367,82432,9.688775062561035
1533079328.46489,82560,9.836894035339355
1533079579.8214262,82688,9.913132667541504
1533079831.377136,82816,9.808558464050293
1533080082.8545952,82944,10.047170639038086
1533080603.1397314,83072,9.53055191040039
1533080854.2897894,83200,9.679661750793457
1533081105.4539332,83328,9.43377685546875
1533081356.6605778,83456,9.978464126586914
1533081886.8998375,83584,9.542143821716309
1533082138.0349267,83712,9.65658950805664
1533082389.1066628,83840,9.737004280090332
1533082640.243127,83968,9.314242362976074
1533083165.2646043,84096,9.63594913482666
1533083416.5923984,84224,9.385772705078125
1533083667.889467,84352,9.72549057006836
1533083919.2087517,84480,9.70211410522461
1533084450.6809518,84608,9.976099967956543
1533084701.976944,84736,10.387253761291504
1533084953.2350771,84864,10.45141315460205
1533085204.465432,84992,11.331780433654785
1533085729.8375943,85120,9.275192260742188
1533085980.9858468,85248,10.767757415771484
1533086232.3997228,85376,9.85377311706543
1533086483.8074589,85504,9.351598739624023
1533087009.2528884,85632,10.644111633300781
1533087260.4893508,85760,9.812567710876465
1533087511.897429,85888,9.609489440917969
1533087763.225021,86016,10.381969451904297
1533088297.7043593,86144,9.844231605529785
1533088549.0446184,86272,10.741887092590332
1533088800.4085853,86400,10.502941131591797
1533089051.6129153,86528,9.574264526367188
1533089573.7553267,86656,10.167877197265625
1533089825.0874162,86784,9.730762481689453
1533090076.544833,86912,9.196076393127441
1533090327.8928509,87040,10.26826000213623
1533090854.6164532,87168,9.482837677001953
1533091106.0956109,87296,11.187448501586914
1533091357.4132016,87424,9.46588134765625
1533091608.7601054,87552,12.778829574584961
1533092143.9568346,87680,10.451552391052246
1533092395.2211816,87808,9.905511856079102
1533092646.4445345,87936,9.933160781860352
1533092897.6242375,88064,9.373785018920898
1533093430.9457207,88192,9.982402801513672
1533093682.5057561,88320,11.216707229614258
1533093933.9162183,88448,9.723370552062988
1533094185.3121004,88576,10.380279541015625
1533094723.68092,88704,10.356376647949219
1533094975.1331184,88832,9.542800903320312
1533095226.4758906,88960,9.38856315612793
1533095477.7546134,89088,9.513642311096191
1533096009.511919,89216,10.056775093078613
1533096260.744183,89344,9.536995887756348
1533096512.196693,89472,9.874337196350098
1533096763.7025778,89600,10.925603866577148
1533097286.5640256,89728,9.82882022857666
1533097537.9678705,89856,10.612890243530273
1533097789.361451,89984,11.723952293395996
1533098040.6842046,90112,9.169883728027344
1533098569.2652311,90240,10.414320945739746
1533098820.8212085,90368,9.35362434387207
1533099072.3554242,90496,10.405750274658203
1533099323.9404862,90624,10.100652694702148
1533099859.9782183,90752,11.30817985534668
1533100111.2415948,90880,9.364959716796875
1533100362.8133535,91008,9.397346496582031
1533100614.3010974,91136,9.614083290100098
1533101152.3372662,91264,10.390303611755371
1533101403.6392238,91392,10.400763511657715
1533101654.9437997,91520,9.712228775024414
1533101906.279804,91648,9.971990585327148
1533102432.2539675,91776,10.225400924682617
1533102683.5902638,91904,11.00303840637207
1533102934.8224409,92032,9.795515060424805
1533103186.2463422,92160,9.516013145446777
1533103718.2308195,92288,11.368254661560059
1533103969.7093446,92416,10.191661834716797
1533104221.0425947,92544,9.58438777923584
1533104472.4333155,92672,9.70113754272461
1533105004.6734078,92800,9.990727424621582
1533105256.1092556,92928,9.855053901672363
1533105507.457892,93056,9.850564956665039
1533105758.7465107,93184,9.550048828125
1533106295.5845227,93312,10.313436508178711
1533106546.763457,93440,10.08639144897461
1533106798.0050297,93568,9.502278327941895
1533107049.1341634,93696,9.860525131225586
1533107575.3076038,93824,9.57020378112793
1533107826.6519,93952,10.870518684387207
1533108077.9606652,94080,9.457487106323242
1533108329.4455326,94208,10.055020332336426
1533108858.8480637,94336,10.191469192504883
1533109110.2595406,94464,9.539340019226074
1533109361.6342673,94592,9.265907287597656
1533109612.9873006,94720,9.930176734924316
1533110142.1925945,94848,10.059014320373535
1533110393.6049864,94976,8.991846084594727
1533110644.996295,95104,9.512822151184082
1533110896.4463818,95232,9.87257194519043
1533111421.589913,95360,10.17792797088623
1533111672.7299082,95488,9.917499542236328
1533111924.0430744,95616,11.691278457641602
1533112175.5776238,95744,9.384827613830566
1533112703.6879644,95872,10.558197021484375
1533112955.032726,96000,10.28563404083252
1533113206.4251008,96128,12.701638221740723
1533113457.7782717,96256,9.167272567749023
1533113993.1368437,96384,9.9941987991333
1533114244.4635441,96512,9.676985740661621
1533114495.7830327,96640,10.391006469726562
1533114747.256677,96768,10.791086196899414
1533115272.209774,96896,9.560806274414062
1533115523.565617,97024,9.310510635375977
1533115774.7575998,97152,10.020999908447266
1533116026.1606088,97280,10.573163032531738
1533116553.995782,97408,11.55194091796875
1533116805.2943058,97536,9.731714248657227
