wall_time,step,value
1532211835.844858,512,722.2073974609375
1532212902.6640596,1024,899.83203125
1532213965.1221545,1536,437.04998779296875
1532215016.808246,2048,586.727294921875
1532216066.5280282,2560,341.1961975097656
1532217119.5284595,3072,329.57427978515625
1532218159.1825743,3584,356.96435546875
1532219192.8400283,4096,306.0797424316406
1532220227.5581698,4608,287.89996337890625
1532221262.0250633,5120,327.26025390625
1532222294.0847907,5632,336.4459533691406
1532223326.9756246,6144,293.74725341796875
1532224358.7021954,6656,276.7076416015625
1532225389.581817,7168,318.6606140136719
1532226419.0129468,7680,308.58258056640625
1532227451.9571564,8192,309.35174560546875
1532228482.315992,8704,307.8514404296875
1532229519.065823,9216,351.0167236328125
1532230553.6473858,9728,386.5397644042969
1532231592.3109717,10240,329.64312744140625
1532232631.2789192,10752,401.08935546875
1532233670.5502968,11264,352.6739196777344
1532234707.8423347,11776,340.7707824707031
1532235743.7454927,12288,390.8142395019531
1532236780.4880965,12800,363.4108581542969
1532237819.1036024,13312,392.4115905761719
1532238856.869159,13824,396.229248046875
1532239892.8128107,14336,398.34625244140625
1532240928.6561606,14848,393.9293518066406
1532241968.4734445,15360,399.079345703125
1532243010.5796466,15872,427.1463317871094
1532244053.1014898,16384,423.6765441894531
1532245094.8648496,16896,433.0882263183594
1532246131.426584,17408,433.0666809082031
1532247168.944183,17920,428.4767150878906
1532248206.723506,18432,438.0296630859375
1532249246.896603,18944,471.3927001953125
1532250288.4563456,19456,439.6274719238281
1532251324.7493966,19968,409.1231689453125
1532252365.6812773,20480,453.7912902832031
1532253407.885968,20992,429.4573669433594
1532254445.4346404,21504,465.0169677734375
1532255487.1327593,22016,453.0080261230469
1532256526.9234774,22528,470.3229675292969
1532257565.359028,23040,487.9127502441406
1532258605.3483467,23552,442.2239990234375
1532259645.7098868,24064,481.626220703125
1532260690.185323,24576,495.1553649902344
1532261732.5866015,25088,513.1480102539062
1532262776.7745848,25600,488.74169921875
1532263816.169713,26112,470.115966796875
1532264860.2795498,26624,509.16058349609375
1532265902.3509958,27136,491.11346435546875
1532266946.4710054,27648,493.5454406738281
1532267990.4375546,28160,497.42279052734375
1532269033.3374324,28672,574.9156494140625
1532270079.2880995,29184,529.7403564453125
1532271124.1401296,29696,551.04296875
1532272166.0315447,30208,540.061279296875
1532273211.2966135,30720,545.367919921875
1532274258.2336159,31232,512.9498291015625
1532275303.8052523,31744,527.0126342773438
1532276348.0623565,32256,551.8281860351562
1532277392.7904198,32768,542.37646484375
1532278435.0134459,33280,557.1080322265625
1532279480.1359391,33792,573.932861328125
1532307913.1835148,34304,564.200927734375
1532308955.471007,34816,553.741455078125
1532310002.8966832,35328,597.1229248046875
1532311046.666798,35840,572.9834594726562
1532312093.4499738,36352,574.4442138671875
1532313138.278634,36864,632.6326904296875
1532385029.7338338,37888,635.380615234375
1532386072.362616,38400,628.1903686523438
1532387117.2527976,38912,624.4652709960938
1532388164.2880933,39424,670.7633666992188
1532389210.6588192,39936,606.3812255859375
1532390256.3059747,40448,636.8763427734375
1532391299.3045247,40960,658.4237670898438
1532392345.5743363,41472,659.0396728515625
1532393393.071727,41984,628.9678344726562
1532394438.2029018,42496,628.3264770507812
1532395484.6360059,43008,713.0963745117188
1532396531.7477014,43520,687.7328491210938
1532397576.8105896,44032,727.072998046875
1532398622.457974,44544,678.5386352539062
1532399668.1244943,45056,692.241455078125
1532400714.6357448,45568,728.7782592773438
1532401761.3923213,46080,722.031494140625
1532402808.208273,46592,737.4838256835938
1532403856.7498562,47104,700.4177856445312
1532404908.4012315,47616,749.2647094726562
1532405956.2833855,48128,741.277587890625
1532407007.6723514,48640,777.3192749023438
1532408056.4300497,49152,791.0012817382812
1532409105.3134968,49664,782.3380126953125
1532410153.4209104,50176,797.3698120117188
1532411201.9594812,50688,812.353271484375
1532412251.6114864,51200,840.5577392578125
1532413303.2299335,51712,864.47314453125
1532414353.1584365,52224,845.9407348632812
1532415405.3690794,52736,823.7703857421875
1532416456.3886178,53248,823.5613403320312
1532417503.3011353,53760,859.5172119140625
1532418554.292904,54272,833.6720581054688
1532419604.4479187,54784,835.1798095703125
1532420654.0977507,55296,874.40576171875
1532421707.558549,55808,903.7665405273438
1532422757.604635,56320,869.90625
1532423807.2984772,56832,817.6962890625
1532424855.4097874,57344,874.4481811523438
1532425902.749055,57856,914.8974609375
1532426948.5521817,58368,931.3517456054688
1532427999.8453248,58880,867.6515502929688
1532429053.250141,59392,946.0260009765625
1532430105.757364,59904,1030.2557373046875
1532431159.8845873,60416,954.6578979492188
1532432213.597787,60928,908.9511108398438
1532433266.7716246,61440,921.697021484375
1532434315.7554984,61952,942.1357421875
1532435368.7119966,62464,1000.8042602539062
1532436423.7684162,62976,1014.5145874023438
1532437477.9097018,63488,968.67333984375
1532438528.7609658,64000,1052.47509765625
1532439583.854934,64512,1029.167236328125
1532440636.619084,65024,1067.0687255859375
1532441690.9774017,65536,1036.1690673828125
1532442746.778201,66048,1094.068115234375
1532443800.6281633,66560,954.634033203125
1532444854.0340984,67072,997.375
1532445908.4415615,67584,1077.0347900390625
1532446964.1046288,68096,1093.9459228515625
1532448016.5187657,68608,1084.385498046875
1532449068.936284,69120,1076.809814453125
1532450123.8630574,69632,1109.35888671875
1532451177.8021765,70144,1049.996826171875
1532452232.2836428,70656,1126.94091796875
1532453282.7835157,71168,1045.68798828125
1532471927.3936546,71680,1146.436279296875
1532472975.102633,72192,1146.7952880859375
1532474021.978157,72704,1138.8836669921875
1532475069.36011,73216,1112.6171875
1532476117.9002562,73728,1171.4813232421875
1532477166.9439814,74240,1144.0531005859375
1532478218.3607237,74752,1172.0841064453125
1532479270.0369678,75264,1225.2655029296875
1532480320.8068557,75776,1089.3717041015625
1532481369.3628716,76288,1159.1480712890625
1532482418.9143426,76800,1152.0074462890625
1532483471.5499358,77312,1191.4129638671875
1532484520.0422404,77824,1239.80712890625
1532485572.129884,78336,1202.6219482421875
1532486622.8585167,78848,1295.869873046875
1532487672.650323,79360,1230.587646484375
1532488726.6069796,79872,1360.7598876953125
1532489776.6824965,80384,1274.8492431640625
1532490832.5102866,80896,1271.14453125
1532491885.5122783,81408,1201.6632080078125
1532492936.4017105,81920,1244.98974609375
1532493986.8332822,82432,1179.11865234375
1532495041.4477994,82944,1271.1593017578125
1532496097.292273,83456,1340.7828369140625
1532497150.041841,83968,1360.0748291015625
1532498203.5028722,84480,1308.3619384765625
1532499257.6514509,84992,1301.962890625
1532500311.8473227,85504,1308.29296875
1532501363.5124626,86016,1263.2889404296875
1532502417.54043,86528,1321.1546630859375
1532503468.1583047,87040,1257.72998046875
1532504518.911394,87552,1299.3814697265625
1532505568.0424647,88064,1266.087158203125
1532506620.5021336,88576,1333.130615234375
1532507672.8142865,89088,1343.67724609375
1532508728.1065853,89600,1278.6375732421875
1532509781.076522,90112,1386.6929931640625
1532510834.4277186,90624,1310.78515625
1532511888.9685097,91136,1414.0811767578125
1532512943.9951372,91648,1471.5123291015625
1532513998.4543362,92160,1581.8226318359375
1532515054.6514955,92672,1517.8291015625
1532516108.4031086,93184,1379.36328125
1532517162.2497342,93696,1514.8831787109375
1532518217.663987,94208,1434.1868896484375
1532519269.4996157,94720,1489.13037109375
1532520324.8195503,95232,1489.3504638671875
1532521379.5151515,95744,1585.8538818359375
1532522437.539155,96256,1484.08642578125
1532523495.0685275,96768,1631.0404052734375
1532524548.9572194,97280,1661.312744140625
