wall_time,step,value
1530806083.7705083,512,34.806785583496094
1530806477.062526,1024,11.359980583190918
1530806866.2805183,1536,9.772579193115234
1530807256.9083683,2048,19.061141967773438
1530807647.970901,2560,10.328802108764648
1530808036.577317,3072,9.91805648803711
1530808423.7507956,3584,3.925936222076416
1530808810.6657822,4096,3.3899435997009277
1530809195.958272,4608,1.8794913291931152
1530809581.36686,5120,-0.9181487560272217
1530809966.268456,5632,4.780054092407227
1530810352.490933,6144,8.649274826049805
1530810737.910096,6656,6.186861038208008
1530811121.6007,7168,6.108214378356934
1530811505.5714161,7680,3.459138870239258
1530811890.3855617,8192,2.770461320877075
1530812276.0124729,8704,2.253763198852539
1530812660.401752,9216,4.7194976806640625
1530813045.5993798,9728,3.77308988571167
1530813431.677603,10240,1.3184517621994019
1530813816.5772862,10752,2.150763511657715
1530814201.4659786,11264,4.510781288146973
1530814585.616156,11776,-0.8251500725746155
1530814971.3752255,12288,2.2086663246154785
1530815357.1441476,12800,0.02274496667087078
1530815743.1297104,13312,2.069519281387329
1530816128.9314122,13824,1.4587254524230957
1530816514.495709,14336,2.102066993713379
1530816901.874422,14848,1.93648362159729
1530817288.6825268,15360,3.9819531440734863
1530817676.120791,15872,-0.9023723602294922
1530818063.4844391,16384,0.6117322444915771
1530818451.5867214,16896,-0.5788028240203857
1530818840.064683,17408,1.6702624559402466
1530819227.2979443,17920,1.164823055267334
1530819615.9280381,18432,5.759430885314941
1530820004.4278958,18944,2.5475692749023438
1530820392.3454404,19456,1.615837574005127
1530820781.1298227,19968,3.8258047103881836
1530821169.9814878,20480,-2.218738555908203
1530821558.0153108,20992,6.245301723480225
1530821947.176213,21504,0.7722668051719666
1530822334.116531,22016,-4.101693153381348
1530822720.826596,22528,2.2205474376678467
1530823108.8044698,23040,2.3367538452148438
1530823497.2870758,23552,1.0090975761413574
1530823885.1415725,24064,-2.254434823989868
1530824273.444898,24576,3.155956745147705
1530824662.7381377,25088,-1.60872483253479
1530825052.0612614,25600,1.2184604406356812
1530825441.230225,26112,-2.85707950592041
1530825831.5429187,26624,3.221937656402588
1530826220.7499475,27136,1.7937452793121338
1530826611.2662075,27648,-0.1586909145116806
1530827000.9876282,28160,1.9329299926757812
1530827389.4142396,28672,3.7938525676727295
1530827779.8485851,29184,2.443986415863037
1530828169.7775445,29696,0.7568902373313904
1530828559.3350883,30208,1.2901158332824707
1530828948.7511249,30720,2.9115958213806152
1530829339.3456025,31232,4.676983833312988
1530829729.034786,31744,-0.17487524449825287
1530830117.5348415,32256,2.3304224014282227
1530830509.1458294,32768,3.164581060409546
1530830897.9724908,33280,1.792177438735962
1530831287.8839834,33792,-0.7911664247512817
1530831678.674198,34304,1.9437121152877808
1530832068.862112,34816,-1.410981297492981
1530832458.7425752,35328,3.540350914001465
1530832848.031494,35840,3.479343891143799
1530833237.521282,36352,1.5639728307724
1530833627.4492536,36864,3.3267970085144043
1530834018.5509653,37376,-0.6902222037315369
1530905690.1893728,38400,2.803650140762329
1530906076.433658,38912,-2.1917967796325684
1530906460.2069714,39424,3.5505406856536865
1530906845.3235638,39936,0.4104120135307312
1530907230.8485277,40448,4.293160438537598
1530907617.476402,40960,-0.7480817437171936
1530908004.7952342,41472,-1.5005608797073364
1530908391.1213193,41984,5.27097749710083
1530908777.3779614,42496,-0.13645422458648682
1530909164.8644047,43008,2.3190436363220215
1530909551.2907343,43520,-1.0038832426071167
1530909938.1774764,44032,-1.3305277824401855
1530910325.1758695,44544,-0.3830515146255493
1530910712.51549,45056,5.116734981536865
1530911100.8300662,45568,-2.5571413040161133
1530911488.4880867,46080,0.48303908109664917
1530911877.4519496,46592,2.326486825942993
1530912265.4470167,47104,2.626681327819824
1530912653.3312817,47616,2.475471019744873
1530913043.2105103,48128,-2.0432660579681396
1530913432.220711,48640,-0.027272094041109085
1530913819.7360258,49152,3.9578945636749268
1530914207.693544,49664,-3.431947708129883
1530914595.2632172,50176,3.5080249309539795
1530914982.772731,50688,2.4594554901123047
1530915372.4504073,51200,-2.215445041656494
1530915762.1952434,51712,-0.9505860805511475
1530916151.2727878,52224,3.3076438903808594
1530916540.875592,52736,0.4813820719718933
1530916928.7683363,53248,1.4276707172393799
1530917317.7789583,53760,-2.884532928466797
1530917708.5350275,54272,0.7920882701873779
1530918096.770487,54784,1.8436604738235474
1530918484.9107199,55296,0.3847355544567108
1530918874.1595838,55808,-1.2868831157684326
1530919263.562218,56320,0.15693970024585724
1530919653.3183942,56832,-0.46856606006622314
1530920043.204705,57344,-1.3285530805587769
1530920433.0488894,57856,0.16797463595867157
1530920822.4601276,58368,-1.1006510257720947
1530921211.8562849,58880,2.7353172302246094
1530921601.2090042,59392,0.7793747186660767
1530921990.5391917,59904,1.5397908687591553
1530922382.0553248,60416,-0.25056910514831543
1530922772.4822435,60928,0.3703785538673401
1530923162.5669541,61440,4.940979957580566
1530923551.9534676,61952,0.7480781674385071
1530923942.1173153,62464,1.2150344848632812
1530924331.8412862,62976,1.8717639446258545
1530924723.5061402,63488,-1.1736352443695068
1530925114.3950462,64000,3.768843173980713
1530925504.4766812,64512,-0.8859777450561523
1530925897.3507512,65024,1.9808950424194336
1530926290.2091284,65536,2.23982310295105
1530926680.55397,66048,3.2371091842651367
1530927071.536346,66560,0.3387513756752014
1530927462.1319983,67072,0.42639511823654175
1530927854.5986676,67584,0.6930123567581177
1530928246.5426157,68096,-2.0132243633270264
1530928637.2605402,68608,1.3336308002471924
1530929027.86953,69120,3.2394261360168457
1530929419.504888,69632,-0.9480210542678833
1530929810.7093992,70144,4.781002044677734
1530930202.2569656,70656,-0.08143861591815948
1530930593.7330184,71168,2.120713710784912
1530930986.2470787,71680,2.365057945251465
1530931378.4147356,72192,2.1260294914245605
1530931771.2097354,72704,-2.8730363845825195
1530932164.7878933,73216,0.19695714116096497
1530932556.7055085,73728,-2.0565168857574463
1530932950.529783,74240,1.0755358934402466
1530958326.1194584,75264,0.4146168828010559
1530958712.0801072,75776,-2.8143367767333984
1530959097.650984,76288,1.7708165645599365
1530959484.3571136,76800,1.0898768901824951
1530959870.9946067,77312,2.350269317626953
1530960257.3869405,77824,3.316850185394287
1530960644.455747,78336,-0.7735811471939087
1530961030.4900947,78848,2.605013132095337
1530961417.7143276,79360,1.915879487991333
1530961804.8990152,79872,-1.0480238199234009
1530962192.1685104,80384,1.068901777267456
1530962579.4459667,80896,-0.7086848616600037
1530962964.6135948,81408,-0.33486509323120117
1530963352.0846426,81920,3.9423675537109375
1530963737.6149218,82432,1.3577525615692139
1530964124.5839899,82944,1.3101600408554077
1530964511.4816346,83456,-1.322107195854187
1530964898.757083,83968,-0.020898720249533653
1530965285.0577044,84480,-0.5811440944671631
1530965671.797431,84992,0.3971109688282013
1530967971.0984454,86016,1.6916685104370117
1530968357.0033817,86528,-4.516604900360107
1530968741.3079507,87040,-0.6822959184646606
1530969126.6397932,87552,-0.8238523602485657
1530969512.2610483,88064,4.477833271026611
1530969896.9029899,88576,3.6548595428466797
1530970282.422783,89088,1.7728395462036133
1530970669.4293864,89600,1.19230318069458
1530971054.323005,90112,0.4066787362098694
1530971439.1273508,90624,1.2226626873016357
1530971824.5079327,91136,-1.122015118598938
1530972210.77021,91648,-1.9715725183486938
1530972596.3032138,92160,4.079312324523926
1530972982.1121435,92672,4.2145256996154785
1530973368.746777,93184,-0.24747765064239502
1530973755.7209034,93696,2.5122718811035156
1530974142.1388655,94208,-0.22231188416481018
1530974528.2878242,94720,-1.1570463180541992
1530974916.9272423,95232,-0.6533918380737305
1530975303.7976778,95744,-2.2305140495300293
1530975691.122412,96256,2.130046844482422
1530976080.1289222,96768,2.990041732788086
1530976467.7953181,97280,-0.7203532457351685
