wall_time,step,value
1531088644.4087906,512,128.9703369140625
1531088922.988672,1024,174.8739013671875
1531089204.0158157,1536,231.27288818359375
1531089482.8794248,2048,131.88018798828125
1531089761.234796,2560,137.88967895507812
1531090041.495718,3072,134.8357391357422
1531090320.3000393,3584,166.9883270263672
1531090599.3208606,4096,155.76162719726562
1531090878.0967577,4608,139.55575561523438
1531091158.8225753,5120,137.62686157226562
1531091438.5337076,5632,116.68488311767578
1531091718.572464,6144,105.72358703613281
1531091998.4262724,6656,93.19090270996094
1531092277.9844613,7168,105.37102508544922
1531092558.6135085,7680,104.92491149902344
1531092838.2875516,8192,94.20692443847656
1531093117.8313043,8704,88.12149047851562
1531093397.9503856,9216,71.43119812011719
1531093677.6802292,9728,79.9440689086914
1531093958.8910866,10240,75.43106079101562
1531094238.1809752,10752,61.76873779296875
1531094518.94427,11264,66.61820983886719
1531094799.324356,11776,66.5450439453125
1531095080.069414,12288,57.80935287475586
1531095360.1507273,12800,61.479698181152344
1531095640.4160051,13312,49.71242904663086
1531095920.7777376,13824,57.174720764160156
1531096201.4694848,14336,55.81752014160156
1531096482.8564677,14848,55.124916076660156
1531096762.0749712,15360,34.14030456542969
1531097042.4380813,15872,36.231597900390625
1531097323.4934523,16384,40.161216735839844
1531097604.5404432,16896,43.8615608215332
1531097884.9114237,17408,53.18085861206055
1531098164.6735017,17920,54.51758575439453
1531098446.5893197,18432,40.72075653076172
1531098728.760451,18944,26.454139709472656
1531099009.256484,19456,30.08579444885254
1531099290.9708707,19968,20.055227279663086
1531099573.4622674,20480,56.821495056152344
1531099853.542827,20992,46.024024963378906
1531100135.1646235,21504,45.29338455200195
1531100416.5372686,22016,40.232479095458984
1531100698.3476999,22528,8.535778045654297
1531100979.2831266,23040,25.829174041748047
1531101262.4160993,23552,34.80680465698242
1531101543.3122373,24064,39.739803314208984
1531101825.3115232,24576,34.30536651611328
1531102106.5190253,25088,27.186553955078125
1531102388.491684,25600,32.624290466308594
1531102670.2963595,26112,31.268604278564453
1531102951.7502208,26624,35.55099868774414
1531103233.4822826,27136,30.24518394470215
1531103515.2511823,27648,44.52989196777344
1531103796.7377634,28160,19.105632781982422
1531104079.364841,28672,34.15144348144531
1531104360.2167935,29184,33.23815155029297
1531104642.489592,29696,30.500125885009766
1531104925.3457975,30208,21.943267822265625
1531105206.4009144,30720,16.900306701660156
1531105488.9913092,31232,15.38134765625
1531105770.0337486,31744,17.25991439819336
1531106051.4254951,32256,27.49402618408203
1531106333.974216,32768,36.449378967285156
1531106616.967163,33280,30.142610549926758
1531106898.2077835,33792,26.27981185913086
1531107179.9471505,34304,-48.199302673339844
1531107461.6111507,34816,-11.66914176940918
1531107743.1680946,35328,-141.05584716796875
1531108024.893391,35840,69.05220031738281
1531108306.3964243,36352,-97.67591857910156
1531108588.6379888,36864,81.72689056396484
1531108870.2572117,37376,128.83123779296875
1531109153.7896826,37888,25.839202880859375
1531109436.6497586,38400,-76.38457489013672
1531314792.032815,39424,8.660689353942871
1531315066.8098276,39936,-56.33922576904297
1531315341.3356366,40448,64.26737976074219
1531315615.281575,40960,34.14971160888672
1531315892.097508,41472,-125.38406372070312
1531316167.3310707,41984,-202.94247436523438
1531316442.6224535,42496,183.50732421875
1531316717.6970394,43008,105.92515563964844
1531316992.5818446,43520,269.24310302734375
1531317269.4460812,44032,-16.97618865966797
1531317545.9749818,44544,-35.34733963012695
1531317821.9565988,45056,221.29965209960938
1531318098.113307,45568,-140.9895782470703
1531318374.4578934,46080,122.9252700805664
1531318650.778484,46592,181.20083618164062
1531318927.2726374,47104,-106.58616638183594
1531319204.0694442,47616,41.765235900878906
1531319480.6237044,48128,248.3391571044922
1531319758.5447528,48640,-252.03526306152344
1531320034.5589232,49152,-67.34719848632812
1531320310.8201413,49664,-117.40958404541016
1531341732.7034416,50688,17.472639083862305
1531342008.79166,51200,172.73666381835938
1531342285.0178385,51712,52.32808303833008
1531342560.9634333,52224,47.845970153808594
1531342837.954212,52736,-71.7054443359375
1531343115.1723285,53248,-64.896728515625
1531343390.7477818,53760,-51.16807174682617
1531343667.3001375,54272,71.62178802490234
1531343943.796503,54784,-27.768220901489258
1531344221.362777,55296,94.5599136352539
1531344496.7754369,55808,-46.66581726074219
1531344772.1917572,56320,151.433349609375
1531345049.10562,56832,14.881613731384277
1531345325.0200045,57344,-158.73292541503906
1531345602.1617572,57856,189.71450805664062
1531345878.4190853,58368,95.90069580078125
1531346154.094108,58880,-252.66427612304688
1531346429.9050236,59392,50.32645797729492
1531346705.7824502,59904,125.35472106933594
1531346982.3920286,60416,-151.77903747558594
1531347258.5515864,60928,-192.920654296875
1531347534.431842,61440,-50.81462860107422
1531347811.469341,61952,-66.99752807617188
1531348088.4557767,62464,182.90228271484375
1531348365.4225383,62976,23.910615921020508
1531348643.346138,63488,-201.7613525390625
1531348921.0933762,64000,60.250579833984375
1531349198.0659468,64512,-137.77957153320312
1531349475.1381183,65024,194.01544189453125
1531349753.7432597,65536,-119.51814270019531
1531350032.8734047,66048,-90.27510070800781
1531350311.5376298,66560,-72.29905700683594
1531350589.1933422,67072,76.41028594970703
1531350868.12695,67584,-69.44264221191406
1531351146.179191,68096,87.0079345703125
1531351423.7988899,68608,207.88900756835938
1531351702.9112031,69120,-119.15535736083984
1531352745.8287554,70144,54.37968444824219
1531353020.232995,70656,120.10208129882812
1531353295.9438415,71168,-73.5141372680664
1531353572.0911403,71680,18.993976593017578
1531353849.2074065,72192,-238.30690002441406
1531354125.8226624,72704,-286.10992431640625
1531354403.0881572,73216,355.4532470703125
1531354679.7291093,73728,410.32159423828125
1531354957.1200736,74240,-257.86944580078125
1531355233.8251014,74752,-52.737144470214844
1531355509.4253612,75264,33.5766487121582
1531355786.5038462,75776,7.2815423011779785
1531356063.3484974,76288,-131.09219360351562
1531356340.7052958,76800,182.06092834472656
1531356617.1229024,77312,214.83792114257812
1531356893.5331864,77824,-133.75860595703125
1531357169.4782665,78336,68.20565795898438
1531357447.3266659,78848,-279.0567626953125
1531357725.4512794,79360,55.11116027832031
1531358002.0089252,79872,-172.79185485839844
1531358280.409493,80384,115.50823974609375
1531358557.633911,80896,-256.152099609375
1531358834.7168934,81408,88.88240051269531
1531359112.8859766,81920,-108.12680053710938
1531359389.9625192,82432,108.19581604003906
1531359667.3705616,82944,-149.91250610351562
1531359946.304018,83456,-215.77139282226562
1531360223.6280997,83968,-251.93130493164062
1531360500.7163777,84480,-236.12075805664062
1531360779.2521973,84992,281.2242736816406
1531361055.876965,85504,-6.459566116333008
1531361333.3219323,86016,270.48992919921875
1531361610.6128945,86528,-318.8956298828125
1531361889.572209,87040,-245.25021362304688
1531362167.586788,87552,77.70027160644531
1531362446.59562,88064,278.1759033203125
1531362724.7157962,88576,345.9493408203125
1531363002.7130067,89088,201.91921997070312
1531363280.7913299,89600,-378.1238098144531
1531363558.746793,90112,15.71818733215332
1531363836.4972458,90624,-199.43490600585938
1531364114.2069151,91136,163.9300537109375
1531364392.6989217,91648,267.2532958984375
1531364670.1696053,92160,295.89697265625
1531364948.1953142,92672,253.4246368408203
1531365227.6057007,93184,-102.32605743408203
1531365504.9057336,93696,-213.59942626953125
1531365782.1646001,94208,188.2187957763672
1531366059.8003452,94720,345.98834228515625
1531366338.660382,95232,12.616053581237793
1531366616.9180024,95744,-192.0771484375
1531366894.444594,96256,-33.15955352783203
1531367172.839844,96768,124.49420166015625
1531367450.8576422,97280,300.5813903808594
