wall_time,step,value
1532211835.844858,512,49.777442932128906
1532212902.6640596,1024,0.43771785497665405
1532213965.1221545,1536,-0.6658100485801697
1532215016.808246,2048,8.326923370361328
1532216066.5280282,2560,2.9893388748168945
1532217119.5284595,3072,1.9260526895523071
1532218159.1825743,3584,2.1195826530456543
1532219192.8400283,4096,4.983487129211426
1532220227.5581698,4608,1.13008451461792
1532221262.0250633,5120,2.3494081497192383
1532222294.0847907,5632,4.635888576507568
1532223326.9756246,6144,7.233317852020264
1532224358.7021954,6656,6.624261379241943
1532225389.581817,7168,4.673261642456055
1532226419.0129468,7680,6.697636604309082
1532227451.9571564,8192,6.73890495300293
1532228482.315992,8704,5.7958903312683105
1532229519.065823,9216,3.1106295585632324
1532230553.6473858,9728,4.348056793212891
1532231592.3109717,10240,0.9319368600845337
1532232631.2789192,10752,5.779808044433594
1532233670.5502968,11264,6.890818119049072
1532234707.8423347,11776,4.970444679260254
1532235743.7454927,12288,5.858185768127441
1532236780.4880965,12800,3.6138968467712402
1532237819.1036024,13312,3.3041062355041504
1532238856.869159,13824,5.5182905197143555
1532239892.8128107,14336,3.6717123985290527
1532240928.6561606,14848,2.829662322998047
1532241968.4734445,15360,1.5949516296386719
1532243010.5796466,15872,1.669154405593872
1532244053.1014898,16384,4.391749858856201
1532245094.8648496,16896,0.5337165594100952
1532246131.426584,17408,6.256504058837891
1532247168.944183,17920,3.8282275199890137
1532248206.723506,18432,3.4115638732910156
1532249246.896603,18944,4.218229293823242
1532250288.4563456,19456,3.369133710861206
1532251324.7493966,19968,4.424023628234863
1532252365.6812773,20480,3.459585666656494
1532253407.885968,20992,3.135437488555908
1532254445.4346404,21504,2.2487082481384277
1532255487.1327593,22016,2.9423584938049316
1532256526.9234774,22528,1.6158360242843628
1532257565.359028,23040,1.127074122428894
1532258605.3483467,23552,1.885132074356079
1532259645.7098868,24064,0.15120232105255127
1532260690.185323,24576,2.1341123580932617
1532261732.5866015,25088,3.6385979652404785
1532262776.7745848,25600,1.909021019935608
1532263816.169713,26112,-0.6768584847450256
1532264860.2795498,26624,3.2014482021331787
1532265902.3509958,27136,1.9113059043884277
1532266946.4710054,27648,2.790421962738037
1532267990.4375546,28160,1.0800764560699463
1532269033.3374324,28672,6.631845951080322
1532270079.2880995,29184,3.991564989089966
1532271124.1401296,29696,3.042962074279785
1532272166.0315447,30208,-0.660247802734375
1532273211.2966135,30720,5.15772008895874
1532274258.2336159,31232,3.947328567504883
1532275303.8052523,31744,5.765331268310547
1532276348.0623565,32256,1.7359209060668945
1532277392.7904198,32768,4.827984809875488
1532278435.0134459,33280,6.744389533996582
1532279480.1359391,33792,1.400362253189087
1532307913.1835148,34304,3.744645357131958
1532308955.471007,34816,0.14519581198692322
1532310002.8966832,35328,6.976922512054443
1532311046.666798,35840,1.8274226188659668
1532312093.4499738,36352,-0.27633512020111084
1532313138.278634,36864,6.718023300170898
1532385029.7338338,37888,3.718297243118286
1532386072.362616,38400,-3.1755177974700928
1532387117.2527976,38912,2.830829620361328
1532388164.2880933,39424,2.6832122802734375
1532389210.6588192,39936,3.5383358001708984
1532390256.3059747,40448,2.2459306716918945
1532391299.3045247,40960,-1.5746352672576904
1532392345.5743363,41472,4.0433549880981445
1532393393.071727,41984,-0.4552718997001648
1532394438.2029018,42496,-0.26304590702056885
1532395484.6360059,43008,3.2673377990722656
1532396531.7477014,43520,-1.7278902530670166
1532397576.8105896,44032,0.10420588403940201
1532398622.457974,44544,-1.8721020221710205
1532399668.1244943,45056,-0.27759286761283875
1532400714.6357448,45568,1.087921380996704
1532401761.3923213,46080,3.024406909942627
1532402808.208273,46592,-1.4651055335998535
1532403856.7498562,47104,-0.17667487263679504
1532404908.4012315,47616,-2.7552695274353027
1532405956.2833855,48128,2.8420729637145996
1532407007.6723514,48640,0.07191064953804016
1532408056.4300497,49152,-2.3113818168640137
1532409105.3134968,49664,0.9001384377479553
1532410153.4209104,50176,1.678285837173462
1532411201.9594812,50688,-2.250713586807251
1532412251.6114864,51200,-0.7865111827850342
1532413303.2299335,51712,0.4168165326118469
1532414353.1584365,52224,-1.3152213096618652
1532415405.3690794,52736,3.7018041610717773
1532416456.3886178,53248,-1.191414713859558
1532417503.3011353,53760,-1.320530652999878
1532418554.292904,54272,-0.7212214469909668
1532419604.4479187,54784,3.250890016555786
1532420654.0977507,55296,-3.1051881313323975
1532421707.558549,55808,5.261752128601074
1532422757.604635,56320,-1.351249098777771
1532423807.2984772,56832,0.5191917419433594
1532424855.4097874,57344,1.314592957496643
1532425902.749055,57856,0.8530793190002441
1532426948.5521817,58368,2.18104887008667
1532427999.8453248,58880,-0.5472756624221802
1532429053.250141,59392,-1.512664556503296
1532430105.757364,59904,1.7881556749343872
1532431159.8845873,60416,0.2915181815624237
1532432213.597787,60928,3.7620255947113037
1532433266.7716246,61440,3.6965994834899902
1532434315.7554984,61952,-1.3323073387145996
1532435368.7119966,62464,0.46410903334617615
1532436423.7684162,62976,1.5638039112091064
1532437477.9097018,63488,-2.0407848358154297
1532438528.7609658,64000,1.8929991722106934
1532439583.854934,64512,-0.572540283203125
1532440636.619084,65024,5.503074645996094
1532441690.9774017,65536,-2.5379552841186523
1532442746.778201,66048,-0.32444000244140625
1532443800.6281633,66560,0.06778772920370102
1532444854.0340984,67072,3.451630115509033
1532445908.4415615,67584,-0.6301064491271973
1532446964.1046288,68096,-0.9971225261688232
1532448016.5187657,68608,2.8036248683929443
1532449068.936284,69120,2.385976791381836
1532450123.8630574,69632,4.359907150268555
1532451177.8021765,70144,-3.608121871948242
1532452232.2836428,70656,-1.9480496644973755
1532453282.7835157,71168,-1.2489216327667236
1532471927.3936546,71680,0.5156249403953552
1532472975.102633,72192,1.7706235647201538
1532474021.978157,72704,-0.20597323775291443
1532475069.36011,73216,-3.5616259574890137
1532476117.9002562,73728,-0.4297088384628296
1532477166.9439814,74240,1.592958927154541
1532478218.3607237,74752,-1.053605318069458
1532479270.0369678,75264,2.2974612712860107
1532480320.8068557,75776,-6.764467716217041
1532481369.3628716,76288,-2.9684510231018066
1532482418.9143426,76800,-3.7653932571411133
1532483471.5499358,77312,-0.3115686774253845
1532484520.0422404,77824,-1.6270744800567627
1532485572.129884,78336,4.319328784942627
1532486622.8585167,78848,2.8560969829559326
1532487672.650323,79360,1.0985795259475708
1532488726.6069796,79872,-1.3592147827148438
1532489776.6824965,80384,-1.9457330703735352
1532490832.5102866,80896,2.231672763824463
1532491885.5122783,81408,3.082414388656616
1532492936.4017105,81920,-1.7062166929244995
1532493986.8332822,82432,1.849426031112671
1532495041.4477994,82944,-2.9387078285217285
1532496097.292273,83456,2.0615434646606445
1532497150.041841,83968,0.7021095156669617
1532498203.5028722,84480,-3.191645622253418
1532499257.6514509,84992,2.277759075164795
1532500311.8473227,85504,-3.510828971862793
1532501363.5124626,86016,-3.802581310272217
1532502417.54043,86528,2.5464255809783936
1532503468.1583047,87040,-2.5598490238189697
1532504518.911394,87552,3.925935745239258
1532505568.0424647,88064,-4.149788856506348
1532506620.5021336,88576,-0.3005128502845764
1532507672.8142865,89088,1.797938585281372
1532508728.1065853,89600,1.1113581657409668
1532509781.076522,90112,-3.7164175510406494
1532510834.4277186,90624,-0.10169516503810883
1532511888.9685097,91136,2.382662296295166
1532512943.9951372,91648,0.9392706155776978
1532513998.4543362,92160,1.7892900705337524
1532515054.6514955,92672,-0.21693095564842224
1532516108.4031086,93184,-2.0162546634674072
1532517162.2497342,93696,-0.9181820750236511
1532518217.663987,94208,-7.464273452758789
1532519269.4996157,94720,-2.812161684036255
1532520324.8195503,95232,-2.131452798843384
1532521379.5151515,95744,-3.2057974338531494
1532522437.539155,96256,-1.3450533151626587
1532523495.0685275,96768,0.1946183294057846
1532524548.9572194,97280,-2.6510238647460938
