wall_time,step,value
1534045190.7036324,128,101.94169616699219
1534045860.2716064,256,73.69495391845703
1534046529.685711,384,70.84244537353516
1534047199.0763981,512,70.79949951171875
1534048811.418864,640,64.64356231689453
1534049480.898762,768,71.13363647460938
1534050150.3226361,896,71.44940185546875
1534050819.7196765,1024,75.05339050292969
1534052496.8778036,1152,71.56483459472656
1534053166.1433113,1280,68.516357421875
1534053835.455751,1408,67.76353454589844
1534054504.5976138,1536,70.50718688964844
1534056244.0902765,1664,67.81773376464844
1534056913.4687114,1792,65.76429748535156
1534057582.7849681,1920,68.3526611328125
1534058252.1526158,2048,65.71405029296875
1534059969.594278,2176,65.92227172851562
1534060638.8631916,2304,64.32859802246094
1534061308.2152271,2432,63.93003845214844
1534061977.5086749,2560,62.8984375
1534063602.361512,2688,63.7554817199707
1534064271.492692,2816,62.499488830566406
1534064940.4857094,2944,62.65684509277344
1534065609.530896,3072,63.0567741394043
1534067265.7407537,3200,63.52481460571289
1534067934.4394188,3328,63.42340087890625
1534068603.0658214,3456,65.36328125
1534069271.805267,3584,62.70387649536133
1534070943.1640491,3712,65.04148864746094
1534071612.3801963,3840,65.69608306884766
1534072281.4804063,3968,63.58537292480469
1534072950.284122,4096,69.30806732177734
1534074603.4778867,4224,69.67393493652344
1534075272.7672567,4352,70.44951629638672
1534075942.060536,4480,69.58351135253906
1534076611.439028,4608,70.74588012695312
1534078242.4154568,4736,69.28099060058594
1534078911.9374428,4864,71.52922058105469
1534079581.4760346,4992,71.26179504394531
1534080250.884657,5120,69.5430679321289
1534081865.7045033,5248,71.41970825195312
1534082534.63038,5376,72.56564331054688
1534083203.8592284,5504,68.81895446777344
1534083873.344992,5632,71.93455505371094
1534085504.0890448,5760,74.88985443115234
1534086173.4290924,5888,75.10015106201172
1534086843.0250714,6016,79.22848510742188
1534087512.6155217,6144,73.07164764404297
1534089127.618836,6272,76.97081756591797
1534089796.9697716,6400,76.44873809814453
1534090466.331546,6528,78.04214477539062
1534091135.6487913,6656,78.56639862060547
1534092756.9949937,6784,77.55428314208984
1534093426.3749373,6912,76.70587921142578
1534094095.850038,7040,78.40690612792969
1534094765.1876895,7168,78.99992370605469
