wall_time,step,value
1530471111.3447685,128,80.36006927490234
1530471167.3013244,256,20.236793518066406
1530471223.362598,384,16.122833251953125
1530471279.494752,512,13.358772277832031
1530471394.7026792,640,13.612306594848633
1530471450.7784681,768,14.90245532989502
1530471507.0395985,896,15.838990211486816
1530471563.2743695,1024,12.386101722717285
1530471676.9809222,1152,13.05396556854248
1530471733.1487663,1280,12.141667366027832
1530471789.3466177,1408,12.701247215270996
1530471845.5495791,1536,13.487123489379883
1530471961.993739,1664,13.113198280334473
1530472018.1831992,1792,12.228544235229492
1530472074.3773386,1920,11.943656921386719
1530472130.6621695,2048,10.001408576965332
1530472244.9369652,2176,11.82336139678955
1530472301.050657,2304,10.218110084533691
1530472357.3288288,2432,12.006621360778809
1530472413.528308,2560,12.058623313903809
1530472526.9316282,2688,10.074297904968262
1530472583.1161516,2816,11.785303115844727
1530472639.3131087,2944,11.824352264404297
1530472695.5178607,3072,12.026687622070312
1530472809.694449,3200,10.459549903869629
1530472865.7828045,3328,11.006017684936523
1530472921.9348948,3456,12.777397155761719
1530472978.1129398,3584,11.161694526672363
1530473092.5395956,3712,10.941011428833008
1530473148.684007,3840,11.580843925476074
1530473204.9408264,3968,11.901998519897461
1530473261.090134,4096,10.982919692993164
1530473374.7912745,4224,10.653322219848633
1530473430.906195,4352,11.936305046081543
1530473487.0706372,4480,13.76327896118164
1530473543.3024619,4608,11.349393844604492
1530473658.0910366,4736,11.518318176269531
1530473714.1337261,4864,11.449824333190918
1530473770.4138246,4992,11.718822479248047
1530473826.5460455,5120,12.332195281982422
1530473941.2716036,5248,10.200021743774414
1530473997.2815475,5376,10.592391014099121
1530474053.5464575,5504,10.90676498413086
1530474109.6664057,5632,11.698092460632324
1530474225.3252983,5760,12.258315086364746
1530474281.3515909,5888,12.41635799407959
1530474337.4786193,6016,10.082447052001953
1530474393.6720755,6144,12.678582191467285
1530474508.092328,6272,11.184971809387207
1530474564.1600227,6400,11.609583854675293
1530474620.3930426,6528,10.041833877563477
1530474676.51814,6656,10.838431358337402
1530474791.4117548,6784,11.314788818359375
1530474847.4186726,6912,12.664331436157227
1530474903.7047012,7040,10.831005096435547
1530474959.9765987,7168,10.58365535736084
1530475074.4843655,7296,10.60952377319336
1530475130.6157918,7424,11.038341522216797
1530475186.8611639,7552,10.276241302490234
1530475243.0035598,7680,10.070067405700684
1530475357.0081224,7808,10.386899948120117
1530475413.1749644,7936,10.206979751586914
1530475469.3913178,8064,10.164788246154785
1530475525.6004236,8192,11.679197311401367
1530475639.2494876,8320,11.068875312805176
1530475695.3814995,8448,10.376587867736816
1530475751.5824258,8576,10.925559043884277
1530475807.7721636,8704,10.36176586151123
1530475920.95369,8832,10.985027313232422
1530475977.0392666,8960,10.210617065429688
1530476033.1754985,9088,11.313652038574219
1530476089.3800466,9216,10.880657196044922
1530476203.6481214,9344,10.35573673248291
1530476259.7688835,9472,10.312216758728027
1530476315.9182625,9600,10.148337364196777
1530476371.998896,9728,9.992192268371582
1530476486.5418441,9856,10.10286808013916
1530476542.7848916,9984,10.66937255859375
1530476598.8991203,10112,10.007779121398926
1530476655.1752667,10240,10.184144973754883
1530476769.02826,10368,10.133431434631348
1530476825.1031127,10496,10.815820693969727
1530476881.3415582,10624,10.68088436126709
1530476937.5018547,10752,10.496565818786621
1530477050.4576006,10880,10.231139183044434
1530477106.5239816,11008,10.520334243774414
1530477162.6733725,11136,10.30213737487793
1530477218.9202063,11264,9.728549003601074
1530477332.5958328,11392,10.210023880004883
1530477388.7242274,11520,10.810713768005371
1530477444.9780295,11648,11.13248062133789
1530477501.1399436,11776,10.460466384887695
1530477614.872848,11904,10.10523509979248
1530477671.0165353,12032,11.95017147064209
1530477727.1816409,12160,13.224534034729004
1530477783.4220676,12288,10.663604736328125
1530477896.669802,12416,10.11005973815918
1530477952.6929998,12544,12.118682861328125
1530478008.9195943,12672,10.389695167541504
1530478065.112649,12800,9.75058364868164
1530478178.1720004,12928,10.262007713317871
1530478234.3117337,13056,12.555474281311035
1530478290.5585845,13184,10.164525985717773
1530478346.781484,13312,11.435480117797852
1530478458.520756,13440,11.008551597595215
1530478514.6145859,13568,10.205912590026855
1530478570.8262792,13696,10.722713470458984
1530478626.9812484,13824,11.125021934509277
1530478740.5041647,13952,12.822966575622559
1530478796.5137265,14080,11.382781028747559
1530478852.7547686,14208,10.807908058166504
1530478908.927476,14336,10.031440734863281
1530479023.053268,14464,11.016830444335938
1530479079.2540338,14592,10.984355926513672
1530479135.5010493,14720,10.848955154418945
1530479191.7162957,14848,11.205085754394531
1530479304.4937487,14976,10.391077995300293
1530479360.6122997,15104,9.386507987976074
1530479416.8448572,15232,10.991366386413574
1530479473.0158896,15360,9.910510063171387
1530479587.5321963,15488,10.160307884216309
1530479643.792023,15616,10.092860221862793
1530479700.058149,15744,10.370614051818848
1530479756.3180172,15872,10.344682693481445
1530479869.9811637,16000,11.028486251831055
1530479926.2163322,16128,10.912919044494629
1530479982.524463,16256,10.520125389099121
1530480038.7837427,16384,11.221959114074707
1530480151.6858106,16512,9.72237777709961
1530480207.9465365,16640,9.495654106140137
1530480264.238974,16768,11.21452808380127
1530480320.549901,16896,9.734042167663574
1530480433.3502922,17024,13.617207527160645
1530480489.5951183,17152,10.996813774108887
1530480545.817132,17280,10.491572380065918
1530480602.1616201,17408,10.19915771484375
1530480715.9334373,17536,9.820348739624023
1530480772.210189,17664,10.460256576538086
1530480828.5670896,17792,10.91192626953125
1530480884.8199608,17920,10.192472457885742
1530480997.9533257,18048,11.238973617553711
1530481054.2496135,18176,9.991103172302246
1530481110.600657,18304,9.8167142868042
1530481166.849921,18432,10.301138877868652
1530481279.2639341,18560,10.385986328125
1530481335.6241798,18688,10.066731452941895
1530481391.8804028,18816,10.138676643371582
1530481448.151737,18944,9.703373908996582
1530481559.711187,19072,10.085335731506348
1530481616.0681717,19200,11.024408340454102
1530481672.3992555,19328,9.653485298156738
1530481728.6737816,19456,9.589208602905273
1530481841.603967,19584,9.96666431427002
1530481898.0293722,19712,9.892943382263184
1530481954.2745926,19840,9.646086692810059
1530482010.5430586,19968,10.428457260131836
1530482123.2169945,20096,9.892243385314941
1530482179.4818888,20224,9.862820625305176
1530482235.8469052,20352,11.323234558105469
1530482292.1575398,20480,10.56560230255127
1530482405.4791164,20608,10.422987937927246
1530482461.7783618,20736,10.726584434509277
1530482518.1237853,20864,11.283600807189941
1530482574.4659348,20992,10.10196590423584
1530482687.7440996,21120,9.984392166137695
1530482744.0351293,21248,10.481026649475098
1530482800.3942027,21376,10.87959098815918
1530482856.7011034,21504,11.947630882263184
1530482970.906724,21632,9.999786376953125
1530483027.1652067,21760,11.064339637756348
1530483083.5245438,21888,9.947360038757324
1530483139.8366635,22016,9.868947982788086
1530483252.7000852,22144,9.5941162109375
1530483309.0387383,22272,10.029684066772461
1530483365.3434634,22400,9.668767929077148
1530483421.6377418,22528,9.770179748535156
1530483535.1610312,22656,9.811420440673828
1530483591.5602612,22784,10.499381065368652
1530483647.932987,22912,10.105429649353027
1530483704.3740582,23040,9.735884666442871
1530483817.398761,23168,10.832175254821777
1530483873.7992167,23296,10.219508171081543
1530483930.1237793,23424,10.391185760498047
1530483986.5097818,23552,9.898459434509277
1530484100.855583,23680,9.93744945526123
1530484157.2232363,23808,10.483099937438965
1530484213.6439593,23936,10.859935760498047
1530484269.9730477,24064,11.079578399658203
1530484383.1768243,24192,10.054094314575195
1530484439.6169627,24320,10.636432647705078
1530484495.9475136,24448,9.253189086914062
1530484552.4007964,24576,9.572047233581543
1530484666.6264567,24704,10.39251708984375
1530484722.9698994,24832,9.855613708496094
1530484779.2992504,24960,11.076818466186523
1530484835.5737014,25088,9.73510456085205
1530484950.0825598,25216,9.767646789550781
1530485006.40658,25344,9.843174934387207
1530485062.7957716,25472,9.75156021118164
1530485119.105429,25600,10.380535125732422
1530485232.5672376,25728,9.808648109436035
1530485288.9674065,25856,9.254573822021484
1530485345.330382,25984,10.787087440490723
1530485401.6689935,26112,10.590376853942871
1530485516.039838,26240,10.656113624572754
1530485572.3755717,26368,9.730931282043457
1530485628.7023122,26496,9.27595329284668
1530485685.0805993,26624,9.99931812286377
1530485798.506618,26752,9.8399658203125
1530485854.826075,26880,10.563802719116211
1530485911.2422025,27008,10.487722396850586
1530485967.7458854,27136,10.721149444580078
1530486082.4890249,27264,10.656866073608398
1530486138.8593218,27392,9.992316246032715
1530486195.2475832,27520,9.34005355834961
1530486251.6225817,27648,10.902636528015137
1530486364.7241685,27776,9.36075210571289
1530486421.1091516,27904,9.757543563842773
1530486477.4498034,28032,9.704846382141113
1530486533.9252806,28160,10.341504096984863
1530486647.8099148,28288,10.233278274536133
1530486704.1465893,28416,10.161357879638672
1530486760.5599484,28544,9.729592323303223
1530486816.9163733,28672,9.606362342834473
1530486932.3851743,28800,10.401349067687988
1530486988.781143,28928,9.5160551071167
1530487045.221384,29056,10.885342597961426
1530487101.5930884,29184,9.99210262298584
1530487215.1300938,29312,10.691044807434082
1530487271.57428,29440,10.29001235961914
1530487327.9098396,29568,10.053570747375488
1530487384.2896068,29696,9.286184310913086
1530487498.8349214,29824,9.47722053527832
1530487555.208147,29952,10.734700202941895
1530487611.6949399,30080,10.892484664916992
1530487668.061792,30208,10.581201553344727
1530487783.6419888,30336,9.915855407714844
1530487840.0091016,30464,9.463550567626953
1530487896.4008899,30592,10.43281364440918
1530487952.7554886,30720,9.05724811553955
1530488067.1092007,30848,10.889371871948242
1530488123.4689436,30976,10.41894817352295
1530488179.9015074,31104,9.795570373535156
1530488236.3679798,31232,9.646323204040527
1530488351.288233,31360,10.547579765319824
1530488407.684928,31488,9.817275047302246
1530488464.0675025,31616,9.520094871520996
1530488520.366625,31744,9.501053810119629
1530488634.5965621,31872,10.429526329040527
1530488690.9549072,32000,10.221335411071777
1530488747.3448555,32128,10.088048934936523
1530488803.723884,32256,11.298187255859375
1530488919.3976479,32384,10.354948043823242
1530488975.7747684,32512,10.033312797546387
1530489032.2083223,32640,10.031861305236816
1530489088.6700435,32768,10.175375938415527
1530489204.6399467,32896,10.129877090454102
1530489260.9807568,33024,11.17371654510498
1530489317.3825755,33152,9.59423542022705
1530489373.8452938,33280,10.364706993103027
1530489489.1209044,33408,10.49299144744873
1530489545.579389,33536,9.801145553588867
1530489601.9892282,33664,9.931053161621094
1530489658.421445,33792,9.47236156463623
1530489773.1738229,33920,9.875605583190918
1530489829.3864055,34048,11.189780235290527
1530489885.799522,34176,10.036484718322754
1530489942.2092965,34304,10.574600219726562
1530490056.5799131,34432,9.906283378601074
1530490112.887673,34560,10.645501136779785
1530490169.1906736,34688,9.326034545898438
1530490225.4807813,34816,9.679502487182617
1530490340.254209,34944,9.9152250289917
1530490396.5037477,35072,10.315210342407227
1530490452.9547389,35200,10.04912281036377
1530490509.2691054,35328,10.650300979614258
1530490625.4771469,35456,10.053712844848633
1530490681.757438,35584,10.194588661193848
1530490738.1765378,35712,9.512375831604004
1530490794.525917,35840,10.847244262695312
1530490910.1568904,35968,9.603792190551758
1530490966.554781,36096,9.849641799926758
1530491022.8601704,36224,10.230692863464355
1530491079.2478335,36352,10.17003059387207
1530491194.0499747,36480,9.55440616607666
1530491250.4245796,36608,9.9210205078125
1530491306.8824058,36736,9.585882186889648
1530491363.1161654,36864,11.388320922851562
1530491477.6540074,36992,10.137563705444336
1530491534.0924382,37120,10.565930366516113
1530491590.4200206,37248,10.17132568359375
1530491646.8199716,37376,10.046089172363281
1530491760.6761627,37504,9.875020980834961
1530491817.0972843,37632,9.872784614562988
1530491873.4295557,37760,10.220757484436035
1530491929.7285802,37888,9.236664772033691
1530492045.5946753,38016,10.035053253173828
1530739900.4643776,38528,10.064462661743164
1530739956.6202686,38656,10.648896217346191
1530740012.9697185,38784,10.043403625488281
1530740069.266223,38912,9.863365173339844
1530740180.314199,39040,10.319372177124023
1530740236.5417721,39168,10.044977188110352
1530740292.8416812,39296,9.98954963684082
1530740349.1074438,39424,10.707697868347168
1530740459.1444628,39552,10.409804344177246
1530740515.383262,39680,9.480128288269043
1530740571.6139216,39808,10.301448822021484
1530740627.9179242,39936,9.73392105102539
1530740738.8609262,40064,10.429765701293945
1530740795.0621521,40192,9.502537727355957
1530740851.2842531,40320,9.978680610656738
1530740907.5647295,40448,11.019774436950684
1530741017.5991054,40576,10.380668640136719
1530741073.8286417,40704,9.772660255432129
1530741130.142712,40832,9.909947395324707
1530741186.3257039,40960,9.992196083068848
1530741297.242506,41088,11.238790512084961
1530741353.489375,41216,9.85391902923584
1530741409.8620849,41344,10.119240760803223
1530741466.1077716,41472,11.622475624084473
1530741577.2908206,41600,10.782727241516113
1530741633.5213845,41728,10.443432807922363
1530741689.8831792,41856,9.75156307220459
1530741746.15758,41984,9.790884971618652
1530741856.4047048,42112,8.967367172241211
1530741912.6974652,42240,10.820419311523438
1530741969.0200944,42368,9.840518951416016
1530742025.3413813,42496,11.417983055114746
1530742135.9688776,42624,9.836359024047852
1530742192.2545924,42752,9.745256423950195
1530742248.562018,42880,10.573877334594727
1530742304.9435642,43008,9.754688262939453
1530742415.4509044,43136,9.533770561218262
1530742471.7601907,43264,9.656783103942871
1530742528.0228179,43392,9.614999771118164
1530742584.465388,43520,9.956863403320312
1530742697.0255358,43648,9.625564575195312
1530742753.397925,43776,11.217782974243164
1530742809.6995957,43904,9.619248390197754
1530742866.0614629,44032,11.979726791381836
1530742978.5702322,44160,10.431425094604492
1530743034.820813,44288,9.491147994995117
1530743091.091671,44416,9.893444061279297
1530743147.4329674,44544,9.279508590698242
1530743258.8580797,44672,10.675434112548828
1530743315.278615,44800,9.61208724975586
1530743371.589801,44928,10.864130020141602
1530743427.9592235,45056,9.745916366577148
1530743539.7394402,45184,10.249002456665039
1530743596.0781207,45312,10.555404663085938
1530743652.3851433,45440,10.87728214263916
1530743708.7310264,45568,9.968476295471191
1530743821.0411022,45696,9.444725036621094
1530743877.530787,45824,9.415447235107422
1530743933.9687114,45952,9.858053207397461
1530743990.377649,46080,9.94595718383789
1530744103.776218,46208,9.9578218460083
1530744160.0768535,46336,9.225348472595215
1530744216.5266926,46464,10.899856567382812
1530744272.8198252,46592,9.998961448669434
1530744385.2545288,46720,9.833394050598145
1530744441.5702217,46848,10.010721206665039
1530744497.9771035,46976,10.648977279663086
1530744554.3475108,47104,10.131308555603027
1530744666.185566,47232,9.265729904174805
1530744722.5105984,47360,10.086653709411621
1530744778.821389,47488,9.737911224365234
1530744835.1475294,47616,9.314212799072266
1530744947.8220985,47744,10.595678329467773
1530745004.209065,47872,9.796464920043945
1530745060.5358455,48000,9.898338317871094
1530745116.8050513,48128,9.759931564331055
1530745229.039031,48256,10.436049461364746
1530745285.369333,48384,11.550118446350098
1530745341.7251515,48512,10.178901672363281
1530745398.0388741,48640,10.805476188659668
1530745509.4456108,48768,9.462968826293945
1530745565.7760932,48896,10.755727767944336
1530745622.1017513,49024,9.58887767791748
1530745678.540287,49152,9.808215141296387
1530745791.375998,49280,9.59525203704834
1530745847.791756,49408,10.49959659576416
1530745904.1129768,49536,9.778878211975098
1530745960.4549627,49664,9.998336791992188
1530746072.4118218,49792,9.641318321228027
1530746128.7705388,49920,10.275415420532227
1530746185.2204657,50048,9.939053535461426
1530746241.593596,50176,10.057637214660645
1530746355.0813437,50304,10.059496879577637
1530746411.5065994,50432,10.45816421508789
1530746467.9353123,50560,10.230732917785645
1530746524.269291,50688,9.312189102172852
1530746635.8885438,50816,9.756555557250977
1530746692.301211,50944,9.163869857788086
1530746748.6579583,51072,9.167651176452637
1530746804.9315047,51200,10.292981147766113
1530746917.0681777,51328,10.460216522216797
1530746973.5740004,51456,10.666169166564941
1530747030.0548778,51584,9.497963905334473
1530747086.4300175,51712,10.962453842163086
1530747199.027707,51840,9.629036903381348
1530747255.377247,51968,9.675085067749023
1530747311.7476025,52096,9.632164001464844
1530747368.0825598,52224,10.06932544708252
1530747480.8537276,52352,10.445574760437012
1530747537.0934577,52480,10.521345138549805
1530747593.622741,52608,9.753853797912598
1530747650.035037,52736,9.877851486206055
1530747762.9193563,52864,9.058606147766113
1530747819.2088177,52992,9.778280258178711
1530747875.67889,53120,10.0697603225708
1530747932.0467427,53248,10.483199119567871
1530748044.0750768,53376,9.968145370483398
1530748100.4053957,53504,9.368704795837402
1530748156.7291486,53632,10.07564926147461
1530748213.1191635,53760,10.178611755371094
1530748326.651781,53888,9.746294021606445
1530748383.1235507,54016,9.965453147888184
1530748439.468609,54144,10.442211151123047
1530748495.8111277,54272,11.00854778289795
1530748607.7841206,54400,9.549874305725098
1530748664.086848,54528,10.109552383422852
1530748720.4725952,54656,9.607853889465332
1530748776.752928,54784,9.488454818725586
1530748889.0401247,54912,9.504778861999512
1530748945.3677344,55040,9.649003028869629
1530749001.7451823,55168,10.289106369018555
1530749058.1543632,55296,11.241202354431152
1530749171.0660431,55424,9.856986045837402
1530749227.3575063,55552,10.405465126037598
1530749283.697581,55680,10.593246459960938
1530749340.026871,55808,9.858999252319336
1530749452.1431334,55936,9.823390007019043
1530749508.4726794,56064,9.31383228302002
1530749564.858216,56192,10.37502384185791
1530749621.2824447,56320,9.779511451721191
1530749733.9718075,56448,10.368900299072266
1530749790.3536797,56576,10.857059478759766
1530749846.7390525,56704,9.648702621459961
1530749903.0770686,56832,9.430950164794922
1530750015.9715438,56960,9.522594451904297
1530750072.4781597,57088,9.565438270568848
1530750128.8775122,57216,9.698959350585938
1530750185.1921935,57344,9.683791160583496
1530750298.646148,57472,9.367159843444824
1530750354.9725347,57600,9.520179748535156
1530750411.3999045,57728,10.460359573364258
1530750467.8098454,57856,9.396551132202148
1530750580.8958235,57984,9.688039779663086
1530750637.2034903,58112,11.062590599060059
1530750693.4641564,58240,10.711511611938477
1530750749.745033,58368,10.163390159606934
1530750863.365974,58496,9.983481407165527
1530750919.6956987,58624,10.0230131149292
1530750975.9864695,58752,9.560142517089844
1530751032.2919652,58880,10.55666446685791
1530751145.704464,59008,10.136191368103027
1530751201.9702702,59136,10.378994941711426
1530751258.2880297,59264,9.758573532104492
1530751314.4725409,59392,9.796167373657227
1530751426.254549,59520,9.961655616760254
1530751482.555575,59648,10.471839904785156
1530751538.815137,59776,9.916662216186523
1530751595.0747836,59904,10.28664493560791
1530751708.7520175,60032,10.032133102416992
1530751765.0153701,60160,9.941165924072266
1530751821.3099477,60288,10.02380657196045
1530751877.5192306,60416,10.223466873168945
1530751991.0441036,60544,9.291017532348633
1530752047.4291017,60672,9.942049980163574
1530752103.9324846,60800,9.985604286193848
1530752160.3495526,60928,10.034764289855957
1530752274.3293822,61056,9.164060592651367
1530752330.6176825,61184,10.063047409057617
1530752386.9649231,61312,9.304155349731445
1530752443.1392279,61440,9.727956771850586
1530752555.505493,61568,9.339000701904297
1530752611.7659779,61696,11.37543773651123
1530752668.0286355,61824,9.243182182312012
1530752724.3219743,61952,9.710087776184082
1530752836.4599345,62080,10.401684761047363
1530752892.7239099,62208,9.4635591506958
1530752949.0250266,62336,9.483621597290039
1530753005.3267617,62464,10.049138069152832
1530753119.5428562,62592,9.579065322875977
1530753175.7474625,62720,10.08338451385498
1530753232.0774765,62848,9.760908126831055
1530753288.4018145,62976,9.690030097961426
1530753400.7201695,63104,9.66919231414795
1530753456.998813,63232,9.794977188110352
1530753513.4842076,63360,9.886441230773926
1530753569.9271402,63488,10.039041519165039
1530753683.1637397,63616,10.453068733215332
1530753739.6670744,63744,10.072260856628418
1530753796.1115186,63872,10.091866493225098
1530753852.5468771,64000,10.511476516723633
1530753967.414045,64128,9.389219284057617
1530754023.7905605,64256,9.992051124572754
1530754080.151693,64384,9.735730171203613
1530754136.6316538,64512,10.2210054397583
1530754250.2330608,64640,10.388877868652344
1530754306.544198,64768,10.434562683105469
1530754362.8863924,64896,10.337113380432129
1530754419.273506,65024,10.234663963317871
1530754533.3303792,65152,9.71337890625
1530754589.773831,65280,9.751533508300781
1530754646.229847,65408,10.222049713134766
1530754702.547694,65536,9.792142868041992
1530754816.558986,65664,9.449700355529785
1530754873.0834482,65792,10.419249534606934
1530754929.48531,65920,9.62191390991211
1530754985.8657484,66048,9.758634567260742
1530755100.8428001,66176,9.397007942199707
1530755157.1800694,66304,9.717279434204102
1530755213.5912583,66432,11.311861038208008
1530755269.9098446,66560,9.794511795043945
1530755383.4799817,66688,9.92476749420166
1530755439.8517516,66816,9.839448928833008
1530755496.1966388,66944,10.445584297180176
1530755552.533479,67072,9.993656158447266
1530755666.35106,67200,9.467150688171387
1530755722.6994693,67328,9.576745986938477
1530755779.1078417,67456,9.943070411682129
1530755835.3893259,67584,10.215222358703613
1530755949.0239131,67712,10.267823219299316
1530756005.3595443,67840,9.490034103393555
1530756061.7544997,67968,10.721772193908691
1530756118.093924,68096,9.481695175170898
1530756232.2971342,68224,10.042613983154297
1530756288.6574476,68352,9.346379280090332
1530756345.1497028,68480,9.76765251159668
1530756401.5545247,68608,9.613273620605469
1530756514.839502,68736,9.531139373779297
1530756571.2289083,68864,9.801403045654297
1530756627.665423,68992,9.346870422363281
1530756684.2039566,69120,9.539701461791992
1530756797.4961846,69248,9.55833625793457
1530756853.8453872,69376,9.984426498413086
1530756910.384822,69504,10.175272941589355
1530756966.7176788,69632,9.958937644958496
1530757081.2473695,69760,9.560407638549805
1530757137.4140759,69888,10.135852813720703
1530757193.6653621,70016,9.85363483428955
1530757249.9160426,70144,9.8889799118042
1530757363.3734632,70272,9.210674285888672
1530757419.6062703,70400,9.505573272705078
1530757476.0206072,70528,9.341645240783691
1530757532.2268891,70656,9.4847412109375
1530757647.0862496,70784,10.603879928588867
1530757703.3763433,70912,9.72222900390625
1530757759.572927,71040,9.645251274108887
1530757815.9410434,71168,10.250904083251953
1530757929.866942,71296,9.776069641113281
1530757986.12146,71424,10.581106185913086
1530758042.3691742,71552,9.400628089904785
1530758098.6624074,71680,9.419099807739258
1530758212.3314092,71808,9.56591796875
1530758268.5467525,71936,9.672575950622559
1530758324.8493662,72064,9.95406436920166
1530758381.1984556,72192,9.858250617980957
1530758495.7617126,72320,9.590517044067383
1530758552.099906,72448,9.923791885375977
1530758608.3952036,72576,9.996708869934082
1530758664.6036315,72704,10.064559936523438
1530758778.0162373,72832,9.566229820251465
1530758834.3248334,72960,9.24140739440918
1530758890.6715882,73088,9.42851734161377
1530758947.0014277,73216,9.745870590209961
1530759062.6401117,73344,9.513285636901855
1530759119.0286946,73472,9.460914611816406
1530759175.2794046,73600,9.865199089050293
1530759231.654501,73728,9.781805038452148
1530759345.255807,73856,9.309881210327148
1530759401.7528346,73984,10.261664390563965
1530759458.0716474,74112,9.748337745666504
1530759514.3656182,74240,9.735828399658203
1530759628.9221354,74368,9.570291519165039
1530759685.3116517,74496,11.054272651672363
1530759741.706583,74624,10.640007972717285
1530759798.0949101,74752,9.86806583404541
1530759912.6981535,74880,10.400989532470703
1530759969.1089406,75008,9.86728286743164
1530760025.4212883,75136,9.627863883972168
1530760081.779864,75264,9.928019523620605
1530769807.879773,75392,10.589892387390137
1530769864.0398853,75520,9.274006843566895
1530769920.173992,75648,9.468104362487793
1530769976.355721,75776,9.611624717712402
1530770086.9046097,75904,9.497560501098633
1530770143.1468732,76032,9.821942329406738
1530770199.2744548,76160,9.493765830993652
1530770255.5480475,76288,9.188542366027832
1530770367.3631594,76416,9.562213897705078
1530770423.726189,76544,9.189157485961914
1530770479.9357913,76672,9.792850494384766
1530770536.2195928,76800,9.490240097045898
1530770647.3285484,76928,9.864047050476074
1530770703.6713626,77056,9.807633399963379
1530770759.9271922,77184,9.662176132202148
1530770816.156654,77312,10.092489242553711
1530770929.0296745,77440,10.784708023071289
1530770985.2103353,77568,9.506599426269531
1530771041.500737,77696,9.772497177124023
1530771097.7375531,77824,9.844472885131836
1530771208.5801067,77952,10.219801902770996
1530771264.777524,78080,10.58128833770752
1530771320.9276276,78208,9.407537460327148
1530771377.1404243,78336,9.276603698730469
1530771488.5928195,78464,10.49116325378418
1530771544.7974613,78592,10.001163482666016
1530771601.0760803,78720,11.159940719604492
1530771657.3860683,78848,9.659955024719238
1530771768.7756383,78976,9.458242416381836
1530771825.0097952,79104,9.62059211730957
1530771881.2430906,79232,9.688617706298828
1530771937.4513614,79360,9.990055084228516
1530772048.742167,79488,9.719861030578613
1530772105.0479617,79616,10.207347869873047
1530772161.2693918,79744,10.22675609588623
1530772217.5025063,79872,11.265151023864746
1530772328.5321267,80000,9.41603946685791
1530772384.8535845,80128,10.432061195373535
1530772441.1934378,80256,9.287477493286133
1530772497.5007622,80384,10.285385131835938
1530772609.8711386,80512,9.636137008666992
1530772666.0818007,80640,10.291227340698242
1530772722.3338685,80768,9.763932228088379
1530772778.6182463,80896,11.655516624450684
1530772891.189827,81024,10.379927635192871
1530772947.2778268,81152,10.065778732299805
1530773003.6354046,81280,9.405617713928223
1530773059.8823366,81408,9.623294830322266
1530773172.3438563,81536,9.681646347045898
1530773228.5982163,81664,9.470864295959473
1530773284.9384046,81792,9.44570541381836
1530773341.2161617,81920,9.739119529724121
1530773453.5156183,82048,10.204424858093262
1530773509.8428338,82176,10.171936988830566
1530773566.0990906,82304,9.395508766174316
1530773622.4220254,82432,10.064024925231934
1530773734.1185958,82560,9.751137733459473
1530773790.3645847,82688,9.47179126739502
1530773846.6710317,82816,9.366124153137207
1530773902.9497607,82944,9.182849884033203
1530774015.041317,83072,9.626739501953125
1530774071.2796433,83200,9.283346176147461
1530774127.5131125,83328,12.71025562286377
1530774183.7378411,83456,9.69282341003418
1530774297.166021,83584,9.257197380065918
1530774353.448175,83712,9.920025825500488
1530774409.7235558,83840,9.599955558776855
1530774465.9590402,83968,9.75938606262207
1530774579.1342907,84096,10.069253921508789
1530774635.3350718,84224,9.634207725524902
1530774691.5076015,84352,10.049450874328613
1530774747.7147663,84480,9.442972183227539
1530774859.780722,84608,9.767963409423828
1530774915.9601982,84736,9.339875221252441
1530774972.2662172,84864,9.545639991760254
1530775028.4684548,84992,11.433306694030762
1530775139.683995,85120,9.73080825805664
1530775195.9163692,85248,9.855732917785645
1530775252.1065714,85376,9.712388038635254
1530775308.2360384,85504,9.524399757385254
1530775419.818359,85632,9.915900230407715
1530775476.0379071,85760,9.15957260131836
1530775532.18799,85888,9.252394676208496
1530775588.3549573,86016,9.451090812683105
1530775700.400301,86144,10.097676277160645
1530775756.5357592,86272,9.130046844482422
1530775812.7750936,86400,10.610679626464844
1530775868.9207826,86528,10.544459342956543
1530775982.4966118,86656,9.746307373046875
1530776038.801542,86784,9.538572311401367
1530776095.1136441,86912,10.248384475708008
1530776151.4923594,87040,9.712291717529297
1530776263.2553804,87168,10.71968936920166
1530776319.4712915,87296,10.515582084655762
1530776375.689668,87424,11.174176216125488
1530776431.8394554,87552,10.160093307495117
1530776543.8928988,87680,9.564016342163086
1530776600.1078095,87808,9.160263061523438
1530776656.431498,87936,10.131149291992188
1530776712.7630553,88064,9.877836227416992
1530776825.6530719,88192,9.564864158630371
1530776881.9443285,88320,9.912102699279785
1530776938.1992977,88448,9.314743995666504
1530776994.5612957,88576,9.585672378540039
1530777107.9260798,88704,10.48055648803711
1530777164.1288083,88832,9.39820671081543
1530777220.327148,88960,9.124927520751953
1530777276.5857732,89088,9.480389595031738
1530777388.341401,89216,10.826799392700195
1530777444.4376895,89344,10.936173439025879
1530777500.7375994,89472,10.12156867980957
1530777556.959943,89600,9.3388032913208
1530777669.0724564,89728,9.639909744262695
1530777725.34711,89856,9.896671295166016
1530777781.6421225,89984,11.013113021850586
1530777837.8747742,90112,9.927743911743164
1530777950.022607,90240,10.412429809570312
1530778006.2494743,90368,10.113689422607422
1530778062.4382148,90496,9.986224174499512
1530778118.625776,90624,11.007433891296387
1530778230.9423113,90752,9.83581256866455
1530778287.084021,90880,10.344634056091309
1530778343.3349721,91008,9.314647674560547
1530778399.5328948,91136,9.853489875793457
1530778511.2469492,91264,9.124255180358887
1530778567.401905,91392,9.712745666503906
1530778623.6146345,91520,10.163713455200195
1530778679.8253212,91648,10.21245002746582
1530778792.4775562,91776,9.5023832321167
1530778848.7120442,91904,9.892231941223145
1530778905.018741,92032,10.205033302307129
1530778961.1507077,92160,9.902952194213867
1530779073.4023526,92288,10.960515975952148
1530779129.7243447,92416,10.073083877563477
1530779185.9513638,92544,9.327953338623047
1530779242.2468836,92672,10.433544158935547
1530779355.837208,92800,9.900665283203125
1530779412.0902665,92928,9.518876075744629
1530779468.3239803,93056,9.520931243896484
1530779524.5844398,93184,10.685211181640625
1530779637.1899648,93312,9.866899490356445
1530779693.4706187,93440,9.7142333984375
1530779749.7062135,93568,10.124073028564453
1530779805.9883716,93696,10.452469825744629
1530779919.028471,93824,10.103506088256836
1530779975.352552,93952,9.566766738891602
1530780031.5861864,94080,9.598372459411621
1530780087.7782216,94208,10.195634841918945
1530780200.124926,94336,10.260024070739746
1530780256.3396966,94464,9.964911460876465
1530780312.6490667,94592,10.17892074584961
1530780368.9572058,94720,9.687055587768555
1530780481.4779463,94848,9.408296585083008
1530780537.7345922,94976,9.144815444946289
1530780594.1061132,95104,9.654590606689453
1530780650.419529,95232,10.667398452758789
1530780763.1616502,95360,9.30537223815918
1530780819.5436018,95488,10.97186279296875
1530780875.8646677,95616,9.644057273864746
1530780932.1450276,95744,9.920926094055176
1530781044.2098303,95872,9.547561645507812
1530781100.519223,96000,9.900968551635742
1530781156.8371613,96128,10.534215927124023
1530781213.163628,96256,10.478693962097168
1530781325.6906881,96384,9.475093841552734
1530781381.920594,96512,11.096474647521973
1530781438.1990376,96640,11.146660804748535
1530781494.4612956,96768,10.30154800415039
1530781606.0039947,96896,9.748732566833496
1530781662.3452013,97024,9.768537521362305
1530781718.669549,97152,9.627646446228027
1530781775.0267901,97280,11.263571739196777
