wall_time,step,value
1531476190.0996954,128,0.9814878106117249
1531476348.6831625,256,0.39824384450912476
1531476507.193753,384,0.2873682379722595
1531476665.8521502,512,0.22580331563949585
1531476980.5754938,640,0.22918038070201874
1531477138.7461207,768,0.2200351506471634
1531477297.1150608,896,0.1934051811695099
1531477455.5777373,1024,0.22791364789009094
1531477765.8220406,1152,0.17809076607227325
1531477924.104921,1280,0.1521786004304886
1531478082.3973851,1408,0.14159813523292542
1531478240.7054768,1536,0.1323559284210205
1531478546.5138505,1664,0.12651406228542328
1531478704.7939363,1792,0.12593214213848114
1531478863.0088363,1920,0.13063079118728638
1531479021.294082,2048,0.13014425337314606
1531479321.3223653,2176,0.13039429485797882
1531479479.515629,2304,0.12916037440299988
1531479637.8994226,2432,0.1434653103351593
1531479796.2230315,2560,0.13404543697834015
1531480088.4232504,2688,0.1093108206987381
1531480246.7392197,2816,0.12631943821907043
1531480405.0214336,2944,0.10644739866256714
1531480563.3293958,3072,0.11215244233608246
1531480859.769616,3200,0.11566667258739471
1531481018.0496483,3328,0.11892206966876984
1531481176.381935,3456,0.09570065140724182
1531481334.7969637,3584,0.09471111744642258
1531481626.0953677,3712,0.09075003862380981
1531481784.6073327,3840,0.0854513943195343
1531481942.9453413,3968,0.08011233806610107
1531482101.6987393,4096,0.09000099450349808
1531482388.9576154,4224,0.09345388412475586
1531482547.4620438,4352,0.08336849510669708
1531482706.140781,4480,0.09406948834657669
1531482864.7001266,4608,0.08126694709062576
1531483151.5791,4736,0.0868285745382309
1531483310.1487343,4864,0.09032405912876129
1531483468.7671757,4992,0.08170381188392639
1531483627.1801665,5120,0.08225759118795395
1531483913.6237025,5248,0.08582772314548492
1531484072.1613033,5376,0.07195496559143066
1531484230.7194235,5504,0.06983160227537155
1531484389.3772511,5632,0.07323499768972397
1531484674.569677,5760,0.07732245326042175
1531484833.095811,5888,0.07589221745729446
1531484991.5167096,6016,0.08032078295946121
1531485149.925683,6144,0.07019155472517014
1531485434.1238828,6272,0.07989882677793503
1531485592.4463677,6400,0.0751739889383316
1531485750.7961044,6528,0.070345439016819
1531485909.3517134,6656,0.06157641485333443
1531486197.0777879,6784,0.0764109417796135
1531486355.4096165,6912,0.07464006543159485
1531486514.0832515,7040,0.06474875658750534
1531486672.705011,7168,0.06225309148430824
1531486959.0026062,7296,0.0705847293138504
1531487117.2606468,7424,0.0663040429353714
1531487275.5458875,7552,0.05802305042743683
1531487434.0437663,7680,0.06924261152744293
1531487721.0247936,7808,0.06094163656234741
1531487879.4703233,7936,0.06777618825435638
1531488037.7625015,8064,0.05862182378768921
1531488196.3098762,8192,0.0590183325111866
1531488484.9348435,8320,0.07435145974159241
1531488643.2826703,8448,0.05252717807888985
1531488801.5620115,8576,0.05017026886343956
1531488959.97552,8704,0.07515379041433334
1531489247.4372375,8832,0.06631223857402802
1531489405.8630042,8960,0.05473344027996063
1531489564.2323244,9088,0.06214595586061478
1531489722.861886,9216,0.05712483823299408
1531490012.8970842,9344,0.06784196197986603
1531490171.1526961,9472,0.05264357477426529
1531490329.4186997,9600,0.0701504647731781
1531490487.9816859,9728,0.05517168343067169
1531490776.7573347,9856,0.05645221471786499
1531490934.9606528,9984,0.05240405723452568
1531491093.1027462,10112,0.06306221336126328
1531491251.619721,10240,0.06238797679543495
1531491540.9035406,10368,0.05469648540019989
1531491699.2019873,10496,0.048820506781339645
1531491857.442021,10624,0.0517265759408474
1531492015.959032,10752,0.06048429012298584
1531492306.8461199,10880,0.04848688095808029
1531492465.2702847,11008,0.05630360171198845
1531492623.6366372,11136,0.054950810968875885
1531492781.7951136,11264,0.04613858461380005
1531493071.6557198,11392,0.048598747700452805
1531493230.152891,11520,0.04535722732543945
1531493388.6722074,11648,0.05542872101068497
1531493547.3506505,11776,0.0513007678091526
1531493836.5218577,11904,0.05489736795425415
1531493994.8983436,12032,0.04191448166966438
1531494153.3969588,12160,0.057118505239486694
1531494311.9024248,12288,0.04379744082689285
1531494599.8589988,12416,0.05149715393781662
1531494758.3321738,12544,0.047179609537124634
1531494916.8166084,12672,0.04560459777712822
1531495075.3136864,12800,0.046076759696006775
1531495365.547942,12928,0.05068765580654144
1531495523.7118084,13056,0.05172036588191986
1531495682.2107806,13184,0.04754609614610672
1531495840.5527198,13312,0.0394144244492054
1531496128.3029268,13440,0.0509435310959816
1531496286.7598605,13568,0.04666556417942047
1531496445.2758167,13696,0.043844547122716904
1531496603.614248,13824,0.045173030346632004
1531496894.2608812,13952,0.04373927786946297
1531497052.7619994,14080,0.05179543420672417
1531497211.097008,14208,0.040957290679216385
1531497369.2200794,14336,0.040452782064676285
1531497659.8753755,14464,0.04382052272558212
1531497818.2126245,14592,0.05058198794722557
1531497976.6135147,14720,0.040356628596782684
1531498134.935387,14848,0.03776124119758606
1531498423.4200218,14976,0.04047762230038643
1531498581.6841717,15104,0.03800976276397705
1531498740.0644786,15232,0.03887243568897247
1531498898.3904014,15360,0.046517688781023026
1531499187.3720367,15488,0.0484691746532917
1531499345.7513447,15616,0.041215721517801285
1531499503.9734132,15744,0.04218174144625664
1531499662.275668,15872,0.0382823683321476
1531499951.6123981,16000,0.044293928891420364
1531500110.254125,16128,0.039089687168598175
1531500268.8910408,16256,0.03714520484209061
1531500427.594478,16384,0.04235735908150673
1531500715.6632307,16512,0.05124209076166153
1531500874.1632526,16640,0.0447971411049366
1531501032.6119285,16768,0.035216812044382095
1531501191.0516717,16896,0.045797623693943024
1531501475.4087396,17024,0.040113262832164764
1531501633.9593146,17152,0.03594878315925598
1531501792.30263,17280,0.04463167488574982
1531501950.6899211,17408,0.03831680864095688
1531502237.4280734,17536,0.04894842207431793
1531502395.9701433,17664,0.036146439611911774
1531502554.49414,17792,0.0451386533677578
1531502713.117835,17920,0.043958477675914764
1531502997.9104412,18048,0.045144133269786835
1531503156.3380065,18176,0.03296271339058876
1531503314.495846,18304,0.046935372054576874
1531503472.8410997,18432,0.03037530742585659
1531503758.2511504,18560,0.03260757029056549
1531503916.4720623,18688,0.0383855365216732
1531504074.8348427,18816,0.03805675357580185
1531504233.2747638,18944,0.03677802160382271
1531504521.7008502,19072,0.035649802535772324
1531504679.9110696,19200,0.04085962101817131
1531504838.2383714,19328,0.039742399007081985
1531504996.5829482,19456,0.030498327687382698
1531505282.6315818,19584,0.03536178544163704
1531505440.95093,19712,0.03991837799549103
1531505599.1748066,19840,0.03754790127277374
1531505757.4351869,19968,0.0381784588098526
1531506042.30816,20096,0.03560592979192734
1531506200.7033966,20224,0.03997714817523956
1531506358.982643,20352,0.039494603872299194
1531506517.3340714,20480,0.036879509687423706
1531506805.1074653,20608,0.035996269434690475
1531506963.3979988,20736,0.03482801467180252
1531507121.676421,20864,0.040668994188308716
1531507279.8607368,20992,0.03574715554714203
1531507568.039496,21120,0.038973793387413025
1531507726.2450013,21248,0.04090246930718422
1531507884.6930642,21376,0.05253979191184044
1531508043.069138,21504,0.03389788791537285
1531508333.230301,21632,0.03571006655693054
1531508491.7356997,21760,0.034216467291116714
1531508650.098881,21888,0.033468201756477356
1531508808.3314805,22016,0.030632497742772102
1531509099.105879,22144,0.035022106021642685
1531509257.6244953,22272,0.03882545977830887
1531509416.0491147,22400,0.030901972204446793
1531509574.508163,22528,0.031002411618828773
1531509863.5815718,22656,0.0337861105799675
1531510021.9823232,22784,0.03368300944566727
1531510180.4293413,22912,0.032831523567438126
1531510338.901886,23040,0.04023629426956177
1531510624.933236,23168,0.028053443878889084
1531510783.5655081,23296,0.03449255973100662
1531510942.4804137,23424,0.03115745261311531
1531511101.2576957,23552,0.039388325065374374
1531511392.4441943,23680,0.0253746435046196
1531511550.8337762,23808,0.027878891676664352
1531511709.3069632,23936,0.027827948331832886
1531511868.1327837,24064,0.02636105939745903
1531512154.1385946,24192,0.035445183515548706
1531512312.586409,24320,0.024239279329776764
1531512471.0340562,24448,0.028526771813631058
1531512629.2971249,24576,0.03205273300409317
1531512916.5675347,24704,0.030135920271277428
1531513074.9604075,24832,0.027320027351379395
1531513233.1839669,24960,0.03169211000204086
1531513391.5171015,25088,0.03441540524363518
1531513678.2708917,25216,0.030420493334531784
1531513836.637572,25344,0.028049347922205925
1531513995.0987267,25472,0.03199855238199234
1531514153.6794417,25600,0.034640997648239136
1531557111.835186,25728,0.0331292562186718
1531557270.1955578,25856,0.034978196024894714
1531557428.7042947,25984,0.026777483522892
1531557587.0980754,26112,0.026953894644975662
1531557873.930591,26240,0.02992900088429451
1531558032.2672732,26368,0.02761884778738022
1531558190.4253705,26496,0.03135177493095398
1531558348.7275286,26624,0.03523994982242584
1531558634.6709738,26752,0.028130212798714638
1531558793.053794,26880,0.027208510786294937
1531558951.5162659,27008,0.03271358460187912
1531559109.958766,27136,0.029287099838256836
1531559393.4004505,27264,0.02697286568582058
1531559551.8865633,27392,0.03058728016912937
1531559710.2317052,27520,0.026296965777873993
1531559868.5891488,27648,0.030471889302134514
1531560156.0243232,27776,0.02835281565785408
1531560314.4418733,27904,0.025074414908885956
1531560472.6981046,28032,0.028107011690735817
1531560630.9754837,28160,0.030579252168536186
1531560917.636846,28288,0.029994292184710503
1531561076.0039937,28416,0.03656090050935745
1531561234.3836312,28544,0.027370592579245567
1531561392.7974203,28672,0.025287536904215813
1531561681.2163258,28800,0.030048934742808342
1531561839.7322304,28928,0.029652614146471024
1531561998.200535,29056,0.02629673480987549
1531562156.7244194,29184,0.027874760329723358
1531562445.1210434,29312,0.03070724941790104
1531562603.6905992,29440,0.026720570400357246
1531562762.2408128,29568,0.030634818598628044
1531562920.7498019,29696,0.029211077839136124
1531563208.5073755,29824,0.029512399807572365
1531563367.084866,29952,0.030759431421756744
1531563525.6426828,30080,0.028646934777498245
1531563684.1996074,30208,0.022291867062449455
1531563972.0506315,30336,0.03395894169807434
1531564130.5815458,30464,0.027777383103966713
1531564289.17753,30592,0.025892602279782295
1531564447.5938487,30720,0.02410321682691574
1531564733.4032946,30848,0.027202988043427467
1531564891.989885,30976,0.02418467029929161
1531565050.7113957,31104,0.02548098750412464
1531565209.2430851,31232,0.02534954622387886
1531565496.532132,31360,0.028233710676431656
1531565655.0086257,31488,0.028143487870693207
1531565813.4614587,31616,0.02162889949977398
1531565971.757396,31744,0.02294251322746277
1531566257.1384656,31872,0.030432451516389847
1531566415.7073226,32000,0.02261166460812092
1531566574.122561,32128,0.025270337238907814
1531566732.8059711,32256,0.038038525730371475
1531567020.9048126,32384,0.022277386859059334
1531567179.3597434,32512,0.029441291466355324
1531567337.6236854,32640,0.030230510979890823
1531567496.049152,32768,0.033256180584430695
1531567784.5135732,32896,0.022615399211645126
1531567942.8193138,33024,0.022955026477575302
1531568101.02076,33152,0.02542036399245262
1531568259.3457398,33280,0.02653781697154045
1531568546.4050539,33408,0.027982622385025024
1531568704.8196535,33536,0.030661247670650482
1531568863.2924607,33664,0.027889525517821312
1531569021.748733,33792,0.02457943558692932
1531569308.8651423,33920,0.031003542244434357
1531569467.348324,34048,0.021665025502443314
1531569625.7121537,34176,0.02720886468887329
1531569784.2739937,34304,0.02247139997780323
1531570074.0585704,34432,0.02641933038830757
1531570232.5022078,34560,0.017803149297833443
1531570390.8653078,34688,0.025579050183296204
1531570549.4363348,34816,0.02709229476749897
1531570837.7945256,34944,0.028045475482940674
1531570996.3876622,35072,0.02427438646554947
1531571154.9716485,35200,0.030277492478489876
1531571313.593743,35328,0.031249355524778366
1531571600.59675,35456,0.02446303702890873
1531571759.030244,35584,0.029433302581310272
1531571917.5875683,35712,0.019827939569950104
1531572076.0845273,35840,0.03595422953367233
1531572365.6622481,35968,0.02283686399459839
1531572524.335038,36096,0.023209083825349808
1531572682.9876213,36224,0.028110824525356293
1531572841.6382813,36352,0.03181883692741394
1531573130.6438923,36480,0.018013397231698036
1531573289.223003,36608,0.018771542236208916
1531573447.8825097,36736,0.023447388783097267
1531573606.4126647,36864,0.02239055745303631
1531573893.3805952,36992,0.021558087319135666
1531574051.8910813,37120,0.024701550602912903
1531574210.6372952,37248,0.02548689767718315
1531574369.1317363,37376,0.022721383720636368
1531574656.2972968,37504,0.0199248269200325
1531574814.7951646,37632,0.021350212395191193
1531574973.355863,37760,0.024827171117067337
1531575131.8696125,37888,0.02657129243016243
1531575421.2964697,38016,0.02117634192109108
1531575579.8303795,38144,0.02348620817065239
1531575738.4694545,38272,0.022936614230275154
1531575896.9270697,38400,0.021317142993211746
1531576186.8949113,38528,0.02944699488580227
1531576345.4096467,38656,0.026449117809534073
1531576503.8616273,38784,0.028681734576821327
1531576662.3240159,38912,0.023015137761831284
1531576951.163947,39040,0.020195655524730682
1531577109.6093044,39168,0.030343856662511826
1531577268.1139219,39296,0.025685705244541168
1531577426.7524025,39424,0.02212756685912609
1531577715.6115072,39552,0.030614778399467468
1531577874.0221417,39680,0.02642235904932022
1531578032.4815478,39808,0.02361023798584938
1531578190.8681898,39936,0.027853989973664284
1531578479.1896615,40064,0.02463143691420555
1531578637.605925,40192,0.022467657923698425
1531578796.1078637,40320,0.023708712309598923
1531578954.5355816,40448,0.023323558270931244
1531579245.088854,40576,0.022782765328884125
1531579403.5953465,40704,0.02449575997889042
1531579562.0129125,40832,0.025870943441987038
1531579720.3336449,40960,0.018009893596172333
1531580008.6654053,41088,0.019060179591178894
1531580167.2028513,41216,0.029381589964032173
1531580325.7550385,41344,0.034154340624809265
1531580484.274813,41472,0.023594167083501816
1531580773.6546886,41600,0.026261616498231888
1531580932.111848,41728,0.027569912374019623
1531581090.5463448,41856,0.018701184540987015
1531581249.0683591,41984,0.027445372194051743
1531581539.9773793,42112,0.022395173087716103
1531581698.7151048,42240,0.024952001869678497
1531581857.318113,42368,0.020818235352635384
1531582015.7834985,42496,0.025439398363232613
1531582307.5462627,42624,0.020646968856453896
1531582466.169737,42752,0.019267521798610687
1531582624.6370387,42880,0.021481379866600037
1531582783.1432223,43008,0.0269305482506752
1531583074.3713536,43136,0.02274620160460472
1531583233.0292475,43264,0.02644912526011467
1531583391.7589693,43392,0.02957233414053917
1531583550.295872,43520,0.029463332146406174
1531583841.3187299,43648,0.026201320812106133
1531583999.6307971,43776,0.02315310761332512
1531584158.0526352,43904,0.02512103132903576
1531584316.2585611,44032,0.021279729902744293
1531584607.9788241,44160,0.02156217023730278
1531584766.3814669,44288,0.022039195522665977
1531584924.7510211,44416,0.019967306405305862
1531585083.0050957,44544,0.02587389200925827
1531585375.6014872,44672,0.016489487141370773
1531585533.9810905,44800,0.0272466279566288
1531585692.2347362,44928,0.02044963464140892
1531585850.6334875,45056,0.025635438039898872
1531586141.063989,45184,0.016446592286229134
1531586299.4299,45312,0.01968361623585224
1531586457.747764,45440,0.020752418786287308
1531586616.0312178,45568,0.020824750885367393
1531586909.9848862,45696,0.02074691466987133
1531587068.4054515,45824,0.017859485000371933
1531587226.9754493,45952,0.020700693130493164
1531587385.2848299,46080,0.02043704316020012
1531587678.7983057,46208,0.01902823895215988
1531587837.019389,46336,0.025805402547121048
1531587995.306274,46464,0.019858289510011673
1531588153.6641603,46592,0.01926496811211109
1531588445.957076,46720,0.02448471635580063
1531588604.5046027,46848,0.01950729452073574
1531588763.2509408,46976,0.020696233958005905
1531588921.8479738,47104,0.018087949603796005
1531589216.1715045,47232,0.025215517729520798
1531589374.8752332,47360,0.025422200560569763
1531589533.5680392,47488,0.020817045122385025
1531589692.308756,47616,0.019016925245523453
1531589986.358219,47744,0.02040795609354973
1531590144.961402,47872,0.024371478706598282
1531590303.3944027,48000,0.019245032221078873
1531590461.959184,48128,0.019254591315984726
1531590754.9245393,48256,0.01901005394756794
1531590913.3540401,48384,0.017603101208806038
1531591071.9461775,48512,0.016959350556135178
1531591230.637741,48640,0.017774105072021484
1531591521.7040405,48768,0.019105996936559677
1531591680.1926246,48896,0.019145386293530464
1531591838.9136438,49024,0.02154543250799179
1531591997.526602,49152,0.031105078756809235
1531592291.520987,49280,0.01678275875747204
1531592449.99435,49408,0.016602998599410057
1531592608.6042726,49536,0.019736096262931824
1531592767.2882242,49664,0.0199597030878067
1531593058.0318482,49792,0.017954057082533836
1531593216.5848005,49920,0.018924344331026077
1531593375.1833408,50048,0.019210990518331528
1531593533.9117746,50176,0.022252177819609642
1531593822.8177094,50304,0.01947726309299469
1531593981.2544234,50432,0.026571214199066162
1531594139.7233286,50560,0.015866734087467194
1531594298.306533,50688,0.014953384175896645
1531594589.6486027,50816,0.026775334030389786
1531594748.1571734,50944,0.016956070438027382
1531594906.5215323,51072,0.025645120069384575
1531595064.9729636,51200,0.021955639123916626
1531595354.6081703,51328,0.020236050710082054
1531595513.1762266,51456,0.022051876410841942
1531595671.7031882,51584,0.022250395268201828
1531595830.2050006,51712,0.019175032153725624
1531596119.6057477,51840,0.019432764500379562
1531596277.996631,51968,0.0172419473528862
1531596436.4477184,52096,0.018610620871186256
1531596595.0271733,52224,0.01571943424642086
1531596884.2570167,52352,0.015566662885248661
1531597042.6413538,52480,0.023577414453029633
1531597200.9474185,52608,0.021310582756996155
1531597359.30656,52736,0.024360159412026405
1531597652.445349,52864,0.01750645786523819
1531597810.8911853,52992,0.02431328594684601
1531597969.32464,53120,0.02368861436843872
1531598127.8613615,53248,0.01710209995508194
1531598420.5014393,53376,0.022777952253818512
1531598579.0605617,53504,0.016899067908525467
1531598737.609404,53632,0.02319752424955368
1531598896.0960078,53760,0.02817538194358349
1531599189.5950398,53888,0.027880724519491196
1531599348.2361505,54016,0.019967783242464066
1531599506.9032166,54144,0.01601210981607437
1531599665.5743742,54272,0.027696965262293816
1531599954.510203,54400,0.025316061452031136
1531600113.1764581,54528,0.024723585695028305
1531600271.9489994,54656,0.0182113628834486
1531600430.596239,54784,0.01710437797009945
1531600720.052389,54912,0.01864764653146267
1531600878.6837819,55040,0.015042916871607304
1531601037.2764757,55168,0.016431065276265144
1531601195.9968746,55296,0.016822533681988716
1531601486.4198291,55424,0.017327912151813507
1531601645.0734804,55552,0.018910635262727737
1531601803.6177657,55680,0.01891237683594227
1531601962.203017,55808,0.029022689908742905
1531602251.950486,55936,0.021776871755719185
1531602410.3308904,56064,0.018863530829548836
1531602568.9006631,56192,0.019756637513637543
1531602727.4060543,56320,0.012233953922986984
1531603019.89412,56448,0.02131548710167408
1531603178.2608855,56576,0.02570924162864685
1531603336.6436074,56704,0.020069938153028488
1531603495.2109382,56832,0.02304840087890625
1531603789.1799269,56960,0.013936514034867287
1531603947.6100628,57088,0.02091771550476551
1531604106.1634343,57216,0.0181124210357666
1531604264.6681826,57344,0.01920224353671074
1531604555.7422588,57472,0.02139987051486969
1531604714.0859385,57600,0.014877461828291416
1531604872.6124854,57728,0.023128731176257133
1531605031.1441045,57856,0.01622314378619194
1531605324.9577324,57984,0.01724521443247795
1531605483.4241052,58112,0.02208125591278076
1531605641.7928324,58240,0.01855749636888504
1531605800.2285578,58368,0.01739853248000145
1531606093.7903545,58496,0.01683982089161873
1531606252.207614,58624,0.019844558089971542
1531606410.6444573,58752,0.024857226759195328
1531606568.935963,58880,0.02254185825586319
1531606861.433006,59008,0.02149958163499832
1531607019.906494,59136,0.02154393307864666
1531607178.368814,59264,0.017980720847845078
1531607336.732976,59392,0.014720214530825615
1531607630.3018682,59520,0.015756195411086082
1531607788.7579353,59648,0.015205206349492073
1531607947.2707214,59776,0.02436048910021782
1531608105.902773,59904,0.021526001393795013
1531608396.6160076,60032,0.018463537096977234
1531608554.9598932,60160,0.020403582602739334
1531608713.509772,60288,0.025597788393497467
1531608871.9947987,60416,0.018589317798614502
1531609163.6785824,60544,0.0194317065179348
1531609322.3303416,60672,0.017300469800829887
1531609480.944484,60800,0.01924889162182808
1531609639.5016122,60928,0.01666008122265339
1531617227.3145752,61056,0.0165331419557333
1531617389.6550653,61184,0.017824092879891396
1531617552.0135858,61312,0.010936766862869263
1531617714.4734037,61440,0.02750982902944088
1531618004.0053527,61568,0.022005397826433182
1531618161.9338572,61696,0.016800308600068092
1531618320.0273912,61824,0.021130245178937912
1531618478.1760519,61952,0.013754014857113361
1531618768.6448777,62080,0.021577632054686546
1531618927.05751,62208,0.018690144643187523
1531619085.4633906,62336,0.012370279990136623
1531619243.7710435,62464,0.01739349402487278
1531619538.299142,62592,0.021266333758831024
1531619696.7428079,62720,0.01734854467213154
1531619855.1935065,62848,0.024628140032291412
1531620013.5829144,62976,0.016373135149478912
1531620305.004552,63104,0.018091637641191483
1531620463.3856647,63232,0.01695752888917923
1531620621.752054,63360,0.020398693159222603
1531620780.1210217,63488,0.01638316921889782
1531621072.2608917,63616,0.02018982358276844
1531621230.7575421,63744,0.01641932502388954
1531621389.0702374,63872,0.026839349418878555
1531621547.388503,64000,0.018436558544635773
1531621843.0888019,64128,0.019803624600172043
1531622001.4370058,64256,0.024926336482167244
1531622159.6674738,64384,0.01742720603942871
1531622317.9810054,64512,0.016196809709072113
1531622610.572382,64640,0.021240025758743286
1531622769.0409632,64768,0.015484207309782505
1531622927.5000668,64896,0.015708649531006813
1531623085.9282396,65024,0.019419686868786812
1531623383.8350723,65152,0.018820488825440407
1531623542.3684807,65280,0.024562455713748932
1531623700.7328963,65408,0.015411688014864922
1531623859.1556346,65536,0.014708491042256355
1531624153.8889778,65664,0.012473939917981625
1531624312.24617,65792,0.019738078117370605
1531624470.7223194,65920,0.020389223471283913
1531624629.274658,66048,0.01895095966756344
1531624925.004668,66176,0.018482273444533348
1531625083.7204823,66304,0.016966678202152252
1531625242.3854105,66432,0.01643899828195572
1531625401.1177688,66560,0.02156357653439045
1531625692.3960443,66688,0.016716549172997475
1531625850.6560228,66816,0.01735946536064148
1531626008.980022,66944,0.015618860721588135
1531626167.399042,67072,0.020323511213064194
1531626460.1206589,67200,0.013826282694935799
1531626618.3090634,67328,0.01488841325044632
1531626776.5794127,67456,0.022289957851171494
1531626934.7182188,67584,0.02107374370098114
1531627230.9063485,67712,0.016335438936948776
1531627389.2099829,67840,0.021299786865711212
1531627547.4552774,67968,0.016187410801649094
1531627705.7384079,68096,0.021161820739507675
1531628000.9630716,68224,0.016779981553554535
1531628159.2246752,68352,0.019344164058566093
1531628317.472548,68480,0.019065365195274353
1531628475.586783,68608,0.017494047060608864
1531628772.6195092,68736,0.017628462985157967
1531628930.8106742,68864,0.016757609322667122
1531629089.0649164,68992,0.016771657392382622
1531629247.3095756,69120,0.02065340057015419
1531629541.2394514,69248,0.014124955981969833
1531629699.6197693,69376,0.01596112735569477
1531629857.912476,69504,0.012873604893684387
1531630016.3652883,69632,0.01698479615151882
1531630308.6322927,69760,0.0150211863219738
1531630467.0613344,69888,0.019064273685216904
1531630625.5917742,70016,0.01489677932113409
1531630784.0111196,70144,0.02037898078560829
1531631078.2130187,70272,0.017187412828207016
1531631236.6630926,70400,0.019251180812716484
1531631395.1192918,70528,0.020594650879502296
1531631553.6256263,70656,0.0221319068223238
1531631844.2309802,70784,0.01673523522913456
1531632002.6867294,70912,0.016601499170064926
1531632160.9860365,71040,0.017414921894669533
1531632319.3114283,71168,0.017351187765598297
1531632615.473099,71296,0.022920463234186172
1531632773.762827,71424,0.01857561245560646
1531632932.0663462,71552,0.016140969470143318
1531633090.284562,71680,0.015910305082798004
1531633384.6174226,71808,0.021257635205984116
1531633542.7186592,71936,0.012860782444477081
1531633701.1063752,72064,0.0211382694542408
1531633859.3790576,72192,0.021318485960364342
1531634155.79747,72320,0.019994201138615608
1531634314.209138,72448,0.01736282743513584
1531634472.358511,72576,0.01650877296924591
1531634630.6595428,72704,0.013233502395451069
1531634924.5039558,72832,0.01701810397207737
1531635082.7933471,72960,0.018135476857423782
1531635241.1512468,73088,0.014603324234485626
1531635399.4987142,73216,0.02213599532842636
1531635696.1537077,73344,0.019383670762181282
1531635854.4229772,73472,0.016013827174901962
1531636012.9912717,73600,0.01706184633076191
1531636171.2177315,73728,0.015108877792954445
1531636463.2462676,73856,0.01670561358332634
1531636621.714737,73984,0.015627162531018257
1531636780.0794518,74112,0.016224855557084084
1531636938.6004298,74240,0.017135998234152794
1531637233.8814774,74368,0.022257240489125252
1531637392.1693387,74496,0.015152480453252792
1531637550.514188,74624,0.01645326428115368
1531637708.767621,74752,0.013751734979450703
1531638005.2589164,74880,0.01607951521873474
1531638163.8148391,75008,0.013349209912121296
1531638322.2604454,75136,0.013311207294464111
1531638480.8172672,75264,0.01272945012897253
1531638771.0910752,75392,0.02025255560874939
1531638929.691451,75520,0.015678413212299347
1531639088.2654877,75648,0.015255408361554146
1531639246.8887901,75776,0.015712549909949303
1531639538.1530242,75904,0.016332024708390236
1531639696.4520485,76032,0.016110390424728394
1531639854.8193877,76160,0.0210944302380085
1531640013.3279147,76288,0.013764742761850357
1531640306.2239666,76416,0.017204362899065018
1531640464.4451826,76544,0.018769606947898865
1531640622.798037,76672,0.012991953641176224
1531640781.1569896,76800,0.013838336803019047
1531641077.4122014,76928,0.015414619818329811
1531641235.6704905,77056,0.014657894149422646
1531641393.9890091,77184,0.017899377271533012
1531641552.330113,77312,0.019726864993572235
1531641844.7519376,77440,0.015483551658689976
1531642002.875229,77568,0.018226027488708496
1531642161.1193008,77696,0.016679400578141212
1531642319.3150449,77824,0.0126964021474123
1531642613.2027383,77952,0.01845431700348854
1531642771.6587484,78080,0.012140212580561638
1531642929.9949958,78208,0.01844150945544243
1531643088.4533482,78336,0.02272065356373787
1531643384.6251938,78464,0.02122107706964016
1531643542.8908706,78592,0.012441934086382389
1531643701.179308,78720,0.014303970150649548
1531643859.3746583,78848,0.01403045654296875
1531644153.643962,78976,0.012915856204926968
1531644312.1138968,79104,0.012823798693716526
1531644470.513008,79232,0.014755647629499435
1531644628.9636753,79360,0.013541190885007381
1531644926.1516163,79488,0.015222499147057533
1531645084.488508,79616,0.01954026147723198
1531645242.7375028,79744,0.01702066883444786
1531645401.1973653,79872,0.015451708808541298
1531645695.4707458,80000,0.020237650722265244
1531645853.680497,80128,0.01885247975587845
1531646012.0373886,80256,0.013443123549222946
1531646170.397035,80384,0.02220708131790161
1531646464.1265342,80512,0.01654159463942051
1531646622.5268805,80640,0.015453948639333248
1531646780.788781,80768,0.02003776840865612
1531646938.9054496,80896,0.016119733452796936
1531647230.0831687,81024,0.01407916285097599
1531647388.3926969,81152,0.018655698746442795
1531647546.7189438,81280,0.01605892926454544
1531647705.0368404,81408,0.01583273522555828
1531647998.8723054,81536,0.014077751897275448
1531648157.291903,81664,0.01524115540087223
1531648315.7307959,81792,0.0164773091673851
1531648474.239442,81920,0.01739855296909809
1531648767.5757282,82048,0.01153713371604681
1531648926.0565207,82176,0.015279856510460377
1531649084.5442238,82304,0.014832070097327232
1531649243.0224354,82432,0.013725107535719872
1531649536.455275,82560,0.016812313348054886
1531649694.748307,82688,0.01588120311498642
1531649853.3317158,82816,0.012073193676769733
1531650011.7985094,82944,0.020499885082244873
1531650302.9282982,83072,0.012611347250640392
1531650461.144151,83200,0.016869772225618362
1531650619.3076775,83328,0.017474299296736717
1531650777.581273,83456,0.01744876056909561
1531651070.7979534,83584,0.01681412011384964
1531651229.084175,83712,0.01172152254730463
1531651387.2558985,83840,0.015714187175035477
1531651545.293823,83968,0.012495853006839752
1531651840.3513517,84096,0.014864644035696983
1531651998.6326482,84224,0.013928795233368874
1531652157.0715055,84352,0.020579025149345398
1531652315.4235165,84480,0.01991679146885872
1531652612.0880015,84608,0.014255593530833721
1531652770.3547208,84736,0.02034245990216732
1531652928.6392586,84864,0.01647806353867054
1531653086.944744,84992,0.019040117040276527
1531653382.789245,85120,0.020904377102851868
1531653541.0890114,85248,0.017059098929166794
1531653699.212392,85376,0.020783251151442528
1531653857.442149,85504,0.016781937330961227
1531654151.7037034,85632,0.014935094863176346
1531654309.9416971,85760,0.013141531497240067
1531654468.1531076,85888,0.014509385451674461
1531654626.3249338,86016,0.01788541115820408
1531654918.9333038,86144,0.011429050005972385
1531655077.1058185,86272,0.013466883450746536
1531655235.328679,86400,0.015332004986703396
1531655393.547917,86528,0.0152828274294734
1531655689.1102624,86656,0.012532372958958149
1531655847.513036,86784,0.020428482443094254
1531656006.0859697,86912,0.020284263417124748
1531656164.565853,87040,0.010197841562330723
1531656461.0576966,87168,0.015907546505331993
1531656619.3050458,87296,0.01650739088654518
1531656777.8118398,87424,0.01654466614127159
1531656936.3212676,87552,0.014798345975577831
1531657229.7285855,87680,0.02156294882297516
1531657388.1809292,87808,0.018581708893179893
1531657546.5938451,87936,0.017991121858358383
1531657705.075548,88064,0.013328012079000473
1531658001.7831721,88192,0.012610137462615967
1531658160.039903,88320,0.01202210783958435
1531658318.4587924,88448,0.013529210351407528
1531658476.7629402,88576,0.021561892703175545
1531658772.6785736,88704,0.016271278262138367
1531658931.1840043,88832,0.014899060130119324
1531659089.6026175,88960,0.016793502494692802
1531659248.2104397,89088,0.013831641525030136
1531659547.0490465,89216,0.014321647584438324
1531659705.560903,89344,0.02002732641994953
1531659863.8889797,89472,0.019774509593844414
1531660022.4623106,89600,0.018736030906438828
1531660316.358083,89728,0.021102678030729294
1531660474.697443,89856,0.022020841017365456
1531660632.9592977,89984,0.011387434788048267
1531660791.2220304,90112,0.015212653204798698
1531661084.8301845,90240,0.015625134110450745
1531661243.093647,90368,0.01352137140929699
1531661401.381666,90496,0.011798999272286892
1531661559.711677,90624,0.014407405629754066
1531661855.4515166,90752,0.017829889431595802
1531662013.800751,90880,0.014344446361064911
1531662172.121587,91008,0.013993948698043823
1531662330.5137875,91136,0.015389232896268368
1531662625.0748584,91264,0.018725700676441193
1531662783.2810698,91392,0.014415992423892021
1531662941.636483,91520,0.011452353559434414
1531663099.910075,91648,0.019701607525348663
1531663395.756908,91776,0.011664196848869324
1531663554.0945237,91904,0.017531033605337143
1531663712.5297344,92032,0.015160969458520412
1531663871.006642,92160,0.0124988853931427
1531664167.893307,92288,0.013411352410912514
1531664326.0887313,92416,0.015091633424162865
1531664484.312198,92544,0.018719753250479698
1531664642.4307013,92672,0.016222968697547913
1531664938.1940866,92800,0.012528689578175545
1531665096.604386,92928,0.014057394117116928
1531665254.8574955,93056,0.015229687094688416
1531665413.2300434,93184,0.012209562584757805
1531665709.0803063,93312,0.013501841574907303
1531665867.3215976,93440,0.013808660209178925
1531666025.650448,93568,0.014346222393214703
1531666183.9679132,93696,0.011476394720375538
1531666480.200071,93824,0.016286522150039673
1531666638.6966622,93952,0.012707684189081192
1531666797.1999319,94080,0.016815027222037315
1531666955.7170162,94208,0.015501720830798149
1531667253.7327068,94336,0.014905332587659359
1531667412.028353,94464,0.01298532821238041
1531667570.5758693,94592,0.01489359512925148
1531667729.1619415,94720,0.017995797097682953
1531668022.6381617,94848,0.013043340295553207
1531668181.0042756,94976,0.01899067871272564
1531668339.3592234,95104,0.014606022275984287
1531668497.6432998,95232,0.011998604983091354
1531668794.235282,95360,0.0176616869866848
1531668952.6799836,95488,0.014288146048784256
1531669111.1154618,95616,0.01625029370188713
1531669269.5151877,95744,0.01602783054113388
1531669565.5874536,95872,0.014147799462080002
1531669723.8704958,96000,0.01219893991947174
1531669882.1974382,96128,0.013093270361423492
1531670040.5385358,96256,0.012438981793820858
1531699289.0975602,96384,0.016382971778512
1531699451.4311934,96512,0.01222522184252739
1531699614.0679781,96640,0.02378210984170437
1531699776.8213868,96768,0.01657206378877163
1531700072.5656276,96896,0.013316743075847626
1531700230.7580795,97024,0.011546810157597065
1531700388.9681265,97152,0.012366889044642448
1531700547.256689,97280,0.013005253858864307
1531700844.3771527,97408,0.012017936445772648
1531701002.6205275,97536,0.013407401740550995
