wall_time,step,value
1530398025.8339906,512,2360.08056640625
1530398258.01199,1024,436.98974609375
1530398490.4195235,1536,119.40442657470703
1530398722.6608987,2048,62.19158935546875
1530398955.9782104,2560,74.58186340332031
1530399188.2644997,3072,69.06475830078125
1530399421.8964229,3584,54.16078567504883
1530399655.2184372,4096,53.39810562133789
1530399888.6418061,4608,61.654239654541016
1530400122.061654,5120,157.5305633544922
1530400355.519236,5632,81.97820281982422
1530400589.2210917,6144,80.83341217041016
1530400825.5773559,6656,112.76232147216797
1530401060.2858827,7168,81.26964569091797
1530401294.6248913,7680,60.71973419189453
1530401528.4167159,8192,63.2266845703125
1530401763.4900546,8704,61.14850997924805
1530401997.1838357,9216,77.34857940673828
1530402231.6536708,9728,66.7786865234375
1530402466.2149513,10240,57.90688705444336
1530402701.2394428,10752,62.23910903930664
1530402935.4794953,11264,39.32558059692383
1530403170.5932477,11776,46.12236785888672
1530403406.276572,12288,37.9121208190918
1530403640.5659306,12800,29.996625900268555
1530403874.1714652,13312,33.623443603515625
1530404108.7242446,13824,37.20849609375
1530404343.768279,14336,38.86450958251953
1530404577.8692374,14848,36.54377365112305
1530404812.3290615,15360,34.939395904541016
1530405046.4100466,15872,38.046382904052734
1530405281.4289815,16384,38.99919128417969
1530405516.84372,16896,43.27895736694336
1530405751.5436854,17408,62.932472229003906
1530405985.4042547,17920,52.45146179199219
1530406219.9496112,18432,45.91224670410156
1530406454.3433673,18944,39.7690544128418
1530406688.8408515,19456,54.61394500732422
1530406924.1615858,19968,47.17374801635742
1530407158.928863,20480,42.0766716003418
1530407393.3065035,20992,42.28615188598633
1530407627.8176239,21504,52.639068603515625
1530407862.2248964,22016,52.33758544921875
1530408097.5406916,22528,55.022308349609375
1530408331.7245374,23040,46.51759338378906
1530408566.2284238,23552,49.696407318115234
1530408800.645579,24064,46.4436149597168
1530409036.442162,24576,50.98100280761719
1530409271.1222637,25088,56.65382766723633
1530409506.6929822,25600,39.154327392578125
1530409740.2819123,26112,38.921661376953125
1530409974.8750012,26624,50.70537185668945
1530410208.5259643,27136,51.238346099853516
1530410444.8412762,27648,48.1733512878418
1530410679.6439393,28160,45.12213897705078
1530410913.9357474,28672,46.86980438232422
1530411148.5608761,29184,45.882869720458984
1530411382.673757,29696,45.30696105957031
1530411618.9751527,30208,47.28479766845703
1530411852.9524398,30720,48.23317337036133
1530412088.599708,31232,35.871578216552734
1530412324.5933182,31744,40.2034797668457
1530412559.9119117,32256,39.910221099853516
1530412795.1843462,32768,35.46690368652344
1530413029.9506953,33280,36.056556701660156
1530413266.3475208,33792,33.03841018676758
1530413501.5283773,34304,40.76792526245117
1530413736.7795386,34816,35.95488739013672
1530413973.593424,35328,25.73177146911621
1530414209.076052,35840,35.24679946899414
1530414444.6523702,36352,31.98993682861328
1530414680.6528597,36864,24.670429229736328
1530414917.444051,37376,26.760669708251953
1530415153.2760818,37888,24.524629592895508
1530415389.6419876,38400,27.37967300415039
1530547740.9506204,39424,35.167293548583984
1530547972.734069,39936,29.47106170654297
1530548203.3606021,40448,26.373130798339844
1530548435.7542553,40960,33.84931945800781
1530548666.9176495,41472,26.373966217041016
1530548897.6331272,41984,27.077850341796875
1530549129.0173948,42496,25.268129348754883
1530549361.3646464,43008,27.188173294067383
1530549592.938155,43520,26.475400924682617
1530549822.7384722,44032,26.601661682128906
1530550054.0920684,44544,24.930007934570312
1530550285.2315152,45056,29.162281036376953
1530550517.5133014,45568,31.070907592773438
1530550747.6597173,46080,28.90644645690918
1530550980.0068367,46592,30.28643226623535
1530551210.9106328,47104,25.66004180908203
1530551442.7406945,47616,23.6748046875
1530551674.5803926,48128,22.277482986450195
1530551905.9299786,48640,23.231103897094727
1530552138.9139888,49152,23.02139663696289
1530552371.1508143,49664,28.291278839111328
1530552604.1646738,50176,27.5279483795166
1530552837.3019137,50688,20.793468475341797
1530553070.5405934,51200,26.203466415405273
1530553302.6064615,51712,22.599803924560547
1530553534.9432914,52224,25.50490379333496
1530553766.3851166,52736,25.21765899658203
1530553998.7298377,53248,26.9272518157959
1530554230.9879937,53760,27.058156967163086
1530554464.1776414,54272,25.420927047729492
1530554695.9037464,54784,27.325403213500977
1530554929.6856706,55296,27.645774841308594
1530555162.0259163,55808,25.188199996948242
1530555394.294117,56320,24.216524124145508
1530555627.813118,56832,26.970703125
1530555859.8460624,57344,29.94720458984375
1530556094.002983,57856,27.73369789123535
1530556327.8868783,58368,30.235431671142578
1530556561.1053457,58880,25.918529510498047
1530556794.301049,59392,28.001747131347656
1530557027.1118674,59904,30.35137367248535
1530557259.8822615,60416,28.088611602783203
1530557493.6597638,60928,28.363969802856445
1530557726.4632409,61440,28.931304931640625
1530557960.6140068,61952,29.6763973236084
1530558193.8638113,62464,29.1583194732666
1530558426.7536502,62976,27.938371658325195
1530558661.4874003,63488,28.797014236450195
1530558896.3746328,64000,28.783260345458984
1530559130.9462247,64512,30.35160255432129
1530559365.1149683,65024,30.62965965270996
1530559600.0283997,65536,29.51973533630371
1530559834.418373,66048,28.961729049682617
1530560068.111097,66560,29.484357833862305
1530560303.2127779,67072,29.243696212768555
1530560536.797211,67584,36.23529052734375
1530560771.2447364,68096,36.66554260253906
1530561005.6182692,68608,30.953954696655273
1530561239.4175792,69120,30.476604461669922
1530561473.7896626,69632,30.114986419677734
1530561709.2272854,70144,30.82622718811035
1530561945.3044183,70656,32.729103088378906
1530562179.0054626,71168,29.628093719482422
1530562414.7834196,71680,28.126874923706055
1530562649.0961783,72192,31.644590377807617
1530562884.5279083,72704,30.867273330688477
1530563118.8531113,73216,31.465621948242188
1530563354.630333,73728,31.234289169311523
1530563588.2363987,74240,28.028928756713867
1530563823.3396282,74752,32.517330169677734
1530564059.4466264,75264,30.349483489990234
1530564294.7681427,75776,31.3096923828125
1530564531.6452863,76288,28.865928649902344
1530564767.557984,76800,30.377885818481445
1530565004.5798364,77312,28.513164520263672
1530651917.8341389,78336,33.045013427734375
1530652149.5574787,78848,34.45053482055664
1530652380.7883422,79360,30.96994972229004
1530652613.692008,79872,31.0483455657959
1530652845.122345,80384,29.157901763916016
1530653076.4451842,80896,30.489431381225586
1530653307.4998367,81408,27.616201400756836
1530653539.0484483,81920,28.004867553710938
1530653770.7084792,82432,29.8760929107666
1530654002.8327038,82944,29.308462142944336
1530654234.457797,83456,28.198760986328125
1530654467.193318,83968,28.005008697509766
1530654699.9950445,84480,30.093830108642578
1530654933.5665898,84992,31.9608097076416
1530655167.2146344,85504,32.283721923828125
1530655399.5340724,86016,32.9318733215332
1530655632.0013235,86528,30.70092010498047
1530655864.752724,87040,32.0030517578125
1530656098.3135326,87552,32.4136848449707
1530656332.5054553,88064,31.529613494873047
1530656565.203909,88576,31.366241455078125
1530656798.1283484,89088,29.651945114135742
1530657031.031172,89600,30.849552154541016
1530657264.063356,90112,30.798934936523438
1530657498.8270845,90624,30.6817569732666
1530657732.2045686,91136,28.71674156188965
1530657965.9855177,91648,27.683368682861328
1530658199.9459062,92160,28.859647750854492
1530658432.5937605,92672,31.257266998291016
1530658666.2701209,93184,26.76871681213379
1530658900.059378,93696,28.89666175842285
1530659133.7259526,94208,29.909008026123047
1530659367.6822057,94720,29.549915313720703
1530659602.2680986,95232,31.76624298095703
1530659837.3291993,95744,33.003414154052734
1530660072.15909,96256,34.237342834472656
1530660306.9783928,96768,33.74217224121094
1530660540.405438,97280,36.58021926879883
