wall_time,step,value
1534048144.710948,512,0.373325914144516
1534051830.2988784,1024,0.3179512917995453
1534055577.401489,1536,0.28352370858192444
1534059303.0738213,2048,0.2486446350812912
1534062935.9647648,2560,0.2277454435825348
1534066599.7854245,3072,0.21097148954868317
1534070276.9273846,3584,0.20006665587425232
1534073937.028177,4096,0.18783420324325562
1534077575.9274988,4608,0.17981503903865814
1534081199.2830088,5120,0.16743899881839752
1534084837.275096,5632,0.15891550481319427
1534088460.8937876,6144,0.1532350480556488
1534092090.4793425,6656,0.14545108377933502
1534095709.5032864,7168,0.1418585330247879
