wall_time,step,value
1531088644.4087906,512,142.50827026367188
1531088922.988672,1024,180.24188232421875
1531089204.0158157,1536,235.2289276123047
1531089482.8794248,2048,135.3199005126953
1531089761.234796,2560,141.5163116455078
1531090041.495718,3072,137.3489532470703
1531090320.3000393,3584,169.10107421875
1531090599.3208606,4096,158.24526977539062
1531090878.0967577,4608,141.60076904296875
1531091158.8225753,5120,139.83448791503906
1531091438.5337076,5632,119.49771118164062
1531091718.572464,6144,108.24407958984375
1531091998.4262724,6656,95.31871032714844
1531092277.9844613,7168,107.3794174194336
1531092558.6135085,7680,106.82969665527344
1531092838.2875516,8192,96.49967956542969
1531093117.8313043,8704,89.55359649658203
1531093397.9503856,9216,73.06764221191406
1531093677.6802292,9728,81.6271743774414
1531093958.8910866,10240,77.74955749511719
1531094238.1809752,10752,63.61513900756836
1531094518.94427,11264,68.05375671386719
1531094799.324356,11776,68.0811996459961
1531095080.069414,12288,59.08653259277344
1531095360.1507273,12800,63.08897399902344
1531095640.4160051,13312,51.083168029785156
1531095920.7777376,13824,58.610774993896484
1531096201.4694848,14336,57.384132385253906
1531096482.8564677,14848,56.168601989746094
1531096762.0749712,15360,35.142303466796875
1531097042.4380813,15872,37.14352035522461
1531097323.4934523,16384,41.49279022216797
1531097604.5404432,16896,44.94478225708008
1531097884.9114237,17408,53.879661560058594
1531098164.6735017,17920,55.13988494873047
1531098446.5893197,18432,41.86122512817383
1531098728.760451,18944,27.653127670288086
1531099009.256484,19456,30.729427337646484
1531099290.9708707,19968,21.45169448852539
1531099573.4622674,20480,57.71910858154297
1531099853.542827,20992,47.20732116699219
1531100135.1646235,21504,46.56842803955078
1531100416.5372686,22016,41.56941223144531
1531100698.3476999,22528,10.149889945983887
1531100979.2831266,23040,26.65375328063965
1531101262.4160993,23552,35.600181579589844
1531101543.3122373,24064,40.180171966552734
1531101825.3115232,24576,35.58229064941406
1531102106.5190253,25088,27.754133224487305
1531102388.491684,25600,33.211814880371094
1531102670.2963595,26112,32.1852912902832
1531102951.7502208,26624,36.60786819458008
1531103233.4822826,27136,31.07823944091797
1531103515.2511823,27648,45.32258605957031
1531103796.7377634,28160,19.946094512939453
1531104079.364841,28672,34.90606689453125
1531104360.2167935,29184,34.14554214477539
1531104642.489592,29696,31.275711059570312
1531104925.3457975,30208,22.72732162475586
1531105206.4009144,30720,17.679893493652344
1531105488.9913092,31232,16.77678680419922
1531105770.0337486,31744,18.115381240844727
1531106051.4254951,32256,28.191165924072266
1531106333.974216,32768,37.9732780456543
1531106616.967163,33280,30.83929443359375
1531106898.2077835,33792,26.929115295410156
1531107179.9471505,34304,-47.83641052246094
1531107461.6111507,34816,-12.102499008178711
1531107743.1680946,35328,-140.92608642578125
1531108024.893391,35840,68.90396118164062
1531108306.3964243,36352,-97.77395629882812
1531108588.6379888,36864,83.25132751464844
1531108870.2572117,37376,129.995361328125
1531109153.7896826,37888,25.970470428466797
1531109436.6497586,38400,-77.03842163085938
1531314792.032815,39424,9.596654891967773
1531315066.8098276,39936,-56.581993103027344
1531315341.3356366,40448,63.97610855102539
1531315615.281575,40960,33.37968444824219
1531315892.097508,41472,-124.9725341796875
1531316167.3310707,41984,-201.63037109375
1531316442.6224535,42496,182.6795654296875
1531316717.6970394,43008,105.84577941894531
1531316992.5818446,43520,269.2525634765625
1531317269.4460812,44032,-16.88442611694336
1531317545.9749818,44544,-35.222068786621094
1531317821.9565988,45056,221.2498779296875
1531318098.113307,45568,-140.2236328125
1531318374.4578934,46080,123.19953918457031
1531318650.778484,46592,181.33934020996094
1531318927.2726374,47104,-106.86034393310547
1531319204.0694442,47616,41.22383499145508
1531319480.6237044,48128,248.94403076171875
1531319758.5447528,48640,-251.2136688232422
1531320034.5589232,49152,-64.74444580078125
1531320310.8201413,49664,-115.77377319335938
1531341732.7034416,50688,18.96125030517578
1531342008.79166,51200,172.18746948242188
1531342285.0178385,51712,51.08460998535156
1531342560.9634333,52224,49.059791564941406
1531342837.954212,52736,-68.81224060058594
1531343115.1723285,53248,-64.09950256347656
1531343390.7477818,53760,-50.43301010131836
1531343667.3001375,54272,71.50605773925781
1531343943.796503,54784,-28.13370704650879
1531344221.362777,55296,94.90214538574219
1531344496.7754369,55808,-46.177391052246094
1531344772.1917572,56320,152.7840576171875
1531345049.10562,56832,15.461854934692383
1531345325.0200045,57344,-157.95040893554688
1531345602.1617572,57856,191.30430603027344
1531345878.4190853,58368,94.63824462890625
1531346154.094108,58880,-252.76913452148438
1531346429.9050236,59392,48.234832763671875
1531346705.7824502,59904,124.92420959472656
1531346982.3920286,60416,-150.98007202148438
1531347258.5515864,60928,-191.92184448242188
1531347534.431842,61440,-50.35045623779297
1531347811.469341,61952,-66.15105438232422
1531348088.4557767,62464,183.46670532226562
1531348365.4225383,62976,23.73169708251953
1531348643.346138,63488,-201.20233154296875
1531348921.0933762,64000,61.41485595703125
1531349198.0659468,64512,-137.64547729492188
1531349475.1381183,65024,194.48507690429688
1531349753.7432597,65536,-118.31739807128906
1531350032.8734047,66048,-90.21026611328125
1531350311.5376298,66560,-72.02281188964844
1531350589.1933422,67072,77.28034973144531
1531350868.12695,67584,-69.78683471679688
1531351146.179191,68096,87.18487548828125
1531351423.7988899,68608,208.06056213378906
1531351702.9112031,69120,-119.54676818847656
1531352745.8287554,70144,54.93235397338867
1531353020.232995,70656,121.0214614868164
1531353295.9438415,71168,-73.87940979003906
1531353572.0911403,71680,20.156784057617188
1531353849.2074065,72192,-238.8077392578125
1531354125.8226624,72704,-286.3852844238281
1531354403.0881572,73216,353.7323913574219
1531354679.7291093,73728,409.8543701171875
1531354957.1200736,74240,-258.5071105957031
1531355233.8251014,74752,-50.83077621459961
1531355509.4253612,75264,32.939910888671875
1531355786.5038462,75776,8.174689292907715
1531356063.3484974,76288,-130.89028930664062
1531356340.7052958,76800,182.96365356445312
1531356617.1229024,77312,214.95571899414062
1531356893.5331864,77824,-133.0859375
1531357169.4782665,78336,69.64778137207031
1531357447.3266659,78848,-278.99658203125
1531357725.4512794,79360,56.00996398925781
1531358002.0089252,79872,-172.97763061523438
1531358280.409493,80384,116.19216918945312
1531358557.633911,80896,-254.63121032714844
1531358834.7168934,81408,88.52247619628906
1531359112.8859766,81920,-107.76473999023438
1531359389.9625192,82432,108.7558822631836
1531359667.3705616,82944,-150.04434204101562
1531359946.304018,83456,-216.22035217285156
1531360223.6280997,83968,-251.88784790039062
1531360500.7163777,84480,-236.15362548828125
1531360779.2521973,84992,280.7408447265625
1531361055.876965,85504,-6.045501708984375
1531361333.3219323,86016,271.21221923828125
1531361610.6128945,86528,-319.2735900878906
1531361889.572209,87040,-244.12240600585938
1531362167.586788,87552,79.12274169921875
1531362446.59562,88064,278.1890869140625
1531362724.7157962,88576,345.6212158203125
1531363002.7130067,89088,200.7296142578125
1531363280.7913299,89600,-377.3342590332031
1531363558.746793,90112,16.337646484375
1531363836.4972458,90624,-197.47618103027344
1531364114.2069151,91136,163.90054321289062
1531364392.6989217,91648,267.9918518066406
1531364670.1696053,92160,296.514404296875
1531364948.1953142,92672,253.95033264160156
1531365227.6057007,93184,-101.50320434570312
1531365504.9057336,93696,-213.7161865234375
1531365782.1646001,94208,188.05868530273438
1531366059.8003452,94720,345.9888916015625
1531366338.660382,95232,12.266241073608398
1531366616.9180024,95744,-192.7199249267578
1531366894.444594,96256,-32.540687561035156
1531367172.839844,96768,124.22964477539062
1531367450.8576422,97280,300.42095947265625
