wall_time,step,value
1530492301.7227178,128,0.9995466470718384
1530492365.6412406,256,0.999589741230011
1530492429.6051579,384,0.9995447993278503
1530492493.6457996,512,0.9995276927947998
1530492621.8752189,640,0.9995254278182983
1530492685.938898,768,0.9995219111442566
1530492749.9840589,896,0.9995185732841492
1530492814.0945642,1024,0.9995211958885193
1530492940.6092837,1152,0.999516487121582
1530493004.7751207,1280,0.9995182156562805
1530493068.8713677,1408,0.9995220899581909
1530493132.9546854,1536,0.9995211958885193
1530493261.117357,1664,0.999519944190979
1530493325.084117,1792,0.999522864818573
1530493389.076472,1920,0.999519407749176
1530493453.0795538,2048,0.9995197653770447
1530493580.9677038,2176,0.9995201230049133
1530493645.1190124,2304,0.9995208382606506
1530493709.2468226,2432,0.9995241165161133
1530493773.2953043,2560,0.999519407749176
1530493900.2986207,2688,0.9995198249816895
1530493964.400824,2816,0.9995207786560059
1530494028.4037552,2944,0.9995216131210327
1530494092.5484736,3072,0.9995194673538208
1530494221.6816106,3200,0.9995204210281372
1530494285.680654,3328,0.9995196461677551
1530494349.6547413,3456,0.9995195269584656
1530494413.8148358,3584,0.9995197057723999
1530494541.6362975,3712,0.9995201230049133
1530494605.7636945,3840,0.9995207190513611
1530494669.828545,3968,0.9995223879814148
1530494733.926479,4096,0.999520480632782
1530494862.5177417,4224,0.9995217323303223
1530494926.5472074,4352,0.9995225071907043
1530494990.5923738,4480,0.9995217323303223
1530495054.671806,4608,0.9995214343070984
1530495182.2296233,4736,0.9995223879814148
1530495246.2400625,4864,0.9995234608650208
1530495310.303402,4992,0.9995229840278625
1530495374.4942284,5120,0.9995235800743103
1530495501.2712593,5248,0.9995253682136536
1530495565.2044985,5376,0.9995235800743103
1530495629.2973573,5504,0.9995226860046387
1530495693.4681666,5632,0.9995219111442566
1530495820.2736697,5760,0.9995219707489014
1530495884.491135,5888,0.9995220303535461
1530495948.54002,6016,0.9995225071907043
1530496012.5159926,6144,0.9995226263999939
1530496139.3491948,6272,0.999523401260376
1530496203.4569614,6400,0.9995232820510864
1530496267.5129306,6528,0.9995236396789551
1530496331.4425735,6656,0.9995241761207581
1530496458.2439628,6784,0.9995243549346924
1530496522.3455124,6912,0.9995250701904297
1530496586.3502614,7040,0.9995253682136536
1530496650.3050978,7168,0.999525249004364
1530496776.273011,7296,0.9995251893997192
1530496840.2032049,7424,0.9995261430740356
1530496904.3952036,7552,0.99952632188797
1530496968.5613549,7680,0.999527096748352
1530497093.7994983,7808,0.999527096748352
1530497157.861512,7936,0.999527096748352
1530497221.8839464,8064,0.9995266795158386
1530497285.921427,8192,0.9995275139808655
1530497410.0920327,8320,0.999527633190155
1530497474.0955698,8448,0.9995278120040894
1530497538.3201966,8576,0.9995279908180237
1530497602.273865,8704,0.9995297193527222
1530497727.2613974,8832,0.9995290637016296
1530497791.1914346,8960,0.9995278716087341
1530782071.1536312,9344,0.999530017375946
1530782134.8475888,9472,0.9995290637016296
1530782198.4177482,9600,0.9995308518409729
1530782262.2791557,9728,0.9995314478874207
1530782386.8772702,9856,0.9995309114456177
1530782450.6724114,9984,0.9995306134223938
1530782514.5888317,10112,0.9995318055152893
1530782578.4492068,10240,0.9995325207710266
1530782702.9893963,10368,0.9995328187942505
1530782766.8457732,10496,0.9995321035385132
1530782830.7148242,10624,0.9995318651199341
1530782894.5904243,10752,0.9995320439338684
1530783018.3600566,10880,0.9995322227478027
1530783082.293114,11008,0.9995331168174744
1530783146.1317203,11136,0.9995325803756714
1530783209.8328009,11264,0.99953293800354
1530783332.457735,11392,0.9995337128639221
1530783396.3521194,11520,0.9995326995849609
1530783460.2106826,11648,0.9995342493057251
1530783524.0292208,11776,0.9995348453521729
1530783646.558373,11904,0.9995349049568176
1530783710.514438,12032,0.999534010887146
1530783774.5132997,12160,0.9995343089103699
1530783838.402195,12288,0.9995363354682922
1530783960.8242667,12416,0.9995347261428833
1530784024.5666332,12544,0.9995365142822266
1530784088.361544,12672,0.9995371103286743
1530784152.2538579,12800,0.9995375275611877
1530784274.4402585,12928,0.9995372295379639
1530784338.2857409,13056,0.9995375275611877
1530784402.1567574,13184,0.9995388984680176
1530784465.8874714,13312,0.9995387196540833
1530784588.8055692,13440,0.9995376467704773
1530784652.743791,13568,0.9995384216308594
1530784716.7371838,13696,0.9995372295379639
1530784780.5545256,13824,0.9995388388633728
1530784903.9045525,13952,0.999539852142334
1530784967.836471,14080,0.9995401501655579
1530785031.670352,14208,0.9995396137237549
1530785095.4933207,14336,0.9995394349098206
1530785218.7542229,14464,0.9995424151420593
1530785282.5620236,14592,0.9995425939559937
1530785346.2761686,14720,0.9995417594909668
1530785410.1958723,14848,0.9995408058166504
1530785532.4026504,14976,0.9995406866073608
1530785596.2874572,15104,0.9995420575141907
1530785659.9778154,15232,0.9995427131652832
1530785723.788245,15360,0.9995433688163757
1530785848.0101159,15488,0.9995440244674683
1530785911.842366,15616,0.9995430707931519
1530785975.700022,15744,0.9995436072349548
1530786039.392615,15872,0.9995429515838623
1530786162.2776792,16000,0.9995450377464294
1530786225.9433854,16128,0.9995437264442444
1530786289.6649754,16256,0.9995450973510742
1530786353.3695662,16384,0.999546229839325
1530786475.523464,16512,0.999546229839325
1530786539.4360683,16640,0.999548077583313
1530786603.2896824,16768,0.9995473623275757
1530786667.137314,16896,0.9995490312576294
1530786791.4856265,17024,0.9995490908622742
1530786855.2673795,17152,0.999547004699707
1530786919.0053532,17280,0.9995502829551697
1530786982.8809712,17408,0.9995479583740234
1530787106.4826725,17536,0.9995516538619995
1530787170.2858255,17664,0.9995502233505249
1530787234.2277489,17792,0.9995523691177368
1530787297.9005811,17920,0.9995512962341309
1530787421.5648851,18048,0.9995543956756592
1530787485.3462026,18176,0.9995527267456055
1530787549.1321487,18304,0.9995512962341309
1530787612.9370368,18432,0.9995523691177368
1530787735.6646178,18560,0.9995554685592651
1530787799.41528,18688,0.9995507001876831
1530787863.2586515,18816,0.9995525479316711
1530787927.1152067,18944,0.9995505213737488
1530788051.0027463,19072,0.9995535612106323
1530788114.802319,19200,0.9995516538619995
1530788178.5540147,19328,0.9995511174201965
1530788242.4273703,19456,0.9995526075363159
1530788365.0419984,19584,0.9995532035827637
1530788428.9178534,19712,0.9995540380477905
1530788492.861586,19840,0.9995560646057129
1530788556.755555,19968,0.9995559453964233
1530788678.745091,20096,0.9995557069778442
1530788742.578577,20224,0.9995549917221069
1530788806.3340285,20352,0.9995550513267517
1530788870.0876033,20480,0.9995596408843994
1530788992.3263426,20608,0.9995558857917786
1530789056.008633,20736,0.9995552897453308
1530789119.777105,20864,0.9995557069778442
1530789183.585562,20992,0.9995552897453308
1530789306.8505588,21120,0.999554455280304
1530789370.5331318,21248,0.9995579719543457
1530789434.4788017,21376,0.999555766582489
1530789498.285896,21504,0.9995565414428711
1530789620.877745,21632,0.9995561242103577
1530789684.576932,21760,0.999557375907898
1530789748.2119477,21888,0.9995582699775696
1530789812.0588348,22016,0.9995565414428711
1530789936.6262906,22144,0.9995574355125427
1530790000.3936157,22272,0.9995559453964233
1530790064.1316378,22400,0.9995566606521606
1530790127.8352184,22528,0.9995545148849487
1530790251.7492623,22656,0.9995536208152771
1530790315.4349332,22784,0.9995555281639099
1530790379.241323,22912,0.9995580315589905
1530790443.1503792,23040,0.9995582103729248
1530790566.959231,23168,0.9995549917221069
1530790630.7012956,23296,0.9995564818382263
1530790694.503188,23424,0.9995595812797546
1530790758.2143984,23552,0.999556839466095
1530790882.686219,23680,0.9995570778846741
1530790946.3332036,23808,0.9995558261871338
1530791010.0253758,23936,0.9995567202568054
1530791073.6783166,24064,0.999557614326477
1530791199.4855633,24192,0.9995566606521606
1530791263.1194813,24320,0.999556839466095
1530791326.8535786,24448,0.9995582103729248
1530791390.5761344,24576,0.9995591640472412
1530791514.738437,24704,0.999556303024292
1530791578.4176686,24832,0.9995582699775696
1530791642.1344209,24960,0.9995548725128174
1530791705.8444834,25088,0.9995592832565308
1530791829.681393,25216,0.9995595812797546
1530791893.5463476,25344,0.9995582699775696
1530791957.3164978,25472,0.9995568990707397
1530792021.2037385,25600,0.9995589256286621
1530792147.0484192,25728,0.9995560646057129
1530792210.7610657,25856,0.9995554685592651
1530792274.6328914,25984,0.9995553493499756
1530792338.333443,26112,0.9995570778846741
1530792463.0292356,26240,0.9995560050010681
1530792526.7090883,26368,0.9995577335357666
1530792590.5574985,26496,0.9995571374893188
1530792654.2081852,26624,0.9995570182800293
1530792779.8481052,26752,0.9995539784431458
1530792843.476953,26880,0.9995547533035278
1530792907.4469173,27008,0.999557614326477
1530792971.062048,27136,0.9995546340942383
1530793095.126626,27264,0.9995564818382263
1530793158.8339267,27392,0.9995574951171875
1530793222.8067396,27520,0.9995595812797546
1530793286.593983,27648,0.9995599389076233
1530793411.3662293,27776,0.9995620250701904
1530793474.7368011,27904,0.9995617270469666
1530793538.244061,28032,0.9995583891868591
1530793601.7974815,28160,0.9995597004890442
1530793726.4915664,28288,0.9995601177215576
1530793790.1332264,28416,0.9995625615119934
1530793853.9742186,28544,0.9995627999305725
1530793917.8911593,28672,0.999565839767456
1530794043.2867355,28800,0.9995612502098083
1530794106.864062,28928,0.9995630383491516
1530794170.5055516,29056,0.9995653033256531
1530794234.3125305,29184,0.9995645880699158
1530794358.1653922,29312,0.999566912651062
1530794421.5482996,29440,0.9995691776275635
1530794485.02715,29568,0.9995642900466919
1530794548.48274,29696,0.9995686411857605
1530794673.2308404,29824,0.9995668530464172
1530794736.7475226,29952,0.9995724558830261
1530794800.1638882,30080,0.9995748400688171
1530794863.7684836,30208,0.9995684623718262
1530794988.453075,30336,0.99957275390625
1530795051.8575864,30464,0.9995734095573425
1530795115.3447247,30592,0.999574601650238
1530795178.8560734,30720,0.9995766878128052
1530795304.1510277,30848,0.9995778203010559
1530795367.7749307,30976,0.999573290348053
1530795431.4693282,31104,0.9995747804641724
1530795495.1917303,31232,0.9995757341384888
1530795620.801047,31360,0.9995783567428589
1530795684.4783533,31488,0.9995782375335693
1530795748.1597865,31616,0.9995748400688171
1530795811.7394476,31744,0.9995744824409485
1530795938.4263194,31872,0.9995717406272888
1530796002.0604753,32000,0.9995755553245544
1530796065.7752519,32128,0.9995737075805664
1530796129.5054584,32256,0.9995778799057007
1530796254.9782214,32384,0.9995726346969604
1530796318.492802,32512,0.9995686411857605
1530796382.249329,32640,0.9995712637901306
1530796445.8383193,32768,0.9995737671852112
1530796571.865143,32896,0.9995709657669067
1530796635.5927525,33024,0.9995702505111694
1530796699.303641,33152,0.9995684623718262
1530796762.994078,33280,0.9995717406272888
1530796890.1611652,33408,0.9995670318603516
1530796953.8466601,33536,0.999570369720459
1530797017.549554,33664,0.9995706081390381
1530797081.4752545,33792,0.9995695352554321
1530797207.7403615,33920,0.99956876039505
1530797271.4955728,34048,0.9995666146278381
1530797335.1901193,34176,0.9995711445808411
1530797398.9336224,34304,0.9995729327201843
1530797525.4981506,34432,0.9995693564414978
1530797589.4309323,34560,0.9995701313018799
1530797653.3209705,34688,0.9995716214179993
1530797717.117145,34816,0.9995698928833008
1530797842.0032916,34944,0.9995718598365784
1530797905.6653202,35072,0.999570906162262
1530797969.4475121,35200,0.9995691776275635
1530798033.2946746,35328,0.9995695352554321
1530798158.7576413,35456,0.9995728731155396
1530798222.4800856,35584,0.9995653033256531
1530798286.3272808,35712,0.9995715618133545
1530798350.078643,35840,0.9995668530464172
1530798476.034278,35968,0.9995737671852112
1530798539.89921,36096,0.9995714426040649
1530798603.7660143,36224,0.999573290348053
1530798667.5962636,36352,0.9995734691619873
1530798794.3135436,36480,0.9995740652084351
1530798858.0273015,36608,0.999571681022644
1530798921.7406635,36736,0.9995737671852112
1530798985.4902706,36864,0.99957275390625
1530799111.008897,36992,0.9995742440223694
1530799174.6935642,37120,0.999574601650238
1530799238.6375117,37248,0.9995687007904053
1530799302.4987133,37376,0.9995723962783813
1530799427.8419979,37504,0.9995736479759216
1530799491.692604,37632,0.9995724558830261
1530799555.4427063,37760,0.999576985836029
1530799619.4350133,37888,0.999575138092041
1530799747.1555562,38016,0.9995766282081604
1530799811.0192935,38144,0.9995711445808411
1530799874.8478293,38272,0.9995759129524231
1530799938.613334,38400,0.9995728135108948
1530800066.1159961,38528,0.9995722770690918
1530800130.1328735,38656,0.9995750188827515
1530800193.81443,38784,0.9995752573013306
1530800257.593966,38912,0.9995706081390381
1530800383.4177814,39040,0.9995737671852112
1530800447.1297781,39168,0.9995744228363037
1530800510.8161786,39296,0.9995771050453186
1530800574.5719948,39424,0.9995768666267395
1530800700.6742349,39552,0.9995812177658081
1530800764.48375,39680,0.9995828866958618
1530800828.2187693,39808,0.9995808005332947
1530800891.9897125,39936,0.9995839595794678
1530801018.3129997,40064,0.9995813369750977
1530801082.1834118,40192,0.999582827091217
1530801145.9742782,40320,0.9995797872543335
1530801209.7417996,40448,0.9995836615562439
1530801335.980031,40576,0.9995831251144409
1530801399.700667,40704,0.9995836615562439
1530801463.7174184,40832,0.9995841383934021
1530801527.355094,40960,0.999587893486023
1530801653.0509474,41088,0.9995814561843872
1530801716.6376064,41216,0.9995862245559692
1530801780.4094748,41344,0.9995859265327454
1530801844.1188703,41472,0.9995850920677185
1530801970.5276473,41600,0.9995882511138916
1530802034.2982259,41728,0.9995855093002319
1530802098.1166236,41856,0.9995859861373901
1530802161.848504,41984,0.9995891451835632
1530802288.4596581,42112,0.9995888471603394
1530802352.254904,42240,0.9995871186256409
1530802416.0393698,42368,0.9995918273925781
1530802479.7970414,42496,0.9995888471603394
1530802605.3703763,42624,0.9995953440666199
1530802669.235429,42752,0.9995905756950378
1530802733.1299474,42880,0.9995937347412109
1530802796.8956668,43008,0.9995933771133423
1530802923.7730188,43136,0.9995890259742737
1530802987.5162165,43264,0.999593198299408
1530803051.3117533,43392,0.999594509601593
1530803115.1076717,43520,0.9995948672294617
1530803241.2718217,43648,0.9995946884155273
1530803305.031602,43776,0.9995936155319214
1530803368.8490505,43904,0.9995916485786438
1530803432.6245031,44032,0.9995888471603394
1530803558.339917,44160,0.9995914101600647
1530803622.1859531,44288,0.9995890259742737
1530803686.0787635,44416,0.9995883703231812
1530803749.898788,44544,0.9995896220207214
1530803876.5557632,44672,0.999590277671814
1530803940.3946648,44800,0.9995940327644348
1530804004.260513,44928,0.9995884299278259
1530804067.9326572,45056,0.9995893239974976
1530804195.381681,45184,0.9995934963226318
1530804259.249909,45312,0.9995920062065125
1530804323.1790888,45440,0.9995986819267273
1530804387.1706448,45568,0.9995978474617004
1530804513.098225,45696,0.9995951056480408
1530804576.9226098,45824,0.999595046043396
1530804640.8651104,45952,0.9995977282524109
1530804704.6144369,46080,0.999598503112793
1530804831.8907416,46208,0.9995941519737244
1530804895.6599913,46336,0.9995958209037781
1530804959.620945,46464,0.9995949864387512
1530805023.5633101,46592,0.9996029734611511
1530805153.1285987,46720,0.9995988011360168
1530805217.015225,46848,0.9995945692062378
1530805280.9589837,46976,0.9996001720428467
1530805344.8975163,47104,0.9996009469032288
1530805474.7253242,47232,0.9995965957641602
1530805538.5046368,47360,0.9996016621589661
1530805602.375017,47488,0.9996023178100586
1530838968.5971267,47744,0.9996115565299988
1530839031.271071,47872,0.9996049404144287
1530839095.7867343,48000,0.9996073246002197
1530839160.6695583,48128,0.9996117949485779
1530839286.3191109,48256,0.999602735042572
1530839350.1101508,48384,0.9996032118797302
1530839414.1291242,48512,0.999606728553772
1530839477.9749365,48640,0.9996080994606018
1530839602.5569434,48768,0.9996002316474915
1530839666.7077363,48896,0.9996036887168884
1530839730.8368256,49024,0.9996055960655212
1530839794.9557269,49152,0.9996103644371033
1530839920.030238,49280,0.9996092915534973
1530839984.0133522,49408,0.9996083974838257
1530840047.9732096,49536,0.9996098875999451
1530840111.9496934,49664,0.9996100068092346
1530840235.9207525,49792,0.9996078610420227
1530840299.7704895,49920,0.9996140003204346
1530840363.806831,50048,0.99961256980896
1530840427.9844728,50176,0.9996136426925659
1530840552.137466,50304,0.9996128678321838
1530840616.2710347,50432,0.9996150732040405
1530840680.3426247,50560,0.9996117353439331
1530840744.2911985,50688,0.999617338180542
1530840868.8058996,50816,0.9996177554130554
1530840932.843037,50944,0.9996141195297241
1530840996.864597,51072,0.9996205568313599
1530841060.7028017,51200,0.999621570110321
1530841184.5462453,51328,0.999614417552948
1530841248.5666645,51456,0.9996179938316345
1530841312.5183792,51584,0.9996175169944763
1530841376.5026138,51712,0.9996170401573181
1530841500.3237855,51840,0.9996290802955627
1530841564.2444515,51968,0.9996268153190613
1530841628.1968842,52096,0.9996246099472046
1530841692.2132573,52224,0.9996248483657837
1530841817.602891,52352,0.999624490737915
1530841881.566794,52480,0.9996240735054016
1530841945.503551,52608,0.9996272921562195
1530842009.42809,52736,0.9996180534362793
1530842134.0592844,52864,0.9996204376220703
1530842198.075462,52992,0.9996168613433838
1530842262.232083,53120,0.9996220469474792
1530842326.1930494,53248,0.9996173977851868
1530842450.5722363,53376,0.9996204972267151
1530842514.6014428,53504,0.9996211528778076
1530842578.5928009,53632,0.9996196031570435
1530842642.644074,53760,0.999621570110321
1530842766.4290116,53888,0.9996188282966614
1530842830.4607098,54016,0.9996143579483032
1530842894.447813,54144,0.9996168613433838
1530842958.4489822,54272,0.9996214509010315
1530843082.9288793,54400,0.9996197819709778
1530843147.096601,54528,0.9996212124824524
1530843211.1381133,54656,0.9996215105056763
1530843275.1389434,54784,0.9996211528778076
1530843398.8448694,54912,0.9996285438537598
1530843462.749893,55040,0.9996283054351807
1530843526.866757,55168,0.9996247291564941
1530843590.8908026,55296,0.9996278285980225
1530843715.5961576,55424,0.9996253848075867
1530843779.5413828,55552,0.9996237754821777
1530843843.5117352,55680,0.9996300339698792
1530843907.5146322,55808,0.9996298551559448
1530844030.8073263,55936,0.9996278285980225
1530844094.8262346,56064,0.9996227622032166
1530844159.0027566,56192,0.9996236562728882
1530844222.9433098,56320,0.9996256232261658
1530844346.8546865,56448,0.9996215105056763
1530844410.8167057,56576,0.9996183514595032
1530844474.9157012,56704,0.9996158480644226
1530844538.8832417,56832,0.9996179938316345
1530844663.9127321,56960,0.9996082186698914
1530844727.9926815,57088,0.9996045827865601
1530844792.1065004,57216,0.9995981454849243
1530844856.173761,57344,0.9995972514152527
1530844980.2228706,57472,0.9995896816253662
1530845044.175023,57600,0.999594509601593
1530845108.3081684,57728,0.9995940327644348
1530845172.3884275,57856,0.999596893787384
1530845296.701713,57984,0.9996026754379272
1530845360.737673,58112,0.9995987415313721
1530845424.7128327,58240,0.9996012449264526
1530845488.565152,58368,0.9996029138565063
1530845612.3681984,58496,0.9996000528335571
1530845676.5409677,58624,0.9995982646942139
1530845740.6379287,58752,0.9996037483215332
1530845804.6244602,58880,0.9996052384376526
1530845929.3543463,59008,0.999600887298584
1530845993.4755454,59136,0.9996026754379272
1530846057.5290859,59264,0.9996023178100586
1530846121.5162532,59392,0.999605655670166
1530846245.5830076,59520,0.9996097087860107
1530846309.607659,59648,0.9996108412742615
1530846373.6174595,59776,0.9996128678321838
1530846437.6483927,59904,0.9996091723442078
1530846562.8439317,60032,0.9996112585067749
1530846626.7999275,60160,0.9996111392974854
1530846690.8780172,60288,0.999610960483551
1530846754.9222262,60416,0.999609112739563
1530846878.8548903,60544,0.9996148347854614
1530846942.895093,60672,0.9996228814125061
1530847006.8430278,60800,0.9996182322502136
1530847070.8167417,60928,0.9996187090873718
1530847195.3365319,61056,0.9996182322502136
1530847259.3802261,61184,0.9996193647384644
1530847323.3938282,61312,0.9996247291564941
1530847387.3011448,61440,0.9996177554130554
1530847512.4412668,61568,0.999616801738739
1530847576.5023324,61696,0.99961918592453
1530847640.5731542,61824,0.9996170401573181
1530847704.5988312,61952,0.999625027179718
1530847828.295756,62080,0.9996210932731628
1530847892.3499117,62208,0.9996211528778076
1530847956.2649066,62336,0.9996215105056763
1530848020.295365,62464,0.9996184706687927
1530848144.5122714,62592,0.9996210336685181
1530848208.570175,62720,0.9996212720870972
1530848272.5973604,62848,0.9996185302734375
1530848336.6100307,62976,0.9996274709701538
1530848460.8828936,63104,0.9996379017829895
1530848524.9127882,63232,0.9996436238288879
1530848588.7743137,63360,0.9996353387832642
1530848652.8877614,63488,0.9996374249458313
1530848777.6480043,63616,0.9996333122253418
1530848841.7602577,63744,0.9996312856674194
1530848905.7286878,63872,0.9996315836906433
1530848969.7552483,64000,0.9996361136436462
1530849094.4248502,64128,0.9996341466903687
1530849158.4901707,64256,0.999629557132721
1530849222.5161648,64384,0.9996292591094971
1530849286.3728309,64512,0.9996336698532104
1530849411.9510849,64640,0.9996337890625
1530849475.9849122,64768,0.9996285438537598
1530849539.9442608,64896,0.9996299147605896
1530849603.9984276,65024,0.9996320605278015
1530849728.4101841,65152,0.9996373653411865
1530849792.3150053,65280,0.9996350407600403
1530849856.341259,65408,0.9996346831321716
1530849920.540631,65536,0.9996331334114075
1530850044.7242904,65664,0.9996300339698792
1530850108.5847487,65792,0.9996318221092224
1530850172.6084278,65920,0.9996316432952881
1530850236.5991907,66048,0.9996286630630493
1530850362.4645543,66176,0.9996270537376404
1530850426.545787,66304,0.9996330142021179
1530850490.504495,66432,0.9996249675750732
1530850554.3918254,66560,0.9996375441551208
1530850679.1199346,66688,0.9996287226676941
1530850743.2130365,66816,0.9996305108070374
1530850807.1336403,66944,0.9996364712715149
1530850871.1645386,67072,0.9996345639228821
1530850996.2351687,67200,0.9996283650398254
1530851060.148588,67328,0.9996326565742493
1530851124.1133327,67456,0.9996263384819031
1530851188.142971,67584,0.9996306300163269
1530851313.4209652,67712,0.9996401071548462
1530851377.3977582,67840,0.9996325373649597
1530851441.3530853,67968,0.9996341466903687
1530851505.3553064,68096,0.9996322989463806
1530851631.5937781,68224,0.9996378421783447
1530851695.5763383,68352,0.9996333718299866
1530851759.9771762,68480,0.9996403455734253
1530851824.0471861,68608,0.9996328353881836
1530851950.3476455,68736,0.9996343851089478
1530852014.3536513,68864,0.999640703201294
1530852078.222308,68992,0.9996328949928284
1530852142.2316287,69120,0.9996365308761597
1530852266.518288,69248,0.999636173248291
1530852330.690962,69376,0.9996311068534851
1530852394.9871984,69504,0.9996384382247925
1530852459.3175056,69632,0.9996275901794434
1530852585.3751645,69760,0.9996380805969238
1530852649.252112,69888,0.9996336102485657
1530852713.139835,70016,0.9996341466903687
1530852776.9651942,70144,0.999634861946106
1530852902.5629046,70272,0.9996305108070374
1530852966.5968423,70400,0.9996358752250671
1530853030.4361188,70528,0.9996388554573059
1530877477.3923686,70784,0.999631941318512
1530877539.685416,70912,0.9996365904808044
1530877603.901387,71040,0.9996325373649597
1530877668.3087351,71168,0.9996421933174133
1530877791.6715076,71296,0.9996398687362671
1530877855.231934,71424,0.9996368885040283
1530877918.9587476,71552,0.9996393322944641
1530877982.4985893,71680,0.9996364712715149
1530878106.5488515,71808,0.9996328949928284
1530878170.2957597,71936,0.9996342658996582
1530878233.9929783,72064,0.9996437430381775
1530878297.6644678,72192,0.9996341466903687
1530878420.3916302,72320,0.9996318817138672
1530878483.9685605,72448,0.9996294975280762
1530878547.6095188,72576,0.999639630317688
1530878611.1269603,72704,0.9996399879455566
1530878733.9328184,72832,0.9996384978294373
1530878797.7919073,72960,0.9996346831321716
1530878861.4440734,73088,0.9996350407600403
1530878925.1757765,73216,0.9996424317359924
1530879048.3591113,73344,0.9996323585510254
1530879111.9863482,73472,0.9996304512023926
1530879175.6406436,73600,0.9996334314346313
1530879239.265786,73728,0.9996343851089478
1530879361.2714965,73856,0.9996367692947388
1530879425.0624025,73984,0.999639630317688
1530879488.6957061,74112,0.9996373057365417
1530879552.3676236,74240,0.9996271729469299
1530879674.9627779,74368,0.9996365308761597
1530879738.5793793,74496,0.9996293187141418
1530879802.2348213,74624,0.9996369481086731
1530879865.9068892,74752,0.9996306300163269
1530879987.8297975,74880,0.9996300935745239
1530880051.506026,75008,0.9996272325515747
1530880115.2726426,75136,0.9996294975280762
1530886686.3171415,75392,0.9996217489242554
1530886748.8329413,75520,0.9996261596679688
1530886813.2741435,75648,0.9996325373649597
1530886877.9105268,75776,0.9996299743652344
1530887002.1361265,75904,0.9996219277381897
1530887065.9536452,76032,0.9996272921562195
1530887129.5940669,76160,0.9996257424354553
1530887193.4253037,76288,0.9996322393417358
1530887316.973373,76416,0.9996271133422852
1530887380.8340268,76544,0.9996344447135925
1530887444.7379358,76672,0.9996312856674194
1530887508.6001406,76800,0.9996339082717896
1530887631.7949502,76928,0.9996359348297119
1530887695.4083884,77056,0.9996337294578552
1530887759.255475,77184,0.9996374249458313
1530887822.9421973,77312,0.999636709690094
1530887946.137899,77440,0.9996386766433716
1530888009.9851177,77568,0.9996312260627747
1530888073.922044,77696,0.9996310472488403
1530888137.727085,77824,0.999636709690094
1530888261.5902116,77952,0.9996353387832642
1530888325.4482567,78080,0.999629020690918
1530888389.3036673,78208,0.9996360540390015
1530888453.3654633,78336,0.9996351599693298
1530888577.424846,78464,0.9996373653411865
1530888641.1926484,78592,0.999633252620697
1530888705.0087888,78720,0.9996395111083984
1530888768.8694646,78848,0.9996352195739746
1530888893.5748985,78976,0.9996340870857239
1530888957.5666635,79104,0.9996366500854492
1530889021.5329306,79232,0.9996432662010193
1530889085.473524,79360,0.9996351003646851
1530889209.0202236,79488,0.9996407628059387
1530889272.8930576,79616,0.9996345639228821
1530889336.824705,79744,0.9996345639228821
1530889400.5105612,79872,0.9996364116668701
1530889523.9184394,80000,0.9996403455734253
1530889587.693991,80128,0.9996315240859985
1530889651.680317,80256,0.999640703201294
1530889715.4479556,80384,0.9996340870857239
1530889839.9141548,80512,0.9996337890625
1530889903.7630851,80640,0.9996392726898193
1530889967.6753201,80768,0.999638020992279
1530890031.6052513,80896,0.9996390342712402
1530890155.9734738,81024,0.9996306300163269
1530890219.6845837,81152,0.999630331993103
1530890283.6566403,81280,0.9996387958526611
1530890347.5149755,81408,0.9996344447135925
1530890471.2329202,81536,0.9996386766433716
1530890535.092517,81664,0.9996348023414612
1530890599.0968983,81792,0.9996424913406372
1530890662.9711242,81920,0.9996404051780701
1530890786.885157,82048,0.9996346235275269
1530890850.7499118,82176,0.9996370673179626
1530890914.6769907,82304,0.9996399283409119
1530890978.6040673,82432,0.9996317028999329
1530891102.4816844,82560,0.9996363520622253
1530891166.4283645,82688,0.9996328353881836
1530891230.3234882,82816,0.9996351003646851
1530891294.229023,82944,0.9996324181556702
1530891417.8377209,83072,0.9996331930160522
1530891481.7105963,83200,0.9996351599693298
1530891545.720364,83328,0.9996334314346313
1530891609.7448287,83456,0.999634325504303
1530891733.8442075,83584,0.9996341466903687
1530891797.593407,83712,0.9996317028999329
1530891861.640298,83840,0.9996337294578552
1530891925.492955,83968,0.9996317028999329
1530892048.995153,84096,0.9996360540390015
1530892112.9603567,84224,0.9996280074119568
1530892177.0831368,84352,0.9996313452720642
1530892240.985671,84480,0.9996339082717896
1530892365.8524418,84608,0.9996293783187866
1530892429.826102,84736,0.9996272921562195
1530892493.7765017,84864,0.9996297359466553
1530892557.6519294,84992,0.9996298551559448
1530892681.9776807,85120,0.999628484249115
1530892746.0309048,85248,0.9996245503425598
1530892810.0854006,85376,0.9996296763420105
1530892873.959771,85504,0.9996324777603149
1530892997.5325453,85632,0.9996343851089478
1530893061.3086002,85760,0.9996322989463806
1530893125.1695716,85888,0.9996303915977478
1530893189.2744226,86016,0.9996326565742493
1530893314.5268974,86144,0.9996351599693298
1530893378.413654,86272,0.9996345639228821
1530893442.3181174,86400,0.9996345639228821
1530893506.4416773,86528,0.9996333718299866
1530893631.644374,86656,0.9996353387832642
1530893695.4991035,86784,0.9996303915977478
1530893759.4408216,86912,0.9996302127838135
1530893823.3673913,87040,0.9996364712715149
1530893948.6026514,87168,0.9996311664581299
1530894012.5328743,87296,0.9996297955513
1530894076.4332485,87424,0.9996303915977478
1530894140.3115213,87552,0.9996316432952881
1530894264.268117,87680,0.999631941318512
1530894328.2527356,87808,0.9996271133422852
1530894392.167015,87936,0.9996289610862732
1530894456.0987768,88064,0.9996330142021179
1530894580.4921715,88192,0.9996309876441956
1530894644.5090117,88320,0.9996318221092224
1530894708.4847927,88448,0.9996312856674194
1530894772.442145,88576,0.9996322393417358
1530894896.9407473,88704,0.9996317028999329
1530894960.7860644,88832,0.9996289610862732
1530895024.8030567,88960,0.999630331993103
1530895088.8793352,89088,0.999634861946106
1530895213.7771742,89216,0.9996302723884583
1530895277.877622,89344,0.9996309876441956
1530895342.1111996,89472,0.9996290802955627
1530895406.1243894,89600,0.999626874923706
1530895530.1527116,89728,0.9996305108070374
1530895594.2723467,89856,0.9996256828308105
1530895658.2602112,89984,0.9996326565742493
1530895722.2086227,90112,0.9996336102485657
1530895846.8852017,90240,0.9996293783187866
1530895911.0059125,90368,0.9996285438537598
1530895974.926173,90496,0.9996426701545715
1530896038.933833,90624,0.9996304512023926
1530896163.245449,90752,0.9996352195739746
1530896227.2244859,90880,0.9996376633644104
1530896291.2300358,91008,0.9996362328529358
1530896355.3212717,91136,0.9996350407600403
1530896478.9043133,91264,0.9996428489685059
1530896542.8519554,91392,0.9996393918991089
1530896606.8385732,91520,0.9996379017829895
1530896670.8210812,91648,0.9996430277824402
1530896795.2133112,91776,0.9996359944343567
1530896859.2245204,91904,0.999635636806488
1530896923.4062154,92032,0.9996391534805298
1530896987.2886884,92160,0.9996402859687805
1530897111.636919,92288,0.9996307492256165
1530897175.6180804,92416,0.9996384978294373
1530897239.5358076,92544,0.9996356964111328
1530897303.5546634,92672,0.9996396899223328
1530897427.677859,92800,0.9996311068534851
1530897491.7164807,92928,0.9996411800384521
1530897555.6589966,93056,0.9996328949928284
1530897619.7019503,93184,0.9996370673179626
1530897743.2282326,93312,0.9996316432952881
1530897807.3442638,93440,0.9996313452720642
1530897871.2323186,93568,0.9996393322944641
1530897935.325785,93696,0.999637246131897
1530898060.2176056,93824,0.9996399879455566
1530898124.1955671,93952,0.9996375441551208
1530898188.3053217,94080,0.9996432065963745
1530898252.3883085,94208,0.9996379017829895
1530898377.1589801,94336,0.9996402263641357
1530898441.1737232,94464,0.9996335506439209
1530898505.2264163,94592,0.9996341466903687
1530898569.228369,94720,0.9996418952941895
1530898693.4266832,94848,0.9996391534805298
1530898757.1198306,94976,0.9996337890625
1530898820.8691823,95104,0.999639093875885
1530898884.654256,95232,0.9996365904808044
1530899009.2854605,95360,0.9996311664581299
1530899073.1488204,95488,0.9996406435966492
1530899137.3923914,95616,0.9996377229690552
1530899201.3858135,95744,0.9996339082717896
1530899326.2177725,95872,0.9996377229690552
1530899389.9752104,96000,0.9996376037597656
1530899453.8574424,96128,0.9996374845504761
1530904542.4863987,96384,0.9996375441551208
1530904604.707159,96512,0.9996376633644104
1530904668.9510489,96640,0.999636173248291
1530904733.710815,96768,0.9996334910392761
1530904857.4722118,96896,0.9996345043182373
1530904921.1739337,97024,0.9996325969696045
1530904985.005984,97152,0.9996341466903687
1530905048.8668559,97280,0.9996314644813538
1530905172.029864,97408,0.9996293783187866
