wall_time,step,value
1531110041.0159717,512,7.648521900177002
1531110396.5603318,1024,5.474624156951904
1531110752.2007768,1536,6.96021842956543
1531111108.3072717,2048,6.251860618591309
1531111462.26778,2560,4.363507270812988
1531111817.1252139,3072,3.344181776046753
1531112171.2558658,3584,2.6578428745269775
1531112523.3592415,4096,1.9765634536743164
1531112873.7912874,4608,2.1433627605438232
1531113226.495815,5120,2.289250135421753
1531113575.4079087,5632,3.20108699798584
1531113924.569509,6144,2.0469789505004883
1531114274.6843991,6656,2.0538718700408936
1531114626.080887,7168,2.541095733642578
1531367971.5476646,8192,2.002387285232544
1531368316.2629402,8704,2.1963703632354736
1531368661.2079556,9216,1.9693230390548706
1531369005.7278612,9728,2.0387065410614014
1531369350.6807895,10240,2.2725181579589844
1531369697.380467,10752,1.9970935583114624
1531370042.3504746,11264,1.5953487157821655
1531370387.5154054,11776,2.125913381576538
1531370732.3693383,12288,1.6348789930343628
1531371078.4347384,12800,2.034228801727295
1531371425.035213,13312,1.7665430307388306
1531371770.3713782,13824,1.4999003410339355
1531372117.312501,14336,1.6474753618240356
1531372462.7488263,14848,1.6409549713134766
1531372808.5930996,15360,1.4370753765106201
1531373153.827791,15872,1.795393943786621
1531373499.1366065,16384,1.5313706398010254
1531373844.5884364,16896,1.727358341217041
1531374189.9321506,17408,1.7566057443618774
1531374537.0580437,17920,1.5561182498931885
1531374883.1983182,18432,2.401064157485962
1531375230.4871473,18944,1.702614426612854
1531375577.3259814,19456,1.1972087621688843
1531375925.1263926,19968,1.8545931577682495
1531376271.342858,20480,1.4793561697006226
1531376617.2384818,20992,1.480694055557251
1531376963.9587946,21504,2.020230293273926
1531377310.7415512,22016,2.1496622562408447
1531377656.3325334,22528,1.7296475172042847
1531378003.647576,23040,1.9985214471817017
1531378350.4524117,23552,1.4691067934036255
1531378696.0131211,24064,1.3548718690872192
1531379042.8927221,24576,1.657158613204956
1531379389.320098,25088,1.6207119226455688
1531379735.3913126,25600,1.5580296516418457
1531380083.4683158,26112,1.7701116800308228
1531380429.4111886,26624,1.2933930158615112
1531380777.4335415,27136,1.6437606811523438
1531381123.748649,27648,1.6710492372512817
1531381470.938011,28160,1.7753697633743286
1531381817.2056844,28672,1.5682889223098755
1531382165.4896815,29184,1.4444458484649658
1531382511.506292,29696,1.074455738067627
1531382859.427814,30208,1.2140156030654907
1531383208.7303426,30720,1.6244735717773438
1531383557.0863872,31232,1.6618024110794067
1531383905.8031163,31744,1.7942606210708618
1531384253.7313979,32256,1.3848493099212646
1531384602.1998162,32768,1.4911878108978271
1531384950.4100506,33280,2.07435941696167
1531385298.8636096,33792,1.5840635299682617
1531385646.31394,34304,1.6187022924423218
1531385994.309201,34816,1.2140820026397705
1531386342.9936254,35328,2.269602060317993
1531386690.6867423,35840,2.0352797508239746
1531387039.1442122,36352,1.0543423891067505
1531387387.7272656,36864,1.6019301414489746
1531387735.2545943,37376,1.3003369569778442
1531388083.6805499,37888,1.206277847290039
1531388430.9961286,38400,1.3702163696289062
1531388778.3682418,38912,1.516819953918457
1531389127.4776287,39424,1.5931694507598877
1531389474.4447935,39936,1.2438257932662964
1531389821.9376948,40448,1.606884479522705
1531390170.2532387,40960,1.2757092714309692
1531390518.222688,41472,1.5165427923202515
1531390866.1388142,41984,1.532650351524353
1531391214.17439,42496,1.2730910778045654
1531391561.7000349,43008,1.1453598737716675
1531391909.7679927,43520,1.3939706087112427
1531392259.3126283,44032,1.2782087326049805
1531392606.21256,44544,2.063199996948242
1531392954.6976113,45056,1.5079821348190308
1531393303.4288409,45568,1.051535964012146
1531416779.9594848,46592,1.0870625972747803
1531417123.6158552,47104,2.2363357543945312
1531417469.2519312,47616,1.683537244796753
1531417812.7628489,48128,1.756280779838562
1531418159.0886006,48640,2.128396987915039
1531418504.1707406,49152,1.1783676147460938
1531418848.3291612,49664,1.2478418350219727
1531419195.148689,50176,1.5844652652740479
1531419540.2278614,50688,1.083246111869812
1531419886.6543803,51200,1.2815767526626587
1531420231.1568835,51712,1.365775465965271
1531420576.2492664,52224,1.636775016784668
1531420922.5041928,52736,2.3662753105163574
1531421268.378916,53248,1.1867921352386475
1531421612.925697,53760,0.9702482223510742
1531421958.4628131,54272,1.1634002923965454
1531422304.7316458,54784,1.2655563354492188
1531422650.315784,55296,1.6161425113677979
1531422994.8730793,55808,1.6289113759994507
1531423340.4603016,56320,1.370449185371399
1531423686.762556,56832,1.6321382522583008
1531424033.2104814,57344,2.556279420852661
1531424379.128045,57856,1.95517897605896
1531424724.374405,58368,1.221406102180481
1531425070.471593,58880,1.3175455331802368
1531425416.5123525,59392,1.0705105066299438
1531425763.2357242,59904,1.8110785484313965
1531426108.844343,60416,1.495323657989502
1531426455.4984493,60928,1.5164861679077148
1531426800.7176094,61440,2.050145149230957
1531427147.667094,61952,1.9765089750289917
1531427494.2005682,62464,1.8530861139297485
1531427842.7875338,62976,1.8040316104888916
1531428188.7746766,63488,2.3445959091186523
1531428536.478895,64000,2.1975200176239014
1531428883.7014217,64512,2.1240999698638916
1531429231.6557412,65024,1.1347330808639526
1531429579.1342583,65536,1.983765959739685
1531429925.9093525,66048,2.245635747909546
1531430272.972276,66560,2.0377390384674072
1531430619.5090864,67072,1.693089246749878
1531430967.4562361,67584,1.3534317016601562
1531431314.777679,68096,2.4053077697753906
1531431662.0477757,68608,1.4548389911651611
1531432010.046573,69120,2.297102928161621
1531432357.8417015,69632,1.0593668222427368
1531432705.6227489,70144,2.5016300678253174
1531433055.481268,70656,1.6877883672714233
1531433403.9572878,71168,2.188406467437744
1531433754.0759876,71680,1.190915584564209
1531434101.2972322,72192,3.1600680351257324
1531434451.6778615,72704,2.088376522064209
1531434799.4010031,73216,1.5720007419586182
1531435149.6448689,73728,1.255171537399292
1531435498.2963588,74240,1.3895481824874878
1531435847.7037673,74752,2.527052640914917
1531436198.2675264,75264,1.1003443002700806
1531436546.5101168,75776,1.301503300666809
1531436895.975271,76288,1.6432924270629883
1531437244.6381724,76800,1.7297652959823608
1531437593.4578407,77312,1.3287643194198608
1531437943.006538,77824,1.098886489868164
1531438291.0772796,78336,1.8032410144805908
1531438640.5162911,78848,1.5184483528137207
1531438990.749501,79360,1.4594464302062988
1531439341.879208,79872,1.335049033164978
1531439690.8505204,80384,2.230661630630493
1531440040.864577,80896,1.9222651720046997
1531440390.1062105,81408,1.8627737760543823
1531440741.8416257,81920,2.2737045288085938
1531441092.3933043,82432,1.397741675376892
1531441442.0580318,82944,1.4066870212554932
1531441793.9619937,83456,1.5855579376220703
1531442145.6378093,83968,2.265699863433838
1531517719.5205367,84992,2.4778237342834473
1531518064.770622,85504,1.0414178371429443
1531518409.7573018,86016,1.6600157022476196
1531518755.2646513,86528,1.8573832511901855
1531519101.3662207,87040,2.6880991458892822
1531519449.1396801,87552,1.1624468564987183
1531519795.5142815,88064,1.5813589096069336
1531520142.5774105,88576,1.509107232093811
1531520489.2535396,89088,1.6459354162216187
1531520836.19832,89600,2.2749247550964355
1531521183.4393983,90112,1.7361680269241333
1531521531.1113195,90624,0.8508273959159851
1531521879.400496,91136,1.3162767887115479
1531522226.9305847,91648,0.9790745377540588
1531522575.0113082,92160,1.774196743965149
1531522922.9459875,92672,3.619556188583374
1531523270.3099108,93184,1.7060412168502808
1531523617.8865802,93696,1.8916975259780884
1531523966.0534205,94208,1.9456814527511597
1531524314.1270368,94720,2.5775158405303955
1531524663.6620154,95232,2.4633071422576904
1531525012.430655,95744,1.642579197883606
1531525360.480263,96256,1.1399784088134766
1531525708.9309924,96768,1.2614799737930298
1531526057.1625338,97280,1.3876516819000244
