wall_time,step,value
1531476190.0997424,128,0.9998145699501038
1531476348.6832314,256,0.9998061656951904
1531476507.19381,384,0.9998059272766113
1531476665.852203,512,0.999808669090271
1531476980.5755455,640,0.9998124241828918
1531477138.746175,768,0.9998124241828918
1531477297.1151528,896,0.9998133182525635
1531477455.577809,1024,0.9998146295547485
1531477765.8221228,1152,0.9998160600662231
1531477924.1049695,1280,0.9998153448104858
1531478082.3974423,1408,0.9998151659965515
1531478240.7055254,1536,0.9998154044151306
1531478546.5139263,1664,0.9998155832290649
1531478704.7940023,1792,0.9998153448104858
1531478863.0088823,1920,0.999815821647644
1531479021.294133,2048,0.9998149871826172
1531479321.322411,2176,0.9998142719268799
1531479479.5157018,2304,0.9998142719268799
1531479637.8994687,2432,0.9998143315315247
1531479796.2230856,2560,0.9998144507408142
1531480088.423297,2688,0.999815821647644
1531480246.7392647,2816,0.9998157024383545
1531480405.0214868,2944,0.9998165965080261
1531480563.3294446,3072,0.9998164772987366
1531480859.769691,3200,0.9998172521591187
1531481018.0497694,3328,0.9998182654380798
1531481176.3819923,3456,0.9998174905776978
1531481334.7970161,3584,0.9998180866241455
1531481626.0954318,3712,0.9998183846473694
1531481784.6074328,3840,0.9998177886009216
1531481942.9454072,3968,0.9998186826705933
1531482101.698804,4096,0.9998188018798828
1531482388.9576974,4224,0.9998179078102112
1531482547.4621074,4352,0.9998189806938171
1531482706.1408293,4480,0.9998184442520142
1531482864.7001872,4608,0.9998180866241455
1531483151.5791664,4736,0.9998196959495544
1531483310.1487796,4864,0.9998198747634888
1531483468.7672343,4992,0.999820351600647
1531483627.1802227,5120,0.999819815158844
1531483913.6237543,5248,0.9998210668563843
1531484072.1613894,5376,0.9998213648796082
1531484230.719471,5504,0.9998214244842529
1531484389.3773146,5632,0.999821662902832
1531484674.5697289,5760,0.9998223185539246
1531484833.0958889,5888,0.9998221397399902
1531484991.516763,6016,0.9998215436935425
1531485149.9257345,6144,0.9998226165771484
1531485434.1239326,6272,0.9998229146003723
1531485592.446413,6400,0.9998230338096619
1531485750.7961543,6528,0.9998233318328857
1531485909.3517742,6656,0.999825119972229
1531486197.077835,6784,0.9998242855072021
1531486355.4096632,6912,0.9998247027397156
1531486514.0833347,7040,0.999824583530426
1531486672.7050629,7168,0.9998244643211365
1531486959.0026538,7296,0.9998255968093872
1531487117.2606912,7424,0.9998267292976379
1531487275.5459478,7552,0.9998266100883484
1531487434.0438178,7680,0.9998264312744141
1531487721.024862,7808,0.9998267292976379
1531487879.4703846,7936,0.9998260736465454
1531488037.7625663,8064,0.99982750415802
1531488196.309922,8192,0.9998263716697693
1531488484.9348917,8320,0.9998263716697693
1531488643.2827265,8448,0.9998260736465454
1531488801.5620592,8576,0.9998270273208618
1531488959.9756033,8704,0.9998273849487305
1531489247.4372966,8832,0.9998260736465454
1531489405.8630526,8960,0.999826967716217
1531489564.2323704,9088,0.9998272061347961
1531489722.8619444,9216,0.9998267292976379
1531490012.8971288,9344,0.9998271465301514
1531490171.1527412,9472,0.9998270273208618
1531490329.4187481,9600,0.9998276233673096
1531490487.9817307,9728,0.999826967716217
1531490776.7573786,9856,0.9998267292976379
1531490934.960699,9984,0.99982750415802
1531491093.1027958,10112,0.9998276829719543
1531491251.619785,10240,0.9998278021812439
1531491540.9036286,10368,0.999828040599823
1531491699.2020333,10496,0.9998273253440857
1531491857.442078,10624,0.999828040599823
1531492015.9591076,10752,0.9998289942741394
1531492306.8462045,10880,0.9998293519020081
1531492465.2703326,11008,0.9998297691345215
1531492623.6366994,11136,0.999829888343811
1531492781.7951987,11264,0.9998291730880737
1531493071.655799,11392,0.9998302459716797
1531493230.1529388,11520,0.9998288750648499
1531493388.6722612,11648,0.9998301267623901
1531493547.3506997,11776,0.9998293519020081
1531493836.5219116,11904,0.9998294711112976
1531493994.8984406,12032,0.9998295903205872
1531494153.3970072,12160,0.9998284578323364
1531494311.9024837,12288,0.9998296499252319
1531494599.8590443,12416,0.9998303055763245
1531494758.3322208,12544,0.9998289942741394
1531494916.8166935,12672,0.9998282790184021
1531495075.313733,12800,0.9998288154602051
1531495365.547989,12928,0.9998288154602051
1531495523.711855,13056,0.9998297691345215
1531495682.2108335,13184,0.9998286366462708
1531495840.552768,13312,0.9998295903205872
1531496128.302976,13440,0.9998289942741394
1531496286.7599149,13568,0.9998289346694946
1531496445.275863,13696,0.9998292922973633
1531496603.614294,13824,0.9998289942741394
1531496894.2609637,13952,0.9998296499252319
1531497052.762098,14080,0.999830424785614
1531497211.0970526,14208,0.9998286366462708
1531497369.2201953,14336,0.999828040599823
1531497659.875462,14464,0.9998301863670349
1531497818.2126806,14592,0.9998291730880737
1531497976.613561,14720,0.9998302459716797
1531498134.9354455,14848,0.9998300075531006
1531498423.4200945,14976,0.9998295903205872
1531498581.684242,15104,0.9998296499252319
1531498740.0645683,15232,0.9998299479484558
1531498898.3904817,15360,0.9998289346694946
1531499187.372081,15488,0.9998316168785095
1531499345.751413,15616,0.9998302459716797
1531499503.9735098,15744,0.9998303055763245
1531499662.2757194,15872,0.9998299479484558
1531499951.6124463,16000,0.9998294711112976
1531500110.2541723,16128,0.9998283386230469
1531500268.8910851,16256,0.9998289346694946
1531500427.5945652,16384,0.999829113483429
1531500715.663291,16512,0.9998300075531006
1531500874.1632986,16640,0.999832034111023
1531501032.6120236,16768,0.9998299479484558
1531501191.0517402,16896,0.9998289942741394
1531501475.4088395,17024,0.9998307228088379
1531501633.9594047,17152,0.9998313784599304
1531501792.3027163,17280,0.9998300075531006
1531501950.6899889,17408,0.9998307824134827
1531502237.4281497,17536,0.9998301267623901
1531502395.9701893,17664,0.999830961227417
1531502554.4941874,17792,0.9998303055763245
1531502713.1179223,17920,0.9998308420181274
1531502997.9104855,18048,0.9998278617858887
1531503156.3380663,18176,0.9998303651809692
1531503314.4959416,18304,0.9998308420181274
1531503472.841158,18432,0.9998298287391663
1531503758.2511985,18560,0.9998302459716797
1531503916.4721081,18688,0.9998292922973633
1531504074.8348951,18816,0.9998286962509155
1531504233.27481,18944,0.9998288750648499
1531504521.7008955,19072,0.9998288750648499
1531504679.9111156,19200,0.9998288154602051
1531504838.2384164,19328,0.999829888343811
1531504996.5830083,19456,0.9998290538787842
1531505282.6316571,19584,0.9998291730880737
1531505440.9509768,19712,0.9998278617858887
1531505599.174871,19840,0.999829113483429
1531505757.4352508,19968,0.9998285174369812
1531506042.3082075,20096,0.9998300075531006
1531506200.703453,20224,0.9998295307159424
1531506358.9826884,20352,0.9998295903205872
1531506517.334115,20480,0.9998297095298767
1531506805.1075149,20608,0.9998288750648499
1531506963.3980901,20736,0.9998305439949036
1531507121.6764686,20864,0.9998291730880737
1531507279.8608088,20992,0.999830961227417
1531507568.0395436,21120,0.9998301863670349
1531507726.2450569,21248,0.9998299479484558
1531507884.6931405,21376,0.999829888343811
1531508043.0691879,21504,0.9998303651809692
1531508333.2303483,21632,0.9998303055763245
1531508491.7357476,21760,0.9998295307159424
1531508650.098934,21888,0.9998301863670349
1531508808.3315315,22016,0.9998305439949036
1531509099.1059413,22144,0.9998301267623901
1531509257.6245685,22272,0.9998301267623901
1531509416.0491736,22400,0.9998315572738647
1531509574.5082133,22528,0.9998299479484558
1531509863.581622,22656,0.9998310208320618
1531510021.982389,22784,0.999830961227417
1531510180.4293988,22912,0.9998317956924438
1531510338.9019473,23040,0.999830961227417
1531510624.9332948,23168,0.9998307824134827
1531510783.5655918,23296,0.9998307228088379
1531510942.4805045,23424,0.9998313188552856
1531511101.257762,23552,0.9998301863670349
1531511392.4442601,23680,0.9998312592506409
1531511550.8338406,23808,0.9998311400413513
1531511709.3070607,23936,0.9998301267623901
1531511868.1328747,24064,0.999830424785614
1531512154.138642,24192,0.999829888343811
1531512312.5864549,24320,0.9998295903205872
1531512471.034104,24448,0.9998300075531006
1531512629.2971702,24576,0.999829888343811
1531512916.5675867,24704,0.9998316168785095
1531513074.9604614,24832,0.9998299479484558
1531513233.1840441,24960,0.9998303651809692
1531513391.51715,25088,0.999829888343811
1531513678.2709396,25216,0.9998301863670349
1531513836.6376214,25344,0.9998301863670349
1531513995.0988,25472,0.9998313188552856
1531557111.835231,25728,0.9998301267623901
1531557270.1956267,25856,0.9998307228088379
1531557428.7043378,25984,0.999830961227417
1531557587.09812,26112,0.9998301267623901
1531557873.9306417,26240,0.9998301863670349
1531558032.2673166,26368,0.999830961227417
1531558190.4254165,26496,0.9998306035995483
1531558348.727587,26624,0.9998308420181274
1531558634.671029,26752,0.9998316764831543
1531558793.0538588,26880,0.999832272529602
1531558951.5163274,27008,0.9998302459716797
1531559109.95882,27136,0.9998310208320618
1531559393.4005125,27264,0.9998310208320618
1531559551.8866146,27392,0.9998320937156677
1531559710.2317698,27520,0.9998318552970886
1531559868.589221,27648,0.9998322129249573
1531560156.0243673,27776,0.9998316764831543
1531560314.441932,27904,0.999832034111023
1531560472.698153,28032,0.9998319149017334
1531560630.9755273,28160,0.9998315572738647
1531560917.6369026,28288,0.9998320937156677
1531561076.0040643,28416,0.9998319745063782
1531561234.3836896,28544,0.9998315572738647
1531561392.7975047,28672,0.9998319745063782
1531561681.2163692,28800,0.9998311400413513
1531561839.7322788,28928,0.9998319149017334
1531561998.2005847,29056,0.9998319745063782
1531562156.7244682,29184,0.9998325705528259
1531562445.1211245,29312,0.9998330473899841
1531562603.6906815,29440,0.9998330473899841
1531562762.2408607,29568,0.9998331069946289
1531562920.7498853,29696,0.9998325109481812
1531563208.5074627,29824,0.9998342394828796
1531563367.0849128,29952,0.9998331069946289
1531563525.6427639,30080,0.9998336434364319
1531563684.1996894,30208,0.999834418296814
1531563972.0506785,30336,0.9998341798782349
1531564130.5815923,30464,0.9998334646224976
1531564289.1776028,30592,0.9998342394828796
1531564447.5939226,30720,0.9998345971107483
1531564733.4033535,30848,0.9998341798782349
1531564891.9899333,30976,0.9998339414596558
1531565050.7114427,31104,0.9998348951339722
1531565209.2431357,31232,0.9998337030410767
1531565496.5321789,31360,0.999833345413208
1531565655.0086963,31488,0.9998345375061035
1531565813.4615047,31616,0.9998341798782349
1531565971.7574806,31744,0.9998357892036438
1531566257.138512,31872,0.999834418296814
1531566415.7073696,32000,0.9998366236686707
1531566574.1226597,32128,0.999835729598999
1531566732.8060153,32256,0.9998350143432617
1531567020.9048882,32384,0.9998353123664856
1531567179.3598568,32512,0.9998340606689453
1531567337.6237342,32640,0.9998342990875244
1531567496.0491977,32768,0.9998353123664856
1531567784.5136507,32896,0.999834418296814
1531567942.8193607,33024,0.999835193157196
1531568101.02081,33152,0.9998345971107483
1531568259.3458228,33280,0.9998347163200378
1531568546.4051414,33408,0.9998366236686707
1531568704.8197494,33536,0.9998356103897095
1531568863.2925172,33664,0.9998346567153931
1531569021.7488556,33792,0.9998357892036438
1531569308.8652642,33920,0.9998354315757751
1531569467.3484294,34048,0.9998363852500916
1531569625.7122111,34176,0.9998353719711304
1531569784.2740443,34304,0.9998367428779602
1531570074.0586157,34432,0.9998366236686707
1531570232.5022929,34560,0.9998341202735901
1531570390.8653522,34688,0.9998353123664856
1531570549.4363801,34816,0.9998349547386169
1531570837.794575,34944,0.9998365044593811
1531570996.3877232,35072,0.9998363852500916
1531571154.9717207,35200,0.9998372793197632
1531571313.593786,35328,0.999835729598999
1531571600.5967937,35456,0.9998350739479065
1531571759.0302982,35584,0.9998359084129333
1531571917.587617,35712,0.9998359084129333
1531572076.0845926,35840,0.9998358488082886
1531572365.6622927,35968,0.9998369216918945
1531572524.3351288,36096,0.9998388886451721
1531572682.9876912,36224,0.9998349547386169
1531572841.6383443,36352,0.9998363852500916
1531573130.6439536,36480,0.9998363256454468
1531573289.2230918,36608,0.9998366236686707
1531573447.8825545,36736,0.9998374581336975
1531573606.4127464,36864,0.9998372197151184
1531573893.380693,36992,0.9998369812965393
1531574051.8911278,37120,0.9998365640640259
1531574210.6374104,37248,0.9998369812965393
1531574369.1318045,37376,0.9998360276222229
1531574656.2973452,37504,0.9998353719711304
1531574814.795241,37632,0.9998354315757751
1531574973.3559248,37760,0.999836266040802
1531575131.8696601,37888,0.9998357892036438
1531575421.2965274,38016,0.9998347759246826
1531575579.8304224,38144,0.9998367428779602
1531575738.4695013,38272,0.9998371005058289
1531575896.9271476,38400,0.9998375773429871
1531576186.8949778,38528,0.9998346567153931
1531576345.4096937,38656,0.9998342990875244
1531576503.861713,38784,0.9998357892036438
1531576662.3240669,38912,0.9998350143432617
1531576951.1639957,39040,0.9998353719711304
1531577109.6093535,39168,0.9998372793197632
1531577268.1139765,39296,0.9998346567153931
1531577426.752462,39424,0.9998356699943542
1531577715.611555,39552,0.9998360872268677
1531577874.0222392,39680,0.9998331665992737
1531578032.4816,39808,0.9998340606689453
1531578190.8682876,39936,0.9998342394828796
1531578479.1897063,40064,0.9998336434364319
1531578637.6059709,40192,0.9998345971107483
1531578796.1079392,40320,0.9998348355293274
1531578954.5356276,40448,0.9998334050178528
1531579245.0889862,40576,0.9998366832733154
1531579403.5954165,40704,0.9998346567153931
1531579562.012997,40832,0.9998356103897095
1531579720.3337193,40960,0.9998346567153931
1531580008.6654675,41088,0.9998353123664856
1531580167.202899,41216,0.9998353719711304
1531580325.7550955,41344,0.9998354911804199
1531580484.2748995,41472,0.9998347759246826
1531580773.6547675,41600,0.9998354315757751
1531580932.111959,41728,0.9998354911804199
1531581090.5464115,41856,0.9998347163200378
1531581249.068408,41984,0.9998356699943542
1531581539.9774325,42112,0.9998349547386169
1531581698.715149,42240,0.9998340606689453
1531581857.3182075,42368,0.999835193157196
1531582015.7835772,42496,0.9998360276222229
1531582307.546307,42624,0.9998363256454468
1531582466.169796,42752,0.9998354911804199
1531582624.637082,42880,0.9998365640640259
1531582783.1432738,43008,0.9998359680175781
1531583074.37142,43136,0.9998365640640259
1531583233.0292916,43264,0.9998365044593811
1531583391.759016,43392,0.9998377561569214
1531583550.2959306,43520,0.9998371005058289
1531583841.3187892,43648,0.9998369812965393
1531583999.630878,43776,0.9998372197151184
1531584158.0526822,43904,0.9998368620872498
1531584316.2586186,44032,0.9998379349708557
1531584607.9788868,44160,0.9998378157615662
1531584766.3815608,44288,0.9998355507850647
1531584924.7510936,44416,0.9998364448547363
1531585083.005142,44544,0.9998360872268677
1531585375.6015303,44672,0.9998383522033691
1531585533.9811375,44800,0.9998373985290527
1531585692.2347806,44928,0.9998379945755005
1531585850.6335406,45056,0.9998378753662109
1531586141.0640404,45184,0.9998365640640259
1531586299.429972,45312,0.9998390674591064
1531586457.747837,45440,0.9998384714126587
1531586616.0312755,45568,0.9998393058776855
1531586909.984958,45696,0.9998388290405273
1531587068.4054952,45824,0.9998399019241333
1531587226.9754927,45952,0.999838650226593
1531587385.284898,46080,0.9998380541801453
1531587678.7983718,46208,0.999839186668396
1531587837.0194676,46336,0.9998390078544617
1531587995.30634,46464,0.9998375177383423
1531588153.6642108,46592,0.9998379945755005
1531588445.9571838,46720,0.9998379945755005
1531588604.5046573,46848,0.9998376369476318
1531588763.2509894,46976,0.9998384714126587
1531588921.8480194,47104,0.9998403787612915
1531589216.1715498,47232,0.999839723110199
1531589374.8753114,47360,0.9998372793197632
1531589533.5681124,47488,0.9998393654823303
1531589692.308801,47616,0.9998385906219482
1531589986.3582835,47744,0.9998407959938049
1531590144.9614682,47872,0.9998396635055542
1531590303.3944616,48000,0.999839723110199
1531590461.9592326,48128,0.9998398423194885
1531590754.9245875,48256,0.9998396039009094
1531590913.3541517,48384,0.9998390078544617
1531591071.946221,48512,0.999841034412384
1531591230.6377878,48640,0.9998409152030945
1531591521.7041054,48768,0.9998413920402527
1531591680.1926854,48896,0.999840497970581
1531591838.91371,49024,0.9998425245285034
1531591997.5266528,49152,0.9998427629470825
1531592291.5210333,49280,0.9998413920402527
1531592449.9944105,49408,0.9998425245285034
1531592608.6043327,49536,0.9998416900634766
1531592767.288282,49664,0.9998443126678467
1531593058.0319207,49792,0.9998477101325989
1531593216.5849028,49920,0.9998464584350586
1531593375.1833994,50048,0.9998481869697571
1531593533.911819,50176,0.9998448491096497
1531593822.8177555,50304,0.9998453855514526
1531593981.254479,50432,0.9998515248298645
1531594139.7233734,50560,0.9998486638069153
1531594298.3065786,50688,0.9998489022254944
1531594589.6486866,50816,0.9998502135276794
1531594748.15723,50944,0.9998463988304138
1531594906.5215828,51072,0.999847412109375
1531595064.9730544,51200,0.9998461008071899
1531595354.6082137,51328,0.9998478889465332
1531595513.1762822,51456,0.9998454451560974
1531595671.7032385,51584,0.9998469352722168
1531595830.2050457,51712,0.9998469352722168
1531596119.6057923,51840,0.9998488426208496
1531596277.9967175,51968,0.9998459219932556
1531596436.447764,52096,0.9998534917831421
1531596595.0272589,52224,0.9998488426208496
1531596884.2570632,52352,0.9998500347137451
1531597042.6413991,52480,0.9998494982719421
1531597200.9474645,52608,0.9998494982719421
1531597359.3066235,52736,0.9998521208763123
1531597652.4454138,52864,0.9998511672019958
1531597810.8912437,52992,0.9998546242713928
1531597969.3246894,53120,0.9998506307601929
1531598127.8614535,53248,0.9998522400856018
1531598420.5014873,53376,0.9998511672019958
1531598579.0606105,53504,0.9998521208763123
1531598737.6094813,53632,0.9998546242713928
1531598896.0960498,53760,0.9998514652252197
1531599189.5950878,53888,0.9998505711555481
1531599348.236235,54016,0.9998488426208496
1531599506.903276,54144,0.9998515248298645
1531599665.5744333,54272,0.9998499751091003
1531599954.5102527,54400,0.9998498558998108
1531600113.1765044,54528,0.9998511075973511
1531600271.9490957,54656,0.9998496770858765
1531600430.596298,54784,0.9998485445976257
1531600720.052437,54912,0.9998507499694824
1531600878.6838303,55040,0.999848484992981
1531601037.2765372,55168,0.9998474717140198
1531601195.9969199,55296,0.9998492002487183
1531601486.419874,55424,0.9998512864112854
1531601645.0735362,55552,0.9998489618301392
1531601803.617813,55680,0.9998529553413391
1531601962.2030602,55808,0.9998467564582825
1531602251.9505315,55936,0.9998514652252197
1531602410.3309796,56064,0.9998533725738525
1531602568.9007115,56192,0.9998505115509033
1531602727.406102,56320,0.999851405620575
1531603019.8941803,56448,0.9998556971549988
1531603178.2609367,56576,0.999849796295166
1531603336.6436524,56704,0.9998506307601929
1531603495.2109864,56832,0.9998525381088257
1531603789.1800647,56960,0.9998495578765869
1531603947.6101246,57088,0.9998500347137451
1531604106.1634946,57216,0.9998487830162048
1531604264.66823,57344,0.9998513460159302
1531604555.7423053,57472,0.9998525381088257
1531604714.0859847,57600,0.9998508095741272
1531604872.6125493,57728,0.9998476505279541
1531605031.1441505,57856,0.9998496770858765
1531605324.957783,57984,0.9998506903648376
1531605483.4241583,58112,0.9998506307601929
1531605641.7928975,58240,0.9998502135276794
1531605800.2286062,58368,0.9998477101325989
1531606093.790417,58496,0.999851644039154
1531606252.207656,58624,0.9998522996902466
1531606410.6445293,58752,0.9998490214347839
1531606568.9360442,58880,0.9998489022254944
1531606861.4330564,59008,0.9998515248298645
1531607019.9065602,59136,0.9998478293418884
1531607178.368859,59264,0.9998485445976257
1531607336.733048,59392,0.9998509883880615
1531607630.3019123,59520,0.9998507499694824
1531607788.7579744,59648,0.9998527765274048
1531607947.2707984,59776,0.999851644039154
1531608105.9028223,59904,0.9998498558998108
1531608396.616053,60032,0.999850869178772
1531608554.9599454,60160,0.999852180480957
1531608713.5098171,60288,0.9998506307601929
1531608871.9948673,60416,0.9998474717140198
1531609163.6786258,60544,0.999850869178772
1531609322.3303905,60672,0.9998509287834167
1531609480.9445395,60800,0.999849259853363
1531609639.5016584,60928,0.9998519420623779
1531617227.3146245,61056,0.9998506903648376
1531617389.6551259,61184,0.9998515844345093
1531617552.0136297,61312,0.9998519420623779
1531617714.4734828,61440,0.9998506307601929
1531618004.0054376,61568,0.9998525977134705
1531618161.933939,61696,0.999851405620575
1531618320.027439,61824,0.9998512864112854
1531618478.176121,61952,0.9998544454574585
1531618768.6449206,62080,0.9998511672019958
1531618927.0575566,62208,0.9998485445976257
1531619085.4634523,62336,0.9998535513877869
1531619243.7711065,62464,0.99985271692276
1531619538.2991915,62592,0.9998496770858765
1531619696.7428489,62720,0.9998508095741272
1531619855.1935651,62848,0.9998502731323242
1531620013.5829585,62976,0.9998490214347839
1531620305.0046132,63104,0.999852180480957
1531620463.3857164,63232,0.9998549222946167
1531620621.752114,63360,0.9998522996902466
1531620780.1210842,63488,0.9998540878295898
1531621072.2609372,63616,0.9998551607131958
1531621230.7576058,63744,0.9998533725738525
1531621389.0702863,63872,0.9998540282249451
1531621547.3885586,64000,0.9998552799224854
1531621843.0888684,64128,0.9998525977134705
1531622001.4370916,64256,0.9998541474342346
1531622159.6675205,64384,0.9998526573181152
1531622317.9810934,64512,0.9998536109924316
1531622610.5724323,64640,0.9998531341552734
1531622769.0410526,64768,0.9998539686203003
1531622927.5001152,64896,0.9998549222946167
1531623085.9282918,65024,0.999853253364563
1531623383.8351822,65152,0.9998513460159302
1531623542.3685987,65280,0.9998537302017212
1531623700.7329404,65408,0.9998502135276794
1531623859.1556776,65536,0.9998540282249451
1531624153.8890471,65664,0.9998540282249451
1531624312.2462173,65792,0.9998504519462585
1531624470.722365,65920,0.9998545050621033
1531624629.2747006,66048,0.9998542666435242
1531624925.004727,66176,0.9998505711555481
1531625083.7205272,66304,0.9998519420623779
1531625242.385466,66432,0.99985271692276
1531625401.1178222,66560,0.999851405620575
1531625692.3960998,66688,0.9998534321784973
1531625850.6560674,66816,0.9998531937599182
1531626008.9800978,66944,0.999853253364563
1531626167.3990889,67072,0.9998520612716675
1531626460.1207185,67200,0.9998518824577332
1531626618.3091066,67328,0.9998515248298645
1531626776.5794563,67456,0.9998536705970764
1531626934.7182667,67584,0.9998559355735779
1531627230.9064283,67712,0.9998533129692078
1531627389.2100363,67840,0.9998551607131958
1531627547.455321,67968,0.999853253364563
1531627705.7384522,68096,0.9998555183410645
1531628000.9631603,68224,0.9998543858528137
1531628159.224744,68352,0.9998565912246704
1531628317.4725945,68480,0.9998549222946167
1531628475.5868282,68608,0.9998553395271301
1531628772.6195526,68736,0.9998577237129211
1531628930.8107402,68864,0.9998552203178406
1531629089.0649676,68992,0.999853789806366
1531629247.3096197,69120,0.9998575448989868
1531629541.2394965,69248,0.9998586773872375
1531629699.6198387,69376,0.999855101108551
1531629857.9125218,69504,0.9998570680618286
1531630016.3653505,69632,0.999857485294342
1531630308.6323407,69760,0.9998562932014465
1531630467.0613887,69888,0.9998570084571838
1531630625.5918207,70016,0.9998558759689331
1531630784.011166,70144,0.9998599290847778
1531631078.2131095,70272,0.999859094619751
1531631236.6631653,70400,0.9998575448989868
1531631395.1193502,70528,0.9998592734336853
1531631553.6256824,70656,0.9998592138290405
1531631844.231028,70784,0.9998595118522644
1531632002.6867793,70912,0.9998600482940674
1531632160.9861073,71040,0.9998594522476196
1531632319.3115044,71168,0.9998601675033569
1531632615.4731402,71296,0.9998614192008972
1531632773.7628746,71424,0.9998574256896973
1531632932.0664024,71552,0.9998607635498047
1531633090.2846386,71680,0.9998626708984375
1531633384.6174896,71808,0.9998612403869629
1531633542.7187037,71936,0.9998590350151062
1531633701.1064277,72064,0.9998589754104614
1531633859.379103,72192,0.9998617768287659
1531634155.7975178,72320,0.9998593330383301
1531634314.2091808,72448,0.9998612403869629
1531634472.358598,72576,0.9998576641082764
1531634630.6595936,72704,0.9998592138290405
1531634924.5040052,72832,0.999861478805542
1531635082.7933915,72960,0.9998594522476196
1531635241.1513839,73088,0.9998619556427002
1531635399.4987593,73216,0.9998630881309509
1531635696.1538541,73344,0.999860942363739
1531635854.423025,73472,0.9998602271080017
1531636012.9913228,73600,0.9998600482940674
1531636171.2177768,73728,0.9998579025268555
1531636463.246349,73856,0.9998564720153809
1531636621.7148428,73984,0.9998586773872375
1531636780.079535,74112,0.9998617768287659
1531636938.6004863,74240,0.99985671043396
1531637233.8815496,74368,0.9998635053634644
1531637392.169388,74496,0.9998606443405151
1531637550.5142443,74624,0.9998562335968018
1531637708.7677186,74752,0.9998617172241211
1531638005.25899,74880,0.9998608231544495
1531638163.8148913,75008,0.999862015247345
1531638322.260503,75136,0.999864399433136
1531638480.8173347,75264,0.9998584389686584
1531638771.0911198,75392,0.9998559355735779
1531638929.6915002,75520,0.9998626112937927
1531639088.2655375,75648,0.9998607039451599
1531639246.8888535,75776,0.9998589754104614
1531639538.1530874,75904,0.9998617768287659
1531639696.4521084,76032,0.999862790107727
1531639854.8194535,76160,0.9998615980148315
1531640013.3280048,76288,0.9998603463172913
1531640306.2240136,76416,0.9998601078987122
1531640464.4452288,76544,0.9998621344566345
1531640622.798083,76672,0.9998632073402405
1531640781.157068,76800,0.9998643398284912
1531641077.4123094,76928,0.9998617768287659
1531641235.6705499,77056,0.9998599290847778
1531641393.9890752,77184,0.9998600482940674
1531641552.3301656,77312,0.9998605847358704
1531641844.7519872,77440,0.9998615980148315
1531642002.8752923,77568,0.9998624920845032
1531642161.1193786,77696,0.9998617172241211
1531642319.3151097,77824,0.9998642206192017
1531642613.202801,77952,0.9998645782470703
1531642771.658792,78080,0.9998610019683838
1531642929.995047,78208,0.9998643398284912
1531643088.453394,78336,0.9998656511306763
1531643384.6252508,78464,0.9998615384101868
1531643542.8909276,78592,0.9998648166656494
1531643701.1794128,78720,0.9998624324798584
1531643859.3747075,78848,0.9998644590377808
1531644153.6440196,78976,0.9998631477355957
1531644312.1139367,79104,0.9998629093170166
1531644470.5130548,79232,0.9998632073402405
1531644628.9637604,79360,0.9998644590377808
1531644926.15166,79488,0.9998624920845032
1531645084.4885602,79616,0.999864935874939
1531645242.7375686,79744,0.9998622536659241
1531645401.1974456,79872,0.9998623728752136
1531645695.4707897,80000,0.9998646378517151
1531645853.6805658,80128,0.9998632669448853
1531646012.0374455,80256,0.9998631477355957
1531646170.3970802,80384,0.9998646378517151
1531646464.1265898,80512,0.9998628497123718
1531646622.5269258,80640,0.9998607039451599
1531646780.7888262,80768,0.9998656511306763
1531646938.905526,80896,0.999861478805542
1531647230.083242,81024,0.9998638033866882
1531647388.3927603,81152,0.9998660683631897
1531647546.718989,81280,0.9998632669448853
1531647705.0368872,81408,0.9998658895492554
1531647998.8723488,81536,0.999864935874939
1531648157.2919734,81664,0.9998639822006226
1531648315.7308593,81792,0.999867856502533
1531648474.2395098,81920,0.9998638033866882
1531648767.5757968,82048,0.9998665452003479
1531648926.0565662,82176,0.9998622536659241
1531649084.5443501,82304,0.999863862991333
1531649243.0225172,82432,0.9998646378517151
1531649536.4553297,82560,0.9998643398284912
1531649694.7483537,82688,0.9998641014099121
1531649853.3317707,82816,0.999864399433136
1531650011.798553,82944,0.9998618960380554
1531650302.9283416,83072,0.9998643398284912
1531650461.1441965,83200,0.9998626708984375
1531650619.3077214,83328,0.9998630881309509
1531650777.581339,83456,0.9998657703399658
1531651070.7979968,83584,0.9998641014099121
1531651229.0842292,83712,0.9998660087585449
1531651387.2559414,83840,0.9998652935028076
1531651545.29387,83968,0.9998654127120972
1531651840.351405,84096,0.9998651742935181
1531651998.632693,84224,0.9998656511306763
1531652157.0715497,84352,0.9998658299446106
1531652315.4235778,84480,0.9998685121536255
1531652612.088048,84608,0.999866783618927
1531652770.3547723,84736,0.999864935874939
1531652928.6393003,84864,0.9998660683631897
1531653086.9448493,84992,0.9998664259910583
1531653382.7892916,85120,0.9998663067817688
1531653541.0890653,85248,0.9998661279678345
1531653699.2124698,85376,0.9998682737350464
1531653857.4422307,85504,0.9998658895492554
1531654151.7037678,85632,0.9998671412467957
1531654309.9417763,85760,0.9998670220375061
1531654468.1531641,85888,0.9998691082000732
1531654626.3249915,86016,0.9998670816421509
1531654918.933356,86144,0.9998674988746643
1531655077.1059039,86272,0.9998676180839539
1531655235.3287432,86400,0.9998660087585449
1531655393.5479932,86528,0.9998673796653748
1531655689.1103067,86656,0.999866783618927
1531655847.5131178,86784,0.9998670816421509
1531656006.0860448,86912,0.999864399433136
1531656164.565919,87040,0.99986732006073
1531656461.0577962,87168,0.9998679161071777
1531656619.305091,87296,0.9998687505722046
1531656777.8118963,87424,0.9998667240142822
1531656936.3213277,87552,0.9998689293861389
1531657229.7286594,87680,0.9998631477355957
1531657388.1809707,87808,0.9998691082000732
1531657546.5938885,87936,0.9998670220375061
1531657705.0755918,88064,0.9998665452003479
1531658001.7832172,88192,0.9998696446418762
1531658160.0399656,88320,0.9998670220375061
1531658318.4589076,88448,0.9998674392700195
1531658476.7629826,88576,0.9998681545257568
1531658772.6786332,88704,0.9998682141304016
1531658931.1840513,88832,0.9998672604560852
1531659089.6026776,88960,0.9998672008514404
1531659248.2105,89088,0.9998685717582703
1531659547.0490894,89216,0.9998658895492554
1531659705.5610116,89344,0.9998658299446106
1531659863.889022,89472,0.9998682141304016
1531660022.4623861,89600,0.9998628497123718
1531660316.3581293,89728,0.9998651146888733
1531660474.697491,89856,0.9998661875724792
1531660632.959362,89984,0.9998669028282166
1531660791.2220788,90112,0.9998676180839539
1531661084.830259,90240,0.999868631362915
1531661243.0937393,90368,0.9998666048049927
1531661401.381727,90496,0.9998698830604553
1531661559.711738,90624,0.9998679161071777
1531661855.451561,90752,0.9998661875724792
1531662013.8008046,90880,0.9998701214790344
1531662172.1216671,91008,0.9998680949211121
1531662330.5138338,91136,0.999866247177124
1531662625.074914,91264,0.9998692274093628
1531662783.281133,91392,0.9998676180839539
1531662941.6365438,91520,0.9998703598976135
1531663099.9101362,91648,0.9998675584793091
1531663395.7569516,91776,0.9998684525489807
1531663554.0945828,91904,0.9998688697814941
1531663712.5297825,92032,0.9998694062232971
1531663871.0067096,92160,0.999869704246521
1531664167.8933704,92288,0.9998677968978882
1531664326.0888422,92416,0.9998698830604553
1531664484.3122559,92544,0.9998656511306763
1531664642.4307477,92672,0.9998683333396912
1531664938.1941853,92800,0.9998705387115479
1531665096.6044776,92928,0.9998687505722046
1531665254.857555,93056,0.9998689293861389
1531665413.2301106,93184,0.9998652935028076
1531665709.080365,93312,0.9998681545257568
1531665867.3216445,93440,0.9998670816421509
1531666025.6504934,93568,0.9998696446418762
1531666183.968017,93696,0.9998669624328613
1531666480.200143,93824,0.9998675584793091
1531666638.6967185,93952,0.9998700022697449
1531666797.199995,94080,0.9998692274093628
1531666955.717064,94208,0.9998664259910583
1531667253.732758,94336,0.9998687505722046
1531667412.028405,94464,0.9998660683631897
1531667570.5759299,94592,0.9998674988746643
1531667729.1619911,94720,0.9998629093170166
1531668022.6382043,94848,0.9998654723167419
1531668181.0043604,94976,0.9998682141304016
1531668339.3592658,95104,0.9998680949211121
1531668497.6433656,95232,0.9998693466186523
1531668794.2353272,95360,0.9998661279678345
1531668952.6800504,95488,0.9998684525489807
1531669111.1155152,95616,0.9998664855957031
1531669269.5152626,95744,0.9998683929443359
1531669565.5875003,95872,0.9998670220375061
1531669723.8705475,96000,0.9998660087585449
1531669882.1974854,96128,0.9998674392700195
1531670040.5386014,96256,0.9998677372932434
1531699289.097606,96384,0.999867856502533
1531699451.4312394,96512,0.999872088432312
1531699614.0680344,96640,0.9998676776885986
1531699776.8214316,96768,0.9998688101768494
1531700072.5657198,96896,0.9998676180839539
1531700230.758126,97024,0.9998674988746643
1531700388.968178,97152,0.99986732006073
1531700547.256731,97280,0.9998714923858643
1531700844.377201,97408,0.9998681545257568
