wall_time,step,value
1530415645.4302385,128,-66.27332305908203
1530415700.0178936,256,-38.65342712402344
1530415754.8521109,384,-30.3466854095459
1530415809.7310543,512,-20.386566162109375
1530415922.794183,640,-12.759542465209961
1530415977.490302,768,-10.327677726745605
1530416032.4150136,896,-8.056940078735352
1530416087.3059332,1024,-7.736041069030762
1530416199.9164674,1152,-8.115469932556152
1530416254.783656,1280,-7.888918876647949
1530416309.656643,1408,-8.780784606933594
1530416364.6965797,1536,-9.187948226928711
1530416476.371752,1664,-7.8117523193359375
1530416531.123414,1792,-7.596230506896973
1530416585.952924,1920,-7.446692943572998
1530416640.7455547,2048,-7.059635162353516
1530416751.0778594,2176,-6.895565986633301
1530416805.7544084,2304,-6.2354888916015625
1530416860.5056894,2432,-6.251157283782959
1530416915.296265,2560,-6.224518775939941
1530417026.0227613,2688,-5.468737602233887
1530417080.6350887,2816,-5.637943267822266
1530417135.4546525,2944,-5.23071813583374
1530417190.3008726,3072,-5.627853870391846
1530417298.6922278,3200,-4.9700608253479
1530417353.3961449,3328,-5.164731979370117
1530417408.187695,3456,-5.103241920471191
1530417462.9735196,3584,-4.949617385864258
1530417570.4044251,3712,-4.915217876434326
1530417625.117084,3840,-4.826569557189941
1530417679.948563,3968,-4.668564796447754
1530417734.6006732,4096,-4.551650047302246
1530417842.0075521,4224,-4.667059421539307
1530417896.6900384,4352,-4.614265441894531
1530417951.4468796,4480,-4.560007095336914
1530418006.2420201,4608,-4.0895209312438965
1530418114.2464457,4736,-4.357316493988037
1530418168.9408014,4864,-4.2519426345825195
1530418223.733866,4992,-4.193356990814209
1530418278.4207737,5120,-4.62973690032959
1530418387.8478954,5248,-4.548007488250732
1530418442.460724,5376,-4.324986934661865
1530418497.2428768,5504,-3.984879732131958
1530418552.1243207,5632,-4.328665256500244
1530418660.9241817,5760,-4.212785243988037
1530418715.5501933,5888,-4.112075328826904
1530418770.3395407,6016,-4.1252031326293945
1530418824.992073,6144,-4.101236343383789
1530418934.3199341,6272,-4.170866966247559
1530418988.914593,6400,-4.110262870788574
1530419043.6679142,6528,-3.9096298217773438
1530419098.3996255,6656,-3.9118130207061768
1530419208.319731,6784,-3.829375743865967
1530419263.0408437,6912,-4.100430965423584
1530419317.6397882,7040,-3.8924458026885986
1530419372.4035923,7168,-3.669139862060547
1530419481.726628,7296,-3.5726864337921143
1530419536.377217,7424,-3.55696177482605
1530419591.1285944,7552,-3.6003050804138184
1530419645.9163167,7680,-3.628121852874756
1530419756.4656882,7808,-3.7016897201538086
1530419811.2337043,7936,-3.4966049194335938
1530419865.978613,8064,-3.612090826034546
1530419920.5931864,8192,-3.4653704166412354
1530420031.3416393,8320,-3.407337188720703
1530420085.8331215,8448,-3.371067523956299
1530420140.516666,8576,-3.595010757446289
1530420195.2460368,8704,-3.4237663745880127
1530420304.029852,8832,-3.4218637943267822
1530420358.705129,8960,-3.672891139984131
1530420413.4722862,9088,-3.17891263961792
1530420468.1993668,9216,-3.52795147895813
1530420577.2842646,9344,-3.353771686553955
1530420631.9452338,9472,-3.0531842708587646
1530420686.7933135,9600,-3.1888725757598877
1530420741.5183299,9728,-3.189068078994751
1530420850.5642724,9856,-3.3319942951202393
1530420905.1202176,9984,-3.3119118213653564
1530420959.9417195,10112,-3.0621440410614014
1530421014.6223705,10240,-3.162977695465088
1530421123.8005605,10368,-3.1491799354553223
1530421178.4648294,10496,-3.2760467529296875
1530421233.277546,10624,-3.3836772441864014
1530421288.0207953,10752,-3.241468906402588
1530421396.912279,10880,-3.5030312538146973
1530421451.3811135,11008,-3.224130392074585
1530421506.1374454,11136,-3.6733922958374023
1530421560.788717,11264,-3.019392490386963
1530421671.0663977,11392,-3.0609688758850098
1530421725.6426613,11520,-3.0040526390075684
1530421780.4340043,11648,-3.2538716793060303
1530421835.048497,11776,-3.18147611618042
1530421943.0252514,11904,-3.033390998840332
1530421997.5447555,12032,-3.0503604412078857
1530422052.3137636,12160,-2.8690695762634277
1530422106.959304,12288,-2.813803195953369
1530422215.6525526,12416,-3.035130023956299
1530422270.352522,12544,-2.9684548377990723
1530422325.101672,12672,-2.8678174018859863
1530422379.8078492,12800,-3.039897918701172
1530422489.8275738,12928,-2.9865357875823975
1530422544.4925964,13056,-2.667613983154297
1530422599.3435395,13184,-3.0749902725219727
1530422654.1025996,13312,-2.9615836143493652
1530422764.6814308,13440,-2.920529365539551
1530422819.3049123,13568,-2.6416802406311035
1530422874.1347528,13696,-2.770644187927246
1530422928.8771603,13824,-2.864245891571045
1530423037.6582878,13952,-2.678574562072754
1530423092.2342978,14080,-2.5458221435546875
1530423146.9664822,14208,-2.6992738246917725
1530423201.7370324,14336,-2.7544944286346436
1530423309.8950982,14464,-2.689403772354126
1530423364.560275,14592,-2.67802095413208
1530423419.3507833,14720,-2.7015209197998047
1530423474.1747925,14848,-2.8822343349456787
1530423582.159149,14976,-2.7398245334625244
1530423636.7981737,15104,-2.901505708694458
1530423691.4924703,15232,-2.7212975025177
1530423746.24187,15360,-2.77306866645813
1530423855.6885753,15488,-2.789024829864502
1530423910.344697,15616,-2.610504627227783
1530423965.1563833,15744,-2.6814889907836914
1530424019.9075723,15872,-2.666821002960205
1530424128.7150614,16000,-2.699779987335205
1530424183.2702005,16128,-2.5024425983428955
1530424237.9420817,16256,-2.7843563556671143
1530424292.6971738,16384,-2.3597095012664795
1530424403.0295115,16512,-2.4935402870178223
1530424457.6787384,16640,-2.457412004470825
1530424512.3650396,16768,-2.489299774169922
1530424567.1655602,16896,-2.6277804374694824
1530424676.6489534,17024,-2.44948148727417
1530424731.3015022,17152,-2.5094592571258545
1530424786.200859,17280,-2.470890522003174
1530424841.050654,17408,-2.591594696044922
1530424950.7723148,17536,-2.424384593963623
1530425005.407488,17664,-2.4161810874938965
1530425060.1025312,17792,-2.553842782974243
1530425114.92419,17920,-2.4805097579956055
1530425224.357961,18048,-2.5399606227874756
1530425279.1226404,18176,-2.3645286560058594
1530425334.042977,18304,-2.329021453857422
1530425388.9426475,18432,-2.4887614250183105
1530425499.7525759,18560,-2.4887232780456543
1530425554.5455332,18688,-2.4516053199768066
1530425609.4701943,18816,-2.3937363624572754
1530425664.3228793,18944,-2.5108020305633545
1530425774.1946533,19072,-2.2256505489349365
1530425829.0674715,19200,-2.3921661376953125
1530425884.047004,19328,-2.4685280323028564
1530425938.9545026,19456,-2.4597301483154297
1530426049.1305587,19584,-2.3024799823760986
1530426103.9352188,19712,-2.3745319843292236
1530426158.8261504,19840,-2.2503654956817627
1530426213.7784545,19968,-2.4148783683776855
1530426323.944674,20096,-2.4499433040618896
1530426378.5841737,20224,-2.191046714782715
1530426433.5184932,20352,-2.5267837047576904
1530426488.5014544,20480,-2.4006264209747314
1530426598.2406352,20608,-2.3661882877349854
1530426653.0510986,20736,-2.245499610900879
1530426707.952387,20864,-2.390476942062378
1530426762.7967782,20992,-2.1311864852905273
1530426872.28188,21120,-2.1531460285186768
1530426927.1832123,21248,-2.341067314147949
1530426982.1035695,21376,-2.410212516784668
1530427036.9639971,21504,-2.379833221435547
1530427147.3222232,21632,-2.3064253330230713
1530427202.1961896,21760,-2.270418882369995
1530427257.1173015,21888,-2.373854160308838
1530427311.9771721,22016,-2.2123899459838867
1530427421.6791005,22144,-2.387831449508667
1530427476.4140959,22272,-2.167811393737793
1530427531.3823075,22400,-2.2963130474090576
1530427586.2620952,22528,-2.0752599239349365
1530427697.8320105,22656,-2.336963653564453
1530427752.6622293,22784,-2.1636924743652344
1530427807.6052928,22912,-2.156360387802124
1530427862.5466578,23040,-2.1753690242767334
1530427972.6413574,23168,-2.392542839050293
1530428027.4427369,23296,-2.028043508529663
1530428082.316141,23424,-2.346920967102051
1530428137.327843,23552,-2.1115548610687256
1530428247.3992686,23680,-2.202314853668213
1530428302.2221823,23808,-2.2353339195251465
1530428357.0916498,23936,-2.2557172775268555
1530428412.0288334,24064,-2.2516930103302
1530428523.6566718,24192,-2.2361867427825928
1530428578.3469,24320,-2.110673427581787
1530428633.2926219,24448,-2.2582268714904785
1530428688.1964939,24576,-2.1655380725860596
1530428799.0863326,24704,-2.2039906978607178
1530428853.8267696,24832,-2.2695391178131104
1530428908.7857993,24960,-2.0629117488861084
1530428963.5385747,25088,-2.182966709136963
1530429074.282874,25216,-2.2485103607177734
1530429129.0708523,25344,-2.103837251663208
1530429184.0007954,25472,-2.1021206378936768
1530429238.8517478,25600,-2.177032470703125
1530429349.7776017,25728,-1.7985918521881104
1530429404.5430238,25856,-2.1650888919830322
1530429459.4189897,25984,-2.2031149864196777
1530429514.2697568,26112,-2.1460061073303223
1530429626.356894,26240,-2.273545980453491
1530429681.0675726,26368,-2.245534658432007
1530429735.9392643,26496,-2.039771795272827
1530429790.9196966,26624,-1.997613787651062
1530429903.3354342,26752,-2.146541118621826
1530429958.0263026,26880,-2.3753743171691895
1530430012.911228,27008,-2.0250556468963623
1530430067.835381,27136,-2.0822572708129883
1530430179.1484613,27264,-1.9572808742523193
1530430233.7043123,27392,-2.080085277557373
1530430288.4321377,27520,-2.11559796333313
1530430343.1767483,27648,-2.1125295162200928
1530430455.151258,27776,-2.051783323287964
1530430509.533029,27904,-2.084090232849121
1530430564.1919098,28032,-1.9885860681533813
1530430618.7360156,28160,-2.070455312728882
1530430730.055965,28288,-2.0477688312530518
1530430784.6416063,28416,-1.9459750652313232
1530430839.278373,28544,-1.9816253185272217
1530430894.0100834,28672,-1.9243851900100708
1530431006.565428,28800,-1.9998260736465454
1530431061.0552135,28928,-2.0602352619171143
1530431115.8520117,29056,-2.2364065647125244
1530431170.5948477,29184,-1.9884370565414429
1530431282.1003768,29312,-2.0320186614990234
1530431336.7675822,29440,-2.0145628452301025
1530431391.6547344,29568,-2.0864267349243164
1530431446.4669409,29696,-2.0142762660980225
1530431559.4598641,29824,-2.0299904346466064
1530431614.0648952,29952,-2.1364893913269043
1530431668.8699095,30080,-1.999458909034729
1530431723.772539,30208,-1.87722909450531
1530431835.6064174,30336,-2.0727171897888184
1530431890.3606842,30464,-2.0830752849578857
1530431945.2271452,30592,-1.9649672508239746
1530432000.2240696,30720,-1.94563627243042
1530432111.7752767,30848,-2.072507381439209
1530432166.4902537,30976,-1.9293473958969116
1530432221.41816,31104,-2.0353403091430664
1530432276.319802,31232,-1.9569506645202637
1530432388.7880569,31360,-2.033592939376831
1530432443.4432693,31488,-1.9295984506607056
1530432498.3193603,31616,-1.9317137002944946
1530432553.226126,31744,-1.9554342031478882
1530432665.2367177,31872,-2.188768148422241
1530432719.8903599,32000,-2.043053150177002
1530432774.6971815,32128,-1.9846898317337036
1530432829.5633595,32256,-1.8851395845413208
1530432941.6128387,32384,-2.0321035385131836
1530432996.2550876,32512,-1.902464747428894
1530433051.1398332,32640,-1.9689067602157593
1530433105.959474,32768,-2.052396535873413
1530433218.3304224,32896,-1.8060928583145142
1530433272.9596632,33024,-2.0299582481384277
1530433327.803859,33152,-1.8764111995697021
1530433382.661642,33280,-1.9146103858947754
1530433494.7503016,33408,-1.9913153648376465
1530433549.3547604,33536,-1.8382482528686523
1530433604.164165,33664,-1.8409721851348877
1530433659.091575,33792,-1.8987505435943604
1530433769.9166791,33920,-1.8904051780700684
1530433824.5258832,34048,-1.7883628606796265
1530433879.3427758,34176,-2.0824501514434814
1530433934.1983435,34304,-2.0011091232299805
1530434045.5654764,34432,-1.892626166343689
1530434100.1627254,34560,-1.9309749603271484
1530434155.000145,34688,-1.9395695924758911
1530434209.8339436,34816,-1.8908882141113281
1530434323.2534263,34944,-1.8651604652404785
1530434377.7223573,35072,-1.9155877828598022
1530434432.5112302,35200,-1.9608319997787476
1530434487.3065538,35328,-2.0777859687805176
1530434599.0459142,35456,-1.9037576913833618
1530434653.6961076,35584,-1.9131665229797363
1530434708.504684,35712,-2.0426950454711914
1530434763.2559457,35840,-1.9349898099899292
1530434875.7603402,35968,-1.9921081066131592
1530434930.4650345,36096,-2.0464553833007812
1530434985.4169223,36224,-1.9075026512145996
1530435040.3133554,36352,-2.0709595680236816
1530435151.8281362,36480,-2.196073293685913
1530435206.5422125,36608,-1.8985852003097534
1530435261.3924265,36736,-1.8201838731765747
1530435316.2176418,36864,-1.894159197807312
1530435428.168178,36992,-2.144932270050049
1530435482.7441192,37120,-1.8483500480651855
1530435537.5217204,37248,-1.842848539352417
1530435592.3583808,37376,-1.9824941158294678
1530435705.00245,37504,-1.8775404691696167
1530435759.605567,37632,-1.7505831718444824
1530435814.5303955,37760,-1.8501054048538208
1530435869.2948735,37888,-1.8829258680343628
1530435983.1680176,38016,-1.8160982131958008
1530436037.8031259,38144,-1.9564759731292725
1530565260.1113882,38528,-2.0024850368499756
1530565315.2095284,38656,-1.7893859148025513
1530565370.398786,38784,-1.8522238731384277
1530565425.5868754,38912,-1.9150795936584473
1530565534.785209,39040,-1.6583095788955688
1530565589.8038158,39168,-1.8298982381820679
1530565644.9862022,39296,-1.7986220121383667
1530565700.0313551,39424,-1.655288815498352
1530565811.0098145,39552,-1.7698317766189575
1530565866.2515876,39680,-1.9731554985046387
1530565921.5114539,39808,-1.8574895858764648
1530565976.5639453,39936,-1.8419097661972046
1530566086.0171378,40064,-1.6655679941177368
1530566141.171435,40192,-1.7678852081298828
1530566196.459663,40320,-1.8579962253570557
1530566251.6409826,40448,-1.7238713502883911
1530566362.2023911,40576,-1.8554542064666748
1530566417.3745914,40704,-1.840362310409546
1530566472.5822184,40832,-2.0725555419921875
1530566527.6800158,40960,-1.9012202024459839
1530566637.379347,41088,-1.6941367387771606
1530566692.3510606,41216,-1.8304822444915771
1530566747.600796,41344,-1.9107722043991089
1530566802.7647023,41472,-1.7314116954803467
1530566912.4907277,41600,-1.8523629903793335
1530566967.6201782,41728,-1.7869929075241089
1530567022.8634639,41856,-1.5569008588790894
1530567077.9624715,41984,-1.9430785179138184
1530567188.1682656,42112,-1.7091686725616455
1530567243.2162418,42240,-1.7307848930358887
1530567298.4225605,42368,-1.8183152675628662
1530567353.7314277,42496,-1.811732530593872
1530567462.6817193,42624,-1.6026320457458496
1530567517.8227081,42752,-1.699830412864685
1530567572.9997346,42880,-1.8279979228973389
1530567628.1997106,43008,-1.7682297229766846
1530567738.0778186,43136,-1.8846594095230103
1530567793.2263157,43264,-1.8409643173217773
1530567848.4439137,43392,-1.7651991844177246
1530567903.6314065,43520,-1.796679139137268
1530568013.1570745,43648,-1.8142774105072021
1530568068.3215759,43776,-1.8115315437316895
1530568123.5821142,43904,-1.9146169424057007
1530568178.8732164,44032,-1.9038957357406616
1530568289.5437002,44160,-1.7887412309646606
1530568344.6589324,44288,-1.710067868232727
1530568399.8520508,44416,-1.8234361410140991
1530568454.9989247,44544,-1.8328893184661865
1530568564.3063254,44672,-1.9665675163269043
1530568619.507093,44800,-1.8799118995666504
1530568674.81487,44928,-1.753759503364563
1530568730.0394194,45056,-1.8370133638381958
1530568839.6275697,45184,-1.7032791376113892
1530568894.9098477,45312,-1.8525842428207397
1530568950.1501145,45440,-1.627691388130188
1530569005.4266279,45568,-1.6915392875671387
1530569114.3071766,45696,-1.8739516735076904
1530569169.5136867,45824,-1.7059409618377686
1530569224.891066,45952,-1.7286306619644165
1530569280.151909,46080,-1.8874952793121338
1530569389.819304,46208,-1.7167258262634277
1530569445.0336099,46336,-1.5841599702835083
1530569500.5117984,46464,-1.6298726797103882
1530569555.9641166,46592,-1.8163354396820068
1530569665.5613267,46720,-1.7939403057098389
1530569720.8423085,46848,-1.6483885049819946
1530569776.2785785,46976,-1.918208360671997
1530569831.621462,47104,-1.5998436212539673
1530569941.220897,47232,-1.8599165678024292
1530569996.4984775,47360,-1.5712809562683105
1530570051.8523538,47488,-1.6610431671142578
1530570107.1855588,47616,-1.7691353559494019
1530570217.130337,47744,-1.589498519897461
1530570272.50073,47872,-1.8110615015029907
1530570327.804008,48000,-1.7698791027069092
1530570383.115555,48128,-1.7409698963165283
1530570492.6716542,48256,-1.769984483718872
1530570547.8857489,48384,-1.835089921951294
1530570603.2265558,48512,-1.8368945121765137
1530570658.5000057,48640,-1.7077780961990356
1530570767.6473303,48768,-1.7507781982421875
1530570822.9277234,48896,-1.735650658607483
1530570878.3682318,49024,-1.7918399572372437
1530570933.7294917,49152,-1.6609678268432617
1530571044.6487145,49280,-1.8911569118499756
1530571099.9721947,49408,-1.7987756729125977
1530571155.1646342,49536,-1.6680442094802856
1530571210.546502,49664,-1.5585942268371582
1530571320.3190737,49792,-1.6269254684448242
1530571375.7835584,49920,-1.670730710029602
1530571431.347715,50048,-1.7205500602722168
1530571486.6720781,50176,-1.5700080394744873
1530571595.5319793,50304,-1.5218535661697388
1530571650.7943408,50432,-1.6664682626724243
1530571706.281674,50560,-1.6020293235778809
1530571761.6844726,50688,-1.7737159729003906
1530571871.3195229,50816,-1.574899673461914
1530571926.6585815,50944,-1.7065716981887817
1530571981.9943368,51072,-1.5722780227661133
1530572037.3065631,51200,-1.6252087354660034
1530572147.1557348,51328,-1.7017076015472412
1530572202.5884182,51456,-1.5695080757141113
1530572258.0844564,51584,-1.7657419443130493
1530572313.4273958,51712,-1.6003559827804565
1530572423.5671368,51840,-1.6902296543121338
1530572478.6443412,51968,-1.5847411155700684
1530572533.818251,52096,-1.792364239692688
1530572588.971234,52224,-1.582099437713623
1530572697.7953863,52352,-1.6179872751235962
1530572753.0203004,52480,-1.6033834218978882
1530572808.5211904,52608,-1.5883959531784058
1530572864.1390035,52736,-1.763509750366211
1530572974.2693238,52864,-1.6216614246368408
1530573029.7762625,52992,-1.7472069263458252
1530573085.3213558,53120,-1.7151139974594116
1530573140.81471,53248,-1.6295455694198608
1530573250.4142928,53376,-1.6345211267471313
1530573305.4592896,53504,-1.5304384231567383
1530573360.5639977,53632,-1.4331250190734863
1530573415.7746217,53760,-1.576410174369812
1530573526.4005682,53888,-1.5262768268585205
1530573581.5546951,54016,-1.5969245433807373
1530573636.7134838,54144,-1.5585696697235107
1530573691.9603024,54272,-1.669417142868042
1530573802.2034771,54400,-1.5356309413909912
1530573857.376129,54528,-1.6523067951202393
1530573912.4577982,54656,-1.9338494539260864
1530573967.660498,54784,-1.7185217142105103
1530574077.0169444,54912,-1.6011346578598022
1530574132.2234993,55040,-1.7962673902511597
1530574187.3455043,55168,-1.676127314567566
1530574242.609952,55296,-1.7347464561462402
1530574352.6727052,55424,-1.5359994173049927
1530574407.7176778,55552,-1.425194501876831
1530574462.9725816,55680,-1.6135250329971313
1530574518.1406715,55808,-1.7496343851089478
1530574627.9421053,55936,-1.5714898109436035
1530574682.9785252,56064,-1.4072636365890503
1530574738.158631,56192,-1.5596799850463867
1530574793.2955525,56320,-1.4318983554840088
1530574902.8260262,56448,-1.7177602052688599
1530574957.7770622,56576,-1.5953373908996582
1530575013.017336,56704,-1.744257926940918
1530575068.0786655,56832,-1.6394456624984741
1530575178.1194205,56960,-1.6985759735107422
1530575233.2268817,57088,-1.5950530767440796
1530575288.358203,57216,-1.6298818588256836
1530575343.5254078,57344,-1.6654014587402344
1530575453.1672735,57472,-1.5067858695983887
1530575508.293129,57600,-1.4653968811035156
1530575563.452366,57728,-1.6430681943893433
1530575618.5361266,57856,-1.7129284143447876
1530575729.382665,57984,-1.695064902305603
1530575784.451975,58112,-1.4985671043395996
1530575839.5506454,58240,-1.6029257774353027
1530575894.6869597,58368,-1.6756030321121216
1530576004.796304,58496,-1.5495481491088867
1530576059.9147065,58624,-1.5629961490631104
1530576115.0583172,58752,-1.6543915271759033
1530576170.1716793,58880,-1.6317261457443237
1530576281.4535427,59008,-1.642313003540039
1530576336.4137142,59136,-1.5186262130737305
1530576391.5611677,59264,-1.6692720651626587
1530576446.6776254,59392,-1.4529985189437866
1530576557.3247788,59520,-1.48985755443573
1530576612.317341,59648,-1.4665346145629883
1530576667.40771,59776,-1.585534691810608
1530576722.4346242,59904,-1.3590774536132812
1530576833.384991,60032,-1.4195235967636108
1530576888.3396246,60160,-1.461496353149414
1530576943.4023101,60288,-1.5462664365768433
1530576998.366969,60416,-1.60635507106781
1530577108.0872474,60544,-1.5762014389038086
1530577163.1102037,60672,-1.457755446434021
1530577218.2060523,60800,-1.5485079288482666
1530577273.2843623,60928,-1.374179482460022
1530577383.6895394,61056,-1.664189100265503
1530577438.6868434,61184,-1.4602351188659668
1530577493.7275581,61312,-1.478387475013733
1530577548.7648017,61440,-1.6395797729492188
1530577658.8382778,61568,-1.4744170904159546
1530577713.8179944,61696,-1.5949289798736572
1530577768.9283903,61824,-1.5355539321899414
1530577823.9704266,61952,-1.3545483350753784
1530577935.5639844,62080,-1.5615966320037842
1530577990.5354552,62208,-1.569664478302002
1530578045.5412793,62336,-1.5915237665176392
1530578100.5582693,62464,-1.4802265167236328
1530578211.7842815,62592,-1.531036615371704
1530578266.7255852,62720,-1.5768907070159912
1530578321.8632643,62848,-1.3979418277740479
1530578377.033953,62976,-1.3939310312271118
1530578488.030926,63104,-1.3919100761413574
1530578542.9452698,63232,-1.500430941581726
1530578598.158633,63360,-1.48513662815094
1530578653.17056,63488,-1.5572211742401123
1530578764.2257335,63616,-1.2846602201461792
1530578819.1602027,63744,-1.4129738807678223
1530578874.338033,63872,-1.7998799085617065
1530578929.4685175,64000,-1.5143259763717651
1530579041.5381548,64128,-1.6677676439285278
1530579096.4117062,64256,-1.6113204956054688
1530579151.5015247,64384,-1.4550175666809082
1530579206.576207,64512,-1.4916126728057861
1530579318.9057133,64640,-1.3828442096710205
1530579373.880984,64768,-1.465971827507019
1530579428.9717937,64896,-1.5173026323318481
1530579483.9298415,65024,-1.5523808002471924
1530579595.4012334,65152,-1.4219623804092407
1530579650.411452,65280,-1.4895005226135254
1530579705.5901425,65408,-1.6008987426757812
1530579760.6296227,65536,-1.7914021015167236
1530579873.0463061,65664,-1.4747401475906372
1530579928.0564044,65792,-1.4036669731140137
1530579983.0005713,65920,-1.5805739164352417
1530580038.036414,66048,-1.5199108123779297
1530580149.401199,66176,-1.662798285484314
1530580204.3396778,66304,-1.4694452285766602
1530580259.351663,66432,-1.6919790506362915
1530580314.3869202,66560,-1.5283948183059692
1530580425.9675677,66688,-1.6289178133010864
1530580480.9916432,66816,-1.4556124210357666
1530580536.110111,66944,-1.4764728546142578
1530580591.0793471,67072,-1.475327968597412
1530580703.2661533,67200,-1.3807504177093506
1530580758.1843326,67328,-1.5201842784881592
1530580813.3378704,67456,-1.364674687385559
1530580868.2942572,67584,-1.6682432889938354
1530580978.8798823,67712,-1.7192318439483643
1530581033.9634123,67840,-1.3583492040634155
1530581089.064573,67968,-1.5424039363861084
1530581144.137271,68096,-1.3090903759002686
1530581256.2630045,68224,-1.4886114597320557
1530581311.1759603,68352,-1.4125396013259888
1530581366.3610582,68480,-1.462493658065796
1530581421.3568048,68608,-1.4543352127075195
1530581534.477408,68736,-1.4682629108428955
1530581589.5157537,68864,-1.312914490699768
1530581644.6815214,68992,-1.6017347574234009
1530581699.6959848,69120,-1.571967601776123
1530581811.2970786,69248,-1.5484516620635986
1530581866.3206682,69376,-1.4713271856307983
1530581921.3362827,69504,-1.5180509090423584
1530581976.3118322,69632,-1.4318406581878662
1530582088.5346723,69760,-1.5017603635787964
1530582143.5015655,69888,-1.4410710334777832
1530582198.4752705,70016,-1.4629030227661133
1530582253.4151914,70144,-1.2721385955810547
1530582365.0050874,70272,-1.5344833135604858
1530582420.0743425,70400,-1.4870691299438477
1530582475.0272524,70528,-1.471947431564331
1530582530.1399803,70656,-1.3868435621261597
1530582641.8916562,70784,-1.4597114324569702
1530582696.7756019,70912,-1.5174360275268555
1530582751.8119936,71040,-1.2904282808303833
1530582806.9403806,71168,-1.4196380376815796
1530582918.469616,71296,-1.367691993713379
1530582973.4411101,71424,-1.4250797033309937
1530583028.586675,71552,-1.4490184783935547
1530583083.583324,71680,-1.3958711624145508
1530583195.5465307,71808,-1.3091368675231934
1530583250.4704492,71936,-1.1442975997924805
1530583305.6063225,72064,-1.542900562286377
1530583360.6599913,72192,-1.3448121547698975
1530583473.1205194,72320,-1.4631104469299316
1530583528.139252,72448,-1.3117389678955078
1530583583.1901946,72576,-1.4561753273010254
1530583638.2730963,72704,-1.3967881202697754
1530583750.1741352,72832,-1.3931314945220947
1530583805.0957909,72960,-1.3079612255096436
1530583860.2423825,73088,-1.418059229850769
1530583915.1558578,73216,-1.3479971885681152
1530584026.515188,73344,-1.3852527141571045
1530584081.4469805,73472,-1.5747164487838745
1530584136.3375475,73600,-1.3662314414978027
1530584191.347033,73728,-1.3451833724975586
1530584303.3488972,73856,-1.3393489122390747
1530584358.2690175,73984,-1.3282057046890259
1530584413.3197002,74112,-1.588090181350708
1530584468.3733253,74240,-1.3643428087234497
1530584580.5479116,74368,-1.3052220344543457
1530584635.5208955,74496,-1.362876296043396
1530584690.5413737,74624,-1.5613104104995728
1530584745.4374988,74752,-1.2130625247955322
1530584858.2748926,74880,-1.428283929824829
1530584913.1093729,75008,-1.4347642660140991
1530584968.1796818,75136,-1.3706518411636353
1530585023.1206393,75264,-1.2293951511383057
1530585135.675454,75392,-1.3605642318725586
1530585190.5414977,75520,-1.5972803831100464
1530585245.6082826,75648,-1.3904749155044556
1530585300.6815894,75776,-1.3621954917907715
1530585413.525823,75904,-1.3242802619934082
1530585468.525713,76032,-1.3566503524780273
1530585523.5937455,76160,-1.4355279207229614
1530585578.570166,76288,-1.4603524208068848
1530585693.427772,76416,-1.4759756326675415
1530585748.4270973,76544,-1.3159401416778564
1530660735.2132852,76928,-1.3654835224151611
1530660790.152157,77056,-1.3883240222930908
1530660845.2023182,77184,-1.4848954677581787
1530660900.260303,77312,-1.4611717462539673
1530661008.8655722,77440,-1.26835036277771
1530661063.8102043,77568,-1.3946452140808105
1530661118.9702044,77696,-1.3557026386260986
1530661174.0307095,77824,-1.4029566049575806
1530661283.1285114,77952,-1.260825753211975
1530661338.1593895,78080,-1.3886903524398804
1530661393.2605915,78208,-1.5952534675598145
1530661448.3735468,78336,-1.2829347848892212
1530661557.2630389,78464,-1.3022282123565674
1530661612.2962623,78592,-1.3770980834960938
1530661667.425417,78720,-1.4340484142303467
1530661722.5056381,78848,-1.303441047668457
1530661832.930436,78976,-1.3417433500289917
1530661887.9969575,79104,-1.3281203508377075
1530661943.1465147,79232,-1.4493815898895264
1530661998.2110503,79360,-1.4560080766677856
1530662108.339478,79488,-1.4862239360809326
1530662163.271944,79616,-1.413896918296814
1530662218.4093363,79744,-1.2585302591323853
1530662273.5197558,79872,-1.3358036279678345
1530662382.359533,80000,-1.3231098651885986
1530662437.3744807,80128,-1.4338152408599854
1530662492.5241964,80256,-1.317911982536316
1530662547.6214507,80384,-1.486697793006897
1530662656.0190961,80512,-1.2291045188903809
1530662711.0965304,80640,-1.5675504207611084
1530662766.2247934,80768,-1.472684383392334
1530662821.2107058,80896,-1.3573111295700073
1530662931.3873518,81024,-1.4487289190292358
1530662986.4062831,81152,-1.3416764736175537
1530663041.4741857,81280,-1.3865668773651123
1530663096.6645968,81408,-1.2742302417755127
1530663206.128484,81536,-1.4551883935928345
1530663261.1112025,81664,-1.48428475856781
1530663316.1187751,81792,-1.4856903553009033
1530663371.2715263,81920,-1.3021811246871948
1530663480.5245502,82048,-1.436105489730835
1530663535.6487923,82176,-1.4558523893356323
1530663590.781125,82304,-1.3856768608093262
1530663645.8690143,82432,-1.2815638780593872
1530663755.4525616,82560,-1.3811280727386475
1530663810.474206,82688,-1.2608007192611694
1530663865.5805657,82816,-1.3998249769210815
1530663920.668018,82944,-1.297966718673706
1530664031.5592246,83072,-1.32932448387146
1530664086.6323786,83200,-1.3747119903564453
1530664141.7345657,83328,-1.278285264968872
1530664196.7385318,83456,-1.3835651874542236
1530664306.2644172,83584,-1.2589006423950195
1530664361.3494241,83712,-1.6969401836395264
1530664416.3779073,83840,-1.2854055166244507
1530664471.5415926,83968,-1.4026296138763428
1530664581.3529885,84096,-1.4224764108657837
1530664636.4034784,84224,-1.373050570487976
1530664691.4785836,84352,-1.5543887615203857
1530664746.5114555,84480,-1.4498276710510254
1530664855.8340964,84608,-1.2886261940002441
1530664910.7704296,84736,-1.2438435554504395
1530664965.810373,84864,-1.3035863637924194
1530665020.8886008,84992,-1.2526072263717651
1530665130.8627703,85120,-1.519544243812561
1530665185.7397537,85248,-1.376841425895691
1530665240.7934074,85376,-1.353043794631958
1530665295.8671534,85504,-1.0732132196426392
1530665406.3562887,85632,-1.362462043762207
1530665461.2988415,85760,-1.319126009941101
1530665516.5691805,85888,-1.2980632781982422
1530665571.6184292,86016,-1.4326587915420532
1530665681.8883908,86144,-1.521689534187317
1530665736.8494825,86272,-1.393654465675354
1530665791.883099,86400,-1.3635177612304688
1530665846.9593942,86528,-1.1741950511932373
1530665956.9457202,86656,-1.4335870742797852
1530666011.9247901,86784,-1.3050148487091064
1530666066.934937,86912,-1.3297187089920044
1530666122.066707,87040,-1.4835957288742065
1530666232.5392814,87168,-1.254131555557251
1530666287.5637434,87296,-1.1568306684494019
1530666342.696404,87424,-1.3209171295166016
1530666397.7653234,87552,-1.344844102859497
1530666507.6796794,87680,-1.3254525661468506
1530666562.5258,87808,-1.2396259307861328
1530666617.5741813,87936,-1.0912998914718628
1530666672.6769605,88064,-1.553999423980713
1530666782.4559069,88192,-1.3312101364135742
1530666837.5699022,88320,-1.3870618343353271
1530666892.6777868,88448,-1.561458706855774
1530666947.7763255,88576,-1.2901113033294678
1530667057.972705,88704,-1.419425129890442
1530667113.025596,88832,-1.3177385330200195
1530667168.0579317,88960,-1.3569183349609375
1530667223.1512873,89088,-1.2484066486358643
1530667332.8600276,89216,-1.3676440715789795
1530667387.7180653,89344,-1.2279052734375
1530667442.9156833,89472,-1.3981047868728638
1530667497.9752822,89600,-1.3494681119918823
1530667607.7129076,89728,-1.5473052263259888
1530667662.7694063,89856,-1.3362607955932617
1530667717.8328767,89984,-1.1837176084518433
1530667772.784154,90112,-1.2865617275238037
1530667883.3333385,90240,-1.298248052597046
1530667938.3581233,90368,-1.305527925491333
1530667993.3972554,90496,-1.4065632820129395
1530668048.4894323,90624,-1.401667833328247
1530668157.8672159,90752,-1.25912344455719
1530668212.9673905,90880,-1.3470823764801025
1530668267.921728,91008,-1.2380176782608032
1530668322.8856912,91136,-1.2500118017196655
1530668434.1790233,91264,-1.374322533607483
1530668489.1368532,91392,-1.338030457496643
1530668544.1686056,91520,-1.433694839477539
1530668599.2818308,91648,-1.3334071636199951
1530668708.9665124,91776,-1.2752063274383545
1530668763.9007204,91904,-1.2045848369598389
1530668818.9708955,92032,-1.3994735479354858
1530668874.0098825,92160,-1.3658955097198486
1530668983.8708677,92288,-1.265141248703003
1530669038.800107,92416,-1.5653774738311768
1530669093.988028,92544,-1.4035745859146118
1530669148.897743,92672,-1.3788336515426636
1530669258.9092374,92800,-1.2747136354446411
1530669313.9514883,92928,-1.2605831623077393
1530669368.9565957,93056,-1.3765062093734741
1530669424.043495,93184,-1.1675523519515991
1530669535.7627878,93312,-1.089575171470642
1530669590.7517772,93440,-1.5699796676635742
1530669645.8713524,93568,-1.4693520069122314
1530669700.8439903,93696,-1.1668782234191895
1530669811.0575187,93824,-1.317586898803711
1530669866.1053035,93952,-1.3676501512527466
1530669921.1391969,94080,-1.3470743894577026
1530669976.2751842,94208,-1.3768558502197266
1530670086.5837324,94336,-1.1824145317077637
1530670141.497633,94464,-1.3058276176452637
1530670196.6684499,94592,-1.2537544965744019
1530670251.7966225,94720,-1.3560527563095093
1530670361.3928206,94848,-1.3661543130874634
1530670416.3126693,94976,-1.2866241931915283
1530670471.368663,95104,-1.3457742929458618
1530670526.375745,95232,-1.3677990436553955
1530670636.9415293,95360,-1.2038871049880981
1530670691.9302866,95488,-1.3145278692245483
1530670747.0043538,95616,-1.1588677167892456
1530670802.0208824,95744,-1.317225456237793
1530670912.2712922,95872,-1.354332447052002
1530670967.2603717,96000,-1.407364845275879
1530671022.3395944,96128,-1.3693280220031738
1530671077.4889395,96256,-1.355493187904358
1530671188.234155,96384,-1.4101014137268066
1530671243.092402,96512,-1.2428827285766602
1530671298.136577,96640,-1.1687500476837158
1530671353.3508906,96768,-1.313913106918335
1530671463.3465414,96896,-1.19559907913208
1530671518.6013694,97024,-1.5135506391525269
1530671573.8296292,97152,-1.3339273929595947
1530671628.9234176,97280,-1.2943178415298462
1530671741.4207084,97408,-1.2286688089370728
