wall_time,step,value
1534048144.710948,512,4.439202308654785
1534051830.2988784,1024,1.878317952156067
1534055577.401489,1536,2.1782751083374023
1534059303.0738213,2048,1.8932229280471802
1534062935.9647648,2560,2.0340781211853027
1534066599.7854245,3072,1.856623888015747
1534070276.9273846,3584,1.6958459615707397
1534073937.028177,4096,2.227208375930786
1534077575.9274988,4608,2.6633076667785645
1534081199.2830088,5120,1.816615343093872
1534084837.275096,5632,1.813720464706421
1534088460.8937876,6144,1.2010858058929443
1534092090.4793425,6656,1.2152392864227295
1534095709.5032864,7168,1.5438960790634155
