wall_time,step,value
1531869889.401331,512,7.683058738708496
1531870584.2399592,1024,5.801844120025635
1531871271.9843578,1536,2.4867544174194336
1531871957.261264,2048,1.7076857089996338
1531872642.7379777,2560,2.5139925479888916
1531873323.3335328,3072,1.4864647388458252
1531874000.967335,3584,1.4050261974334717
1531874676.6139534,4096,1.4069857597351074
1531875349.2297087,4608,2.5784387588500977
1531876019.5985427,5120,1.321219801902771
1531876688.6562774,5632,1.284751057624817
1531877358.756263,6144,1.3528382778167725
1531878029.474209,6656,1.1106294393539429
1531878699.3389535,7168,1.4200156927108765
1531879369.4400382,7680,1.4561386108398438
1531880038.8386538,8192,1.4175195693969727
1531880710.251758,8704,1.5472303628921509
1531881383.306302,9216,1.4117542505264282
1531882058.3355765,9728,1.3160927295684814
1531882733.7045524,10240,1.3492239713668823
1531883409.0314817,10752,1.6777191162109375
1531884081.2211437,11264,1.5006834268569946
1531884756.3731003,11776,1.4406704902648926
1531885429.4411228,12288,1.6520051956176758
1531886102.1355283,12800,1.1891002655029297
1531886775.2285082,13312,1.4068796634674072
1531887449.6866689,13824,1.4976369142532349
1531888124.3594272,14336,1.1773955821990967
1531888797.5946693,14848,1.853717565536499
1531889470.0128603,15360,1.5046498775482178
1531890144.508676,15872,1.385860800743103
1531890817.6799908,16384,1.5071873664855957
1531891491.6521332,16896,2.207519054412842
1531892164.2674935,17408,1.6052000522613525
1531892838.5887027,17920,1.8412303924560547
1531893512.0177445,18432,1.4850279092788696
1531894185.8748791,18944,1.611932396888733
1531894859.819924,19456,1.4705414772033691
1531895533.6614344,19968,1.3117414712905884
1532075897.7287314,20992,1.3839035034179688
1532076568.9628286,21504,1.3329886198043823
1532077241.0052898,22016,1.1138397455215454
1532077911.947427,22528,1.884433627128601
1532081986.655432,23552,1.4186753034591675
1532082657.3716817,24064,1.6691807508468628
1532083330.1444645,24576,1.4505131244659424
1532084001.2074897,25088,1.4564372301101685
1532084672.912178,25600,1.1222437620162964
1532085343.8051357,26112,1.1901003122329712
1532086014.7227874,26624,1.7705117464065552
1532086687.8187711,27136,1.4530020952224731
1532087359.4639063,27648,1.849631667137146
1532088030.3433976,28160,1.4489084482192993
1532088704.2977316,28672,1.7304989099502563
1532089379.12678,29184,1.3560876846313477
1532090049.839936,29696,1.8780937194824219
1532090724.7640796,30208,1.2896935939788818
1532091399.53687,30720,1.5026203393936157
1532092071.0765698,31232,1.3684920072555542
1532092746.1715293,31744,1.4804887771606445
1532093420.8979018,32256,1.5299233198165894
1532094095.6791432,32768,1.0838872194290161
1532094770.7641783,33280,2.600254535675049
1532095443.3326232,33792,2.3315274715423584
1532096118.4719052,34304,1.8738933801651
1532096792.636127,34816,1.867843747138977
1532097466.775904,35328,1.2094734907150269
1532098143.7502577,35840,1.6355441808700562
1532098822.235455,36352,1.8581372499465942
1532099497.620249,36864,1.8227734565734863
1532100173.121967,37376,1.4805793762207031
1532100849.0456994,37888,1.8068708181381226
1532101525.6525495,38400,1.5840288400650024
1532102200.7329483,38912,2.250124931335449
1532102877.1911995,39424,1.7871073484420776
1532111234.1433856,40448,1.0890775918960571
1532111908.7004871,40960,1.8660619258880615
1532112584.859149,41472,1.6277899742126465
1532113261.2035127,41984,1.062335729598999
1532113941.8269038,42496,1.6457756757736206
1532114621.3239882,43008,2.0305581092834473
1532115297.9857976,43520,2.080179452896118
1532115977.0510752,44032,1.190132737159729
1532116652.9122584,44544,1.140412449836731
1532117331.491092,45056,1.7056443691253662
1532118009.3417435,45568,1.187290072441101
1532118685.890392,46080,1.91059148311615
1532119363.1451926,46592,2.494227886199951
1532120039.9127495,47104,1.6881667375564575
1532120717.7266932,47616,2.8427329063415527
1532121397.378278,48128,2.2971646785736084
1532122076.9269395,48640,1.6869254112243652
1532122754.6727576,49152,1.5532044172286987
1532123434.6454315,49664,1.521277666091919
1532124112.5825148,50176,1.6518112421035767
1532124790.6290398,50688,1.9213672876358032
1532125470.2062273,51200,1.2737592458724976
1532126151.9811895,51712,1.6696799993515015
1532126832.4058893,52224,1.5533559322357178
1532127511.3572779,52736,1.5267655849456787
1532128191.6926534,53248,1.384155511856079
1532128871.5775423,53760,1.4907969236373901
1532129551.534645,54272,1.917213797569275
1532130230.7969997,54784,1.4344245195388794
1532130912.006969,55296,1.833247423171997
1532131593.813886,55808,1.0925345420837402
1532132273.247851,56320,2.1016664505004883
1532132953.9550266,56832,1.663976788520813
1532133634.6245944,57344,1.2787370681762695
1532134312.3418422,57856,2.2693655490875244
1532134995.2204704,58368,1.5962046384811401
1532135673.807605,58880,1.926348090171814
1532136354.6343963,59392,1.6645952463150024
1532137036.5252233,59904,1.4397997856140137
1532137715.3275788,60416,1.747707724571228
1532138397.402779,60928,1.6064157485961914
1532139077.8442268,61440,2.641310214996338
1532139758.7723331,61952,1.5264426469802856
1532164888.690111,62976,1.8214303255081177
1532165565.638039,63488,3.4426472187042236
1532166239.6948035,64000,1.7746984958648682
1532166916.9622827,64512,2.4219729900360107
1532167594.5655935,65024,1.5442233085632324
1532168273.0578847,65536,2.132178544998169
1532168946.8521805,66048,2.08828067779541
1532169624.780513,66560,1.6074957847595215
1532170302.8219311,67072,1.0728754997253418
1532170978.1696086,67584,1.1916061639785767
1532171654.0665622,68096,1.7331743240356445
1532172333.8018658,68608,1.634001612663269
1532173010.2487385,69120,1.3000544309616089
1532173688.1675375,69632,1.6303828954696655
1532174366.7873607,70144,2.959554672241211
1532175045.3024216,70656,2.951533794403076
1532175721.5036457,71168,1.4207931756973267
1532176399.0971768,71680,1.9726452827453613
1532177075.5335193,72192,2.3048009872436523
1532177751.484754,72704,1.786298155784607
1532178430.8299592,73216,2.168081045150757
1532179109.265568,73728,1.7974227666854858
1532179786.7980208,74240,1.5826233625411987
1532180467.9709272,74752,1.6920589208602905
1532181146.0088992,75264,1.5666887760162354
1532181821.494418,75776,2.7452170848846436
1532182502.401234,76288,2.8722527027130127
1532183183.2147713,76800,1.8014538288116455
1532183862.0569477,77312,1.4593505859375
1532184538.4854794,77824,2.1210720539093018
1532185213.3266835,78336,2.6176135540008545
1532185893.0378125,78848,1.6626758575439453
1532186570.6407092,79360,1.4833452701568604
1532187250.495856,79872,1.8199881315231323
1532187929.31321,80384,1.1461219787597656
1532188606.9131205,80896,1.5925953388214111
1532189285.102261,81408,3.1978158950805664
1532189966.0355978,81920,1.7551497220993042
1532190646.278001,82432,1.2405879497528076
1532191325.8870654,82944,2.765982151031494
1532192005.545035,83456,1.5149720907211304
1532192682.9831917,83968,2.1175734996795654
1532193360.16532,84480,1.442054033279419
1532194038.7728102,84992,1.4187909364700317
1532194720.6234775,85504,1.5423579216003418
1532195402.5012963,86016,1.6935538053512573
1532196084.4597185,86528,2.6270864009857178
1532196774.8831728,87040,14.727025032043457
1532197464.3621435,87552,22.932161331176758
1532198153.0471425,88064,7.95735502243042
1532198833.8997371,88576,12.226348876953125
1532199521.8683133,89088,7.545886516571045
1532200197.6839104,89600,11.273855209350586
1532200877.020183,90112,6.9456610679626465
1532201557.8142576,90624,11.930787086486816
1532202237.450996,91136,6.0347466468811035
1532202920.407149,91648,12.928851127624512
1532203601.7975245,92160,8.669727325439453
1532204278.7419412,92672,8.573554992675781
1532204957.844375,93184,11.067866325378418
1532205642.8650146,93696,11.754232406616211
1532206321.4217615,94208,10.79672908782959
1532207006.6047196,94720,11.94438362121582
1532207677.8252077,95232,8.185551643371582
1532208343.784629,95744,9.791563987731934
1532209005.106512,96256,14.897442817687988
1532209672.9756129,96768,10.682673454284668
1532210334.7083323,97280,5.495608329772949
