wall_time,step,value
1530397837.6224577,128,190.8373565673828
1530397881.1016266,256,140.75234985351562
1530397925.2474608,384,102.51508331298828
1530397969.923162,512,91.90352630615234
1530398069.403946,640,100.64425659179688
1530398113.0339584,768,90.46043395996094
1530398157.6753187,896,71.61766815185547
1530398202.4922876,1024,63.786766052246094
1530398301.6279109,1152,53.7026252746582
1530398345.4814012,1280,34.90184020996094
1530398390.469583,1408,43.970977783203125
1530398435.4425058,1536,45.323577880859375
1530398534.1662507,1664,39.02265167236328
1530398578.2057776,1792,29.388906478881836
1530398623.1989222,1920,30.54629135131836
1530398668.3275344,2048,23.997461318969727
1530398766.4676967,2176,21.082197189331055
1530398810.3640816,2304,23.067094802856445
1530398855.4786763,2432,22.980621337890625
1530398900.4909527,2560,25.693876266479492
1530398999.7955506,2688,27.665084838867188
1530399043.898224,2816,30.379148483276367
1530399089.070241,2944,32.4940299987793
1530399134.1320932,3072,35.98170471191406
1530399232.125604,3200,33.866188049316406
1530399276.127754,3328,27.327651977539062
1530399321.2363367,3456,25.932588577270508
1530399366.3442883,3584,34.5026741027832
1530399465.7095902,3712,27.06249237060547
1530399509.6885936,3840,29.716217041015625
1530399554.605665,3968,34.02385711669922
1530399599.6523125,4096,33.223045349121094
1530399699.0143616,4224,45.2825927734375
1530399743.0791805,4352,45.78225326538086
1530399788.1452057,4480,55.726806640625
1530399833.1947336,4608,53.5571174621582
1530399932.415249,4736,53.59938049316406
1530399976.4451435,4864,56.909423828125
1530400021.4856777,4992,57.58024215698242
1530400066.4750688,5120,74.10438537597656
1530400165.8557334,5248,55.86521911621094
1530400209.9173417,5376,67.84513854980469
1530400254.8990684,5504,53.5888671875
1530400299.9477332,5632,73.11181640625
1530400399.3454878,5760,64.92864227294922
1530400443.4543524,5888,53.046417236328125
1530400488.6542559,6016,67.66132354736328
1530400533.71238,6144,41.8889045715332
1530400633.0693502,6272,41.239200592041016
1530400677.1532705,6400,48.19520950317383
1530400722.3586016,6528,43.278480529785156
1530400767.4874177,6656,41.580997467041016
1530400869.407308,6784,49.477439880371094
1530400913.4586742,6912,41.525569915771484
1530400958.597952,7040,36.835105895996094
1530401003.789536,7168,50.34616470336914
1530401104.1467166,7296,43.67024612426758
1530401148.2115567,7424,28.664289474487305
1530401193.2920942,7552,27.654937744140625
1530401238.3468173,7680,31.260326385498047
1530401338.5063925,7808,26.221172332763672
1530401382.5236297,7936,26.100811004638672
1530401427.7341604,8064,27.195377349853516
1530401472.7484283,8192,26.066417694091797
1530401572.263967,8320,24.41470718383789
1530401616.3931983,8448,24.85647201538086
1530401661.5025666,8576,24.190879821777344
1530401706.6396794,8704,26.1567440032959
1530401807.3331623,8832,25.70772933959961
1530401851.3761902,8960,31.117382049560547
1530401896.4083712,9088,24.17397689819336
1530401941.5628846,9216,23.54280662536621
1530402041.0459867,9344,25.101633071899414
1530402085.059848,9472,23.27375030517578
1530402130.200732,9600,22.9350528717041
1530402175.3592153,9728,25.7049560546875
1530402275.5172398,9856,24.351024627685547
1530402319.547376,9984,26.34054946899414
1530402364.655634,10112,27.181039810180664
1530402409.7917318,10240,28.173498153686523
1530402510.0868516,10368,26.243810653686523
1530402554.0902593,10496,28.067930221557617
1530402599.1796825,10624,29.23683738708496
1530402644.2550855,10752,27.913673400878906
1530402745.0842838,10880,29.086627960205078
1530402788.99803,11008,28.380264282226562
1530402834.0664988,11136,26.473552703857422
1530402879.110181,11264,23.37969970703125
1530402979.3593283,11392,26.099319458007812
1530403023.412974,11520,28.396419525146484
1530403068.499623,11648,24.501623153686523
1530403113.5940363,11776,23.390193939208984
1530403214.423375,11904,23.472192764282227
1530403258.3445265,12032,28.519107818603516
1530403303.4829438,12160,24.97524642944336
1530403348.547394,12288,23.233768463134766
1530403450.0926852,12416,23.63022232055664
1530403494.089364,12544,22.202970504760742
1530403539.1672907,12672,19.717247009277344
1530403584.2878077,12800,17.41358757019043
1530403684.455709,12928,16.675189971923828
1530403728.516973,13056,17.716259002685547
1530403773.5538292,13184,18.62575912475586
1530403818.682229,13312,17.19086265563965
1530403917.9861102,13440,19.643516540527344
1530403962.0626395,13568,16.85771369934082
1530404007.106395,13696,17.342191696166992
1530404052.2335205,13824,18.271947860717773
1530404152.5652013,13952,18.42336654663086
1530404196.633635,14080,18.237016677856445
1530404241.5939755,14208,19.18581199645996
1530404286.694844,14336,16.84626007080078
1530404387.5790598,14464,17.444549560546875
1530404431.4732814,14592,18.024044036865234
1530404476.6197824,14720,17.353986740112305
1530404521.690806,14848,18.925827026367188
1530404621.7052307,14976,18.942890167236328
1530404665.6498506,15104,19.058391571044922
1530404710.754907,15232,19.009883880615234
1530404755.8477633,15360,19.684112548828125
1530404856.1525972,15488,19.25786781311035
1530404900.082642,15616,20.398723602294922
1530404945.0050204,15744,20.706501007080078
1530404990.0836873,15872,20.69171714782715
1530405090.2658432,16000,19.647296905517578
1530405134.2160146,16128,18.095415115356445
1530405179.2404592,16256,20.719165802001953
1530405224.2227542,16384,23.967731475830078
1530405325.2549956,16512,20.835433959960938
1530405369.1626763,16640,23.728839874267578
1530405414.2758393,16768,22.110546112060547
1530405459.3266673,16896,22.42746925354004
1530405560.6646755,17024,22.836515426635742
1530405604.5635507,17152,28.081005096435547
1530405649.5877738,17280,26.67650032043457
1530405694.6718204,17408,28.473621368408203
1530405795.4065423,17536,36.541595458984375
1530405839.3340628,17664,33.55973434448242
1530405884.3584738,17792,29.846067428588867
1530405929.3754766,17920,27.115489959716797
1530406029.269979,18048,27.112321853637695
1530406073.1738448,18176,28.251405715942383
1530406118.1825445,18304,27.349163055419922
1530406163.2036965,18432,26.994585037231445
1530406263.8179848,18560,28.429641723632812
1530406307.7634273,18688,28.9715576171875
1530406352.6711092,18816,27.96329116821289
1530406397.7726567,18944,25.53285026550293
1530406498.1765733,19072,27.700790405273438
1530406542.1068594,19200,31.89319610595703
1530406587.0378735,19328,31.156091690063477
1530406632.0336761,19456,29.553937911987305
1530406732.655296,19584,33.911678314208984
1530406776.5617356,19712,31.370960235595703
1530406821.7080352,19840,33.1871223449707
1530406866.8071017,19968,32.681922912597656
1530406968.0275407,20096,31.095947265625
1530407011.9404004,20224,31.65608787536621
1530407056.9578815,20352,32.053436279296875
1530407101.9660943,20480,31.166812896728516
1530407202.8180566,20608,33.087158203125
1530407246.680122,20736,30.23746109008789
1530407291.542178,20864,32.18669128417969
1530407336.5483623,20992,31.819063186645508
1530407437.102724,21120,31.547035217285156
1530407481.0207825,21248,30.298965454101562
1530407526.0392535,21376,36.51900863647461
1530407571.132963,21504,32.24232864379883
1530407671.628386,21632,32.078678131103516
1530407715.5446358,21760,31.704500198364258
1530407760.5295646,21888,31.178091049194336
1530407805.5202641,22016,29.92073631286621
1530407906.0672052,22144,30.905546188354492
1530407949.9768505,22272,31.00823211669922
1530407994.8888927,22400,27.811782836914062
1530408039.8878152,22528,28.89441680908203
1530408141.391444,22656,31.099042892456055
1530408185.3029687,22784,29.272621154785156
1530408230.1999173,22912,29.99076271057129
1530408275.2935493,23040,29.3523006439209
1530408375.513518,23168,29.36997413635254
1530408419.4187088,23296,30.36039161682129
1530408464.3432314,23424,28.99958038330078
1530408509.4594886,23552,28.226638793945312
1530408610.0602977,23680,28.173046112060547
1530408653.9791262,23808,28.97832489013672
1530408698.9208758,23936,28.679523468017578
1530408743.9442732,24064,30.59634017944336
1530408844.5562925,24192,37.376808166503906
1530408888.422185,24320,30.787433624267578
1530408933.389832,24448,28.552461624145508
1530408978.3820295,24576,28.969188690185547
1530409080.2979898,24704,29.38343620300293
1530409124.2266762,24832,30.13184928894043
1530409169.198058,24960,31.009153366088867
1530409214.198984,25088,26.839391708374023
1530409314.9669688,25216,27.235538482666016
1530409358.872162,25344,23.89780616760254
1530409403.800823,25472,23.972639083862305
1530409448.7490892,25600,24.60382080078125
1530409550.4659946,25728,23.571332931518555
1530409594.320975,25856,23.391204833984375
1530409639.339154,25984,21.851430892944336
1530409684.3601022,26112,21.662721633911133
1530409784.1338575,26240,23.744909286499023
1530409828.0821319,26368,23.691343307495117
1530409873.093239,26496,25.286983489990234
1530409918.0906212,26624,24.920658111572266
1530410018.7882879,26752,24.778644561767578
1530410062.704172,26880,25.432056427001953
1530410107.6646664,27008,25.524404525756836
1530410152.7436674,27136,25.960689544677734
1530410252.44035,27264,25.832115173339844
1530410296.3728766,27392,25.191665649414062
1530410341.4317176,27520,25.19514274597168
1530410386.5798979,27648,25.71111297607422
1530410488.7003472,27776,25.76630973815918
1530410532.614971,27904,25.592947006225586
1530410577.5455527,28032,24.530595779418945
1530410622.6256132,28160,24.293598175048828
1530410723.5129583,28288,25.547489166259766
1530410767.4334607,28416,24.751489639282227
1530410812.2555583,28544,25.90771484375
1530410857.21636,28672,25.076587677001953
1530410957.7331114,28800,24.550697326660156
1530411001.6131368,28928,25.009843826293945
1530411046.5257483,29056,23.867961883544922
1530411091.586758,29184,24.911924362182617
1530411192.3728158,29312,24.024770736694336
1530411236.2937062,29440,24.15294075012207
1530411281.1698728,29568,23.06348991394043
1530411326.3124433,29696,23.48337745666504
1530411426.5139682,29824,21.998565673828125
1530411470.441003,29952,22.67208480834961
1530411515.357564,30080,22.840038299560547
1530411560.405655,30208,22.58419418334961
1530411662.8111792,30336,22.437528610229492
1530411706.7395926,30464,23.310110092163086
1530411751.5705795,30592,22.44493865966797
1530411796.590853,30720,22.07323455810547
1530411896.8268917,30848,22.567913055419922
1530411940.7673929,30976,22.828128814697266
1530411985.7162752,31104,21.401248931884766
1530412030.7759442,31232,20.2893123626709
1530412132.553745,31360,20.49978256225586
1530412176.5277607,31488,21.12619400024414
1530412221.3633869,31616,18.97454833984375
1530412266.474648,31744,19.861309051513672
1530412368.5088794,31872,19.18964385986328
1530412412.4670238,32000,18.745004653930664
1530412457.2045937,32128,18.629199981689453
1530412502.17269,32256,19.32895278930664
1530412603.8264875,32384,18.918684005737305
1530412647.8049214,32512,19.062362670898438
1530412692.674697,32640,19.537797927856445
1530412737.785463,32768,18.346946716308594
1530412839.0661783,32896,19.415504455566406
1530412882.9849916,33024,18.08224868774414
1530412927.8779316,33152,18.249601364135742
1530412972.9264488,33280,18.476730346679688
1530413073.8410027,33408,18.45880126953125
1530413117.7502785,33536,18.925718307495117
1530413162.5541189,33664,18.6429443359375
1530413207.7042909,33792,18.321245193481445
1530413310.181802,33920,18.248336791992188
1530413354.0380743,34048,18.729223251342773
1530413398.7998898,34176,17.580150604248047
1530413443.803306,34304,16.878501892089844
1530413545.3747509,34432,18.361366271972656
1530413589.2403452,34560,18.427011489868164
1530413634.1153762,34688,18.080120086669922
1530413679.1415374,34816,18.118671417236328
1530413780.674107,34944,17.41801643371582
1530413824.6030393,35072,17.57358169555664
1530413869.3409216,35200,18.184772491455078
1530413914.4464586,35328,17.565670013427734
1530414017.4189277,35456,17.340473175048828
1530414061.365252,35584,16.95175552368164
1530414106.1678758,35712,17.35820770263672
1530414151.2431452,35840,17.857830047607422
1530414252.9072907,35968,17.072429656982422
1530414296.8105063,36096,19.023426055908203
1530414341.7030234,36224,17.790529251098633
1530414386.7478123,36352,17.27629280090332
1530414488.5251112,36480,17.721940994262695
1530414532.4425535,36608,17.21006965637207
1530414577.2305028,36736,15.669238090515137
1530414622.362873,36864,16.34769058227539
1530414724.5104902,36992,17.980792999267578
1530414768.410204,37120,15.938289642333984
1530414813.2708206,37248,16.611072540283203
1530414858.4163156,37376,16.49073600769043
1530414961.3248208,37504,17.141328811645508
1530415005.2553911,37632,16.184404373168945
1530415050.0551043,37760,15.98340129852295
1530415095.127893,37888,16.29047393798828
1530415197.2040353,38016,16.451496124267578
1530415241.1393166,38144,16.238712310791016
1530415285.800527,38272,16.75377082824707
1530415330.8739963,38400,16.19768714904785
1530415433.5145133,38528,17.099029541015625
1530415477.4362938,38656,16.678146362304688
1530547554.5267417,39040,16.932483673095703
1530547598.281945,39168,16.891319274902344
1530547642.065404,39296,16.340293884277344
1530547686.5481465,39424,16.014835357666016
1530547784.7443166,39552,16.47073745727539
1530547828.5101762,39680,16.759565353393555
1530547872.7450213,39808,16.868202209472656
1530547917.5400102,39936,16.233028411865234
1530548016.4934106,40064,16.421913146972656
1530548060.3399932,40192,16.142812728881836
1530548104.6127338,40320,16.299922943115234
1530548149.4845507,40448,16.194326400756836
1530548247.1598256,40576,16.382272720336914
1530548290.9894488,40704,18.36140251159668
1530548335.2483268,40832,16.827871322631836
1530548380.1493704,40960,16.41855812072754
1530548479.563551,41088,15.833683013916016
1530548523.4011385,41216,15.576679229736328
1530548567.639873,41344,15.740750312805176
1530548612.4344983,41472,15.72651481628418
1530548710.7734525,41600,15.933300018310547
1530548754.597031,41728,15.911396026611328
1530548798.8757167,41856,15.584627151489258
1530548843.7394452,41984,15.930266380310059
1530548941.4357884,42112,16.10370635986328
1530548985.290564,42240,15.497641563415527
1530549029.5444684,42368,15.725963592529297
1530549074.4849443,42496,16.397335052490234
1530549172.8048117,42624,15.842239379882812
1530549216.6689243,42752,14.963079452514648
1530549260.9140265,42880,15.826079368591309
1530549305.7808294,43008,16.142587661743164
1530549405.1136997,43136,16.518381118774414
1530549448.9878638,43264,16.50204849243164
1530549493.3929458,43392,16.67498016357422
1530549538.272018,43520,16.590139389038086
1530549636.7153099,43648,16.293609619140625
1530549680.516659,43776,15.550162315368652
1530549724.7763646,43904,15.864128112792969
1530549769.7114458,44032,15.772968292236328
1530549866.499646,44160,16.558679580688477
1530549910.3295472,44288,16.01018714904785
1530549954.638158,44416,15.636568069458008
1530549999.4403718,44544,16.20153045654297
1530550097.927144,44672,16.000240325927734
1530550141.8142538,44800,16.238216400146484
1530550186.188756,44928,16.086700439453125
1530550231.064689,45056,16.059219360351562
1530550329.0455327,45184,15.744661331176758
1530550372.9221318,45312,15.309072494506836
1530550417.387104,45440,15.898824691772461
1530550462.313175,45568,15.548395156860352
1530550561.3238184,45696,14.902509689331055
1530550605.1214778,45824,15.93607234954834
1530550649.5598738,45952,16.46371078491211
1530550694.475211,46080,15.857437133789062
1530550791.5363827,46208,15.887224197387695
1530550835.3824828,46336,15.205957412719727
1530550879.8500786,46464,16.59322738647461
1530550924.7687402,46592,16.16532325744629
1530551023.7371776,46720,16.319379806518555
1530551067.6089785,46848,16.28691864013672
1530551112.0083518,46976,16.327930450439453
1530551157.0163562,47104,15.956151962280273
1530551254.6694732,47232,15.813385963439941
1530551298.5150826,47360,14.638884544372559
1530551343.1267002,47488,15.875016212463379
1530551388.086561,47616,15.807044982910156
1530551486.5726602,47744,14.797601699829102
1530551530.4442964,47872,14.829387664794922
1530551575.0166538,48000,14.987842559814453
1530551620.0652037,48128,15.215241432189941
1530551718.369517,48256,14.513442039489746
1530551762.2136178,48384,15.365090370178223
1530551806.7505994,48512,15.314713478088379
1530551851.5974202,48640,14.812151908874512
1530551949.693379,48768,14.547087669372559
1530551993.5189548,48896,15.042287826538086
1530552038.117563,49024,14.766523361206055
1530552083.042727,49152,14.794334411621094
1530552182.7131298,49280,14.906855583190918
1530552226.5619183,49408,14.89102554321289
1530552271.211001,49536,14.75905704498291
1530552316.0149753,49664,15.36635684967041
1530552414.868799,49792,14.523260116577148
1530552458.6679564,49920,14.376463890075684
1530552503.2843611,50048,14.972694396972656
1530552548.3054476,50176,13.746089935302734
1530552647.9212158,50304,13.961612701416016
1530552691.7607362,50432,13.878413200378418
1530552736.376266,50560,14.82595443725586
1530552781.3590841,50688,13.7936372756958
1530552881.120565,50816,14.901582717895508
1530552924.9694035,50944,14.762598991394043
1530552969.6621025,51072,14.756994247436523
1530553014.6261973,51200,14.544488906860352
1530553114.3406334,51328,15.265331268310547
1530553158.2084246,51456,14.406192779541016
1530553202.911401,51584,14.547744750976562
1530553247.9832997,51712,14.478536605834961
1530553346.3946517,51840,14.405898094177246
1530553390.2378714,51968,15.028404235839844
1530553434.9873796,52096,15.368040084838867
1530553480.0522244,52224,15.462898254394531
1530553578.777964,52352,16.150671005249023
1530553622.5680215,52480,16.322124481201172
1530553667.2660758,52608,16.0169620513916
1530553712.1964319,52736,15.614723205566406
1530553810.195967,52864,15.939346313476562
1530553854.0327642,52992,16.373233795166016
1530553898.8040478,53120,16.121490478515625
1530553943.7517498,53248,15.858372688293457
1530554042.4993632,53376,16.219703674316406
1530554086.357483,53504,15.708921432495117
1530554131.0510397,53632,16.40595054626465
1530554175.990929,53760,16.870487213134766
1530554274.7806008,53888,16.9710636138916
1530554318.6636338,54016,15.623424530029297
1530554363.410934,54144,15.769946098327637
1530554408.3233483,54272,16.344181060791016
1530554507.9469476,54400,16.180145263671875
1530554551.7630973,54528,15.844263076782227
1530554596.5341303,54656,16.37097930908203
1530554641.4734015,54784,16.387229919433594
1530554739.7167675,54912,16.819839477539062
1530554783.5706766,55040,16.785144805908203
1530554828.3411813,55168,16.642526626586914
1530554873.3186505,55296,16.263296127319336
1530554973.4806142,55424,16.328231811523438
1530555017.382861,55552,16.043231964111328
1530555062.0004313,55680,15.625699996948242
1530555107.0402825,55808,15.821893692016602
1530555205.8179207,55936,15.83970832824707
1530555249.6450806,56064,15.263947486877441
1530555294.4095023,56192,15.96183967590332
1530555339.3306606,56320,15.71789264678955
1530555438.0883622,56448,16.517515182495117
1530555481.9138994,56576,16.144636154174805
1530555526.6851146,56704,16.19076156616211
1530555571.5939062,56832,16.246986389160156
1530555671.6325562,56960,15.797676086425781
1530555715.5471492,57088,16.758319854736328
1530555760.342044,57216,17.135852813720703
1530555805.3793151,57344,17.12129783630371
1530555903.753901,57472,17.3721923828125
1530555947.6408877,57600,16.839324951171875
1530555992.5529156,57728,16.83030128479004
1530556037.5686767,57856,17.52065658569336
1530556137.7583344,57984,17.542823791503906
1530556181.6218855,58112,17.22788429260254
1530556226.5304086,58240,17.427072525024414
1530556271.5264099,58368,18.175098419189453
1530556371.714535,58496,17.035615921020508
1530556415.5649405,58624,16.598852157592773
1530556460.0930452,58752,16.531997680664062
1530556504.9447367,58880,16.38587760925293
1530556604.8950665,59008,16.931547164916992
1530556648.8165176,59136,16.407045364379883
1530556693.4905856,59264,16.846874237060547
1530556738.348077,59392,17.39605712890625
1530556838.1131818,59520,16.665178298950195
1530556882.0078998,59648,16.91931915283203
1530556926.6464362,59776,16.45073890686035
1530556971.642848,59904,17.28300666809082
1530557070.933113,60032,17.25926971435547
1530557114.8343115,60160,16.926450729370117
1530557159.4844363,60288,16.794370651245117
1530557204.3505795,60416,16.60045051574707
1530557303.6778862,60544,16.84605598449707
1530557347.5306447,60672,16.68910026550293
1530557392.1765296,60800,16.79239845275879
1530557437.0719223,60928,16.9946231842041
1530557537.3509574,61056,17.002460479736328
1530557581.1676583,61184,16.020166397094727
1530557625.5965574,61312,16.481943130493164
1530557670.6005485,61440,16.177837371826172
1530557770.2672062,61568,16.092449188232422
1530557814.1759021,61696,16.54998779296875
1530557858.7281005,61824,16.28460693359375
1530557903.8128788,61952,16.551956176757812
1530558004.4387307,62080,15.994091033935547
1530558048.3365378,62208,15.780113220214844
1530558093.044092,62336,15.722193717956543
1530558138.0751677,62464,15.606889724731445
1530558237.6559289,62592,15.3550386428833
1530558281.5428824,62720,16.212575912475586
1530558326.328905,62848,16.338565826416016
1530558371.1574786,62976,16.397377014160156
1530558470.5960588,63104,16.49409294128418
1530558514.5307436,63232,16.275348663330078
1530558559.3345735,63360,16.744396209716797
1530558604.3488212,63488,16.4804630279541
1530558705.2957292,63616,17.13783836364746
1530558749.223513,63744,16.67795181274414
1530558794.026559,63872,16.403226852416992
1530558839.0983715,64000,16.990575790405273
1530558940.2096827,64128,16.632598876953125
1530558984.0941796,64256,16.60053253173828
1530559028.9928708,64384,17.284570693969727
1530559073.967018,64512,17.533111572265625
1530559174.7662525,64640,18.209571838378906
1530559218.7164161,64768,16.738311767578125
1530559263.7511418,64896,17.139522552490234
1530559308.7639937,65024,17.95804214477539
1530559408.9306517,65152,16.813928604125977
1530559452.8736558,65280,17.304779052734375
1530559497.6893096,65408,17.270137786865234
1530559542.7534022,65536,16.555368423461914
1530559643.8596723,65664,16.97205352783203
1530559687.8293908,65792,16.991737365722656
1530559732.6420083,65920,17.1700496673584
1530559777.7101157,66048,16.61180877685547
1530559878.262757,66176,16.751564025878906
1530559922.206912,66304,16.359636306762695
1530559967.2615435,66432,16.689651489257812
1530560012.2486231,66560,17.055347442626953
1530560111.9383688,66688,16.680444717407227
1530560155.8270626,66816,16.905029296875
1530560200.6174204,66944,16.889070510864258
1530560245.721333,67072,17.104177474975586
1530560347.036466,67200,16.038650512695312
1530560390.9476335,67328,16.92917251586914
1530560435.7442002,67456,17.165550231933594
1530560480.8021421,67584,17.032623291015625
1530560580.6287448,67712,16.956012725830078
1530560624.4935544,67840,17.57244110107422
1530560669.359489,67968,16.84942626953125
1530560714.264178,68096,17.063920974731445
1530560815.031542,68224,17.81671905517578
1530560858.9605367,68352,16.6314697265625
1530560903.7073135,68480,17.893747329711914
1530560948.8212316,68608,17.173500061035156
1530561049.4170558,68736,16.86165428161621
1530561093.2845812,68864,16.850759506225586
1530561138.1488373,68992,16.38191032409668
1530561183.0613277,69120,17.444026947021484
1530561283.2078073,69248,16.78657341003418
1530561327.1019504,69376,16.395219802856445
1530561372.007457,69504,16.324447631835938
1530561417.0549276,69632,17.461795806884766
1530561517.5145416,69760,17.0034122467041
1530561561.4023635,69888,16.756380081176758
1530561606.2604675,70016,16.85500144958496
1530561651.2793179,70144,16.706884384155273
1530561753.0295687,70272,16.334779739379883
1530561796.936699,70400,16.37516212463379
1530561841.9464972,70528,17.294021606445312
1530561886.858139,70656,16.99837303161621
1530561989.1184735,70784,16.649738311767578
1530562032.992917,70912,16.403305053710938
1530562077.9744792,71040,16.249361038208008
1530562122.8686838,71168,16.731548309326172
1530562222.78639,71296,16.618305206298828
1530562266.636696,71424,17.09786605834961
1530562311.5640032,71552,16.439538955688477
1530562356.5912113,71680,15.678167343139648
1530562458.611966,71808,16.62940216064453
1530562502.4794996,71936,16.6946964263916
1530562547.4254553,72064,17.10982894897461
1530562592.3915234,72192,16.520458221435547
1530562692.915055,72320,17.12238121032715
1530562736.8174179,72448,16.600818634033203
1530562781.702203,72576,16.844629287719727
1530562826.6603436,72704,17.85279083251953
1530562928.3061645,72832,17.1027889251709
1530562972.1254072,72960,17.628904342651367
1530563017.0410771,73088,17.28678321838379
1530563061.9317172,73216,17.792451858520508
1530563162.6883245,73344,17.63861083984375
1530563206.5512109,73472,17.89951515197754
1530563251.5701373,73600,17.245229721069336
1530563296.5240345,73728,17.546295166015625
1530563398.3762841,73856,15.94171142578125
1530563442.2505457,73984,15.656871795654297
1530563487.07412,74112,16.429330825805664
1530563532.1005967,74240,16.635112762451172
1530563632.0233974,74368,17.14554786682129
1530563675.9152336,74496,16.799596786499023
1530563720.9553754,74624,16.719829559326172
1530563765.9086332,74752,16.844314575195312
1530563867.1570532,74880,18.243919372558594
1530563911.0749023,75008,17.870059967041016
1530563956.1391633,75136,16.191190719604492
1530564001.2251904,75264,16.687713623046875
1530564103.2848654,75392,17.3275146484375
1530564147.206057,75520,17.33134651184082
1530564192.1723385,75648,16.54185676574707
1530564237.1805995,75776,16.338680267333984
1530564338.589617,75904,16.238515853881836
1530564382.4439206,76032,16.568923950195312
1530564427.5017183,76160,16.700759887695312
1530564472.5487714,76288,16.557676315307617
1530564575.4070952,76416,17.07549476623535
1530564619.3133519,76544,16.102073669433594
1530564664.2888575,76672,16.524658203125
1530564709.324706,76800,17.242385864257812
1530564811.3225992,76928,16.724584579467773
1530564855.2538753,77056,16.690828323364258
1530564900.3371744,77184,17.227252960205078
1530564945.4186385,77312,16.247819900512695
1530565048.3351076,77440,17.15494728088379
1530565092.2194688,77568,16.908964157104492
1530651731.3376307,77952,16.832889556884766
1530651775.1886067,78080,17.027040481567383
1530651819.2886217,78208,16.012588500976562
1530651864.1309462,78336,16.886629104614258
1530651961.6962411,78464,16.402862548828125
1530652005.5318282,78592,16.6180362701416
1530652050.227183,78720,16.585140228271484
1530652095.2002914,78848,16.267173767089844
1530652193.3857622,78976,16.414813995361328
1530652237.2434106,79104,16.447280883789062
1530652281.8512745,79232,16.093843460083008
1530652326.9563887,79360,16.00363540649414
1530652424.594741,79488,16.744077682495117
1530652468.4268234,79616,16.111858367919922
1530652513.1917543,79744,15.99396800994873
1530652558.072846,79872,16.068161010742188
1530652657.4791474,80000,15.518895149230957
1530652701.3247023,80128,16.668224334716797
1530652746.0245621,80256,16.477096557617188
1530652790.9197123,80384,16.888931274414062
1530652888.9586933,80512,16.216806411743164
1530652932.8476458,80640,16.13947296142578
1530652977.653119,80768,16.38248062133789
1530653022.6736681,80896,15.605171203613281
1530653120.2968168,81024,15.826723098754883
1530653164.136454,81152,15.94377613067627
1530653209.0057428,81280,15.48099136352539
1530653254.0913992,81408,15.883145332336426
1530653351.3574178,81536,16.64999771118164
1530653395.2088842,81664,15.42805290222168
1530653440.230206,81792,16.054601669311523
1530653485.2339237,81920,16.420671463012695
1530653582.9010022,82048,15.993545532226562
1530653626.759743,82176,16.122039794921875
1530653671.610675,82304,16.525230407714844
1530653716.6044285,82432,16.056617736816406
1530653814.5394022,82560,15.571844100952148
1530653858.3978446,82688,16.09170150756836
1530653903.324978,82816,16.023284912109375
1530653948.4401295,82944,15.930099487304688
1530654046.6168447,83072,15.534419059753418
1530654090.4722362,83200,15.879685401916504
1530654135.4487975,83328,15.744656562805176
1530654180.4499278,83456,14.760946273803711
1530654278.2866614,83584,15.692131996154785
1530654322.1955826,83712,14.665315628051758
1530654367.276322,83840,15.493535041809082
1530654412.265573,83968,16.074066162109375
1530654511.1057477,84096,15.486210823059082
1530654555.0148985,84224,15.514772415161133
1530654600.1079762,84352,14.991263389587402
1530654645.2545877,84480,15.781192779541016
1530654743.8289895,84608,15.209705352783203
1530654787.7130487,84736,15.968170166015625
1530654832.8044746,84864,15.605406761169434
1530654877.8648171,84992,16.2071475982666
1530654977.369005,85120,15.52481746673584
1530655021.2982612,85248,15.854918479919434
1530655066.2747352,85376,16.322628021240234
1530655111.4341757,85504,16.380569458007812
1530655211.1300108,85632,16.696413040161133
1530655255.04411,85760,16.284175872802734
1530655300.099241,85888,15.493979454040527
1530655345.1805437,86016,16.038137435913086
1530655443.3915915,86144,15.808813095092773
1530655487.3710384,86272,16.082252502441406
1530655532.5476997,86400,15.967475891113281
1530655577.644844,86528,15.897086143493652
1530655675.8096778,86656,15.558950424194336
1530655719.827525,86784,16.260772705078125
1530655764.9389105,86912,15.692861557006836
1530655810.068904,87040,15.377143859863281
1530655908.57745,87168,15.369568824768066
1530655952.5337558,87296,15.833639144897461
1530655997.7002666,87424,16.006444931030273
1530656042.8320692,87552,15.770740509033203
1530656142.1419957,87680,15.247200012207031
1530656186.1573884,87808,15.859552383422852
1530656231.2801213,87936,15.783792495727539
1530656276.4813514,88064,15.471683502197266
1530656376.3373942,88192,15.376252174377441
1530656420.2956889,88320,15.360265731811523
1530656465.3492649,88448,15.930292129516602
1530656510.5136414,88576,15.415811538696289
1530656608.9788904,88704,15.734708786010742
1530656653.0362597,88832,15.52402400970459
1530656698.137928,88960,16.00639533996582
1530656743.236011,89088,15.95826244354248
1530656842.0042853,89216,15.45878791809082
1530656886.1176035,89344,15.416958808898926
1530656931.21109,89472,15.762590408325195
1530656976.2255023,89600,15.499507904052734
1530657074.8452878,89728,15.497767448425293
1530657118.9777877,89856,16.015670776367188
1530657164.0874174,89984,15.977046012878418
1530657209.13758,90112,15.678722381591797
1530657307.9552155,90240,15.736654281616211
1530657352.0121677,90368,15.801695823669434
1530657397.0725057,90496,15.661502838134766
1530657442.1492372,90624,15.86943531036377
1530657542.7133474,90752,15.873189926147461
1530657586.7554638,90880,15.525869369506836
1530657631.7846885,91008,15.527076721191406
1530657677.0431898,91136,15.891535758972168
1530657776.0319188,91264,16.182811737060547
1530657820.1652308,91392,15.751598358154297
1530657865.2860684,91520,16.422286987304688
1530657910.4288266,91648,16.0856876373291
1530658009.810698,91776,16.296581268310547
1530658054.034479,91904,17.579511642456055
1530658099.1153133,92032,16.36178970336914
1530658144.3022475,92160,16.09607696533203
1530658243.771871,92288,16.011455535888672
1530658287.8941386,92416,16.154613494873047
1530658333.0006514,92544,16.445463180541992
1530658378.1475444,92672,16.125593185424805
1530658476.4376445,92800,16.57396697998047
1530658520.5953002,92928,16.747299194335938
1530658565.687351,93056,16.542720794677734
1530658610.8331082,93184,16.156972885131836
1530658710.1011863,93312,16.367599487304688
1530658754.2464874,93440,17.036020278930664
1530658799.391059,93568,16.69074058532715
1530658844.5597742,93696,17.066030502319336
1530658943.8717237,93824,16.934146881103516
1530658988.018453,93952,17.786190032958984
1530659033.2390985,94080,16.913360595703125
1530659078.2717445,94208,17.4290714263916
1530659177.590546,94336,17.419008255004883
1530659221.798762,94464,17.48236083984375
1530659267.0227334,94592,18.787750244140625
1530659312.283806,94720,18.151790618896484
1530659411.4928467,94848,17.903268814086914
1530659455.6651888,94976,18.798267364501953
1530659500.7962854,95104,18.946645736694336
1530659545.939802,95232,18.927532196044922
1530659646.1539872,95360,18.539228439331055
1530659690.4149277,95488,18.31961441040039
1530659735.5208673,95616,19.432781219482422
1530659780.8360817,95744,18.515602111816406
1530659881.0599298,95872,18.343849182128906
1530659925.3256712,96000,19.094314575195312
1530659970.505073,96128,17.96003532409668
1530660015.629876,96256,19.873332977294922
1530660115.9167776,96384,19.860315322875977
1530660160.1694098,96512,18.6511287689209
1530660205.344626,96640,19.868539810180664
1530660250.4855154,96768,20.089473724365234
1530660350.799953,96896,20.47158432006836
1530660394.995764,97024,21.18669319152832
1530660440.179165,97152,19.63995361328125
1530660485.4031155,97280,21.2904052734375
1530660584.22157,97408,19.640785217285156
