wall_time,step,value
1530532500.9019048,128,230.09266662597656
1530532537.2332544,256,275.7872009277344
1530532573.456266,384,328.5733947753906
1530532609.7907653,512,316.82305908203125
1530532697.0288115,640,306.00396728515625
1530532732.9074209,768,300.0934753417969
1530532768.7582548,896,273.466552734375
1530532804.587872,1024,248.1873779296875
1530532892.5596285,1152,232.4060516357422
1530532928.3620424,1280,149.41770935058594
1530532964.1201346,1408,68.5245361328125
1530532999.833075,1536,45.23330307006836
1530533085.6379526,1664,34.36087417602539
1530533121.4163003,1792,23.542694091796875
1530533157.2585695,1920,22.433734893798828
1530533193.1755176,2048,20.149702072143555
1530533278.9146962,2176,22.459890365600586
1530533314.971367,2304,21.807621002197266
1530533351.10184,2432,20.602954864501953
1530533387.29888,2560,19.742544174194336
1530533473.4724734,2688,20.905029296875
1530533509.68029,2816,21.302297592163086
1530533545.8621986,2944,19.40392303466797
1530533582.0669978,3072,14.162897109985352
1530533668.196505,3200,15.066489219665527
1530533704.4398096,3328,11.936182022094727
1530533740.7334998,3456,14.526534080505371
1530533777.1870353,3584,14.523627281188965
1530533865.24877,3712,15.902618408203125
1530533901.4630818,3840,17.15960121154785
1530533937.7345626,3968,15.748422622680664
1530533974.2031598,4096,13.649018287658691
1530534060.6681907,4224,14.356738090515137
1530534097.011613,4352,15.52469253540039
1530534133.4396946,4480,14.82455825805664
1530534169.89403,4608,15.863181114196777
1530534258.4760077,4736,14.032984733581543
1530534294.7937083,4864,14.940413475036621
1530534331.0860035,4992,16.74582290649414
1530534367.5206478,5120,15.143872261047363
1530534454.9423172,5248,16.56573486328125
1530534491.2594316,5376,16.1485652923584
1530534527.5464969,5504,16.04693603515625
1530534564.027787,5632,15.763029098510742
1530534651.556955,5760,16.919157028198242
1530534687.8434982,5888,18.42636489868164
1530534724.1844103,6016,15.48232650756836
1530534760.5631309,6144,16.138980865478516
1530534848.5014222,6272,15.944503784179688
1530534884.817989,6400,16.768308639526367
1530534921.1809926,6528,17.247468948364258
1530534957.6494632,6656,17.28965187072754
1530535045.2493005,6784,15.963207244873047
1530535081.5572937,6912,15.322096824645996
1530535117.9244065,7040,16.146169662475586
1530535154.3390825,7168,13.32240104675293
1530535241.711936,7296,13.93314266204834
1530535278.0017257,7424,15.642258644104004
1530535314.432969,7552,16.2777156829834
1530535350.8593564,7680,14.437119483947754
1530535438.3081985,7808,14.236347198486328
1530535474.6661017,7936,17.717702865600586
1530535511.075814,8064,15.92560863494873
1530535547.54733,8192,14.457620620727539
1530535636.1820533,8320,15.06505012512207
1530535672.4893138,8448,13.780497550964355
1530535708.916287,8576,18.289003372192383
1530535745.4246356,8704,16.785852432250977
1530535834.724462,8832,14.380684852600098
1530535871.1155722,8960,14.162101745605469
1530535907.5753818,9088,15.653497695922852
1530535944.0688562,9216,14.927048683166504
1530536031.453201,9344,15.79797649383545
1530536067.7878342,9472,15.424810409545898
1530536104.216828,9600,12.873351097106934
1530536140.7023165,9728,12.877924919128418
1530536228.7333965,9856,13.894735336303711
1530536265.1110554,9984,13.419618606567383
1530536301.521589,10112,17.49000358581543
1530536337.966921,10240,15.87771224975586
1530536425.222319,10368,12.375816345214844
1530536461.6419475,10496,14.529515266418457
1530536498.0224528,10624,14.524306297302246
1530536534.4212198,10752,14.311613082885742
1530536621.930414,10880,12.962207794189453
1530536658.3309448,11008,15.404306411743164
1530536694.776167,11136,13.18791389465332
1530536731.282559,11264,12.997809410095215
1530536819.4000142,11392,13.953673362731934
1530536855.8032794,11520,11.188628196716309
1530536892.2285051,11648,11.979782104492188
1530536928.7354445,11776,12.12113094329834
1530537017.3614588,11904,12.278860092163086
1530537053.7376661,12032,12.82304573059082
1530537090.1077328,12160,12.556522369384766
1530537126.6099172,12288,11.659066200256348
1530537214.8164866,12416,12.045541763305664
1530537251.2309883,12544,13.322478294372559
1530537287.7268474,12672,14.137262344360352
1530537324.1912475,12800,14.275077819824219
1530537413.347049,12928,14.181653022766113
1530537449.7181892,13056,14.482512474060059
1530537486.1998355,13184,14.195393562316895
1530537522.7047808,13312,14.379361152648926
1530537611.625834,13440,12.874595642089844
1530537648.024627,13568,14.005647659301758
1530537684.4815853,13696,13.548521995544434
1530537720.9674525,13824,13.769752502441406
1530537810.6740952,13952,14.486286163330078
1530537847.0784366,14080,15.465717315673828
1530537883.5456562,14208,13.443476676940918
1530537920.0126657,14336,12.978171348571777
1530538007.9511578,14464,12.68205451965332
1530538044.3861246,14592,11.139894485473633
1530538080.9363306,14720,12.151609420776367
1530538117.4124749,14848,12.497790336608887
1530538206.0441701,14976,13.944019317626953
1530538242.384518,15104,12.475336074829102
1530538278.7976856,15232,11.830501556396484
1530538315.2318182,15360,11.609441757202148
1530538403.4087296,15488,11.224180221557617
1530538439.7260854,15616,12.264663696289062
1530538476.193825,15744,11.46484088897705
1530538512.623833,15872,13.071596145629883
1530538601.0548735,16000,11.899246215820312
1530538637.393086,16128,11.552826881408691
1530538673.8495333,16256,13.892301559448242
1530538710.2812374,16384,11.742188453674316
1530538797.9352267,16512,12.467878341674805
1530538834.3112378,16640,11.125212669372559
1530538870.7552772,16768,11.25484561920166
1530538907.1373346,16896,11.823176383972168
1530538995.5945396,17024,13.223743438720703
1530539031.981648,17152,11.6502103805542
1530539068.4774938,17280,12.185209274291992
1530539104.939339,17408,12.212690353393555
1530539193.4888287,17536,12.098822593688965
1530539229.897982,17664,12.645319938659668
1530539266.406802,17792,13.943696022033691
1530539302.944335,17920,11.078483581542969
1530539391.7882247,18048,11.95083999633789
1530539428.253913,18176,13.681173324584961
1530539464.7835646,18304,12.23181438446045
1530539501.2359982,18432,13.969602584838867
1530539589.8029072,18560,11.575652122497559
1530539626.2609582,18688,10.892477989196777
1530539662.676394,18816,14.363985061645508
1530539699.0774264,18944,13.149950981140137
1530539787.2806573,19072,11.219903945922852
1530539823.7101166,19200,11.836326599121094
1530539860.127544,19328,12.598577499389648
1530539896.556471,19456,11.727129936218262
1530539985.1491694,19584,11.633219718933105
1530540021.5985599,19712,11.62543773651123
1530540058.060073,19840,11.109854698181152
1530540094.5357633,19968,13.460147857666016
1530540183.5928721,20096,12.647210121154785
1530540219.954211,20224,12.423481941223145
1530540256.3932128,20352,11.39370059967041
1530540292.7823184,20480,11.875262260437012
1530540381.9762754,20608,12.428617477416992
1530540418.4069927,20736,11.152139663696289
1530540454.8146534,20864,9.99854850769043
1530540491.2621772,20992,11.101487159729004
1530540579.878326,21120,11.73016357421875
1530540616.292161,21248,12.37842845916748
1530540652.6654475,21376,14.383448600769043
1530540689.0033216,21504,11.173439979553223
1530540778.7486837,21632,10.915674209594727
1530540815.101587,21760,11.437713623046875
1530540851.5107458,21888,10.700820922851562
1530540887.9597852,22016,11.454477310180664
1530540976.8588135,22144,12.039850234985352
1530541013.3468337,22272,10.70895767211914
1530541049.8142986,22400,12.022509574890137
1530541086.25288,22528,12.756092071533203
1530541177.2543552,22656,12.440485000610352
1530541213.7035434,22784,14.203410148620605
1530541250.1422973,22912,11.999309539794922
1530541286.6625082,23040,11.822880744934082
1530541375.5226784,23168,12.583980560302734
1530541411.9605114,23296,12.309144020080566
1530541448.362594,23424,12.383075714111328
1530541484.7950344,23552,13.840739250183105
1530541574.4897346,23680,13.274958610534668
1530541610.9157317,23808,12.551143646240234
1530541647.2990937,23936,13.185707092285156
1530541683.664286,24064,13.055744171142578
1530541774.2148736,24192,12.913066864013672
1530541810.6902351,24320,14.171297073364258
1530541847.1452062,24448,12.683834075927734
1530541883.5695603,24576,12.554764747619629
1530541975.1934159,24704,12.727681159973145
1530542011.6198454,24832,11.92517375946045
1530542048.0122664,24960,12.896888732910156
1530542084.4321246,25088,13.28903865814209
1530542173.7545202,25216,14.198390007019043
1530542210.1578174,25344,13.89468765258789
1530542246.5644488,25472,12.88083267211914
1530542283.0186408,25600,12.638365745544434
1530542371.9186997,25728,11.783378601074219
1530542408.3304036,25856,11.64570426940918
1530542444.843014,25984,12.73523235321045
1530542481.2884994,26112,13.7245454788208
1530542571.2532887,26240,12.958045959472656
1530542607.7177486,26368,11.218500137329102
1530542644.181516,26496,11.231954574584961
1530542680.6349201,26624,10.792462348937988
1530542770.5008388,26752,12.380305290222168
1530542806.965094,26880,12.824075698852539
1530542843.4118178,27008,12.077763557434082
1530542879.8448305,27136,12.478568077087402
1530542969.255925,27264,11.721653938293457
1530543005.6842842,27392,12.223520278930664
1530543042.1593828,27520,14.297985076904297
1530543078.6152508,27648,11.968457221984863
1530543169.0032954,27776,11.74797248840332
1530543205.4628205,27904,12.460248947143555
1530543241.975941,28032,13.485652923583984
1530543278.5116363,28160,12.040018081665039
1530543369.5384595,28288,12.679274559020996
1530543406.0507827,28416,12.480143547058105
1530543442.522142,28544,12.54752254486084
1530543479.01056,28672,12.235125541687012
1530543568.0860584,28800,12.008708000183105
1530543604.5712397,28928,12.395263671875
1530543641.0999172,29056,12.890480041503906
1530543677.604797,29184,12.912238121032715
1530543767.6766863,29312,12.216255187988281
1530543804.1927373,29440,11.567997932434082
1530543840.6799905,29568,13.183344841003418
1530543877.131473,29696,12.07107925415039
1530543968.5243533,29824,12.85500431060791
1530544005.0029213,29952,13.47271728515625
1530544041.49142,30080,13.317630767822266
1530544077.941359,30208,13.55530834197998
1530544169.8627844,30336,13.333333969116211
1530544206.3150828,30464,12.956659317016602
1530544242.750938,30592,13.880387306213379
1530544279.206062,30720,10.75283145904541
1530544369.1901007,30848,12.775534629821777
1530544405.6660194,30976,12.932028770446777
1530544442.1886857,31104,11.971988677978516
1530544478.674807,31232,11.748162269592285
1530544568.7609024,31360,11.341574668884277
1530544605.2562187,31488,12.225189208984375
1530544641.7509627,31616,11.250720024108887
1530544678.2415369,31744,11.963272094726562
1530544770.2341583,31872,11.417526245117188
1530544806.6944265,32000,13.749595642089844
1530544843.1756942,32128,12.267190933227539
1530544879.6760757,32256,12.569661140441895
1530544970.2963533,32384,13.606280326843262
1530545006.7608488,32512,12.505436897277832
1530545043.1949008,32640,12.31926155090332
1530545079.6862853,32768,12.382890701293945
1530545170.0809422,32896,11.158099174499512
1530545206.5458407,33024,15.865727424621582
1530545243.0451555,33152,14.761884689331055
1530545279.5025375,33280,12.387178421020508
1530545370.284775,33408,12.96164321899414
1530545406.782125,33536,14.500259399414062
1530545443.3221908,33664,15.383898735046387
1530545479.7208552,33792,15.672910690307617
1530545570.5458493,33920,14.468379974365234
1530545607.0121214,34048,14.08037281036377
1530545643.4998703,34176,13.47424602508545
1530545679.9812732,34304,16.08457374572754
1530545770.98532,34432,14.125202178955078
1530545807.4404116,34560,13.405627250671387
1530545843.8983457,34688,14.43592643737793
1530545880.357482,34816,14.263671875
1530545971.8054965,34944,14.32726764678955
1530546008.2962484,35072,12.405660629272461
1530546044.823906,35200,12.652338981628418
1530546081.2706103,35328,12.387897491455078
1530546171.1763108,35456,13.932886123657227
1530546207.6784673,35584,14.504804611206055
1530546244.190212,35712,12.801280975341797
1530546280.6527338,35840,14.308465957641602
1530546373.2875793,35968,13.611733436584473
1530546409.7498286,36096,12.149038314819336
1530546446.2351136,36224,13.831462860107422
1530546482.702126,36352,13.242903709411621
1530546573.0967722,36480,16.04953956604004
1530546609.6160357,36608,18.06687355041504
1530546646.162551,36736,16.42108726501465
1530546682.6861746,36864,16.198183059692383
1530546773.895095,36992,15.949867248535156
1530546810.3423526,37120,14.654415130615234
1530546846.8610423,37248,13.207823753356934
1530546883.3865702,37376,12.303339958190918
1530546974.545153,37504,12.8103666305542
1530547011.1201534,37632,11.279805183410645
1530547047.6286187,37760,13.545706748962402
1530547084.1072345,37888,11.11050796508789
1530547176.0768178,38016,12.973030090332031
1530547212.5467336,38144,13.02294635772705
1530547249.039576,38272,12.39025592803955
1530547285.4733503,38400,11.996352195739746
1530547377.298021,38528,10.922386169433594
1530620204.4533062,39040,13.064798355102539
1530620240.9797742,39168,11.959028244018555
1530620277.6241906,39296,12.878968238830566
1530620314.4183226,39424,9.976165771484375
1530620401.8892128,39552,10.873601913452148
1530620438.2027316,39680,11.603514671325684
1530620474.536839,39808,12.055838584899902
1530620510.8573797,39936,12.016759872436523
1530620596.7272093,40064,11.706337928771973
1530620633.070356,40192,11.038481712341309
1530620669.3683631,40320,12.003344535827637
1530620705.674176,40448,12.104137420654297
1530620793.8067913,40576,11.095498085021973
1530620830.129638,40704,13.246908187866211
1530620866.41131,40832,10.764756202697754
1530620902.8010924,40960,10.686269760131836
1530620988.9269106,41088,11.79188346862793
1530621025.2113178,41216,13.76970100402832
1530621061.505354,41344,11.396531105041504
1530621097.8790617,41472,11.881065368652344
1530621186.0286508,41600,12.408340454101562
1530621222.3284972,41728,12.155598640441895
1530621258.6330583,41856,10.786904335021973
1530621294.9419122,41984,11.52734375
1530621381.904437,42112,12.380961418151855
1530621418.189007,42240,12.738080978393555
1530621454.4602644,42368,12.542301177978516
1530621490.722909,42496,12.120404243469238
1530621577.8863683,42624,11.450003623962402
1530621614.142256,42752,11.83430290222168
1530621650.3554482,42880,11.968724250793457
1530621686.6293073,43008,12.176939964294434
1530621774.909516,43136,10.595746994018555
1530621811.1568246,43264,11.151430130004883
1530621847.3943624,43392,11.987497329711914
1530621883.7147381,43520,12.739275932312012
1530621971.6868067,43648,11.16940689086914
1530622007.917358,43776,11.827892303466797
1530622044.1685443,43904,11.199454307556152
1530622080.4801664,44032,13.044248580932617
1530622168.4709535,44160,13.462244033813477
1530622204.757367,44288,12.600190162658691
1530622241.077302,44416,11.726584434509277
1530622277.3839211,44544,12.744402885437012
1530622365.0330968,44672,13.32346248626709
1530622401.335837,44800,14.110834121704102
1530622437.640625,44928,12.204740524291992
1530622473.934374,45056,15.648245811462402
1530622560.282331,45184,13.084015846252441
1530622596.6465266,45312,12.484932899475098
1530622633.0258503,45440,12.185941696166992
1530622669.3833687,45568,11.979156494140625
1530622756.8128471,45696,12.178792953491211
1530622793.2410762,45824,13.803204536437988
1530622829.6712122,45952,12.522132873535156
1530622866.094632,46080,12.048669815063477
1530622954.7857227,46208,12.589728355407715
1530622991.158297,46336,12.44277572631836
1530623027.5116377,46464,12.817411422729492
1530623063.916386,46592,14.320002555847168
1530623151.3985813,46720,14.575164794921875
1530636627.373834,47232,14.943909645080566
1530636663.9906156,47360,14.497139930725098
1530636700.7888718,47488,13.949536323547363
1530636737.706999,47616,14.663533210754395
1530636825.2482505,47744,14.580255508422852
1530636861.7168124,47872,13.727036476135254
1530636898.2433915,48000,12.461128234863281
1530636934.7596066,48128,13.38686466217041
1530637023.4219887,48256,15.132570266723633
1530637059.9969506,48384,14.492806434631348
1530637096.523689,48512,17.206132888793945
1530637133.0339785,48640,15.174912452697754
1530637220.2502408,48768,15.185874938964844
1530637256.7040186,48896,13.812602043151855
1530637293.3005388,49024,14.128508567810059
1530637329.7956626,49152,13.384373664855957
1530637417.1031675,49280,12.19692611694336
1530637453.6733575,49408,14.097094535827637
1530637490.1776645,49536,12.5392427444458
1530637526.6222124,49664,13.89921760559082
1530637614.3795524,49792,14.119891166687012
1530637650.8079572,49920,14.552176475524902
1530637687.2630267,50048,12.945751190185547
1530637723.6963317,50176,14.27713680267334
1530637810.50347,50304,13.140874862670898
1530637846.9403694,50432,14.835165977478027
1530637883.3618329,50560,12.807181358337402
1530637919.8118632,50688,14.07166576385498
1530638007.6716025,50816,13.418685913085938
1530638044.1660306,50944,12.13718032836914
1530638080.6271682,51072,15.170809745788574
1530638117.0405161,51200,14.323834419250488
1530638204.650884,51328,13.530838966369629
1530638241.115458,51456,13.55057144165039
1530638277.6021614,51584,12.62076473236084
1530638314.0507133,51712,13.747724533081055
1530638401.76975,51840,12.967082977294922
1530638438.197616,51968,14.703051567077637
1530638474.6798434,52096,12.06506633758545
1530638511.1330988,52224,12.595003128051758
1530638598.9782937,52352,14.099871635437012
1530638635.4910657,52480,12.341629981994629
1530638671.9956865,52608,13.226591110229492
1530638708.4738972,52736,14.248649597167969
1530638796.309532,52864,12.290373802185059
1530638832.7815793,52992,13.941946983337402
1530638869.2660928,53120,13.409405708312988
1530638905.7638695,53248,13.131658554077148
1530638993.4318454,53376,13.453034400939941
1530639029.935422,53504,13.3178129196167
1530639066.4585042,53632,14.763288497924805
1530639102.9308305,53760,13.473275184631348
1530639190.73388,53888,14.37861156463623
1530639227.1859229,54016,12.918801307678223
1530639263.6225524,54144,12.728148460388184
1530639300.0651793,54272,12.940406799316406
1530639387.6853783,54400,13.83977222442627
1530639424.081537,54528,12.666000366210938
1530639460.5035658,54656,12.091967582702637
1530639496.926603,54784,13.790155410766602
1530639584.52615,54912,12.708088874816895
1530639620.994917,55040,11.732427597045898
1530639657.4675522,55168,13.714033126831055
1530639693.8750205,55296,13.55103588104248
1530639782.1741624,55424,14.841217994689941
1530639818.6525033,55552,15.65886402130127
1530639855.1045244,55680,13.280010223388672
1530639891.6070411,55808,15.01730728149414
1530639978.6700435,55936,15.125589370727539
1530640015.0757775,56064,15.645919799804688
1530640051.582249,56192,12.227649688720703
1530640088.0663507,56320,13.213022232055664
1530640175.2775538,56448,13.049704551696777
1530640211.6808767,56576,13.633102416992188
1530640248.1593244,56704,10.643532752990723
1530640284.6276407,56832,12.889472007751465
1530640372.495206,56960,11.708230018615723
1530640409.052445,57088,13.713770866394043
1530640445.5120854,57216,13.545326232910156
1530640481.9581106,57344,12.563522338867188
1530640570.132681,57472,11.921120643615723
1530640606.633178,57600,11.963123321533203
1530640643.1491492,57728,13.739217758178711
1530640679.6381726,57856,11.85116195678711
1530640767.919914,57984,11.368124008178711
1530640804.3868277,58112,12.986242294311523
1530640840.9042706,58240,11.357857704162598
1530640877.3447723,58368,13.558906555175781
1530640964.6149046,58496,13.205733299255371
1530641001.10693,58624,11.434410095214844
1530641037.6186874,58752,11.610750198364258
1530641074.060916,58880,12.663805961608887
1530641162.6866868,59008,12.801794052124023
1530641199.1871874,59136,13.11886215209961
1530641235.730883,59264,12.461305618286133
1530641272.256907,59392,14.23039722442627
1530641360.8708827,59520,11.851983070373535
1530641397.3886063,59648,11.45300579071045
1530641433.8747127,59776,11.97069263458252
1530641470.3831651,59904,11.233107566833496
1530641558.8970273,60032,11.545181274414062
1530641595.3361936,60160,11.397298812866211
1530641631.8644977,60288,12.745246887207031
1530641668.3641262,60416,11.924373626708984
1530641757.1990364,60544,11.13541030883789
1530641793.6724222,60672,12.053555488586426
1530641830.1729605,60800,11.746732711791992
1530641866.6658237,60928,11.327356338500977
1530641956.1409419,61056,12.823121070861816
1530641992.661902,61184,10.759054183959961
1530642029.1832888,61312,11.920876502990723
1530642065.7400024,61440,12.621977806091309
1530642155.3690476,61568,12.660928726196289
1530642191.882113,61696,13.208054542541504
1530642228.3642132,61824,11.989860534667969
1530642265.01024,61952,11.471601486206055
1530642354.735562,62080,12.347387313842773
1530642391.292944,62208,11.71052074432373
1530642427.8279564,62336,11.351645469665527
1530642464.4143949,62464,13.305700302124023
1530642553.3323276,62592,12.625642776489258
1530642589.835992,62720,12.414498329162598
1530642626.3312905,62848,12.619119644165039
1530642662.8805764,62976,12.801843643188477
1530642752.4818697,63104,13.606157302856445
1530642789.0464842,63232,11.695382118225098
1530642825.5936337,63360,10.49509334564209
1530642862.2637267,63488,13.420906066894531
1530642951.7921145,63616,12.278458595275879
1530642988.4444306,63744,11.252033233642578
1530643025.098625,63872,13.564793586730957
1530643061.6882033,64000,12.161554336547852
1530643149.8722823,64128,14.029504776000977
1530643186.4393258,64256,12.84408187866211
1530643223.018375,64384,13.412050247192383
1530643259.5318387,64512,11.404715538024902
1530643349.950652,64640,13.639444351196289
1530643386.481682,64768,11.882500648498535
1530643423.0534146,64896,11.521801948547363
1530643459.6376128,65024,12.430593490600586
1530643548.7724254,65152,11.818305969238281
1530643585.2788098,65280,12.403745651245117
1530643621.8007147,65408,13.697818756103516
1530643658.361691,65536,16.154123306274414
1530643747.7638168,65664,15.913413047790527
1530643784.2069166,65792,15.117165565490723
1530643820.7036982,65920,12.705080032348633
1530643857.2435403,66048,12.73830795288086
1530643946.2499218,66176,12.244446754455566
1530643982.7336867,66304,12.606889724731445
1530644019.2281086,66432,14.049219131469727
1530644055.7359502,66560,12.014815330505371
1530644144.2053378,66688,11.864770889282227
1530644180.7786148,66816,13.309460639953613
1530644217.2982278,66944,12.629189491271973
1530644253.8410969,67072,14.360638618469238
1530644342.3234,67200,12.627041816711426
1530644378.8595421,67328,16.0916805267334
1530644415.342126,67456,13.733213424682617
1530644451.8518643,67584,12.903898239135742
1530644542.4667583,67712,12.522842407226562
1530644578.9491444,67840,14.09334659576416
1530644615.4217427,67968,15.537360191345215
1530644651.8977864,68096,13.611513137817383
1530644741.46226,68224,12.438889503479004
1530644777.9602284,68352,14.076569557189941
1530644814.517882,68480,13.939788818359375
1530644851.0451612,68608,12.421540260314941
1530644940.8936226,68736,12.980944633483887
1530644977.4567254,68864,14.66843318939209
1530645013.9162989,68992,14.268120765686035
1530645050.4603329,69120,14.261159896850586
1530645141.3743894,69248,14.389384269714355
1530645177.9412897,69376,13.84192943572998
1530645214.4588625,69504,12.561219215393066
1530645251.0728765,69632,12.260682106018066
1530645342.2732835,69760,11.746885299682617
1530645378.7958684,69888,15.039969444274902
1530645415.3156543,70016,17.840015411376953
1530645451.8917441,70144,11.332185745239258
1530645541.8753822,70272,14.101730346679688
1530645578.3667376,70400,12.597222328186035
1530645614.8417723,70528,14.094443321228027
1530645651.3623521,70656,14.274226188659668
1530645740.7326808,70784,14.919012069702148
1530645777.3346992,70912,14.868127822875977
1530645813.8758562,71040,11.741186141967773
1530645850.3809528,71168,13.667463302612305
1530645939.738458,71296,11.489587783813477
1530645976.2363443,71424,13.020918846130371
1530646012.690513,71552,14.779902458190918
1530646049.178164,71680,16.72187042236328
1530646138.7115338,71808,15.849156379699707
1530646175.2808144,71936,18.050979614257812
1530646211.819533,72064,13.000892639160156
1530646248.3719418,72192,12.467241287231445
1530646337.922816,72320,13.493103981018066
1530646374.4965668,72448,17.85869789123535
1530646411.0598116,72576,11.893403053283691
1530646447.5953126,72704,13.343198776245117
1530646538.7736611,72832,14.1483736038208
1530646575.2528489,72960,18.257434844970703
1530646611.7682397,73088,12.152915954589844
1530646648.307818,73216,13.828108787536621
1530646738.623798,73344,13.505687713623047
1530646775.2155006,73472,13.13649845123291
1530646811.7668722,73600,12.414081573486328
1530646848.2884285,73728,12.39748764038086
1530646939.1708002,73856,11.997232437133789
1530646975.7219312,73984,12.253262519836426
1530647012.2313964,74112,10.334260940551758
1530647048.7623684,74240,11.493709564208984
1530647140.104606,74368,11.371665954589844
1530647176.6634681,74496,11.925954818725586
1530647213.2212477,74624,11.809981346130371
1530647249.746103,74752,11.058134078979492
1530647339.750535,74880,13.139595985412598
1530647376.3077817,75008,13.289112091064453
1530647412.7470548,75136,13.143733024597168
1530647449.3026333,75264,13.559087753295898
1530647538.4117503,75392,14.216495513916016
1530647574.9653082,75520,11.589035034179688
1530647611.5064096,75648,12.370964050292969
1530647648.078348,75776,10.364958763122559
1530647738.3711503,75904,11.025381088256836
1530647774.8717093,76032,13.179390907287598
1530647811.4242845,76160,13.379408836364746
1530647847.9476798,76288,12.357134819030762
1530647938.394595,76416,14.12387466430664
1530647974.9406831,76544,13.093756675720215
1530648011.5153553,76672,12.689753532409668
1530648048.1009707,76800,11.703210830688477
1530648139.2466252,76928,10.97582721710205
1530648175.7490423,77056,11.558561325073242
1530648212.3196094,77184,11.093362808227539
1530648248.8369977,77312,11.03425407409668
1530648338.4587998,77440,13.179798126220703
1530648374.9777834,77568,11.422809600830078
1530648411.5339596,77696,11.842428207397461
1530648448.0313716,77824,11.938518524169922
1530648538.2450912,77952,13.04521369934082
1530648574.7271519,78080,12.411971092224121
1530648611.311424,78208,11.843135833740234
1530648647.8527274,78336,12.662982940673828
1530648738.3329463,78464,11.986668586730957
1530648774.883072,78592,13.249497413635254
1530648811.4091015,78720,12.327153205871582
1530648847.9320953,78848,12.564345359802246
1530648937.9428637,78976,11.663528442382812
1530648974.4529347,79104,12.404735565185547
1530649010.987234,79232,11.417625427246094
1530649047.5098958,79360,12.318309783935547
1530649139.6399994,79488,11.13142204284668
1530649176.2111452,79616,11.250880241394043
1530649212.777579,79744,11.549708366394043
1530649249.3270497,79872,12.653207778930664
1530649340.2858129,80000,12.372930526733398
1530649376.8089125,80128,11.936924934387207
1530649413.3635678,80256,11.360761642456055
1530649449.9351435,80384,13.827766418457031
1530649540.7484775,80512,11.134720802307129
1530649577.2746608,80640,11.761401176452637
1530649613.8034916,80768,13.412039756774902
1530649650.2595892,80896,11.731331825256348
1530649741.602953,81024,12.55770492553711
1530649778.1565566,81152,12.45661735534668
1530649814.704916,81280,13.785324096679688
1530649851.2249413,81408,12.687387466430664
1530649943.2553213,81536,11.70077133178711
1530649979.768004,81664,12.489439964294434
1530650016.3100047,81792,11.908085823059082
1530650052.8865113,81920,10.903521537780762
1530650144.3999,82048,11.7875337600708
1530650180.9306383,82176,12.66179370880127
1530650217.4353101,82304,11.983183860778809
1530650253.9326446,82432,11.56470012664795
1530650344.9526122,82560,12.211385726928711
1530650381.5253315,82688,10.70370101928711
1530650418.0670056,82816,12.25902271270752
1530650454.6287162,82944,12.401080131530762
1530650545.8226848,83072,12.061315536499023
1530650582.440906,83200,11.627450942993164
1530650618.9872625,83328,11.440248489379883
1530650655.5391374,83456,11.390653610229492
1530650747.8368049,83584,13.208006858825684
1530650784.4350345,83712,11.362700462341309
1530650820.963349,83840,12.960323333740234
1530650857.443527,83968,13.594158172607422
1530650948.233853,84096,11.229325294494629
1530650984.7295468,84224,12.596877098083496
1530651021.2298734,84352,11.058897972106934
1530651057.7681394,84480,11.337015151977539
1530651148.863977,84608,12.158097267150879
1530651185.4034488,84736,10.593648910522461
1530651221.9597125,84864,11.63552188873291
1530651258.444879,84992,12.194058418273926
1530651350.7822957,85120,11.027789115905762
1530651387.245054,85248,11.59430980682373
1530651423.7711124,85376,11.745729446411133
1530651460.2499516,85504,12.27435302734375
1530651553.7630022,85632,11.039901733398438
1530707663.3191245,86144,12.36694049835205
1530707699.8553505,86272,14.047953605651855
1530707736.577325,86400,13.263778686523438
1530707773.4850268,86528,13.360204696655273
1530707860.1044214,86656,19.193614959716797
1530707896.5107293,86784,16.674394607543945
1530707932.9001682,86912,17.256935119628906
1530707969.3409474,87040,11.652731895446777
1530708055.548537,87168,12.43409252166748
1530708091.919277,87296,12.163966178894043
1530708128.294618,87424,14.3922758102417
1530708164.8018441,87552,11.421635627746582
1530708251.9497893,87680,13.396535873413086
1530708288.2907472,87808,13.227604866027832
1530708324.7135582,87936,12.210622787475586
1530708361.1214817,88064,11.3265380859375
1530708448.1474657,88192,14.071659088134766
1530708484.5363202,88320,13.133467674255371
1530708520.9719203,88448,11.483308792114258
1530708557.456296,88576,10.974406242370605
1530708644.5638535,88704,11.787710189819336
1530708680.9426215,88832,12.0333251953125
1530708717.3658018,88960,13.465554237365723
1530708753.81401,89088,11.034273147583008
1530708841.8005147,89216,11.844010353088379
1530708878.1898232,89344,14.980585098266602
1530708914.645397,89472,12.03628158569336
1530708951.156343,89600,12.905329704284668
1530709038.7388244,89728,12.277630805969238
1530709075.0678453,89856,12.909116744995117
1530709111.482653,89984,12.864102363586426
1530709148.0052629,90112,14.117616653442383
1530709235.191431,90240,12.440027236938477
1530709271.5327275,90368,12.93381118774414
1530709307.963145,90496,11.561379432678223
1530709344.3777318,90624,11.494170188903809
1530709431.8203309,90752,12.610860824584961
1530709468.2327385,90880,13.041029930114746
1530709504.7156346,91008,12.109368324279785
1530709541.1943803,91136,15.042954444885254
1530709630.032141,91264,14.281594276428223
1530709666.3791888,91392,14.192794799804688
1530709702.8520486,91520,13.114672660827637
1530709739.3532054,91648,13.448190689086914
1530709826.2705634,91776,11.619913101196289
1530709862.6222897,91904,12.117563247680664
1530709899.1047404,92032,13.000065803527832
1530709935.5583413,92160,13.111181259155273
1530710022.5082393,92288,12.83737850189209
1530710058.9628406,92416,12.462282180786133
1530710095.4715765,92544,12.528008460998535
1530710131.9428036,92672,12.743966102600098
1530710219.847213,92800,13.806596755981445
1530710256.2241738,92928,12.556522369384766
1530710292.7188168,93056,13.677978515625
1530710329.1786666,93184,13.357780456542969
1530710417.552342,93312,12.40545654296875
1530710453.8938737,93440,12.380983352661133
1530710490.3857937,93568,11.570135116577148
1530710526.8505814,93696,11.158316612243652
1530710615.6568346,93824,12.96858024597168
1530710651.9913948,93952,12.481700897216797
1530710688.4492054,94080,12.142721176147461
1530710724.8741302,94208,13.393439292907715
1530710812.218931,94336,12.463744163513184
1530710848.5909388,94464,13.48889446258545
1530710885.0665305,94592,12.059065818786621
1530710921.5152764,94720,15.565093994140625
1530711008.4133255,94848,11.89251708984375
1530711044.8522992,94976,13.513334274291992
1530711081.349609,95104,11.08486270904541
1530711117.8031986,95232,11.781474113464355
1530711206.3155847,95360,11.827225685119629
1530711242.683387,95488,11.70674991607666
1530711279.1358342,95616,12.814993858337402
1530711315.5980284,95744,13.135791778564453
1530711403.3124251,95872,12.842646598815918
1530711439.6647832,96000,11.817259788513184
1530711476.080188,96128,11.296701431274414
1530711512.5310507,96256,12.037317276000977
1530711599.8886473,96384,11.585366249084473
1530711636.2473626,96512,12.972477912902832
1530711672.7166395,96640,11.423379898071289
1530711709.2651353,96768,13.658225059509277
1530711796.273816,96896,11.708517074584961
1530711832.702915,97024,12.50020980834961
1530711869.1963346,97152,13.365897178649902
1530711905.688679,97280,13.197264671325684
