wall_time,step,value
1532579943.3875587,128,117.72166442871094
1532580144.9207485,256,54.59661102294922
1532580346.49861,384,52.65856170654297
1532580548.1427598,512,47.35523223876953
1532580959.1623416,640,43.764373779296875
1532581160.7876146,768,38.850990295410156
1532581362.4284346,896,40.32328414916992
1532581563.962756,1024,42.40303421020508
1532581964.3934984,1152,39.066280364990234
1532582165.9858005,1280,38.72649002075195
1532582367.6551406,1408,39.47560119628906
1532582569.2423885,1536,40.386329650878906
1532582964.3054147,1664,39.036407470703125
1532583165.7734637,1792,39.06752395629883
1532583367.2755306,1920,38.449092864990234
1532583568.714376,2048,38.14085388183594
1532583955.4440727,2176,37.67350769042969
1532584157.0150526,2304,38.06575393676758
1532584358.4937723,2432,36.08763885498047
1532584560.0404553,2560,36.39588165283203
1532584942.1776228,2688,36.1082763671875
1532585143.6615155,2816,34.38813018798828
1532585345.1694508,2944,35.35895538330078
1532585546.637125,3072,34.23527526855469
1532585923.3869586,3200,33.55073928833008
1532586124.860911,3328,35.109230041503906
1532586326.4888558,3456,34.116397857666016
1532586528.102266,3584,33.489723205566406
1532586899.5778105,3712,32.563392639160156
1532587101.2750208,3840,31.625019073486328
1532587303.0712128,3968,33.896121978759766
1532587504.7906127,4096,32.67761993408203
1532587884.7677612,4224,32.46487045288086
1532588086.2696447,4352,33.045372009277344
1532588287.9497907,4480,32.743141174316406
1532588489.5596514,4608,33.456886291503906
1532588865.1061945,4736,33.192928314208984
1532589066.9058607,4864,33.36663055419922
1532589268.6105487,4992,32.290462493896484
1532589470.230992,5120,31.49225425720215
1532589845.3953385,5248,31.92982292175293
1532590046.9292116,5376,33.195350646972656
1532590248.4680374,5504,31.399826049804688
1532590450.0285347,5632,32.89192199707031
1532590829.715127,5760,31.483131408691406
1532591031.3484328,5888,31.786657333374023
1532591232.9436815,6016,30.846988677978516
1532591434.6605637,6144,31.224130630493164
1532591823.9007273,6272,30.956958770751953
1532592025.2974966,6400,30.363622665405273
1532592226.635979,6528,30.536296844482422
1532592427.9342244,6656,31.268007278442383
1532592821.0444016,6784,31.702512741088867
1532593022.439597,6912,31.516368865966797
1532593224.1301136,7040,30.94781494140625
1532593425.5777717,7168,32.521392822265625
1532593812.045833,7296,32.19708251953125
1532594013.6212463,7424,33.523292541503906
1532594215.143941,7552,33.20464324951172
1532594416.7495437,7680,32.32679748535156
1532594804.744862,7808,33.65266799926758
1532595006.2443244,7936,33.67888259887695
1532595207.771164,8064,34.06135559082031
1532595409.2325892,8192,34.09871292114258
1532595795.949494,8320,33.635833740234375
1532595997.4020722,8448,33.552486419677734
1532596199.0024736,8576,34.97407913208008
1532596400.505798,8704,34.348388671875
1532596787.7206228,8832,34.09629821777344
1532596989.336115,8960,36.17036819458008
1532597190.994633,9088,34.65754318237305
1532597392.6601422,9216,36.5362663269043
1532597782.8245447,9344,35.235633850097656
1532597984.4230561,9472,35.22816467285156
1532598186.0163488,9600,34.69243621826172
1532598387.662919,9728,36.4368896484375
1532598784.066119,9856,36.23086929321289
1532598985.753355,9984,35.8758430480957
1532599187.3600225,10112,35.54895782470703
1532599388.860217,10240,35.5596923828125
1532599779.9930046,10368,36.34868621826172
1532599981.7541978,10496,35.12425994873047
1532600183.5035415,10624,34.903038024902344
1532600385.0903425,10752,36.884674072265625
1532600779.138884,10880,36.08861541748047
1532600980.8014014,11008,36.05223846435547
1532601182.5064893,11136,36.77607345581055
1532601384.2453265,11264,37.227073669433594
1532601785.1492107,11392,36.620079040527344
1532601986.6316197,11520,37.352447509765625
1532602188.1495218,11648,37.20198059082031
1532602389.4241672,11776,37.75996017456055
1532602787.990411,11904,38.750465393066406
1532602989.5342445,12032,36.73737335205078
1532603191.114719,12160,38.08282470703125
1532603392.7272651,12288,38.513675689697266
1532603791.4209359,12416,38.798702239990234
1532603992.9818578,12544,38.11735534667969
1532604194.6487193,12672,38.2810173034668
1532604396.3391302,12800,38.8785400390625
1532604793.2463114,12928,38.17575454711914
1532604994.9154701,13056,38.981048583984375
1532605196.5378008,13184,38.69139862060547
1532605398.166033,13312,38.183712005615234
1532605795.8911753,13440,39.158870697021484
1532605997.3832498,13568,37.548851013183594
1532606198.9491858,13696,39.14582824707031
1532606400.62702,13824,38.610939025878906
1532606794.7003536,13952,38.126197814941406
1532606996.3096962,14080,39.572509765625
1532607197.8605225,14208,38.22121047973633
1532607399.499053,14336,38.856666564941406
1532607796.2743373,14464,39.53615951538086
1532607997.6744576,14592,40.18263244628906
1532608199.0974853,14720,40.910247802734375
1532608400.6047132,14848,39.12019348144531
1532608795.381207,14976,40.792877197265625
1532608996.8650274,15104,39.98690414428711
1532609198.3623862,15232,39.1346435546875
1532609399.9164057,15360,39.21954345703125
1532609797.7501645,15488,40.3858528137207
1532609999.3701458,15616,40.75836944580078
1532610200.9750495,15744,39.09669494628906
1532610402.6410975,15872,40.04694366455078
1532610802.3548143,16000,41.14455032348633
1532611003.980324,16128,39.72669219970703
1532611205.645022,16256,40.00387191772461
1532611407.2836804,16384,39.8284912109375
1532611801.4853365,16512,39.8015251159668
1532612003.097436,16640,40.822509765625
1532612204.6095243,16768,41.429718017578125
1532612406.2742777,16896,40.904762268066406
1532612804.2096088,17024,40.10031509399414
1532613005.7347593,17152,41.56644821166992
1532613207.2466292,17280,41.437530517578125
1532613408.883401,17408,41.984920501708984
1532613801.3042555,17536,40.276336669921875
1532614002.7514627,17664,40.21311569213867
1532614204.3000436,17792,40.36077880859375
1532614405.7465584,17920,40.8223876953125
1532614801.8969846,18048,40.674400329589844
1532615003.2213943,18176,40.580833435058594
1532615204.5803633,18304,41.35639190673828
1532615405.8099055,18432,42.00418472290039
1532615804.0834146,18560,40.13688659667969
1532616005.7022793,18688,40.265480041503906
1532616207.2722971,18816,40.25933074951172
1532616408.874668,18944,40.93485641479492
1532616808.4543242,19072,42.01077651977539
1532617010.0031059,19200,42.431190490722656
1532617211.5668948,19328,42.29375457763672
1532617413.1013665,19456,43.79816436767578
1532617810.751329,19584,43.87865447998047
1532618012.3134625,19712,42.592140197753906
1532618213.7881505,19840,43.537132263183594
1532618415.2564788,19968,43.42518997192383
1532618811.176625,20096,44.018226623535156
1532619012.5266933,20224,43.30022048950195
1532619213.8718352,20352,44.22958755493164
1532619415.2863271,20480,43.267784118652344
1532619810.192558,20608,44.02009201049805
1532620011.688606,20736,42.52459716796875
1532620213.320489,20864,43.18123245239258
1532620414.932207,20992,43.58182907104492
1532620811.342164,21120,44.66792297363281
1532621012.6636903,21248,42.92679977416992
1532621214.082845,21376,45.04839324951172
1532621415.6030483,21504,45.68220138549805
1532621814.2824867,21632,44.348785400390625
1532622015.8890157,21760,45.483821868896484
1532622217.4542766,21888,44.404510498046875
1532622419.0499632,22016,43.52336120605469
1532622820.3931627,22144,45.228759765625
1532623021.9017828,22272,46.88957977294922
1532623223.4270458,22400,45.8028564453125
1532623425.0979078,22528,46.339290618896484
1532623822.669937,22656,46.00419616699219
1532624024.0034235,22784,45.86545181274414
1532624225.5537763,22912,47.20983123779297
1532624427.1487734,23040,45.83437728881836
1532624828.7599401,23168,45.942684173583984
1532625030.1938486,23296,45.00205993652344
1532625231.7195687,23424,47.19368362426758
1532625433.3873374,23552,47.92574691772461
1532625835.2484853,23680,45.79340362548828
1532626036.733622,23808,47.016204833984375
1532626238.2673411,23936,47.718505859375
1532626439.6552055,24064,47.551578521728516
1532626840.808548,24192,48.797122955322266
1532627042.462877,24320,46.90752410888672
1532627244.1102276,24448,47.932640075683594
1532627445.74108,24576,46.69534683227539
1532627844.9785995,24704,46.2703971862793
1532628046.5502832,24832,48.02975845336914
1532628248.0723898,24960,46.83984375
1532628449.784464,25088,47.6298713684082
1532628849.566911,25216,47.47947692871094
1532629051.1508985,25344,46.9671630859375
1532629252.678294,25472,47.87406921386719
1532629454.2448454,25600,47.847015380859375
1532629855.039723,25728,47.861820220947266
1532630056.5569031,25856,49.02374267578125
1532630258.0931077,25984,46.798065185546875
1532630459.7300127,26112,48.51050567626953
1532630855.5707889,26240,48.12410354614258
1532631057.2041173,26368,47.52262878417969
1532631258.7391582,26496,48.49277877807617
1532631460.3648975,26624,48.39677047729492
1532631860.0864902,26752,46.997154235839844
1532632061.70327,26880,49.21672439575195
1532632263.219605,27008,47.27098846435547
1532632464.9661615,27136,47.41651153564453
1532632861.9117825,27264,48.85218048095703
1532633063.4871032,27392,46.41011428833008
1532633265.0745895,27520,47.93732452392578
1532633466.3922074,27648,47.232337951660156
1532633868.0556087,27776,47.525840759277344
1532634069.630144,27904,48.13148880004883
1532634271.2088358,28032,49.205631256103516
1532634472.8072345,28160,48.13346481323242
1532634870.7040777,28288,48.65040588378906
1532635072.1573281,28416,47.18244552612305
1532635273.7418823,28544,47.787628173828125
1532635475.3563485,28672,49.55961608886719
1532635877.1633139,28800,48.37985610961914
1532636078.7995229,28928,49.8123893737793
1532636280.3229995,29056,49.548492431640625
1532636481.9380033,29184,49.799373626708984
1532636877.27461,29312,49.33204650878906
1532637078.881132,29440,51.769805908203125
1532637280.527748,29568,48.53804016113281
1532637482.0575674,29696,49.610137939453125
1532637879.6736736,29824,49.58660125732422
1532638081.3620932,29952,49.88118362426758
1532638283.056478,30080,51.80116271972656
1532638484.5880842,30208,49.56147766113281
1532638883.4027667,30336,49.001102447509766
1532639084.990173,30464,48.957366943359375
1532639286.5418725,30592,49.50137710571289
1532639488.1858668,30720,49.048397064208984
1532639892.0707738,30848,51.163063049316406
1532640093.712672,30976,50.49159622192383
1532640295.4108832,31104,51.243324279785156
1532640497.0263772,31232,50.28886795043945
1532640899.2443645,31360,50.25929260253906
1532641100.8229403,31488,50.90037536621094
1532641302.4655275,31616,51.50968933105469
1532641504.1459513,31744,50.472129821777344
1532641908.9752104,31872,52.34624099731445
1532642110.5816767,32000,52.449424743652344
1532642312.124265,32128,51.42310333251953
1532642513.6886983,32256,52.48057556152344
1532642915.294219,32384,51.697837829589844
1532643116.9234962,32512,49.88132858276367
1532643318.4834661,32640,50.97590637207031
1532643520.0729883,32768,51.601619720458984
1532643923.1151788,32896,51.50215530395508
1532644124.6667733,33024,52.13260269165039
1532644326.2232535,33152,52.23966979980469
1532644527.8277035,33280,52.664791107177734
1532644932.1972325,33408,53.503509521484375
1532645133.8061163,33536,52.09298324584961
1532645335.3239152,33664,51.72261047363281
1532645537.0615263,33792,54.21788024902344
1532793357.1326833,34048,52.15782165527344
1532793558.5598378,34176,51.98929214477539
1532793759.911272,34304,52.1856803894043
1532794155.780754,34432,53.90664291381836
1532794357.4344008,34560,54.190399169921875
1532794559.1004245,34688,52.709014892578125
1532794760.7271984,34816,53.759056091308594
1532795151.740436,34944,54.19202423095703
1532795353.4785397,35072,55.12583541870117
1532795555.0177245,35200,54.88972473144531
1532795756.5498843,35328,53.95193862915039
1532796146.0299206,35456,54.80372619628906
1532796347.4502754,35584,54.031700134277344
1532796549.0192316,35712,55.99363708496094
1532796750.557896,35840,55.19664764404297
1532797142.8679538,35968,54.61745071411133
1532797344.400008,36096,54.14076614379883
1532797545.9038155,36224,54.58055114746094
1532797747.3739026,36352,55.35183334350586
1532798138.0344486,36480,54.7098388671875
1532798339.66326,36608,54.90178680419922
1532798541.1886883,36736,56.60219192504883
1532798742.7449298,36864,54.101192474365234
1532799137.5395901,36992,52.56291198730469
1532799339.067391,37120,56.45987319946289
1532799540.4616997,37248,55.80031204223633
1532799742.0125024,37376,56.665435791015625
1532800134.4438956,37504,56.54798889160156
1532800336.1554,37632,56.25547409057617
1532800537.7434487,37760,54.76234436035156
1532800739.3955684,37888,55.77716064453125
1532801136.2601202,38016,57.068973541259766
1532801337.9643013,38144,55.43686294555664
1532801539.6659262,38272,56.58855438232422
1532801741.409884,38400,56.02373504638672
1532802137.1016707,38528,57.59524154663086
1532802338.7946959,38656,55.144775390625
1532802540.4908211,38784,55.70241928100586
1532802742.0484667,38912,56.06296920776367
1532803138.036948,39040,56.43749237060547
1532803339.6404746,39168,55.28089141845703
1532803541.245646,39296,57.868186950683594
1532803742.913794,39424,58.53178787231445
1532804135.1957855,39552,58.216617584228516
1532804336.8767717,39680,57.4970588684082
1532804538.4704607,39808,58.529762268066406
1532804740.174765,39936,58.96461486816406
1532805135.0941222,40064,58.5106201171875
1532805336.7211869,40192,57.90568161010742
1532805538.3755183,40320,57.60448455810547
1532805739.9986475,40448,58.809993743896484
1532806131.4093046,40576,58.526485443115234
1532806332.8539035,40704,58.474212646484375
1532806534.6192255,40832,58.76081466674805
1532806736.331742,40960,58.34233474731445
1532807131.8087275,41088,58.51477813720703
1532807333.4054701,41216,57.822269439697266
1532807534.9599793,41344,58.976112365722656
1532807736.4737365,41472,56.559608459472656
1532808130.3960857,41600,57.33195114135742
1532808331.963186,41728,57.592437744140625
1532808533.5447178,41856,59.1640739440918
1532808735.1280274,41984,56.75270462036133
1532809129.6917331,42112,57.7321662902832
1532809331.293483,42240,56.541465759277344
1532809532.8167863,42368,57.688392639160156
1532809734.251679,42496,56.99271011352539
1532810123.2599971,42624,57.34565734863281
1532810324.9048116,42752,57.81630325317383
1532810526.3967936,42880,57.50356674194336
1532810728.0481594,43008,57.459407806396484
1532811122.7539551,43136,58.67753219604492
1532811324.3427792,43264,58.20176696777344
1532811525.9207761,43392,58.25363540649414
1532823442.9168026,43648,58.32779312133789
1532823650.5971603,43776,57.750980377197266
1532823858.3094664,43904,58.48567199707031
1532824066.0835176,44032,58.178340911865234
1532824462.6992383,44160,59.514286041259766
1532824664.3876069,44288,58.20905685424805
1532824866.0488126,44416,60.48727035522461
1532825067.7706234,44544,59.311309814453125
1532825459.93219,44672,58.52947235107422
1532825661.6560516,44800,60.60455322265625
1532825863.3622007,44928,58.43910217285156
1532826065.0551462,45056,59.342620849609375
1532826457.5391295,45184,58.284095764160156
1532826659.1855166,45312,59.71274948120117
1532826860.8320253,45440,60.61972427368164
1532827062.5126507,45568,60.20051574707031
1532827455.4571695,45696,58.98210906982422
1532827657.1603632,45824,59.54335021972656
1532827858.8166928,45952,61.661659240722656
1532828060.5079076,46080,60.994659423828125
1532828452.33807,46208,60.45247268676758
1532828653.8489003,46336,61.23420715332031
1532828855.3637497,46464,59.9475212097168
1532829056.9135687,46592,58.9116325378418
1532829450.5237617,46720,61.8718147277832
1532829652.0288448,46848,59.5810546875
1532829853.594699,46976,59.698646545410156
1532830055.2219806,47104,60.36228561401367
1532830449.7658572,47232,60.7449951171875
1532830651.3299105,47360,59.5532112121582
1532830853.0341055,47488,59.910552978515625
1532831054.6995044,47616,59.98942947387695
1532831448.472102,47744,61.251953125
1532831650.2774653,47872,60.605445861816406
1532831851.953159,48000,61.67769241333008
1532832053.700833,48128,60.29731369018555
1532832447.5092611,48256,61.56357192993164
1532832649.2091882,48384,61.463172912597656
1532832850.9718478,48512,60.21458053588867
1532833052.7341287,48640,61.9066162109375
1532833445.2802145,48768,61.82399368286133
1532833647.0134108,48896,61.44277572631836
1532833848.713807,49024,61.68696594238281
1532834050.423706,49152,61.580284118652344
1532834445.7586877,49280,62.05278015136719
1532834647.542297,49408,65.47151947021484
1532834849.1777554,49536,62.50737762451172
1532835050.8108644,49664,62.4837646484375
1532835445.2558038,49792,63.415225982666016
1532835646.9713612,49920,62.64269256591797
1532835848.6424596,50048,62.07170104980469
1532836050.3333368,50176,62.76293182373047
1532836443.4063184,50304,62.33685302734375
1532836644.922661,50432,62.42213821411133
1532836846.482869,50560,63.854881286621094
1532837048.2130396,50688,61.716609954833984
1532837441.8643162,50816,63.125518798828125
1532837643.5348444,50944,66.7081298828125
1532837845.1506023,51072,64.23299407958984
1532838046.7065232,51200,63.74629592895508
1532838438.1874454,51328,64.11136627197266
1532838639.8521118,51456,64.16629028320312
1532838841.443099,51584,62.72397232055664
1532839043.1868963,51712,62.758358001708984
1532839438.070755,51840,63.58946228027344
1532839639.6435275,51968,64.37079620361328
1532839841.1807334,52096,63.777870178222656
1532840042.7774696,52224,63.7923698425293
1532840437.384203,52352,65.53184509277344
1532840638.985483,52480,64.75410461425781
1532840840.5974514,52608,64.0548095703125
1532841042.1436434,52736,64.52217864990234
1532841437.2752244,52864,65.45854949951172
1532841638.840293,52992,64.4864730834961
1532841840.3165822,53120,64.05010223388672
1532842042.0571513,53248,63.60894012451172
1532842436.729816,53376,62.93222427368164
1532842638.4655452,53504,64.93193054199219
1532842840.1479251,53632,63.480018615722656
1532843041.8597834,53760,66.16704559326172
1532843436.3345532,53888,64.51266479492188
1532843638.0459952,54016,64.22351837158203
1532843839.8583848,54144,64.24330139160156
1532844041.6080039,54272,63.174072265625
1532844434.693459,54400,63.8634147644043
1532844636.2043889,54528,65.22496032714844
1532844837.8374212,54656,66.09515380859375
1532845039.4788322,54784,65.94111633300781
1532845437.153519,54912,63.876102447509766
1532845638.8764799,55040,62.61686706542969
1532845840.4556618,55168,67.11610412597656
1532846042.1475701,55296,66.48612976074219
1532846437.6662588,55424,63.01023483276367
1532846639.3989005,55552,65.85726165771484
1532846841.16095,55680,67.65596771240234
1532847042.9071877,55808,64.27998352050781
1532847437.7644222,55936,66.55845642089844
1532847639.420164,56064,66.07012939453125
1532847841.0197399,56192,64.60392761230469
1532848042.5790424,56320,64.35626220703125
1532848438.316229,56448,66.27859497070312
1532848639.9224675,56576,67.49304962158203
1532848841.6371732,56704,66.35850524902344
1532849043.4582589,56832,66.85010528564453
1532849438.8741024,56960,65.38249969482422
1532849640.3266711,57088,68.1678466796875
1532849841.6762173,57216,66.76653289794922
1532850043.2490764,57344,68.26410675048828
1532850438.0542653,57472,67.46332550048828
1532850639.714155,57600,67.76982116699219
1532850841.3546388,57728,67.23211669921875
1532851042.9632075,57856,66.67904663085938
1532851441.340394,57984,66.2306900024414
1532851643.1341724,58112,67.72875213623047
1532851844.6834004,58240,66.76766967773438
1532852046.4611852,58368,65.46775817871094
1532852443.37341,58496,67.96240997314453
1532852645.0137944,58624,67.67749786376953
1532852846.6612098,58752,68.6894302368164
1532853048.2478552,58880,66.75901794433594
1532853448.4170825,59008,68.8684310913086
1532853650.1663632,59136,67.52726745605469
1532853851.8449323,59264,69.61383056640625
1532854053.476007,59392,66.94160461425781
1532854448.8965087,59520,67.09599304199219
1532854650.4760983,59648,67.25486755371094
1532854852.3447568,59776,67.32135009765625
1532855054.007661,59904,68.95217895507812
1532855448.114768,60032,69.5095443725586
1532855649.7037187,60160,71.84992980957031
1532855851.2685757,60288,68.78368377685547
1532856052.9557207,60416,67.79881286621094
1532856450.367719,60544,70.10873413085938
1532856651.886669,60672,71.52279663085938
1532856853.569956,60800,68.36354064941406
1532857055.2267108,60928,73.23686218261719
1532857451.7522671,61056,69.36035919189453
1532857653.4025855,61184,68.20339965820312
1532857854.9828682,61312,68.66143035888672
1532858056.626021,61440,72.29412841796875
1532858455.5936143,61568,68.83568572998047
1532858657.2093892,61696,69.69251251220703
1532858858.9306717,61824,69.51655578613281
1532859060.3780704,61952,68.9433822631836
1532859459.0595927,62080,69.30687713623047
1532859660.640018,62208,67.50694274902344
1532859862.279747,62336,67.72805786132812
1532860063.9984422,62464,70.43545532226562
1532860458.9411561,62592,71.12162780761719
1532860660.4905627,62720,69.24432373046875
1532860861.985276,62848,68.78189086914062
1532861063.5903676,62976,72.28787231445312
1532861462.6912463,63104,71.81379699707031
1532861664.2958467,63232,71.15591430664062
1532861865.9646108,63360,73.89350891113281
1532862067.5140748,63488,70.74919128417969
1532862467.0972226,63616,71.44415283203125
1532862668.731766,63744,71.47579193115234
1532862870.113242,63872,69.88250732421875
1532863071.7336414,64000,71.37290954589844
1532863467.2194664,64128,69.77852630615234
1532863669.04049,64256,69.1950454711914
1532863870.7991133,64384,71.7186508178711
1532864072.4670832,64512,71.9765396118164
1532864469.4121256,64640,73.09797668457031
1532864671.2763975,64768,70.77536010742188
1532864873.002783,64896,74.09075927734375
1532865074.6851804,65024,69.9779052734375
1532865476.7790616,65152,72.94371032714844
1532865678.4898472,65280,72.5146713256836
1532865880.3369215,65408,72.4094467163086
1532866082.1747816,65536,71.9000473022461
1532866482.4622662,65664,73.7477798461914
1532866684.0583053,65792,73.4103775024414
1532866885.4873254,65920,72.98943328857422
1532867086.851129,66048,70.57671356201172
1532867487.453797,66176,73.919921875
1532867689.0262215,66304,72.317138671875
1532867890.9001527,66432,76.28684997558594
1532868092.653868,66560,72.18701934814453
1532868491.3242729,66688,73.78005981445312
1532868693.0096061,66816,72.04015350341797
1532868894.8215182,66944,72.37840270996094
1532869096.4942822,67072,71.9723892211914
1532869494.818423,67200,72.01859283447266
1532869696.5471625,67328,74.68368530273438
1532869898.3298929,67456,72.19298553466797
1532870100.1396556,67584,72.84026336669922
1532870498.7013323,67712,73.59140014648438
1532870700.3865821,67840,72.33061981201172
1532870902.0340614,67968,71.97525024414062
1532871103.690718,68096,78.3271484375
1532871500.2975113,68224,71.83570861816406
1532871701.7075298,68352,72.36761474609375
1532871903.3998473,68480,71.74654388427734
1532872105.0203214,68608,76.32878112792969
1532872505.2536545,68736,74.07553100585938
1532872707.046304,68864,74.00650787353516
1532872908.8353372,68992,73.00743865966797
1532873110.5139458,69120,73.40507507324219
1532873510.2927928,69248,72.21660614013672
1532873712.0102282,69376,75.94703674316406
1532873913.567421,69504,74.97734069824219
1532874115.3115337,69632,74.6131362915039
1532874519.9743817,69760,73.72279357910156
1532874721.7068202,69888,73.60257720947266
1532874923.314389,70016,75.6055908203125
1532875125.0446415,70144,75.60857391357422
1532875526.2040794,70272,73.24165344238281
1532875727.979928,70400,74.3585433959961
1532875929.6614268,70528,73.07701110839844
1532876131.3351934,70656,73.2834243774414
1532876530.8155007,70784,77.86814880371094
1532876732.5251334,70912,74.50749206542969
1532876934.2407115,71040,74.68112182617188
1532877135.9086294,71168,74.9614486694336
1532877537.8547392,71296,74.42937469482422
1532877739.4511435,71424,71.9698257446289
1532877941.015148,71552,77.21097564697266
1532878142.617834,71680,76.32305145263672
1532878543.7073698,71808,74.25826263427734
1532878745.484772,71936,71.60588073730469
1532878947.1527016,72064,75.51992797851562
1532879148.7865407,72192,75.39107513427734
1532879545.7758756,72320,75.15069580078125
1532879747.4390492,72448,74.62298583984375
1532879948.9916909,72576,75.9049072265625
1532880150.7245057,72704,74.9214096069336
1532880549.7899652,72832,75.36908721923828
1532880751.5959356,72960,74.50325775146484
1532880953.3423083,73088,73.75371551513672
1532881155.1934392,73216,75.08179473876953
1532881553.5091288,73344,75.96480560302734
1532881755.1819131,73472,77.62654113769531
1532881956.7375715,73600,75.99586486816406
1532882158.4387867,73728,74.7801284790039
1532882557.7228525,73856,73.4281005859375
1532882759.46897,73984,75.90518188476562
1532882961.1733644,74112,76.83861541748047
1532883162.909549,74240,74.69277954101562
1532883563.1715627,74368,75.42068481445312
1532883764.7868586,74496,76.50898742675781
1532883966.3871176,74624,74.05332946777344
1532884167.835581,74752,77.10203552246094
1532884569.3726938,74880,74.08749389648438
1532884771.01809,75008,75.20925903320312
1532884972.800905,75136,75.75801849365234
1532885174.5023353,75264,74.13587188720703
1532885574.1522348,75392,77.25511932373047
1532885775.8209345,75520,75.5528793334961
1532885977.5953822,75648,76.66590881347656
1532886179.3160815,75776,74.87474822998047
1532886579.7648823,75904,75.54903411865234
1532886781.344731,76032,76.09172058105469
1532886983.0457485,76160,74.80587005615234
1532887184.8575847,76288,72.66482543945312
1532887584.7736173,76416,77.75244140625
1532887786.4680796,76544,77.57875061035156
1532887988.2147145,76672,76.44242858886719
1532888189.6981344,76800,75.09123229980469
1532888586.516249,76928,77.4627456665039
1532888788.201974,77056,75.27194213867188
1532888989.9270384,77184,75.49235534667969
1532889191.6084185,77312,76.43859100341797
1532889588.790953,77440,77.78166198730469
1532889790.500452,77568,76.704833984375
1532889992.1500733,77696,77.43954467773438
1532890193.8198712,77824,78.44071197509766
1532996809.9840279,77952,76.93647766113281
1532997017.4281623,78080,77.68443298339844
1532997225.0034244,78208,77.77178192138672
1532997432.6250093,78336,77.29264831542969
1532997835.5038984,78464,77.41722106933594
1532998037.0280337,78592,78.20388793945312
1532998238.4992356,78720,77.99885559082031
1532998439.947304,78848,77.89681243896484
1532998836.6663506,78976,77.8241195678711
1532999038.303291,79104,78.51837921142578
1532999239.8926475,79232,77.6124267578125
1532999441.5354714,79360,78.18544006347656
1532999840.072783,79488,75.97698974609375
1533000041.4895065,79616,78.0323257446289
1533000242.974665,79744,76.79401397705078
1533000444.4586287,79872,75.61056518554688
1533000844.0227056,80000,77.6315689086914
1533001045.4996815,80128,75.70842742919922
1533001246.955942,80256,79.28855895996094
1533001448.5127413,80384,79.6931381225586
1533001846.4971936,80512,78.49298858642578
1533002047.9427087,80640,78.85920715332031
1533002249.4747243,80768,76.07122039794922
1533002450.8797266,80896,79.700439453125
1533002851.8013754,81024,78.04443359375
1533003053.219422,81152,78.65615844726562
1533003254.6990416,81280,79.01559448242188
1533003456.1995316,81408,78.8994369506836
1533003857.673868,81536,79.36940002441406
1533004059.2918072,81664,78.43268585205078
1533004260.8446147,81792,77.70437622070312
1533004462.5161147,81920,78.79084777832031
1533004864.4446595,82048,78.50782775878906
1533005066.0176978,82176,78.26648712158203
1533005267.5012875,82304,76.87012481689453
1533005469.0242317,82432,79.50674438476562
1533005872.1550188,82560,78.05447387695312
1533006073.694348,82688,78.9791259765625
1533006275.3106205,82816,77.09815979003906
1533006476.881216,82944,78.33866882324219
1533006878.9026206,83072,79.00086975097656
1533007080.6191504,83200,79.97561645507812
1533007282.1328394,83328,80.21418762207031
1533007483.724825,83456,78.69621276855469
1533007881.2750328,83584,82.04834747314453
1533008082.8681288,83712,77.78348541259766
1533008284.5105786,83840,79.39836120605469
1533008485.9742765,83968,77.94900512695312
1533008885.6476085,84096,78.4121322631836
1533009087.2758968,84224,80.29762268066406
1533009288.7581015,84352,80.38859558105469
1533009490.3840191,84480,79.54867553710938
1533009892.8143625,84608,77.81068420410156
1533010094.4460585,84736,79.7200927734375
1533010295.9959204,84864,79.90727996826172
1533010497.5549324,84992,80.23709869384766
1533010895.6669936,85120,80.12755584716797
1533011097.247275,85248,78.99864959716797
1533011298.7633553,85376,79.2784652709961
1533011500.233234,85504,78.50613403320312
1533011902.5679348,85632,81.57439422607422
1533012103.8474283,85760,78.72264862060547
1533012305.0827713,85888,80.46794128417969
1533012506.4347715,86016,82.97509765625
1533012905.6732469,86144,80.80350494384766
1533013107.094803,86272,79.25800323486328
1533013308.5929272,86400,80.33399200439453
1533013509.9556646,86528,81.12039947509766
1533013908.7096598,86656,81.18968200683594
1533014110.096889,86784,80.67784881591797
1533014311.5854597,86912,80.25711059570312
1533014513.0255187,87040,78.78240966796875
1533014909.4696531,87168,79.15145111083984
1533015111.0344348,87296,77.90336608886719
1533015312.5541413,87424,79.80004119873047
1533015514.2137613,87552,78.67051696777344
1533015914.5880482,87680,78.51482391357422
1533016116.070893,87808,78.89273071289062
1533016317.719169,87936,80.64192199707031
1533016519.321671,88064,81.9061508178711
1533016919.3962958,88192,79.45904541015625
1533017120.979127,88320,79.60613250732422
1533017322.5360942,88448,80.58088684082031
1533017523.9096656,88576,79.48150634765625
1533017924.9776716,88704,79.89866638183594
1533018126.2840407,88832,80.91575622558594
1533018327.693259,88960,81.99464416503906
1533018529.130738,89088,80.413330078125
1533018927.5793297,89216,81.86820983886719
1533019129.1421854,89344,79.807373046875
1533019330.6596313,89472,82.18577575683594
1533019532.3648448,89600,79.56523132324219
1533019933.1552508,89728,81.69894409179688
1533020134.6589038,89856,77.38805389404297
1533020336.2695158,89984,77.233154296875
1533020537.8669934,90112,79.057373046875
1533020935.0655985,90240,82.23291015625
1533021136.624816,90368,82.26407623291016
1533021338.207829,90496,80.59600830078125
1533021539.8536022,90624,79.04027557373047
1533021942.0342247,90752,80.09700012207031
1533022143.7310894,90880,81.27728271484375
1533022345.1652403,91008,78.74626159667969
1533022546.835007,91136,80.33277893066406
1533022946.9150138,91264,84.60589599609375
1533023148.5174217,91392,81.86837005615234
1533023350.1495924,91520,79.47013092041016
1533023551.7841296,91648,80.00062561035156
1533023950.0126193,91776,80.39259338378906
1533024151.632283,91904,81.62248229980469
1533024353.2150338,92032,80.10667419433594
1533024554.6780086,92160,79.61415100097656
1533024957.6324713,92288,83.80741119384766
1533025159.2728841,92416,79.5496597290039
1533025360.9762223,92544,82.7339096069336
1533025562.5337017,92672,78.08108520507812
1533025963.048805,92800,80.36139678955078
1533026164.577205,92928,82.02340698242188
1533026366.0501642,93056,82.81417083740234
1533026567.4569976,93184,81.37135314941406
1533026967.8686006,93312,81.45459747314453
1533027169.460297,93440,80.41201782226562
1533027371.0739195,93568,82.18679809570312
1533027572.6498644,93696,80.40193176269531
1533027973.8916016,93824,80.10294342041016
1533028175.4117386,93952,84.23400115966797
1533028376.98372,94080,81.50192260742188
1533028578.4772286,94208,80.91793823242188
1533028980.6250658,94336,82.95586395263672
1533029182.1975248,94464,80.62030792236328
1533029383.6379914,94592,79.70572662353516
1533029585.0939238,94720,79.5066146850586
1533029987.960968,94848,83.16167449951172
1533030189.4834423,94976,83.19390106201172
1533030390.9339216,95104,83.98699188232422
1533030592.4313805,95232,81.4460220336914
1533030993.8147697,95360,81.3631591796875
1533031195.3656495,95488,81.2291488647461
1533031396.9578881,95616,81.85742950439453
1533031598.6004612,95744,81.92789459228516
1533032000.9630904,95872,79.74999237060547
1533032202.6485085,96000,81.69886016845703
1533032404.2527738,96128,84.82814025878906
1533032605.850503,96256,83.78465270996094
1533033008.5695782,96384,80.67237091064453
1533033209.7852414,96512,85.2747802734375
1533033411.3726258,96640,82.54898071289062
1533033612.8268428,96768,84.06753540039062
1533034015.0190656,96896,84.2314224243164
1533034216.5468323,97024,82.17631530761719
1533034418.212436,97152,83.67876434326172
1533034619.726318,97280,79.19471740722656
1533035019.571757,97408,84.53459930419922
1533035221.164953,97536,81.46136474609375
