wall_time,step,value
1531088644.4087906,512,366.4644775390625
1531088922.988672,1024,302.3633728027344
1531089204.0158157,1536,308.97882080078125
1531089482.8794248,2048,320.9483642578125
1531089761.234796,2560,269.7192077636719
1531090041.495718,3072,282.44989013671875
1531090320.3000393,3584,279.73760986328125
1531090599.3208606,4096,279.6367492675781
1531090878.0967577,4608,260.22967529296875
1531091158.8225753,5120,261.532470703125
1531091438.5337076,5632,254.60121154785156
1531091718.572464,6144,260.78369140625
1531091998.4262724,6656,258.468505859375
1531092277.9844613,7168,258.2619323730469
1531092558.6135085,7680,253.30873107910156
1531092838.2875516,8192,246.37181091308594
1531093117.8313043,8704,245.18370056152344
1531093397.9503856,9216,248.12860107421875
1531093677.6802292,9728,237.6710968017578
1531093958.8910866,10240,243.75474548339844
1531094238.1809752,10752,232.2432403564453
1531094518.94427,11264,236.76181030273438
1531094799.324356,11776,239.0171661376953
1531095080.069414,12288,237.8959503173828
1531095360.1507273,12800,230.7703094482422
1531095640.4160051,13312,229.52601623535156
1531095920.7777376,13824,230.51141357421875
1531096201.4694848,14336,229.4142303466797
1531096482.8564677,14848,231.34849548339844
1531096762.0749712,15360,220.0426025390625
1531097042.4380813,15872,221.77728271484375
1531097323.4934523,16384,221.46607971191406
1531097604.5404432,16896,213.79396057128906
1531097884.9114237,17408,219.7498779296875
1531098164.6735017,17920,230.5957794189453
1531098446.5893197,18432,229.3931427001953
1531098728.760451,18944,225.27789306640625
1531099009.256484,19456,225.6166534423828
1531099290.9708707,19968,227.5585174560547
1531099573.4622674,20480,220.33633422851562
1531099853.542827,20992,223.7481231689453
1531100135.1646235,21504,227.52764892578125
1531100416.5372686,22016,219.96279907226562
1531100698.3476999,22528,215.697021484375
1531100979.2831266,23040,222.9080352783203
1531101262.4160993,23552,216.8628692626953
1531101543.3122373,24064,218.61940002441406
1531101825.3115232,24576,217.79701232910156
1531102106.5190253,25088,205.9369659423828
1531102388.491684,25600,206.8049774169922
1531102670.2963595,26112,209.01898193359375
1531102951.7502208,26624,208.54713439941406
1531103233.4822826,27136,195.95626831054688
1531103515.2511823,27648,197.11534118652344
1531103796.7377634,28160,199.24754333496094
1531104079.364841,28672,199.2760467529297
1531104360.2167935,29184,204.38287353515625
1531104642.489592,29696,196.4745330810547
1531104925.3457975,30208,202.90696716308594
1531105206.4009144,30720,202.12562561035156
1531105488.9913092,31232,199.36892700195312
1531105770.0337486,31744,198.91053771972656
1531106051.4254951,32256,208.0513153076172
1531106333.974216,32768,201.42669677734375
1531106616.967163,33280,198.10166931152344
1531106898.2077835,33792,191.8173828125
1531107179.9471505,34304,191.34820556640625
1531107461.6111507,34816,203.25514221191406
1531107743.1680946,35328,190.4437713623047
1531108024.893391,35840,198.81472778320312
1531108306.3964243,36352,210.62716674804688
1531108588.6379888,36864,213.31903076171875
1531108870.2572117,37376,212.62506103515625
1531109153.7896826,37888,212.4276123046875
1531109436.6497586,38400,208.4905242919922
1531314792.032815,39424,217.35813903808594
1531315066.8098276,39936,212.80105590820312
1531315341.3356366,40448,219.7953643798828
1531315615.281575,40960,226.42440795898438
1531315892.097508,41472,219.74569702148438
1531316167.3310707,41984,239.23043823242188
1531316442.6224535,42496,229.57275390625
1531316717.6970394,43008,230.023681640625
1531316992.5818446,43520,222.10743713378906
1531317269.4460812,44032,218.53729248046875
1531317545.9749818,44544,215.26882934570312
1531317821.9565988,45056,217.7540740966797
1531318098.113307,45568,219.07029724121094
1531318374.4578934,46080,224.7875518798828
1531318650.778484,46592,234.9257049560547
1531318927.2726374,47104,217.6424102783203
1531319204.0694442,47616,227.76327514648438
1531319480.6237044,48128,234.0377655029297
1531319758.5447528,48640,243.82037353515625
1531320034.5589232,49152,237.90708923339844
1531320310.8201413,49664,232.21397399902344
1531341732.7034416,50688,234.5631561279297
1531342008.79166,51200,224.48399353027344
1531342285.0178385,51712,222.6689910888672
1531342560.9634333,52224,230.32733154296875
1531342837.954212,52736,230.8175048828125
1531343115.1723285,53248,223.955322265625
1531343390.7477818,53760,231.26983642578125
1531343667.3001375,54272,233.61795043945312
1531343943.796503,54784,238.11827087402344
1531344221.362777,55296,241.55718994140625
1531344496.7754369,55808,238.9420623779297
1531344772.1917572,56320,232.080078125
1531345049.10562,56832,237.85946655273438
1531345325.0200045,57344,241.93466186523438
1531345602.1617572,57856,233.5084991455078
1531345878.4190853,58368,241.1400146484375
1531346154.094108,58880,234.17750549316406
1531346429.9050236,59392,242.34136962890625
1531346705.7824502,59904,236.8130340576172
1531346982.3920286,60416,233.0192413330078
1531347258.5515864,60928,238.0052032470703
1531347534.431842,61440,236.1073455810547
1531347811.469341,61952,222.29209899902344
1531348088.4557767,62464,234.08946228027344
1531348365.4225383,62976,242.71141052246094
1531348643.346138,63488,241.56480407714844
1531348921.0933762,64000,248.2700958251953
1531349198.0659468,64512,240.9138641357422
1531349475.1381183,65024,243.78988647460938
1531349753.7432597,65536,230.7138214111328
1531350032.8734047,66048,244.01922607421875
1531350311.5376298,66560,235.7139129638672
1531350589.1933422,67072,225.02886962890625
1531350868.12695,67584,239.90843200683594
1531351146.179191,68096,232.90174865722656
1531351423.7988899,68608,238.2930908203125
1531351702.9112031,69120,232.2256317138672
1531352745.8287554,70144,232.1504364013672
1531353020.232995,70656,240.6785125732422
1531353295.9438415,71168,235.80584716796875
1531353572.0911403,71680,237.5832977294922
1531353849.2074065,72192,231.8218536376953
1531354125.8226624,72704,228.66656494140625
1531354403.0881572,73216,232.25393676757812
1531354679.7291093,73728,233.87086486816406
1531354957.1200736,74240,225.1736297607422
1531355233.8251014,74752,234.20709228515625
1531355509.4253612,75264,229.4060516357422
1531355786.5038462,75776,235.14649963378906
1531356063.3484974,76288,242.9991455078125
1531356340.7052958,76800,236.90625
1531356617.1229024,77312,230.98809814453125
1531356893.5331864,77824,242.8116912841797
1531357169.4782665,78336,245.76820373535156
1531357447.3266659,78848,243.82388305664062
1531357725.4512794,79360,242.24786376953125
1531358002.0089252,79872,253.0574951171875
1531358280.409493,80384,241.2102813720703
1531358557.633911,80896,238.0211639404297
1531358834.7168934,81408,240.55982971191406
1531359112.8859766,81920,239.35086059570312
1531359389.9625192,82432,244.4619903564453
1531359667.3705616,82944,242.52915954589844
1531359946.304018,83456,242.31773376464844
1531360223.6280997,83968,249.3138885498047
1531360500.7163777,84480,239.75112915039062
1531360779.2521973,84992,236.78529357910156
1531361055.876965,85504,238.11962890625
1531361333.3219323,86016,235.77601623535156
1531361610.6128945,86528,235.81072998046875
1531361889.572209,87040,240.51739501953125
1531362167.586788,87552,245.57859802246094
1531362446.59562,88064,245.42164611816406
1531362724.7157962,88576,244.07286071777344
1531363002.7130067,89088,241.11318969726562
1531363280.7913299,89600,243.7803955078125
1531363558.746793,90112,247.15634155273438
1531363836.4972458,90624,246.71475219726562
1531364114.2069151,91136,244.1377716064453
1531364392.6989217,91648,244.1985321044922
1531364670.1696053,92160,245.689453125
1531364948.1953142,92672,246.71595764160156
1531365227.6057007,93184,247.51251220703125
1531365504.9057336,93696,243.8972625732422
1531365782.1646001,94208,240.7304229736328
1531366059.8003452,94720,249.58700561523438
1531366338.660382,95232,259.7588806152344
1531366616.9180024,95744,249.84716796875
1531366894.444594,96256,248.4508514404297
1531367172.839844,96768,247.8969268798828
1531367450.8576422,97280,241.30389404296875
