wall_time,step,value
1533211177.336974,128,24.391864776611328
1533211558.7430804,256,19.733882904052734
1533211940.2320952,384,14.932465553283691
1533212321.9739635,512,13.70712947845459
1533213175.2787695,640,11.36070728302002
1533213556.7451742,768,12.400218963623047
1533213938.1974528,896,10.355695724487305
1533214319.6407688,1024,11.174981117248535
1533215203.3044105,1152,13.766606330871582
1533215584.9345284,1280,12.332293510437012
1533215966.5117302,1408,11.839789390563965
1533216348.0910501,1536,11.882923126220703
1533217205.7623966,1664,12.183277130126953
1533217587.6070008,1792,10.902946472167969
1533217969.4758205,1920,12.28661823272705
1533218351.4149313,2048,11.419876098632812
1533219198.944644,2176,11.39150333404541
1533219580.403079,2304,11.38607406616211
1533219961.9856474,2432,11.170350074768066
1533220343.5028884,2560,11.573752403259277
1533221197.0835652,2688,10.303755760192871
1533221578.657773,2816,11.630674362182617
1533221960.284486,2944,12.587048530578613
1533222341.978795,3072,10.497441291809082
1533223183.6957047,3200,11.197787284851074
1533223565.370452,3328,11.782753944396973
1533223947.1425653,3456,10.69661808013916
1533224328.716425,3584,10.679444313049316
1533225166.5953968,3712,10.871413230895996
1533225548.2615356,3840,11.99512767791748
1533225929.9600036,3968,10.432576179504395
1533226311.5272765,4096,10.250332832336426
1533227154.1811244,4224,10.874173164367676
1533227535.6860845,4352,10.449524879455566
1533227917.2951581,4480,10.847414016723633
1533228298.9095485,4608,10.031890869140625
1533229144.1224835,4736,10.735549926757812
1533229525.3159137,4864,10.013537406921387
1533229906.7886488,4992,10.652586936950684
1533230288.3324447,5120,10.288398742675781
1533231118.927822,5248,9.864908218383789
1533231500.2738776,5376,9.53920841217041
1533231881.6456618,5504,9.791764259338379
1533232263.2171676,5632,9.899843215942383
1533233088.3830175,5760,9.824663162231445
1533233470.0686574,5888,11.00199031829834
1533233851.674485,6016,11.958024024963379
1533234233.107794,6144,10.377252578735352
1533235055.981116,6272,10.088190078735352
1533235437.6041596,6400,9.44976806640625
1533235819.1813464,6528,10.47602653503418
1533236200.7641523,6656,10.724900245666504
1533237027.8791487,6784,9.768200874328613
1533237409.4963515,6912,9.6084566116333
1533237791.2415707,7040,9.638985633850098
1533238172.8202896,7168,10.859875679016113
1533238988.4427822,7296,9.916021347045898
1533239370.2850673,7424,9.76464557647705
1533239752.0884073,7552,10.455918312072754
1533240134.06787,7680,9.943832397460938
1533240951.2346864,7808,9.6900053024292
1533241332.8577287,7936,9.378952980041504
1533241714.542356,8064,9.380600929260254
1533242096.402725,8192,10.703717231750488
1533242926.6921961,8320,8.967780113220215
1533243308.470959,8448,9.91943645477295
1533243690.2747886,8576,9.547162055969238
1533244072.1429102,8704,10.04987907409668
1533244887.4024842,8832,9.515758514404297
1533245269.1299436,8960,10.314194679260254
1533245651.0689828,9088,9.661285400390625
1533246032.9940388,9216,9.716906547546387
1533246853.3334434,9344,9.892380714416504
1533247235.1736698,9472,9.140432357788086
1533247617.0153098,9600,9.668111801147461
1533247998.853133,9728,9.518342971801758
1533248828.064985,9856,9.551299095153809
1533249209.8985863,9984,9.874894142150879
1533249591.7932339,10112,11.220625877380371
1533249973.6069713,10240,10.0711088180542
1533250798.9958,10368,10.463763236999512
1533251180.8142414,10496,10.264531135559082
1533251562.5649226,10624,9.802226066589355
1533251944.3895206,10752,9.519640922546387
1533252767.570043,10880,10.069744110107422
1533253149.3304782,11008,9.442399978637695
1533253531.0090427,11136,9.683903694152832
1533253912.7644958,11264,9.368194580078125
1533254745.1079526,11392,9.641114234924316
1533255126.8929892,11520,9.726859092712402
1533255508.6941905,11648,10.378292083740234
1533255890.3843067,11776,9.749074935913086
1533256714.1165762,11904,9.736637115478516
1533257095.876944,12032,9.867413520812988
1533257477.7186103,12160,11.03647518157959
1533257859.5061295,12288,10.0927095413208
1533258699.4092798,12416,9.300578117370605
1533259081.323648,12544,10.224527359008789
1533259463.2585669,12672,9.504439353942871
1533259845.137329,12800,9.598006248474121
1533260677.9108996,12928,9.433918952941895
1533261059.7866645,13056,10.75551700592041
1533261441.6666372,13184,9.990476608276367
1533261823.4358099,13312,9.81877326965332
1533262651.4256794,13440,10.37386703491211
1533263033.1601312,13568,10.112247467041016
1533263414.77979,13696,9.450166702270508
1533263796.4455698,13824,9.518491744995117
1533264632.0792272,13952,9.759462356567383
1533265013.7437224,14080,9.964675903320312
1533265395.3196054,14208,9.354654312133789
1533265777.0113664,14336,9.571722030639648
1533266608.4266307,14464,9.45516586303711
1533266989.77963,14592,9.654468536376953
1533267371.0873723,14720,10.412853240966797
1533267752.2586899,14848,9.501480102539062
1533268557.1081686,14976,9.47193717956543
1533268938.7098558,15104,9.224132537841797
1533269320.2806723,15232,9.445841789245605
1533269701.9719555,15360,9.832223892211914
1533270524.2343714,15488,10.138574600219727
1533270905.8298604,15616,9.6287841796875
1533271287.388093,15744,9.3451566696167
1533271668.9992292,15872,9.693994522094727
1533272485.2898993,16000,9.451897621154785
1533272867.095674,16128,9.891349792480469
1533273248.996299,16256,9.625044822692871
1533273630.7259297,16384,9.30438232421875
1533274460.995701,16512,9.699690818786621
1533274842.3899674,16640,9.721942901611328
1533275223.9614193,16768,9.959735870361328
1533275605.4599497,16896,9.473889350891113
1533276429.198018,17024,9.543689727783203
1533276810.771781,17152,9.152422904968262
1533277192.2706547,17280,10.687326431274414
1533277573.9034405,17408,9.875724792480469
1533278382.0082355,17536,9.452610969543457
1533278763.4983468,17664,9.399931907653809
1533279145.0007372,17792,9.894451141357422
1533279526.3477268,17920,10.506505966186523
1533280343.1767151,18048,9.494037628173828
1533280724.8451679,18176,10.211432456970215
1533281106.5488856,18304,9.574392318725586
1533281488.3744092,18432,9.2068510055542
1533282306.2709308,18560,9.047204971313477
1533282688.2404835,18688,9.498703002929688
1533283070.140355,18816,9.485844612121582
1533283452.0300252,18944,10.342676162719727
1533284260.8896964,19072,10.15648078918457
1533284642.6635008,19200,9.961641311645508
1533285024.5964296,19328,9.445333480834961
1533285406.4633465,19456,9.71609878540039
1533286216.759203,19584,10.594710350036621
1533286598.6810079,19712,10.444700241088867
1533286980.7797184,19840,9.916332244873047
1533287362.7776682,19968,9.63912296295166
1533288186.0428853,20096,9.51308822631836
1533288567.8422792,20224,9.810986518859863
1533288949.9179194,20352,9.849398612976074
1533289331.7789683,20480,9.550113677978516
1533290147.321538,20608,9.538546562194824
1533290529.2783554,20736,9.736085891723633
1533290911.1109354,20864,9.297849655151367
1533291292.8860822,20992,9.359519004821777
1533292102.8129404,21120,9.494914054870605
1533292484.7524939,21248,9.416121482849121
1533292866.7464335,21376,9.726855278015137
1533293248.735071,21504,9.834712028503418
1533294061.2502398,21632,9.736995697021484
1533294443.178832,21760,9.617791175842285
1533294824.929933,21888,9.857023239135742
1533295206.813861,22016,9.826287269592285
1533296028.4854882,22144,10.1788911819458
1533296410.2384946,22272,9.713774681091309
1533296791.8605175,22400,10.222739219665527
1533297173.6098444,22528,9.61224365234375
1533297981.0764713,22656,9.293647766113281
1533298362.6578,22784,9.798439025878906
1533298744.2321231,22912,9.600748062133789
1533299125.788795,23040,9.277189254760742
1533299923.2126405,23168,9.482203483581543
1533300304.801557,23296,9.364255905151367
1533300686.4425445,23424,9.439180374145508
1533301068.0782478,23552,10.046792984008789
1533301894.522327,23680,9.72962474822998
1533302276.303315,23808,9.097301483154297
1533302658.1270843,23936,9.518891334533691
1533303039.7293735,24064,9.48579216003418
1533303863.4296877,24192,9.499127388000488
1533304245.29968,24320,10.446208000183105
1533304627.26794,24448,10.055845260620117
1533305009.1142216,24576,9.579290390014648
1533305831.54099,24704,9.522993087768555
1533306213.2580955,24832,9.217918395996094
1533306595.1113236,24960,9.625166893005371
1533306976.9144955,25088,9.956822395324707
1533307794.3330781,25216,9.187294960021973
1533308176.3267565,25344,10.872641563415527
1533308558.1562073,25472,9.757378578186035
1533308940.0566058,25600,9.66201114654541
1533309763.8723335,25728,9.734818458557129
1533310145.6900575,25856,10.00182056427002
1533310527.5257087,25984,10.093544006347656
1533310909.4510903,26112,9.680225372314453
1533311731.3589327,26240,9.811620712280273
1533312113.474153,26368,10.135581016540527
1533312495.4442692,26496,9.84811782836914
1533312877.3674107,26624,9.920863151550293
1533313690.6242208,26752,9.843635559082031
1533314072.457036,26880,9.938502311706543
1533314454.294246,27008,9.673206329345703
1533314835.9909766,27136,10.084446907043457
1533315664.2595034,27264,9.577041625976562
1533316046.3291714,27392,10.748289108276367
1533316428.2686007,27520,9.919719696044922
1533316810.266533,27648,9.969795227050781
1533317633.47526,27776,10.264206886291504
1533318015.4160595,27904,10.974403381347656
1533318397.222512,28032,10.138347625732422
1533318779.000971,28160,9.467031478881836
1533319603.1381013,28288,10.361988067626953
1533319984.8648906,28416,9.88728141784668
1533320366.6412125,28544,9.48923110961914
1533320748.3844101,28672,9.0650634765625
1533321569.697241,28800,10.588114738464355
1533321951.6613998,28928,10.741033554077148
1533322333.504798,29056,9.997076034545898
1533322715.4458692,29184,10.756499290466309
1533552826.2068899,29312,9.940886497497559
1533553207.745215,29440,9.8280611038208
1533553589.281396,29568,9.42679214477539
1533553970.8162634,29696,9.896742820739746
1533554775.6512926,29824,9.779109001159668
1533555157.1391592,29952,10.578064918518066
1533555538.591775,30080,9.502906799316406
1533555920.219455,30208,9.758407592773438
1533556740.725794,30336,9.290353775024414
1533557122.1744244,30464,9.452645301818848
1533557503.479719,30592,9.802523612976074
1533557885.2391908,30720,10.1988525390625
1533558699.7383614,30848,9.623453140258789
1533559081.183233,30976,9.797321319580078
1533559462.6156056,31104,10.018716812133789
1533559843.8745823,31232,9.639932632446289
1533560669.9177136,31360,9.230982780456543
1533561051.7345707,31488,9.662117004394531
1533561433.3917959,31616,9.899103164672852
1533561815.2140298,31744,10.343823432922363
1533562624.6508203,31872,10.559714317321777
1533563006.2873135,32000,10.52781867980957
1533563387.9594316,32128,9.17506217956543
1533563769.7130194,32256,9.986202239990234
1533564595.3835583,32384,10.310297012329102
1533564977.1217256,32512,10.343345642089844
1533565358.5979197,32640,10.205174446105957
1533565740.2309515,32768,9.789335250854492
1533566552.6767392,32896,9.911029815673828
1533566934.3883934,33024,9.748472213745117
1533567316.037011,33152,9.70846176147461
1533567697.706674,33280,9.492841720581055
1533568538.5145133,33408,9.764756202697754
1533568920.2636328,33536,9.432467460632324
1533569301.7907143,33664,10.766168594360352
1533569683.4244177,33792,9.710370063781738
1533570502.335464,33920,9.360222816467285
1533570884.0225625,34048,9.541366577148438
1533571265.67123,34176,9.72436809539795
1533571647.141051,34304,10.265616416931152
1533572472.5812793,34432,9.413893699645996
1533572854.2760725,34560,9.726655006408691
1533573235.9468558,34688,10.01587963104248
1533573617.6137536,34816,9.756462097167969
1533574445.5406108,34944,9.636895179748535
1533574827.0635471,35072,9.694368362426758
1533575208.619107,35200,10.081779479980469
1533575590.1888902,35328,10.196697235107422
1533576423.1860023,35456,9.720846176147461
1533576804.5121965,35584,10.068488121032715
1533577186.1444402,35712,10.02759075164795
1533577567.5184717,35840,10.031839370727539
1533578400.8999996,35968,9.70030689239502
1533578782.6730816,36096,9.890844345092773
1533579164.4949813,36224,9.263026237487793
1533579546.2688992,36352,9.966872215270996
1533580375.0923126,36480,9.579007148742676
1533580756.4996004,36608,10.060237884521484
1533581138.0474746,36736,10.971649169921875
1533581519.5313408,36864,9.418177604675293
1533582359.2188234,36992,9.640830993652344
1533582741.050292,37120,10.171180725097656
1533583122.9225643,37248,9.986309051513672
1533583504.6347458,37376,9.859801292419434
1533584330.8233316,37504,9.622857093811035
1533584712.7729735,37632,9.156684875488281
1533585094.718755,37760,9.717055320739746
1533585476.6473105,37888,10.246200561523438
1533586298.366267,38016,10.047821044921875
1533586680.214535,38144,9.493757247924805
1533587062.0521755,38272,10.088443756103516
1533587443.9855542,38400,11.107563018798828
1533588267.1786523,38528,9.48597240447998
1533588648.8095548,38656,9.58410358428955
1533589030.495214,38784,9.70501708984375
1533589412.3179307,38912,9.97307014465332
1533590247.0133362,39040,10.975625038146973
1533590628.9602804,39168,9.481304168701172
1533591010.8342414,39296,9.283916473388672
1533591392.7190251,39424,9.613692283630371
1533592204.1446757,39552,10.319120407104492
1533592585.968044,39680,9.729229927062988
1533592967.7642803,39808,9.615745544433594
1533593349.6876912,39936,9.336381912231445
1533594168.6998508,40064,10.153589248657227
1533594550.3409827,40192,9.824601173400879
1533594932.1571867,40320,9.258125305175781
1533595313.8562665,40448,9.471418380737305
1533596133.7134337,40576,9.565885543823242
1533596515.5916293,40704,9.81666374206543
1533596897.3001795,40832,9.445854187011719
1533597279.049714,40960,9.528573036193848
1533598111.8486586,41088,9.673050880432129
1533598493.672498,41216,9.769970893859863
1533598875.5020225,41344,9.61925220489502
1533599257.3139265,41472,9.363940238952637
1533600079.196962,41600,9.991847038269043
1533600460.867256,41728,9.746569633483887
1533600842.7298954,41856,9.782716751098633
1533601224.563109,41984,9.583897590637207
1533602045.334073,42112,9.776799201965332
1533602427.139889,42240,9.685918807983398
1533602808.8195262,42368,9.10690975189209
1533603190.716702,42496,9.581841468811035
1533604014.9711998,42624,9.501017570495605
1533604396.65774,42752,9.841835975646973
1533604778.5058484,42880,9.524361610412598
1533605160.305241,43008,9.855942726135254
1533605991.112933,43136,9.73332405090332
1533606373.1660223,43264,9.661092758178711
1533606755.1185584,43392,10.38776969909668
1533607137.0552483,43520,9.89835262298584
1533607972.3509898,43648,9.892953872680664
1533608354.0120003,43776,9.300622940063477
1533608735.7960863,43904,9.551656723022461
1533609117.5640771,44032,9.282087326049805
1533609940.0471587,44160,9.404712677001953
1533610321.6942844,44288,9.558799743652344
1533610703.627681,44416,9.62782096862793
1533611085.553074,44544,10.548698425292969
1533611928.0152082,44672,9.973092079162598
1533612309.8140388,44800,9.669061660766602
1533612691.5533607,44928,10.498429298400879
1533613073.2829509,45056,9.652841567993164
1533613915.6679735,45184,10.263238906860352
1533614297.4144785,45312,9.442073822021484
1533614679.0758486,45440,9.889098167419434
1533615060.8059487,45568,9.262989044189453
1533615891.232511,45696,9.692953109741211
1533616273.1274948,45824,9.422893524169922
1533616655.2685175,45952,9.988425254821777
1533617037.2314503,46080,9.774322509765625
1533617869.3859618,46208,9.493489265441895
1533618250.9884593,46336,9.331316947937012
1533618632.6400723,46464,9.464887619018555
1533619014.1925046,46592,9.483270645141602
1533619848.1602175,46720,10.316325187683105
1533620229.7813578,46848,9.791888236999512
1533620611.3432128,46976,9.321416854858398
1533620992.953382,47104,9.320460319519043
1533621814.5207458,47232,9.950969696044922
1533622196.1485655,47360,9.657275199890137
1533622577.6456308,47488,9.280488014221191
1533622959.3039174,47616,10.15249252319336
1533623791.2768514,47744,9.393325805664062
1533624173.0860844,47872,9.482044219970703
1533624554.7979443,48000,9.481230735778809
1533624936.5894716,48128,9.313844680786133
1533625773.154648,48256,10.204347610473633
1533626154.8313205,48384,10.575216293334961
1533626536.543873,48512,9.43893814086914
1533626918.2351832,48640,9.51379680633545
1533627751.5144331,48768,9.641748428344727
1533628133.4260373,48896,10.043334007263184
1533628515.2231674,49024,10.923768997192383
1533628897.0059884,49152,10.216517448425293
1533629729.2712913,49280,9.294651985168457
1533630111.5064569,49408,9.606492042541504
1533630493.7342865,49536,9.780267715454102
1533630876.0229225,49664,9.43159294128418
1533631697.874533,49792,9.56470012664795
1533632079.6628258,49920,10.44650650024414
1533632461.5483978,50048,9.853933334350586
1533632843.4426265,50176,9.494723320007324
1533633675.547624,50304,9.883156776428223
1533634057.4923937,50432,10.594625473022461
1533634439.3355632,50560,9.654731750488281
1533634821.272851,50688,9.487462997436523
1533635649.4407046,50816,10.017362594604492
1533636031.296084,50944,9.511700630187988
1533636413.1327538,51072,10.723925590515137
1533636794.8846152,51200,9.727323532104492
1533637627.717072,51328,10.061433792114258
1533638009.4312124,51456,9.581389427185059
1533638391.3713582,51584,9.580495834350586
1533638773.3445597,51712,9.706443786621094
1533639622.4183118,51840,10.066207885742188
1533640004.3552322,51968,9.838335990905762
1533640386.1779737,52096,9.89056396484375
1533640768.1566803,52224,9.332364082336426
1533641599.3837035,52352,9.333720207214355
1533641981.4158409,52480,9.500452995300293
1533642363.2862177,52608,10.39599895477295
1533642745.339854,52736,9.601103782653809
1533643594.5338824,52864,10.130575180053711
1533643976.2873511,52992,9.413665771484375
1533644358.272519,53120,9.16238784790039
1533644740.2533576,53248,10.099799156188965
1533645577.7055714,53376,10.244552612304688
1533645959.5330496,53504,9.4873685836792
1533646341.4906268,53632,9.925277709960938
1533646723.3105145,53760,10.018741607666016
1533647559.1454408,53888,9.464523315429688
1533647940.8528514,54016,9.30105209350586
1533648322.658872,54144,10.760326385498047
1533648704.4111345,54272,9.075217247009277
1533649547.7001734,54400,9.656379699707031
1533649929.3021312,54528,10.310920715332031
1533650311.0171742,54656,9.750788688659668
1533650692.7988808,54784,9.377426147460938
1533651535.9615526,54912,9.394774436950684
1533651917.8130336,55040,9.422135353088379
1533652299.6385696,55168,9.51651382446289
1533652681.4711206,55296,9.275564193725586
1533653526.037457,55424,9.052179336547852
1533653907.8637466,55552,9.64802360534668
1533654289.867982,55680,10.70158576965332
1533654671.8069315,55808,10.172001838684082
1533655516.250998,55936,10.386567115783691
1533655898.3812013,56064,9.51181697845459
1533656280.4919155,56192,9.830282211303711
1533656662.4321551,56320,11.049287796020508
1533657492.350189,56448,9.170367240905762
1533657874.3857765,56576,10.116690635681152
1533658256.2874236,56704,9.674986839294434
1533658638.2130778,56832,9.738874435424805
1533659477.4336958,56960,9.608227729797363
1533659859.3458016,57088,9.468267440795898
1533660241.254438,57216,9.213151931762695
1533660623.1293015,57344,10.368735313415527
1533661456.7210782,57472,9.406572341918945
1533661838.6479511,57600,9.569876670837402
1533662220.524107,57728,10.020027160644531
1533662602.4155083,57856,9.777284622192383
1533663433.4607835,57984,9.756606101989746
1533663815.244619,58112,9.435701370239258
1533664197.0149746,58240,10.380990028381348
1533664578.7375922,58368,10.145040512084961
1533665433.833846,58496,10.282857894897461
1533665815.5388417,58624,9.714239120483398
1533666197.4857042,58752,9.835628509521484
1533666579.3750832,58880,9.837220191955566
1533667443.9549105,59008,10.131782531738281
1533667825.790628,59136,9.456841468811035
1533668207.6484623,59264,9.52849006652832
1533668589.5071115,59392,9.11756420135498
1533673245.1227112,59520,9.694742202758789
1533673626.6089437,59648,10.773480415344238
1533674007.9821565,59776,10.522890090942383
1533674389.5589976,59904,9.576621055603027
1533675237.0579185,60032,9.478656768798828
1533675618.64577,60160,10.057085037231445
1533676000.2277095,60288,9.414371490478516
1533676381.7573447,60416,9.356291770935059
1533677221.6357484,60544,9.609184265136719
1533677603.2859838,60672,9.193249702453613
1533677984.8317242,60800,10.298824310302734
1533678366.5193975,60928,9.404650688171387
1533679200.1267085,61056,9.80652141571045
1533679581.7348788,61184,10.022159576416016
1533679963.1045115,61312,9.486255645751953
1533680344.6317332,61440,9.818305969238281
1533681179.0173936,61568,9.235278129577637
1533681560.5152528,61696,9.214948654174805
1533681942.1805935,61824,10.027088165283203
1533682323.8826706,61952,9.843271255493164
1533683172.6774583,62080,9.488687515258789
1533683554.23728,62208,9.874906539916992
1533683935.9241781,62336,9.691646575927734
1533684317.6891816,62464,10.82341194152832
1533685176.625091,62592,10.023481369018555
1533685558.2463555,62720,11.364642143249512
1533685939.877779,62848,9.884695053100586
1533686321.4466329,62976,9.603833198547363
1533687164.1776206,63104,9.413634300231934
1533687546.0885606,63232,10.231144905090332
1533687927.767035,63360,9.722579002380371
1533688309.6304886,63488,9.591257095336914
1533689151.0220487,63616,9.724441528320312
1533689532.7489552,63744,9.546442031860352
1533689914.286153,63872,9.365884780883789
1533690295.8965664,64000,9.275066375732422
1533691149.0407252,64128,9.825011253356934
1533691530.7164936,64256,10.420763969421387
1533691912.3097115,64384,10.194531440734863
1533692293.8443544,64512,10.124465942382812
1533693131.8910723,64640,9.706974983215332
1533693513.6922493,64768,10.019851684570312
1533693895.4045804,64896,9.549342155456543
1533694277.1244924,65024,9.878586769104004
1533695116.5520182,65152,9.427824020385742
1533695498.2156026,65280,9.984456062316895
1533695879.818827,65408,9.506512641906738
1533696261.3249977,65536,9.390185356140137
1533697101.5049543,65664,9.392620086669922
1533697483.080074,65792,9.819445610046387
1533697864.654008,65920,9.087502479553223
1533698246.2184608,66048,10.569461822509766
1533699085.7096567,66176,9.418017387390137
1533699467.1585472,66304,10.911931991577148
1533699848.645803,66432,9.267533302307129
1533700230.2682695,66560,9.47702693939209
1533701082.803054,66688,11.12330436706543
1533701464.2946358,66816,9.986669540405273
1533701845.8769755,66944,10.114574432373047
1533702227.4418323,67072,9.86430835723877
1533703081.204866,67200,10.77132797241211
1533703463.0254912,67328,9.55593204498291
1533703845.0060117,67456,9.785873413085938
1533704226.914178,67584,9.619368553161621
1533705068.9269218,67712,9.414782524108887
1533705450.8300333,67840,10.352752685546875
1533705832.6541312,67968,11.528971672058105
1533706214.230905,68096,9.608195304870605
1533707054.1659873,68224,9.528827667236328
1533707435.8986795,68352,11.028580665588379
1533707817.6924763,68480,10.046065330505371
1533708199.4033885,68608,10.825989723205566
1533709054.7748258,68736,9.71403694152832
1533709436.627907,68864,9.648509979248047
1533709818.4035685,68992,9.764779090881348
1533710200.3918967,69120,9.6898193359375
1533711064.9438398,69248,10.056528091430664
1533711446.9637694,69376,10.579507827758789
1533711829.0125802,69504,10.022159576416016
1533712211.1527278,69632,9.923420906066895
1533713066.9924498,69760,9.852684020996094
1533713448.718742,69888,10.400392532348633
1533713830.6325197,70016,9.855443000793457
1533714212.3997898,70144,9.297066688537598
1533715076.9962854,70272,9.598432540893555
1533715459.0492074,70400,9.443631172180176
1533715841.2939012,70528,9.155654907226562
1533716223.572491,70656,9.16819953918457
1533717072.5666947,70784,9.804616928100586
1533717454.7551017,70912,9.405691146850586
1533717836.7414224,71040,9.422868728637695
1533718218.70256,71168,10.445240020751953
1533719086.1113636,71296,9.951956748962402
1533719468.3039925,71424,11.184603691101074
1533719850.4273517,71552,9.456954956054688
1533720232.5983303,71680,10.266289710998535
1533721087.4193983,71808,9.627487182617188
1533721469.3004632,71936,9.788320541381836
1533721851.2382267,72064,9.710776329040527
1533722232.9518611,72192,9.241682052612305
1533723087.7868736,72320,9.620206832885742
1533723469.5394695,72448,10.338645935058594
1533723851.2665467,72576,9.267746925354004
1533724233.0418947,72704,10.393593788146973
1533725079.9999893,72832,9.99848461151123
1533725461.7954392,72960,9.031574249267578
1533725843.5322883,73088,10.42057991027832
1533726225.2172163,73216,10.5191650390625
1533727085.9951787,73344,10.237236976623535
1533727467.713834,73472,9.547049522399902
1533727849.6333976,73600,9.552474021911621
1533728231.6648903,73728,9.801345825195312
1533729080.4868035,73856,9.61100959777832
1533729462.2060127,73984,9.503094673156738
1533729843.7120993,74112,9.640300750732422
1533730225.4572883,74240,9.691932678222656
1533731071.9095304,74368,9.486494064331055
1533731453.6431031,74496,9.51867389678955
1533731835.4327033,74624,11.744266510009766
1533732217.2561698,74752,10.3533935546875
1533733058.0216546,74880,11.004701614379883
1533733439.6319637,75008,9.652926445007324
1533733821.185528,75136,10.049751281738281
1533734202.7251475,75264,9.930060386657715
1533735040.7284229,75392,9.732097625732422
1533735422.361509,75520,10.072343826293945
1533735803.8174176,75648,9.383071899414062
1533736185.2581525,75776,9.876644134521484
1533737043.2645118,75904,9.284271240234375
1533737424.7341118,76032,9.782951354980469
1533737806.2539341,76160,9.423441886901855
1533738187.7936826,76288,10.171255111694336
1533739046.2236536,76416,10.070306777954102
1533739427.68049,76544,9.519795417785645
1533739809.2392886,76672,9.529462814331055
1533740190.8154674,76800,9.293954849243164
1533741050.9099383,76928,9.501493453979492
1533741432.5770655,77056,10.289501190185547
1533741814.1854298,77184,9.683753967285156
1533742195.6176584,77312,9.374173164367676
1533744047.303215,77440,9.662623405456543
1533744443.2074542,77568,9.758916854858398
1533744839.0906007,77696,10.028168678283691
1533745234.171209,77824,10.173652648925781
1533746085.4535575,77952,10.022911071777344
1533746467.2834125,78080,9.945980072021484
1533746849.076499,78208,9.56109619140625
1533747230.8398125,78336,9.941367149353027
1533748081.6130755,78464,9.512202262878418
1533748463.3091528,78592,9.90009880065918
1533748844.9311075,78720,9.866003036499023
1533749226.4609416,78848,9.308001518249512
1533750079.0958624,78976,9.464571952819824
1533750460.7065585,79104,9.735929489135742
1533750842.4298608,79232,10.24216079711914
1533751224.0477748,79360,10.361560821533203
1533752069.9071255,79488,9.319982528686523
1533752451.6444995,79616,10.060236930847168
1533752833.3838582,79744,9.255509376525879
1533753215.250288,79872,10.231670379638672
1533754074.0867245,80000,9.329818725585938
1533754455.6403806,80128,9.718243598937988
1533754837.3019035,80256,9.779942512512207
1533755219.054098,80384,10.137601852416992
1533756063.3265226,80512,9.923701286315918
1533756445.0000064,80640,9.6650972366333
1533756826.654694,80768,10.124628067016602
1533757208.248759,80896,10.042489051818848
1533758054.3295205,81024,9.750519752502441
1533758435.9302719,81152,10.803857803344727
1533758817.3740797,81280,10.153824806213379
1533759199.0766292,81408,10.1112060546875
1533760040.7475123,81536,9.64089584350586
1533760422.3449006,81664,10.179923057556152
1533760803.8653126,81792,9.525346755981445
1533761185.5123754,81920,9.873488426208496
1533762027.8424234,82048,9.570751190185547
1533762409.8993258,82176,9.158642768859863
1533762791.8886664,82304,9.810816764831543
1533763173.9257932,82432,10.314162254333496
1533764026.2557795,82560,10.04090690612793
1533764408.019125,82688,9.467076301574707
1533764789.6006937,82816,10.845837593078613
1533765171.2796926,82944,10.91248607635498
1533766022.6523445,83072,10.67075252532959
1533766404.1272118,83200,9.56214427947998
1533766785.4576411,83328,9.655105590820312
1533767166.9139884,83456,9.678397178649902
1533768005.6687784,83584,9.026874542236328
1533768387.2751703,83712,9.667608261108398
1533768768.9584703,83840,9.431876182556152
1533769150.4670842,83968,12.03183364868164
1533770005.612165,84096,9.140401840209961
1533770387.426656,84224,9.84221363067627
1533770769.2933385,84352,10.627167701721191
1533771151.1697412,84480,9.439469337463379
1533771999.3359036,84608,9.619647026062012
1533772381.0494502,84736,10.049108505249023
1533772762.7206652,84864,9.459226608276367
1533773144.4488246,84992,9.233783721923828
1533774008.0607789,85120,9.920641899108887
1533774389.8462088,85248,9.838459968566895
1533774771.4175704,85376,9.252137184143066
1533775153.1932476,85504,10.327973365783691
1533776005.1490319,85632,9.509434700012207
1533776387.337878,85760,9.27971363067627
1533776769.4634764,85888,9.781563758850098
1533777151.6264074,86016,10.96271800994873
1533778004.3242803,86144,9.67646598815918
1533778386.1425335,86272,9.374303817749023
1533778767.9149048,86400,10.528392791748047
1533779149.6792731,86528,9.499383926391602
1533780008.1942277,86656,10.43301010131836
1533780389.7076397,86784,9.294275283813477
1533780771.3517623,86912,10.17298698425293
1533781153.0242147,87040,9.922451972961426
1533782004.4975731,87168,9.57335090637207
1533782386.1136549,87296,9.638524055480957
1533782768.0204563,87424,10.002874374389648
1533783150.0379376,87552,9.747528076171875
1533784011.735813,87680,10.128803253173828
1533784393.502104,87808,9.727187156677246
1533784775.3546526,87936,9.789896011352539
1533785157.0698955,88064,9.68442440032959
1533786006.357322,88192,9.988203048706055
1533786388.0822766,88320,10.365741729736328
1533786769.7743602,88448,9.949566841125488
1533787151.49244,88576,9.737894058227539
1533788011.8355613,88704,9.70226764678955
1533788393.5970516,88832,9.760540962219238
1533788775.3547904,88960,9.526899337768555
1533789157.1198778,89088,9.403595924377441
1533790002.5251355,89216,9.261299133300781
1533790384.5628536,89344,9.295722961425781
1533790766.5694852,89472,10.747477531433105
1533791148.53079,89600,9.475628852844238
1533791994.3155117,89728,10.749126434326172
1533792375.8604586,89856,9.853151321411133
1533792757.3835425,89984,9.660505294799805
1533793139.0069783,90112,10.20820140838623
1533793991.3475335,90240,10.06116771697998
1533794373.0547128,90368,10.143997192382812
1533794754.6629646,90496,10.285209655761719
1533795136.338053,90624,9.582687377929688
1533795992.2065227,90752,9.603769302368164
1533796374.0240939,90880,9.715404510498047
1533796755.786337,91008,9.689108848571777
1533797137.498566,91136,9.979972839355469
1533797979.5704248,91264,11.461684226989746
1533798361.1948175,91392,10.236540794372559
1533798742.9342725,91520,9.594952583312988
1533799124.5053916,91648,9.159944534301758
1533799971.2750964,91776,9.47038459777832
1533800352.9319556,91904,9.530170440673828
1533800734.5360868,92032,9.628341674804688
1533801116.118047,92160,10.410713195800781
1533801959.3212245,92288,9.523847579956055
1533802341.0208397,92416,9.838441848754883
1533802722.601793,92544,9.33245849609375
1533803104.3004653,92672,9.230070114135742
1533803950.1040788,92800,11.136878967285156
1533804331.6417866,92928,9.85021686553955
1533804713.1214056,93056,9.88105297088623
1533805094.724342,93184,9.694483757019043
1533805938.253707,93312,10.808038711547852
1533806319.929345,93440,9.880847930908203
1533806701.5004587,93568,10.20137882232666
1533807083.1751997,93696,9.405261993408203
1533807923.5752587,93824,9.659392356872559
1533808305.126458,93952,9.991008758544922
1533808686.6869082,94080,9.84604549407959
1533809068.2443688,94208,11.390180587768555
1533809921.7597084,94336,9.90576457977295
1533810303.4922748,94464,11.046162605285645
1533810685.2629883,94592,9.515702247619629
1533811067.279799,94720,9.50253677368164
1533811915.5272913,94848,10.137431144714355
1533812296.9730623,94976,10.227827072143555
1533812678.3006654,95104,9.32569694519043
1533813059.8482528,95232,10.113356590270996
1533813904.8719592,95360,9.518433570861816
1533814286.1765583,95488,10.347089767456055
1533814667.5677366,95616,10.713174819946289
1533815048.9370475,95744,9.498902320861816
1533815898.6072824,95872,9.534565925598145
1533816279.9070306,96000,9.451906204223633
1533816661.133572,96128,9.68446159362793
1533817042.4889784,96256,9.22864818572998
1533817884.0351646,96384,9.573701858520508
1533818265.6429343,96512,9.723101615905762
1533818647.3283284,96640,9.496286392211914
1533819028.9339678,96768,11.025092124938965
1533819880.1531727,96896,9.652073860168457
1533820261.835837,97024,9.146782875061035
1533820643.547637,97152,10.851170539855957
1533821025.2811923,97280,10.362241744995117
1533821877.6922946,97408,9.673819541931152
1533822259.3842247,97536,9.702974319458008
