wall_time,step,value
1530492301.7227178,128,46.75843048095703
1530492365.6412406,256,44.20185852050781
1530492429.6051579,384,21.272964477539062
1530492493.6457996,512,15.390848159790039
1530492621.8752189,640,15.961941719055176
1530492685.938898,768,14.655012130737305
1530492749.9840589,896,14.531641960144043
1530492814.0945642,1024,11.779321670532227
1530492940.6092837,1152,11.613885879516602
1530493004.7751207,1280,12.657340049743652
1530493068.8713677,1408,11.39957332611084
1530493132.9546854,1536,12.588287353515625
1530493261.117357,1664,12.756890296936035
1530493325.084117,1792,11.24720573425293
1530493389.076472,1920,10.548290252685547
1530493453.0795538,2048,12.415182113647461
1530493580.9677038,2176,11.893782615661621
1530493645.1190124,2304,10.418811798095703
1530493709.2468226,2432,14.08342456817627
1530493773.2953043,2560,11.163108825683594
1530493900.2986207,2688,11.299492835998535
1530493964.400824,2816,12.6993408203125
1530494028.4037552,2944,13.806686401367188
1530494092.5484736,3072,11.678290367126465
1530494221.6816106,3200,12.289240837097168
1530494285.680654,3328,11.37876033782959
1530494349.6547413,3456,12.494140625
1530494413.8148358,3584,12.047224044799805
1530494541.6362975,3712,10.219273567199707
1530494605.7636945,3840,12.212581634521484
1530494669.828545,3968,11.858927726745605
1530494733.926479,4096,12.029407501220703
1530494862.5177417,4224,13.282417297363281
1530494926.5472074,4352,13.762900352478027
1530494990.5923738,4480,12.582210540771484
1530495054.671806,4608,10.697125434875488
1530495182.2296233,4736,11.869030952453613
1530495246.2400625,4864,11.976590156555176
1530495310.303402,4992,13.10189151763916
1530495374.4942284,5120,11.675786018371582
1530495501.2712593,5248,10.529034614562988
1530495565.2044985,5376,11.4595947265625
1530495629.2973573,5504,12.522472381591797
1530495693.4681666,5632,12.814929008483887
1530495820.2736697,5760,12.378778457641602
1530495884.491135,5888,12.11076545715332
1530495948.54002,6016,12.663819313049316
1530496012.5159926,6144,12.912971496582031
1530496139.3491948,6272,12.852368354797363
1530496203.4569614,6400,12.327704429626465
1530496267.5129306,6528,13.589406967163086
1530496331.4425735,6656,13.985296249389648
1530496458.2439628,6784,11.898519515991211
1530496522.3455124,6912,13.084267616271973
1530496586.3502614,7040,11.740330696105957
1530496650.3050978,7168,13.228550910949707
1530496776.273011,7296,12.29819107055664
1530496840.2032049,7424,11.545434951782227
1530496904.3952036,7552,12.187556266784668
1530496968.5613549,7680,11.843648910522461
1530497093.7994983,7808,11.797025680541992
1530497157.861512,7936,13.060826301574707
1530497221.8839464,8064,10.882561683654785
1530497285.921427,8192,10.854463577270508
1530497410.0920327,8320,11.655771255493164
1530497474.0955698,8448,12.44873046875
1530497538.3201966,8576,13.264228820800781
1530497602.273865,8704,10.809643745422363
1530497727.2613974,8832,11.705084800720215
1530497791.1914346,8960,11.04552173614502
1530782071.1536312,9344,13.76358699798584
1530782134.8475888,9472,12.44921588897705
1530782198.4177482,9600,11.98394775390625
1530782262.2791557,9728,13.603429794311523
1530782386.8772702,9856,10.95906925201416
1530782450.6724114,9984,10.385257720947266
1530782514.5888317,10112,10.917044639587402
1530782578.4492068,10240,11.970094680786133
1530782702.9893963,10368,10.692785263061523
1530782766.8457732,10496,10.432682991027832
1530782830.7148242,10624,11.35426139831543
1530782894.5904243,10752,12.337525367736816
1530783018.3600566,10880,12.99898624420166
1530783082.293114,11008,11.325118064880371
1530783146.1317203,11136,11.653205871582031
1530783209.8328009,11264,11.01964282989502
1530783332.457735,11392,12.563603401184082
1530783396.3521194,11520,9.890043258666992
1530783460.2106826,11648,12.142141342163086
1530783524.0292208,11776,10.569013595581055
1530783646.558373,11904,11.171687126159668
1530783710.514438,12032,9.866608619689941
1530783774.5132997,12160,12.672640800476074
1530783838.402195,12288,12.035859107971191
1530783960.8242667,12416,12.306551933288574
1530784024.5666332,12544,12.666178703308105
1530784088.361544,12672,11.844217300415039
1530784152.2538579,12800,10.596053123474121
1530784274.4402585,12928,11.155535697937012
1530784338.2857409,13056,11.621360778808594
1530784402.1567574,13184,12.293621063232422
1530784465.8874714,13312,11.653322219848633
1530784588.8055692,13440,11.170323371887207
1530784652.743791,13568,11.447249412536621
1530784716.7371838,13696,10.661102294921875
1530784780.5545256,13824,11.327678680419922
1530784903.9045525,13952,10.66576862335205
1530784967.836471,14080,10.394083023071289
1530785031.670352,14208,11.126835823059082
1530785095.4933207,14336,12.606279373168945
1530785218.7542229,14464,11.759111404418945
1530785282.5620236,14592,12.72840690612793
1530785346.2761686,14720,12.49783992767334
1530785410.1958723,14848,10.857616424560547
1530785532.4026504,14976,11.258651733398438
1530785596.2874572,15104,9.846022605895996
1530785659.9778154,15232,10.530570030212402
1530785723.788245,15360,10.389826774597168
1530785848.0101159,15488,11.469744682312012
1530785911.842366,15616,12.830426216125488
1530785975.700022,15744,10.06775951385498
1530786039.392615,15872,10.437925338745117
1530786162.2776792,16000,10.897136688232422
1530786225.9433854,16128,11.44991397857666
1530786289.6649754,16256,10.468008995056152
1530786353.3695662,16384,10.193479537963867
1530786475.523464,16512,11.234339714050293
1530786539.4360683,16640,11.659732818603516
1530786603.2896824,16768,10.994877815246582
1530786667.137314,16896,11.221683502197266
1530786791.4856265,17024,12.42358112335205
1530786855.2673795,17152,10.887020111083984
1530786919.0053532,17280,10.76069450378418
1530786982.8809712,17408,12.246102333068848
1530787106.4826725,17536,10.80568790435791
1530787170.2858255,17664,9.991408348083496
1530787234.2277489,17792,11.385738372802734
1530787297.9005811,17920,11.489643096923828
1530787421.5648851,18048,10.217988967895508
1530787485.3462026,18176,10.744873046875
1530787549.1321487,18304,11.82817554473877
1530787612.9370368,18432,12.074177742004395
1530787735.6646178,18560,11.84669017791748
1530787799.41528,18688,11.098613739013672
1530787863.2586515,18816,12.49337100982666
1530787927.1152067,18944,10.585190773010254
1530788051.0027463,19072,10.615775108337402
1530788114.802319,19200,10.793294906616211
1530788178.5540147,19328,10.646757125854492
1530788242.4273703,19456,10.473183631896973
1530788365.0419984,19584,11.812477111816406
1530788428.9178534,19712,11.612034797668457
1530788492.861586,19840,10.57498550415039
1530788556.755555,19968,11.81773853302002
1530788678.745091,20096,12.166544914245605
1530788742.578577,20224,11.542806625366211
1530788806.3340285,20352,10.912581443786621
1530788870.0876033,20480,11.815815925598145
1530788992.3263426,20608,10.305020332336426
1530789056.008633,20736,11.31843376159668
1530789119.777105,20864,10.082712173461914
1530789183.585562,20992,11.183999061584473
1530789306.8505588,21120,9.98206901550293
1530789370.5331318,21248,11.42537784576416
1530789434.4788017,21376,10.973130226135254
1530789498.285896,21504,12.15589714050293
1530789620.877745,21632,11.415257453918457
1530789684.576932,21760,10.323247909545898
1530789748.2119477,21888,12.019052505493164
1530789812.0588348,22016,11.083157539367676
1530789936.6262906,22144,10.833934783935547
1530790000.3936157,22272,10.762605667114258
1530790064.1316378,22400,10.84601879119873
1530790127.8352184,22528,11.23641586303711
1530790251.7492623,22656,11.329123497009277
1530790315.4349332,22784,11.012350082397461
1530790379.241323,22912,11.38626766204834
1530790443.1503792,23040,10.232881546020508
1530790566.959231,23168,12.534886360168457
1530790630.7012956,23296,9.732551574707031
1530790694.503188,23424,11.070646286010742
1530790758.2143984,23552,10.56335735321045
1530790882.686219,23680,10.906710624694824
1530790946.3332036,23808,12.406225204467773
1530791010.0253758,23936,12.255524635314941
1530791073.6783166,24064,10.778368949890137
1530791199.4855633,24192,10.527698516845703
1530791263.1194813,24320,10.209728240966797
1530791326.8535786,24448,11.065905570983887
1530791390.5761344,24576,10.839279174804688
1530791514.738437,24704,11.452118873596191
1530791578.4176686,24832,10.690511703491211
1530791642.1344209,24960,10.520044326782227
1530791705.8444834,25088,10.59021282196045
1530791829.681393,25216,11.947896957397461
1530791893.5463476,25344,11.860038757324219
1530791957.3164978,25472,10.541157722473145
1530792021.2037385,25600,11.470393180847168
1530792147.0484192,25728,11.069904327392578
1530792210.7610657,25856,12.779093742370605
1530792274.6328914,25984,11.605137825012207
1530792338.333443,26112,10.934303283691406
1530792463.0292356,26240,10.940545082092285
1530792526.7090883,26368,11.09083366394043
1530792590.5574985,26496,11.11202335357666
1530792654.2081852,26624,11.17070484161377
1530792779.8481052,26752,11.247504234313965
1530792843.476953,26880,10.833794593811035
1530792907.4469173,27008,11.01121711730957
1530792971.062048,27136,10.6174898147583
1530793095.126626,27264,10.262900352478027
1530793158.8339267,27392,10.43460750579834
1530793222.8067396,27520,10.441773414611816
1530793286.593983,27648,11.565879821777344
1530793411.3662293,27776,10.95588207244873
1530793474.7368011,27904,11.990388870239258
1530793538.244061,28032,10.682819366455078
1530793601.7974815,28160,10.999194145202637
1530793726.4915664,28288,10.318672180175781
1530793790.1332264,28416,10.6373291015625
1530793853.9742186,28544,13.941203117370605
1530793917.8911593,28672,10.619465827941895
1530794043.2867355,28800,10.762012481689453
1530794106.864062,28928,11.8314208984375
1530794170.5055516,29056,10.620122909545898
1530794234.3125305,29184,13.044815063476562
1530794358.1653922,29312,11.91905689239502
1530794421.5482996,29440,10.179105758666992
1530794485.02715,29568,11.214377403259277
1530794548.48274,29696,11.45797061920166
1530794673.2308404,29824,12.953902244567871
1530794736.7475226,29952,10.626917839050293
1530794800.1638882,30080,9.89438533782959
1530794863.7684836,30208,12.163483619689941
1530794988.453075,30336,11.1876220703125
1530795051.8575864,30464,14.317054748535156
1530795115.3447247,30592,11.708069801330566
1530795178.8560734,30720,10.986176490783691
1530795304.1510277,30848,11.3600492477417
1530795367.7749307,30976,10.346758842468262
1530795431.4693282,31104,12.302495002746582
1530795495.1917303,31232,10.140681266784668
1530795620.801047,31360,11.021158218383789
1530795684.4783533,31488,12.21175765991211
1530795748.1597865,31616,11.342951774597168
1530795811.7394476,31744,13.099642753601074
1530795938.4263194,31872,11.35892391204834
1530796002.0604753,32000,11.681039810180664
1530796065.7752519,32128,10.829235076904297
1530796129.5054584,32256,10.584473609924316
1530796254.9782214,32384,11.748638153076172
1530796318.492802,32512,11.490211486816406
1530796382.249329,32640,12.788603782653809
1530796445.8383193,32768,11.569823265075684
1530796571.865143,32896,10.7933931350708
1530796635.5927525,33024,10.484745979309082
1530796699.303641,33152,10.976509094238281
1530796762.994078,33280,10.407238006591797
1530796890.1611652,33408,10.142836570739746
1530796953.8466601,33536,11.213177680969238
1530797017.549554,33664,12.212547302246094
1530797081.4752545,33792,11.37108039855957
1530797207.7403615,33920,11.06884765625
1530797271.4955728,34048,11.10903263092041
1530797335.1901193,34176,10.111591339111328
1530797398.9336224,34304,11.376974105834961
1530797525.4981506,34432,11.182032585144043
1530797589.4309323,34560,12.222416877746582
1530797653.3209705,34688,11.590349197387695
1530797717.117145,34816,11.475634574890137
1530797842.0032916,34944,10.420976638793945
1530797905.6653202,35072,11.224135398864746
1530797969.4475121,35200,11.404735565185547
1530798033.2946746,35328,10.88611888885498
1530798158.7576413,35456,11.90498161315918
1530798222.4800856,35584,9.819459915161133
1530798286.3272808,35712,10.242345809936523
1530798350.078643,35840,11.218437194824219
1530798476.034278,35968,10.54581356048584
1530798539.89921,36096,11.302879333496094
1530798603.7660143,36224,10.306126594543457
1530798667.5962636,36352,9.955680847167969
1530798794.3135436,36480,10.997466087341309
1530798858.0273015,36608,11.321870803833008
1530798921.7406635,36736,12.013734817504883
1530798985.4902706,36864,11.248537063598633
1530799111.008897,36992,11.900812149047852
1530799174.6935642,37120,10.972503662109375
1530799238.6375117,37248,11.388309478759766
1530799302.4987133,37376,12.71876335144043
1530799427.8419979,37504,10.280720710754395
1530799491.692604,37632,11.267559051513672
1530799555.4427063,37760,10.591835975646973
1530799619.4350133,37888,11.594772338867188
1530799747.1555562,38016,14.21873664855957
1530799811.0192935,38144,11.330711364746094
1530799874.8478293,38272,10.563615798950195
1530799938.613334,38400,10.80643081665039
1530800066.1159961,38528,11.516857147216797
1530800130.1328735,38656,13.20625114440918
1530800193.81443,38784,10.323963165283203
1530800257.593966,38912,12.322775840759277
1530800383.4177814,39040,9.993754386901855
1530800447.1297781,39168,10.857093811035156
1530800510.8161786,39296,10.741541862487793
1530800574.5719948,39424,11.123562812805176
1530800700.6742349,39552,11.294596672058105
1530800764.48375,39680,11.41230583190918
1530800828.2187693,39808,11.84095573425293
1530800891.9897125,39936,10.561495780944824
1530801018.3129997,40064,12.88768482208252
1530801082.1834118,40192,9.997298240661621
1530801145.9742782,40320,10.347841262817383
1530801209.7417996,40448,9.943119049072266
1530801335.980031,40576,11.587015151977539
1530801399.700667,40704,11.208839416503906
1530801463.7174184,40832,11.823653221130371
1530801527.355094,40960,10.602790832519531
1530801653.0509474,41088,10.746519088745117
1530801716.6376064,41216,9.983030319213867
1530801780.4094748,41344,10.60783576965332
1530801844.1188703,41472,10.802465438842773
1530801970.5276473,41600,11.055643081665039
1530802034.2982259,41728,11.09947395324707
1530802098.1166236,41856,12.303945541381836
1530802161.848504,41984,11.75558090209961
1530802288.4596581,42112,11.240151405334473
1530802352.254904,42240,10.993769645690918
1530802416.0393698,42368,10.004741668701172
1530802479.7970414,42496,12.174173355102539
1530802605.3703763,42624,11.738595008850098
1530802669.235429,42752,11.673364639282227
1530802733.1299474,42880,11.751161575317383
1530802796.8956668,43008,10.686233520507812
1530802923.7730188,43136,10.530674934387207
1530802987.5162165,43264,11.23018741607666
1530803051.3117533,43392,11.465617179870605
1530803115.1076717,43520,11.1618013381958
1530803241.2718217,43648,10.281784057617188
1530803305.031602,43776,10.029892921447754
1530803368.8490505,43904,10.69542407989502
1530803432.6245031,44032,10.1871337890625
1530803558.339917,44160,12.066003799438477
1530803622.1859531,44288,10.964607238769531
1530803686.0787635,44416,10.569849014282227
1530803749.898788,44544,10.318466186523438
1530803876.5557632,44672,10.888084411621094
1530803940.3946648,44800,9.940542221069336
1530804004.260513,44928,10.187007904052734
1530804067.9326572,45056,10.42527961730957
1530804195.381681,45184,10.816307067871094
1530804259.249909,45312,10.343317031860352
1530804323.1790888,45440,10.028006553649902
1530804387.1706448,45568,10.172167778015137
1530804513.098225,45696,10.694534301757812
1530804576.9226098,45824,10.884440422058105
1530804640.8651104,45952,13.680246353149414
1530804704.6144369,46080,11.822285652160645
1530804831.8907416,46208,11.419525146484375
1530804895.6599913,46336,9.831253051757812
1530804959.620945,46464,11.013955116271973
1530805023.5633101,46592,10.628071784973145
1530805153.1285987,46720,10.250402450561523
1530805217.015225,46848,11.341822624206543
1530805280.9589837,46976,11.166585922241211
1530805344.8975163,47104,11.067667961120605
1530805474.7253242,47232,10.961481094360352
1530805538.5046368,47360,11.34350872039795
1530805602.375017,47488,10.370989799499512
1530838968.5971267,47744,11.536407470703125
1530839031.271071,47872,10.407048225402832
1530839095.7867343,48000,11.763279914855957
1530839160.6695583,48128,10.284719467163086
1530839286.3191109,48256,10.794145584106445
1530839350.1101508,48384,11.880385398864746
1530839414.1291242,48512,11.141738891601562
1530839477.9749365,48640,11.309117317199707
1530839602.5569434,48768,11.488550186157227
1530839666.7077363,48896,10.284367561340332
1530839730.8368256,49024,10.029634475708008
1530839794.9557269,49152,10.796232223510742
1530839920.030238,49280,11.569375991821289
1530839984.0133522,49408,10.329636573791504
1530840047.9732096,49536,12.396246910095215
1530840111.9496934,49664,10.1149263381958
1530840235.9207525,49792,10.986984252929688
1530840299.7704895,49920,9.742429733276367
1530840363.806831,50048,11.991119384765625
1530840427.9844728,50176,10.670658111572266
1530840552.137466,50304,10.545882225036621
1530840616.2710347,50432,9.708806037902832
1530840680.3426247,50560,10.808599472045898
1530840744.2911985,50688,10.745847702026367
1530840868.8058996,50816,12.832758903503418
1530840932.843037,50944,11.185982704162598
1530840996.864597,51072,11.55610179901123
1530841060.7028017,51200,10.98556900024414
1530841184.5462453,51328,10.478818893432617
1530841248.5666645,51456,9.903307914733887
1530841312.5183792,51584,10.869874954223633
1530841376.5026138,51712,12.658032417297363
1530841500.3237855,51840,9.966948509216309
1530841564.2444515,51968,12.124168395996094
1530841628.1968842,52096,10.808444023132324
1530841692.2132573,52224,11.375250816345215
1530841817.602891,52352,10.333070755004883
1530841881.566794,52480,9.771629333496094
1530841945.503551,52608,10.475696563720703
1530842009.42809,52736,11.104010581970215
1530842134.0592844,52864,10.596631050109863
1530842198.075462,52992,10.709921836853027
1530842262.232083,53120,10.142317771911621
1530842326.1930494,53248,10.896595001220703
1530842450.5722363,53376,10.981411933898926
1530842514.6014428,53504,10.608515739440918
1530842578.5928009,53632,10.807379722595215
1530842642.644074,53760,11.234259605407715
1530842766.4290116,53888,10.3945951461792
1530842830.4607098,54016,10.128315925598145
1530842894.447813,54144,10.5038423538208
1530842958.4489822,54272,10.772481918334961
1530843082.9288793,54400,11.162991523742676
1530843147.096601,54528,10.30729866027832
1530843211.1381133,54656,9.76971435546875
1530843275.1389434,54784,9.550771713256836
1530843398.8448694,54912,10.173418998718262
1530843462.749893,55040,10.651239395141602
1530843526.866757,55168,12.27389144897461
1530843590.8908026,55296,11.292914390563965
1530843715.5961576,55424,9.903115272521973
1530843779.5413828,55552,11.299576759338379
1530843843.5117352,55680,10.845316886901855
1530843907.5146322,55808,10.072111129760742
1530844030.8073263,55936,11.007234573364258
1530844094.8262346,56064,9.385193824768066
1530844159.0027566,56192,12.208703994750977
1530844222.9433098,56320,11.91420841217041
1530844346.8546865,56448,10.099905014038086
1530844410.8167057,56576,11.492474555969238
1530844474.9157012,56704,11.129195213317871
1530844538.8832417,56832,11.98563289642334
1530844663.9127321,56960,11.560530662536621
1530844727.9926815,57088,10.015837669372559
1530844792.1065004,57216,11.877717971801758
1530844856.173761,57344,10.372364044189453
1530844980.2228706,57472,9.917411804199219
1530845044.175023,57600,10.984929084777832
1530845108.3081684,57728,10.747774124145508
1530845172.3884275,57856,10.798077583312988
1530845296.701713,57984,9.742697715759277
1530845360.737673,58112,10.881275177001953
1530845424.7128327,58240,10.568814277648926
1530845488.565152,58368,11.477685928344727
1530845612.3681984,58496,10.246370315551758
1530845676.5409677,58624,9.79339599609375
1530845740.6379287,58752,10.436384201049805
1530845804.6244602,58880,11.663522720336914
1530845929.3543463,59008,10.272391319274902
1530845993.4755454,59136,11.301751136779785
1530846057.5290859,59264,9.976703643798828
1530846121.5162532,59392,10.051822662353516
1530846245.5830076,59520,11.546333312988281
1530846309.607659,59648,11.041889190673828
1530846373.6174595,59776,11.982914924621582
1530846437.6483927,59904,9.883320808410645
1530846562.8439317,60032,10.284195899963379
1530846626.7999275,60160,10.614299774169922
1530846690.8780172,60288,10.807921409606934
1530846754.9222262,60416,10.315067291259766
1530846878.8548903,60544,9.713520050048828
1530846942.895093,60672,10.054303169250488
1530847006.8430278,60800,12.0072660446167
1530847070.8167417,60928,10.027352333068848
1530847195.3365319,61056,9.830257415771484
1530847259.3802261,61184,10.175631523132324
1530847323.3938282,61312,10.429230690002441
1530847387.3011448,61440,10.982065200805664
1530847512.4412668,61568,12.123126983642578
1530847576.5023324,61696,10.832534790039062
1530847640.5731542,61824,10.825525283813477
1530847704.5988312,61952,11.27837085723877
1530847828.295756,62080,10.059825897216797
1530847892.3499117,62208,10.62830924987793
1530847956.2649066,62336,10.832755088806152
1530848020.295365,62464,10.993756294250488
1530848144.5122714,62592,10.608716011047363
1530848208.570175,62720,10.540061950683594
1530848272.5973604,62848,10.155806541442871
1530848336.6100307,62976,10.925920486450195
1530848460.8828936,63104,12.00753116607666
1530848524.9127882,63232,9.946883201599121
1530848588.7743137,63360,10.672003746032715
1530848652.8877614,63488,10.164143562316895
1530848777.6480043,63616,10.737622261047363
1530848841.7602577,63744,10.846233367919922
1530848905.7286878,63872,10.233726501464844
1530848969.7552483,64000,9.789046287536621
1530849094.4248502,64128,10.232129096984863
1530849158.4901707,64256,11.303903579711914
1530849222.5161648,64384,12.571861267089844
1530849286.3728309,64512,10.729185104370117
1530849411.9510849,64640,12.98157787322998
1530849475.9849122,64768,10.975085258483887
1530849539.9442608,64896,12.213953018188477
1530849603.9984276,65024,12.507270812988281
1530849728.4101841,65152,9.705519676208496
1530849792.3150053,65280,9.93527889251709
1530849856.341259,65408,10.854161262512207
1530849920.540631,65536,10.69497299194336
1530850044.7242904,65664,10.156994819641113
1530850108.5847487,65792,9.821240425109863
1530850172.6084278,65920,9.367515563964844
1530850236.5991907,66048,10.441876411437988
1530850362.4645543,66176,11.261045455932617
1530850426.545787,66304,10.907193183898926
1530850490.504495,66432,10.926835060119629
1530850554.3918254,66560,9.936200141906738
1530850679.1199346,66688,9.676413536071777
1530850743.2130365,66816,9.826607704162598
1530850807.1336403,66944,9.914814949035645
1530850871.1645386,67072,10.053218841552734
1530850996.2351687,67200,10.188251495361328
1530851060.148588,67328,10.011019706726074
1530851124.1133327,67456,10.149059295654297
1530851188.142971,67584,10.460887908935547
1530851313.4209652,67712,10.930083274841309
1530851377.3977582,67840,10.754680633544922
1530851441.3530853,67968,9.945798873901367
1530851505.3553064,68096,10.909371376037598
1530851631.5937781,68224,10.4330472946167
1530851695.5763383,68352,11.008424758911133
1530851759.9771762,68480,10.989165306091309
1530851824.0471861,68608,10.388862609863281
1530851950.3476455,68736,11.21633243560791
1530852014.3536513,68864,12.406681060791016
1530852078.222308,68992,10.79244327545166
1530852142.2316287,69120,10.287185668945312
1530852266.518288,69248,11.498560905456543
1530852330.690962,69376,12.33878231048584
1530852394.9871984,69504,9.430041313171387
1530852459.3175056,69632,9.345819473266602
1530852585.3751645,69760,11.300322532653809
1530852649.252112,69888,9.664825439453125
1530852713.139835,70016,11.046040534973145
1530852776.9651942,70144,11.342848777770996
1530852902.5629046,70272,9.937272071838379
1530852966.5968423,70400,9.954948425292969
1530853030.4361188,70528,10.417818069458008
1530877477.3923686,70784,10.930011749267578
1530877539.685416,70912,9.681327819824219
1530877603.901387,71040,10.110995292663574
1530877668.3087351,71168,9.549201011657715
1530877791.6715076,71296,9.876419067382812
1530877855.231934,71424,9.92083740234375
1530877918.9587476,71552,9.865987777709961
1530877982.4985893,71680,10.994229316711426
1530878106.5488515,71808,10.015478134155273
1530878170.2957597,71936,10.693222045898438
1530878233.9929783,72064,10.904728889465332
1530878297.6644678,72192,11.14050579071045
1530878420.3916302,72320,10.153267860412598
1530878483.9685605,72448,10.31389331817627
1530878547.6095188,72576,10.059182167053223
1530878611.1269603,72704,11.117342948913574
1530878733.9328184,72832,10.045875549316406
1530878797.7919073,72960,9.392298698425293
1530878861.4440734,73088,10.46615219116211
1530878925.1757765,73216,10.524092674255371
1530879048.3591113,73344,9.919414520263672
1530879111.9863482,73472,11.3335599899292
1530879175.6406436,73600,10.128670692443848
1530879239.265786,73728,10.704177856445312
1530879361.2714965,73856,9.709419250488281
1530879425.0624025,73984,10.145581245422363
1530879488.6957061,74112,9.78067684173584
1530879552.3676236,74240,9.696050643920898
1530879674.9627779,74368,10.37541675567627
1530879738.5793793,74496,10.994473457336426
1530879802.2348213,74624,10.434571266174316
1530879865.9068892,74752,10.43126392364502
1530879987.8297975,74880,9.75456428527832
1530880051.506026,75008,10.12546443939209
1530880115.2726426,75136,11.01809024810791
1530886686.3171415,75392,10.706693649291992
1530886748.8329413,75520,9.861337661743164
1530886813.2741435,75648,10.676161766052246
1530886877.9105268,75776,10.904351234436035
1530887002.1361265,75904,9.807848930358887
1530887065.9536452,76032,10.104369163513184
1530887129.5940669,76160,10.359345436096191
1530887193.4253037,76288,10.12158489227295
1530887316.973373,76416,9.767786979675293
1530887380.8340268,76544,9.983718872070312
1530887444.7379358,76672,10.21536922454834
1530887508.6001406,76800,10.511914253234863
1530887631.7949502,76928,9.514717102050781
1530887695.4083884,77056,10.549843788146973
1530887759.255475,77184,10.750843048095703
1530887822.9421973,77312,10.41062068939209
1530887946.137899,77440,9.79686450958252
1530888009.9851177,77568,9.868868827819824
1530888073.922044,77696,10.083540916442871
1530888137.727085,77824,11.595160484313965
1530888261.5902116,77952,11.224748611450195
1530888325.4482567,78080,10.176392555236816
1530888389.3036673,78208,10.526247024536133
1530888453.3654633,78336,10.068324089050293
1530888577.424846,78464,11.180495262145996
1530888641.1926484,78592,12.456570625305176
1530888705.0087888,78720,10.180561065673828
1530888768.8694646,78848,9.905631065368652
1530888893.5748985,78976,10.292866706848145
1530888957.5666635,79104,10.008932113647461
1530889021.5329306,79232,9.755637168884277
1530889085.473524,79360,9.976943016052246
1530889209.0202236,79488,11.092854499816895
1530889272.8930576,79616,10.77450180053711
1530889336.824705,79744,11.570204734802246
1530889400.5105612,79872,10.55434799194336
1530889523.9184394,80000,11.317030906677246
1530889587.693991,80128,10.062437057495117
1530889651.680317,80256,10.423194885253906
1530889715.4479556,80384,11.625082969665527
1530889839.9141548,80512,10.367220878601074
1530889903.7630851,80640,10.115933418273926
1530889967.6753201,80768,9.11353588104248
1530890031.6052513,80896,11.159564018249512
1530890155.9734738,81024,9.553110122680664
1530890219.6845837,81152,10.856060028076172
1530890283.6566403,81280,10.094234466552734
1530890347.5149755,81408,10.296201705932617
1530890471.2329202,81536,10.586231231689453
1530890535.092517,81664,9.956938743591309
1530890599.0968983,81792,10.247807502746582
1530890662.9711242,81920,10.185725212097168
1530890786.885157,82048,10.12625789642334
1530890850.7499118,82176,10.527814865112305
1530890914.6769907,82304,10.24034595489502
1530890978.6040673,82432,10.090621948242188
1530891102.4816844,82560,9.594578742980957
1530891166.4283645,82688,10.918841361999512
1530891230.3234882,82816,10.78651237487793
1530891294.229023,82944,9.646468162536621
1530891417.8377209,83072,10.392989158630371
1530891481.7105963,83200,11.056026458740234
1530891545.720364,83328,9.858071327209473
1530891609.7448287,83456,11.165307998657227
1530891733.8442075,83584,10.488520622253418
1530891797.593407,83712,10.006001472473145
1530891861.640298,83840,10.111156463623047
1530891925.492955,83968,9.949810028076172
1530892048.995153,84096,10.16234302520752
1530892112.9603567,84224,10.77675724029541
1530892177.0831368,84352,10.098074913024902
1530892240.985671,84480,10.17104434967041
1530892365.8524418,84608,10.876852035522461
1530892429.826102,84736,11.483072280883789
1530892493.7765017,84864,9.676705360412598
1530892557.6519294,84992,10.718338966369629
1530892681.9776807,85120,10.750723838806152
1530892746.0309048,85248,10.01499080657959
1530892810.0854006,85376,10.130002975463867
1530892873.959771,85504,10.178255081176758
1530892997.5325453,85632,9.484251976013184
1530893061.3086002,85760,10.919779777526855
1530893125.1695716,85888,10.01882266998291
1530893189.2744226,86016,11.598998069763184
1530893314.5268974,86144,11.010754585266113
1530893378.413654,86272,11.745491981506348
1530893442.3181174,86400,10.244534492492676
1530893506.4416773,86528,10.965285301208496
1530893631.644374,86656,9.457232475280762
1530893695.4991035,86784,10.2589750289917
1530893759.4408216,86912,11.117212295532227
1530893823.3673913,87040,10.061368942260742
1530893948.6026514,87168,11.094451904296875
1530894012.5328743,87296,10.41312026977539
1530894076.4332485,87424,10.479215621948242
1530894140.3115213,87552,9.835668563842773
1530894264.268117,87680,9.939228057861328
1530894328.2527356,87808,9.820401191711426
1530894392.167015,87936,10.723962783813477
1530894456.0987768,88064,9.87610149383545
1530894580.4921715,88192,10.21082592010498
1530894644.5090117,88320,11.085145950317383
1530894708.4847927,88448,10.726678848266602
1530894772.442145,88576,9.619335174560547
1530894896.9407473,88704,9.9685640335083
1530894960.7860644,88832,9.819222450256348
1530895024.8030567,88960,10.99553394317627
1530895088.8793352,89088,9.077619552612305
1530895213.7771742,89216,10.603004455566406
1530895277.877622,89344,11.945178031921387
1530895342.1111996,89472,10.321293830871582
1530895406.1243894,89600,9.881155967712402
1530895530.1527116,89728,10.606560707092285
1530895594.2723467,89856,10.043862342834473
1530895658.2602112,89984,9.95533275604248
1530895722.2086227,90112,11.682876586914062
1530895846.8852017,90240,9.787384033203125
1530895911.0059125,90368,10.282111167907715
1530895974.926173,90496,9.467190742492676
1530896038.933833,90624,10.979008674621582
1530896163.245449,90752,11.129773139953613
1530896227.2244859,90880,11.372191429138184
1530896291.2300358,91008,11.9553861618042
1530896355.3212717,91136,10.269729614257812
1530896478.9043133,91264,10.087416648864746
1530896542.8519554,91392,9.980566024780273
1530896606.8385732,91520,9.73185920715332
1530896670.8210812,91648,10.534104347229004
1530896795.2133112,91776,9.710938453674316
1530896859.2245204,91904,11.553766250610352
1530896923.4062154,92032,10.221198081970215
1530896987.2886884,92160,9.782536506652832
1530897111.636919,92288,9.97981071472168
1530897175.6180804,92416,11.577825546264648
1530897239.5358076,92544,11.099069595336914
1530897303.5546634,92672,10.67789363861084
1530897427.677859,92800,9.860794067382812
1530897491.7164807,92928,10.12235164642334
1530897555.6589966,93056,9.439101219177246
1530897619.7019503,93184,11.94025993347168
1530897743.2282326,93312,9.80278491973877
1530897807.3442638,93440,10.951343536376953
1530897871.2323186,93568,10.608861923217773
1530897935.325785,93696,9.96804428100586
1530898060.2176056,93824,10.279869079589844
1530898124.1955671,93952,9.772385597229004
1530898188.3053217,94080,10.670010566711426
1530898252.3883085,94208,10.037121772766113
1530898377.1589801,94336,11.302640914916992
1530898441.1737232,94464,9.875922203063965
1530898505.2264163,94592,10.186975479125977
1530898569.228369,94720,10.10487174987793
1530898693.4266832,94848,10.837786674499512
1530898757.1198306,94976,9.973380088806152
1530898820.8691823,95104,10.724584579467773
1530898884.654256,95232,11.159319877624512
1530899009.2854605,95360,10.222047805786133
1530899073.1488204,95488,10.286613464355469
1530899137.3923914,95616,10.29698657989502
1530899201.3858135,95744,10.682212829589844
1530899326.2177725,95872,9.484397888183594
1530899389.9752104,96000,10.413335800170898
1530899453.8574424,96128,10.639361381530762
1530904542.4863987,96384,10.666311264038086
1530904604.707159,96512,10.740015029907227
1530904668.9510489,96640,9.715367317199707
1530904733.710815,96768,9.899243354797363
1530904857.4722118,96896,9.981389045715332
1530904921.1739337,97024,10.39720344543457
1530904985.005984,97152,9.76611614227295
1530905048.8668559,97280,10.257744789123535
1530905172.029864,97408,10.06718921661377
