wall_time,step,value
1531010007.7380207,512,0.8618149161338806
1531010589.1308618,1024,-1.9944607019424438
1531011161.7817378,1536,-11.067344665527344
1531011731.9294431,2048,-15.822075843811035
1531012308.1822565,2560,-12.674135208129883
1531012877.9986663,3072,-13.253839492797852
1531013448.1083686,3584,-11.07586669921875
1531014016.198112,4096,-13.3544921875
1531014583.0995188,4608,-12.386780738830566
1531015149.9085405,5120,-6.2397284507751465
1531015718.415713,5632,-5.438995361328125
1531016289.6494434,6144,-3.6218760013580322
1531016860.4055827,6656,-5.867693901062012
1531017434.0118737,7168,-4.55063533782959
1531018006.2553647,7680,-2.9607343673706055
1531018577.161898,8192,-7.207601547241211
1531019151.0632308,8704,-4.983859062194824
1531019722.8137624,9216,-7.555311679840088
1531020297.2463698,9728,-3.30804181098938
1531020868.4894593,10240,-4.777070045471191
1531021443.136181,10752,-2.1433112621307373
1531022015.3998652,11264,-0.4218789339065552
1531022588.7566466,11776,-1.9541456699371338
1531023162.046969,12288,-3.736997365951538
1531023735.7170215,12800,-2.166013717651367
1531024307.5804863,13312,-1.694671630859375
1531024881.072827,13824,-3.0303211212158203
1531025455.1642513,14336,-1.5446287393569946
1531026028.0162597,14848,-2.3157904148101807
1531026602.2476947,15360,-0.3076266646385193
1531027175.5828989,15872,-5.288311004638672
1531027750.004218,16384,-0.6339058876037598
1531028323.028434,16896,-4.671025276184082
1531028895.9208267,17408,-0.21018169820308685
1531029469.0218456,17920,0.06302880495786667
1531030043.0953805,18432,-1.8646461963653564
1531030615.8809834,18944,0.8607282638549805
1531031189.2825696,19456,-1.4081815481185913
1531031762.4969945,19968,-2.7536211013793945
1531032335.201076,20480,-3.032731294631958
1531032908.5563293,20992,0.29111069440841675
1531033480.8592963,21504,-4.136429309844971
1531034054.7922347,22016,-3.272264003753662
1531034627.0062761,22528,-2.3052024841308594
1531035198.9052234,23040,-3.528134346008301
1531035771.3570123,23552,-1.1332757472991943
1531036343.6353333,24064,-2.869112491607666
1531036918.7562056,24576,-1.7718802690505981
1531037493.1891904,25088,-1.51604425907135
1531038067.2828488,25600,0.07224256545305252
1531038640.252898,26112,-1.7583180665969849
1531039216.2515132,26624,3.4490177631378174
1531039791.5265448,27136,-5.733217239379883
1531040365.9386895,27648,-4.091588497161865
1531040942.0039108,28160,-0.5486410856246948
1531041516.9598346,28672,-0.5360433459281921
1531042090.247689,29184,1.9252610206604004
1531042665.0424383,29696,-5.639547348022461
1531043237.6215997,30208,-1.979792594909668
1531043811.361565,30720,-1.0759727954864502
1531044383.82004,31232,0.8384648561477661
1531044955.9373672,31744,-2.3889551162719727
1531045531.0217977,32256,-1.8821412324905396
1531046106.3668826,32768,0.28074735403060913
1531046680.1319132,33280,-0.40681856870651245
1531047253.2199612,33792,-5.022002220153809
1531047825.33185,34304,1.1531730890274048
1531048398.312806,34816,-1.5277903079986572
1531048972.7214766,35328,0.7352410554885864
1531049546.0634048,35840,0.9199142456054688
1531050120.5885239,36352,1.1419587135314941
1531181973.072494,37376,0.17780938744544983
1531182544.4840353,37888,-4.548748970031738
1531183115.2341666,38400,2.5596442222595215
1531183685.9040518,38912,-4.677229881286621
1531184257.4863207,39424,-4.527064323425293
1531184827.9986749,39936,0.31206947565078735
1531185398.361753,40448,1.2335861921310425
1531185968.5944364,40960,1.0230028629302979
1531186540.7057722,41472,-0.24823789298534393
1531187113.3010828,41984,-3.144923210144043
1531187686.1084673,42496,-3.68700909614563
1531188257.7664468,43008,-1.7676544189453125
1531188830.0037384,43520,-0.7511801719665527
1531189401.9400508,44032,2.249635696411133
1531189974.3603647,44544,1.2413229942321777
1531190545.4111989,45056,0.7869372963905334
1531191116.9322562,45568,-3.012643337249756
1531191689.1438904,46080,2.118795871734619
1531192261.2892313,46592,-2.2756543159484863
1531192834.6430569,47104,-1.348852276802063
1531193406.338571,47616,-0.2032015174627304
1531193979.390227,48128,-0.9775122404098511
1531194552.9366193,48640,-4.314450740814209
1531195125.6324732,49152,-0.2564929723739624
1531195697.662445,49664,-0.38415324687957764
1531196268.5691059,50176,-6.522914409637451
1531196840.4631722,50688,2.141834020614624
1531197412.022473,51200,-4.857898712158203
1531197985.2102742,51712,-1.1234040260314941
1531198558.6702826,52224,0.10236548632383347
1531199132.5871236,52736,-1.1169575452804565
1531199707.0124133,53248,-1.0979630947113037
1531200279.3574524,53760,-0.4962473511695862
1531200852.9375753,54272,-1.290554165840149
1531201426.6039472,54784,-2.5784361362457275
1531202000.8397348,55296,1.295837163925171
1531202575.743163,55808,-3.917929172515869
1531203149.077689,56320,3.439805507659912
1531203720.907088,56832,3.3100595474243164
1531204295.4791546,57344,-2.1552467346191406
1531204870.4421217,57856,-0.4431498348712921
1531205443.3928983,58368,0.8936493992805481
1531206017.7255576,58880,-3.6181066036224365
1531206590.8458953,59392,1.6849498748779297
1531207165.6479516,59904,0.6104438304901123
1531207740.496046,60416,1.415490984916687
1531208315.381212,60928,1.8003296852111816
1531208890.9050622,61440,0.2590378522872925
1531209466.2031467,61952,-2.6419363021850586
1531210042.2324023,62464,0.6112862229347229
1531210619.221205,62976,-4.236716270446777
1531211195.3769417,63488,-3.9616293907165527
1531211772.737439,64000,-0.1488465964794159
1531212350.5268412,64512,0.34685903787612915
1531212927.984665,65024,-2.771127700805664
1531213503.5170467,65536,-1.6271930932998657
1531214082.2865298,66048,-3.927065849304199
1531214659.7072635,66560,1.7080843448638916
1531215236.4064465,67072,-0.7613013982772827
1531215814.934134,67584,-0.6844469308853149
1531216392.3074818,68096,-2.357283592224121
1531216969.6348953,68608,-1.0302534103393555
1531217549.5194623,69120,-4.963942050933838
1531218126.7587156,69632,-5.142636299133301
1531218705.247821,70144,-3.828407049179077
1531219282.6077406,70656,2.6801559925079346
1531219859.7527754,71168,-0.5821430683135986
1531220437.583774,71680,-1.9594608545303345
1531221014.7277992,72192,3.2742204666137695
1531221591.634797,72704,-3.64833927154541
1531222169.2959352,73216,-0.27593332529067993
1531242364.8648348,74240,0.3731430768966675
1531242937.8235333,74752,-2.048638343811035
1531252535.9330325,75776,3.123239040374756
1531253108.662199,76288,-3.2825586795806885
1531253683.4369671,76800,0.4660668969154358
1531254255.86737,77312,-2.9697763919830322
1531254831.45111,77824,-1.684156894683838
1531255404.9150605,78336,4.64613676071167
1531255977.0273736,78848,0.7368630170822144
1531256551.324057,79360,1.1116422414779663
1531257125.332949,79872,0.28601670265197754
1531257699.596799,80384,-3.1292355060577393
1531258272.7061405,80896,-1.4742661714553833
1531258846.1564035,81408,1.3780730962753296
1531259420.1615856,81920,3.761617660522461
1531259995.2696226,82432,3.10502290725708
1531260569.6137226,82944,-2.0792078971862793
1531261142.9707394,83456,3.0390090942382812
1531261719.9071953,83968,2.5661940574645996
1531262295.9812667,84480,0.9950419664382935
1531262870.8050487,84992,-1.6163372993469238
1531263444.473083,85504,-1.2005598545074463
1531264020.3839364,86016,-1.232564926147461
1531264596.3853896,86528,2.7785305976867676
1531265170.916936,87040,-4.945499897003174
1531265744.3313832,87552,0.7813708782196045
1531266319.2112112,88064,-2.6841163635253906
1531266895.1728451,88576,-3.8373308181762695
1531267469.9317017,89088,1.9916139841079712
1531268044.1324484,89600,-2.7105319499969482
1531268620.1305094,90112,-0.8574966192245483
1531269198.3885047,90624,-2.1029281616210938
1531269775.508948,91136,-3.3172144889831543
1531270353.0890481,91648,-2.1106390953063965
1531270931.4479969,92160,2.271851062774658
1531271508.9205306,92672,-1.738250494003296
1531272084.732329,93184,-4.666664123535156
1531272662.947092,93696,2.6383674144744873
1531273237.6182733,94208,-3.8234410285949707
1531273812.4534483,94720,2.9243736267089844
1531274387.7036197,95232,2.055202007293701
1531274963.6212544,95744,2.401007890701294
1531275539.0646126,96256,2.068446636199951
1531276115.6397462,96768,-2.3940815925598145
1531276690.6016552,97280,-2.829705238342285
