wall_time,step,value
1530471340.4093938,512,72.21946716308594
1530471622.5477505,1024,141.67376708984375
1530471907.5580616,1536,118.47779846191406
1530472190.4810896,2048,103.11067962646484
1530472472.5453074,2560,54.347496032714844
1530472755.3453481,3072,59.065486907958984
1530473038.1275768,3584,49.7121696472168
1530473320.3997915,4096,45.896385192871094
1530473603.6643367,4608,27.961469650268555
1530473886.8374355,5120,15.165210723876953
1530474171.0291038,5632,9.987791061401367
1530474453.7676644,6144,-4.457989692687988
1530474737.0195298,6656,-2.438636541366577
1530475020.177836,7168,-2.820936918258667
1530475302.7451475,7680,-4.163661956787109
1530475584.9352365,8192,-1.602320909500122
1530475866.6084745,8704,0.9549878835678101
1530476149.367486,9216,-5.133127212524414
1530476432.1912303,9728,-6.380367755889893
1530476714.570156,10240,-4.641420364379883
1530476996.0102065,10752,-2.589203357696533
1530477278.2049224,11264,-0.7724697589874268
1530477560.3854764,11776,-3.8480396270751953
1530477842.2558606,12288,-1.2029268741607666
1530478123.8708515,12800,-1.3320984840393066
1530478404.0060446,13312,-2.8149449825286865
1530478686.1062844,13824,-3.082437515258789
1530478968.6700134,14336,-3.5345640182495117
1530479249.9192708,14848,-2.1821627616882324
1530479532.9552534,15360,-3.876972198486328
1530479815.4252827,15872,-0.7355360984802246
1530480097.1091504,16384,-1.9141225814819336
1530480378.7500167,16896,-4.066586017608643
1530480661.3593209,17408,-3.3237476348876953
1530480943.6008928,17920,-5.022025108337402
1530481224.9311717,18432,-2.8653743267059326
1530481505.3095586,18944,-1.599912405014038
1530481787.1581118,19456,-7.544620513916016
1530482068.853615,19968,-3.6628596782684326
1530482351.0321422,20480,-7.326613426208496
1530482633.4800713,20992,-3.707692861557007
1530482916.3172152,21504,-5.03848934173584
1530483198.2002904,22016,-7.96724271774292
1530483480.6560535,22528,-8.018012046813965
1530483762.9405775,23040,-3.6916215419769287
1530484046.4794693,23552,-7.853039741516113
1530484328.7054532,24064,-6.860896110534668
1530484612.166179,24576,-8.672607421875
1530484895.639704,25088,-4.955232620239258
1530485177.9814,25600,-3.687073230743408
1530485461.6163166,26112,-5.02911376953125
1530485743.9728582,26624,-3.2313852310180664
1530486028.0658596,27136,-3.079822063446045
1530486310.2241645,27648,-4.580987930297852
1530486593.3537445,28160,-4.825809478759766
1530486877.9579132,28672,-4.285789489746094
1530487160.5786233,29184,-4.981861114501953
1530487443.997556,29696,-4.054781913757324
1530487728.8879335,30208,-5.387872695922852
1530488012.263591,30720,-6.737238883972168
1530488296.7526193,31232,-9.77835750579834
1530488580.0597808,31744,-6.322087287902832
1530488864.891785,32256,-6.711174964904785
1530489150.1590576,32768,-8.634363174438477
1530489434.6539383,33280,-6.799515247344971
1530489718.7502449,33792,-8.662796020507812
1530490002.138691,34304,-5.562568664550781
1530490285.7050822,34816,-12.30514144897461
1530490571.046996,35328,-5.9450812339782715
1530490855.682174,35840,-2.856806993484497
1530491139.610252,36352,-4.737916469573975
1530491423.1325178,36864,-3.060612201690674
1530491706.1156178,37376,-3.1563334465026855
1530491991.173183,37888,-4.286750793457031
1530740126.1481552,38912,-2.903176784515381
1530740404.8762665,39424,-6.602683067321777
1530740684.5312495,39936,-2.944636344909668
1530740963.3380737,40448,-5.383873462677002
1530741242.9179065,40960,-2.758121967315674
1530741522.6327488,41472,-1.9950876235961914
1530741802.0963411,41984,-3.2984678745269775
1530742081.684957,42496,-4.468550682067871
1530742361.1524615,43008,-2.0705528259277344
1530742642.7642345,43520,-5.234601020812988
1530742923.8917394,44032,-3.419419288635254
1530743204.1841624,44544,-4.531494140625
1530743485.0248582,45056,-5.939056396484375
1530743766.6599357,45568,-4.003007411956787
1530744048.9457874,46080,-6.720833778381348
1530744330.50695,46592,-3.116058588027954
1530744611.4711208,47104,-3.7212209701538086
1530744893.177763,47616,-4.666980743408203
1530745174.6122,48128,-5.540355205535889
1530745455.0624425,48640,-6.641326904296875
1530745736.9942722,49152,-2.998385429382324
1530746017.9237585,49664,-3.277470827102661
1530746300.7170908,50176,-4.845456600189209
1530746581.4341114,50688,-2.108717203140259
1530746862.5236678,51200,-3.541539192199707
1530747144.608426,51712,-5.304072380065918
1530747425.978906,52224,-8.51416015625
1530747708.398021,52736,-7.050515174865723
1530747989.5864313,53248,-2.4727261066436768
1530748272.2242017,53760,-5.075268745422363
1530748553.311832,54272,-4.242169380187988
1530748834.5104609,54784,-3.6941347122192383
1530749116.5734994,55296,-4.3444013595581055
1530749397.6412466,55808,-2.2709851264953613
1530749679.51841,56320,-6.02273416519165
1530749961.537676,56832,-7.160223960876465
1530750244.2948558,57344,-5.427077293395996
1530750526.597883,57856,-3.607835292816162
1530750809.0767422,58368,-1.9743452072143555
1530751091.3853908,58880,-4.758635520935059
1530751371.8898065,59392,-5.196881294250488
1530751654.4646003,59904,-4.043078899383545
1530751936.6753953,60416,-5.890984535217285
1530752220.0387342,60928,-5.668942451477051
1530752500.9879804,61440,-1.5932376384735107
1530752782.0935485,61952,-4.191493034362793
1530753065.1584642,62464,-4.925431251525879
1530753346.2414625,62976,-6.322457790374756
1530753628.8082776,63488,-4.384703636169434
1530753913.033688,64000,-3.191197395324707
1530754195.8858697,64512,-6.726471900939941
1530754478.4394193,65024,-4.829845428466797
1530754761.710294,65536,-5.145319938659668
1530755046.4215736,66048,-2.275507926940918
1530755329.0703206,66560,-2.300917148590088
1530755611.8828113,67072,-6.855223655700684
1530755894.5885408,67584,-4.902063369750977
1530756177.90594,68096,-4.80872106552124
1530756460.4199224,68608,-1.3581817150115967
1530756742.9816227,69120,-3.466517448425293
1530757026.9539142,69632,-6.311816692352295
1530757309.0337873,70144,-2.600945472717285
1530757592.7740557,70656,-6.408847808837891
1530757875.568354,71168,-5.536803245544434
1530758157.96153,71680,-2.7237300872802734
1530758441.457218,72192,-3.5253124237060547
1530758723.598485,72704,-1.0267083644866943
1530759008.2327702,73216,-6.372769355773926
1530759290.831017,73728,-3.5279252529144287
1530759574.534307,74240,-3.0786938667297363
1530759858.1986601,74752,-6.693920135498047
1530760141.6765108,75264,-6.159254550933838
1530770032.3700192,75776,-5.6756486892700195
1530770312.7821083,76288,-3.0763299465179443
1530770592.6351962,76800,-7.997107028961182
1530770874.5836616,77312,-7.938816070556641
1530771154.1120343,77824,-2.7827882766723633
1530771433.912232,78336,-5.973299980163574
1530771714.1144912,78848,-3.3487768173217773
1530771994.070759,79360,-7.202520847320557
1530772273.90204,79872,-5.394456386566162
1530772555.2704334,80384,-7.614507675170898
1530772836.655733,80896,-3.6589245796203613
1530773117.7260597,81408,-5.7866106033325195
1530773398.9091291,81920,-7.900734901428223
1530773679.4311051,82432,-5.432726860046387
1530773960.40674,82944,-5.438122272491455
1530774242.5848386,83456,-6.461878299713135
1530774524.5979416,83968,-7.5932769775390625
1530774805.2931032,84480,-8.171953201293945
1530775085.1129138,84992,-7.213096618652344
1530775365.3363607,85504,-12.234090805053711
1530775645.7855976,86016,-3.676753044128418
1530775927.9398077,86528,-5.788506031036377
1530776208.772739,87040,-9.201681137084961
1530776489.2615943,87552,-6.360997676849365
1530776771.1130579,88064,-2.2339749336242676
1530777053.4199967,88576,-10.370594024658203
1530777333.8693826,89088,-9.470175743103027
1530777614.5770798,89600,-5.588393211364746
1530777895.5925808,90112,-6.207990646362305
1530778176.4915597,90624,-8.305238723754883
1530778456.825809,91136,-3.2475099563598633
1530778737.9194212,91648,0.564492404460907
1530779018.735729,92160,-1.700474500656128
1530779301.2688496,92672,-0.9974653720855713
1530779582.6222963,93184,-9.889235496520996
1530779864.388312,93696,-4.896062850952148
1530780145.8336704,94208,-4.541962623596191
1530780426.9074712,94720,-4.3839569091796875
1530780708.8198054,95232,-3.5935771465301514
1530780989.8684437,95744,-3.350003242492676
1530781271.4328673,96256,-7.0390801429748535
1530781551.8537676,96768,-4.264171600341797
1530781833.8310628,97280,-5.275267124176025
