wall_time,step,value
1531869334.9440916,128,0.999783456325531
1531869477.724966,256,0.9997650980949402
1531869620.6984885,384,0.999759316444397
1531869763.5200493,512,0.9997575879096985
1531870029.7152064,640,0.9997574687004089
1531870172.600058,768,0.9997581243515015
1531870315.384136,896,0.9997587203979492
1531870458.1278255,1024,0.9997599720954895
1531870724.6753166,1152,0.9997595548629761
1531870867.496609,1280,0.9997603297233582
1531871010.4632974,1408,0.9997608065605164
1531871153.267265,1536,0.9997603297233582
1531871412.4438534,1664,0.9997609257698059
1531871555.3180583,1792,0.9997616410255432
1531871698.1208675,1920,0.9997609853744507
1531871841.0125415,2048,0.9997610449790955
1531872097.7195663,2176,0.9997620582580566
1531872240.454072,2304,0.9997628927230835
1531872383.3053553,2432,0.9997627139091492
1531872526.1392238,2560,0.9997633695602417
1531872783.1962874,2688,0.999764621257782
1531872926.0169463,2816,0.9997637271881104
1531873068.706539,2944,0.9997640252113342
1531873211.378128,3072,0.9997650384902954
1531873463.7733095,3200,0.9997653365135193
1531873606.516907,3328,0.9997661113739014
1531873749.3654656,3456,0.9997674822807312
1531873892.2483256,3584,0.9997689723968506
1531874141.5362027,3712,0.9997692704200745
1531874284.569429,3840,0.9997682571411133
1531874427.3450835,3968,0.999769389629364
1531874570.2451277,4096,0.9997704029083252
1531874817.3012135,4224,0.9997698068618774
1531874960.2808478,4352,0.9997709393501282
1531875103.2310958,4480,0.9997707605361938
1531875246.3113115,4608,0.9997714161872864
1531875489.9498804,4736,0.9997708797454834
1531875633.0251822,4864,0.9997713565826416
1531875776.1455295,4992,0.9997715353965759
1531875919.159676,5120,0.9997722506523132
1531876160.3379443,5248,0.9997725486755371
1531876303.3313286,5376,0.9997711181640625
1531876446.3399577,5504,0.9997711777687073
1531876589.2190957,5632,0.9997712969779968
1531876829.4158027,5760,0.9997718334197998
1531876972.351799,5888,0.9997716546058655
1531877115.4075701,6016,0.9997738599777222
1531877258.2926123,6144,0.9997736811637878
1531877499.6446338,6272,0.9997721314430237
1531877642.7082608,6400,0.9997735619544983
1531877785.6842122,6528,0.9997719526290894
1531877928.5927746,6656,0.999772846698761
1531878170.2168288,6784,0.9997740983963013
1531878313.2275634,6912,0.9997743964195251
1531878456.0970025,7040,0.9997736215591431
1531878599.1000898,7168,0.9997745156288147
1531878840.0583627,7296,0.9997743964195251
1531878983.1557753,7424,0.9997739195823669
1531879126.161054,7552,0.9997740983963013
1531879269.3230498,7680,0.9997745156288147
1531879510.09483,7808,0.9997735023498535
1531879653.001136,7936,0.9997742176055908
1531879795.972102,8064,0.9997760057449341
1531879939.032793,8192,0.9997749328613281
1531880179.6050682,8320,0.9997759461402893
1531880322.5821393,8448,0.99977707862854
1531880465.6018622,8576,0.9997758865356445
1531880608.486821,8704,0.9997787475585938
1531880850.8735013,8832,0.9997766017913818
1531880993.9389868,8960,0.9997766017913818
1531881136.9180226,9088,0.9997765421867371
1531881279.8301919,9216,0.9997782111167908
1531881523.8992834,9344,0.9997773766517639
1531881666.7415705,9472,0.9997778534889221
1531881809.470992,9600,0.9997784495353699
1531881952.154078,9728,0.999779999256134
1531882199.069102,9856,0.999779999256134
1531882342.0953612,9984,0.9997800588607788
1531882485.026113,10112,0.9997771978378296
1531882627.887774,10240,0.9997818470001221
1531882874.333674,10368,0.9997805953025818
1531883017.2720656,10496,0.9997812509536743
1531883160.1834295,10624,0.9997819066047668
1531883303.0650709,10752,0.9997817873954773
1531883549.716385,10880,0.9997804164886475
1531883692.5833569,11008,0.9997768998146057
1531883835.5210214,11136,0.999778687953949
1531883978.4415538,11264,0.999779224395752
1531884222.0627728,11392,0.9997804760932922
1531884365.019382,11520,0.9997801780700684
1531884508.0437121,11648,0.9997786283493042
1531884650.871515,11776,0.9997805953025818
1531884897.0281794,11904,0.99978107213974
1531885039.82529,12032,0.9997795224189758
1531885182.6556184,12160,0.9997798204421997
1531885325.51097,12288,0.9997819662094116
1531885570.1293828,12416,0.9997819662094116
1531885713.0673497,12544,0.9997823238372803
1531885856.1018682,12672,0.9997817277908325
1531885999.0005872,12800,0.9997842311859131
1531886242.9496117,12928,0.9997872710227966
1531886385.7999306,13056,0.9997850060462952
1531886528.7136254,13184,0.9997836351394653
1531886671.5881612,13312,0.9997872114181519
1531886916.2190194,13440,0.9997856616973877
1531887059.2151322,13568,0.9997851848602295
1531887202.2832584,13696,0.9997860789299011
1531887345.3841734,13824,0.9997878074645996
1531887590.4125583,13952,0.9997873902320862
1531887733.5014837,14080,0.9997872710227966
1531887876.5309465,14208,0.9997873902320862
1531888019.614107,14336,0.9997884631156921
1531888265.1592371,14464,0.9997870922088623
1531888408.1156712,14592,0.9997893571853638
1531888551.1734207,14720,0.9997866153717041
1531888694.349991,14848,0.999789834022522
1531888938.4988465,14976,0.9997888803482056
1531889081.3919895,15104,0.9997876286506653
1531889224.5418234,15232,0.9997902512550354
1531889367.70966,15360,0.9997903108596802
1531889610.7937238,15488,0.9997922778129578
1531889753.7431693,15616,0.999791145324707
1531889896.7796862,15744,0.9997890591621399
1531890039.841985,15872,0.9997904896736145
1531890285.3285353,16000,0.9997908473014832
1531890428.430234,16128,0.9997915029525757
1531890571.5516565,16256,0.999788224697113
1531890714.5736656,16384,0.9997909069061279
1531890958.4595394,16512,0.9997912645339966
1531891101.439968,16640,0.9997920989990234
1531891244.382395,16768,0.9997923374176025
1531891387.2630825,16896,0.9997915029525757
1531891632.433174,17024,0.9997913241386414
1531891775.355272,17152,0.9997919201850891
1531891918.487094,17280,0.9997910857200623
1531892061.5010579,17408,0.999788761138916
1531892304.967946,17536,0.9997909665107727
1531892448.0741446,17664,0.9997899532318115
1531892591.0585978,17792,0.9997895359992981
1531892733.9786117,17920,0.999790608882904
1531892979.3791718,18048,0.9997939467430115
1531893122.4349582,18176,0.9997920393943787
1531893265.469845,18304,0.9997888207435608
1531893408.5017517,18432,0.999789297580719
1531893652.8708265,18560,0.9997934699058533
1531893795.9485068,18688,0.9997893571853638
1531893939.1072037,18816,0.9997939467430115
1531894082.2713335,18944,0.9997919201850891
1531894326.6574223,19072,0.9997950196266174
1531894469.6525915,19200,0.9997926354408264
1531894612.495301,19328,0.9997923970222473
1531894755.420845,19456,0.9997956156730652
1531895000.4222763,19584,0.9997916221618652
1531895143.3646505,19712,0.9997928738594055
1531895286.2925193,19840,0.9997962713241577
1531895429.1839557,19968,0.9997956156730652
1531895674.2045338,20096,0.9997958540916443
1531895817.1304688,20224,0.9997967481613159
1531895959.9456995,20352,0.9997994899749756
1532075366.6763322,20608,0.9997971057891846
1532075509.4975085,20736,0.9998007416725159
1532075652.2788815,20864,0.9997988343238831
1532075795.245093,20992,0.999799370765686
1532076038.2931056,21120,0.9997981786727905
1532076181.285211,21248,0.9997997879981995
1532076324.0798867,21376,0.9997985363006592
1532076466.826459,21504,0.999796986579895
1532076709.6983228,21632,0.9997962117195129
1532076852.6848485,21760,0.9998019933700562
1532076995.6437113,21888,0.9997979402542114
1532077138.6211114,22016,0.9997977614402771
1532077381.6566486,22144,0.9997949004173279
1532077524.5971425,22272,0.9997953772544861
1532077667.6187866,22400,0.999798595905304
1532077810.6174414,22528,0.9997953176498413
1532078052.564501,22656,0.9998016357421875
1532078195.6029239,22784,0.9997984766960144
1532078338.6213918,22912,0.9998003244400024
1532081444.708908,23168,0.9998006224632263
1532081591.597468,23296,0.9997974634170532
1532081738.6037707,23424,0.9997994303703308
1532081885.3667653,23552,0.999801754951477
1532082127.3368762,23680,0.9997997879981995
1532082270.324539,23808,0.9998012781143188
1532082413.219638,23936,0.9998027682304382
1532082556.2322133,24064,0.9997974038124084
1532082797.9767966,24192,0.9998041391372681
1532082941.1247313,24320,0.9997978806495667
1532083084.2858627,24448,0.9997951984405518
1532083227.2864597,24576,0.9997995495796204
1532083470.690255,24704,0.9997987747192383
1532083613.6423876,24832,0.9997979402542114
1532083756.6806905,24960,0.9997959733009338
1532083899.6539586,25088,0.9997949004173279
1532084141.784827,25216,0.9997995495796204
1532084284.7559373,25344,0.9997965693473816
1532084427.6742454,25472,0.9997968077659607
1532084570.612609,25600,0.9997981786727905
1532084813.4654386,25728,0.999799907207489
1532084956.4760156,25856,0.9997975826263428
1532085099.4118292,25984,0.9997979998588562
1532085242.2770553,26112,0.9997984170913696
1532085484.1709404,26240,0.9997996091842651
1532085627.0288746,26368,0.9998002648353577
1532085769.9097605,26496,0.9997982382774353
1532085912.7609394,26624,0.9997988939285278
1532086155.1869814,26752,0.9997968077659607
1532086297.8561473,26880,0.9998002052307129
1532086440.6811914,27008,0.9997990131378174
1532086583.3714333,27136,0.9998012185096741
1532086828.2843754,27264,0.9997977018356323
1532086971.1561267,27392,0.9997999668121338
1532087114.0325773,27520,0.9998000264167786
1532087256.7380123,27648,0.999801754951477
1532087499.9732053,27776,0.9997982978820801
1532087642.860889,27904,0.9997982978820801
1532087785.731894,28032,0.9998032450675964
1532087928.6699164,28160,0.999798595905304
1532088170.9145849,28288,0.9998018741607666
1532088313.825762,28416,0.9998025298118591
1532088456.7865272,28544,0.9998025298118591
1532088599.6636946,28672,0.9998061060905457
1532088844.906333,28800,0.9998027086257935
1532088987.8775504,28928,0.999802827835083
1532089130.9836514,29056,0.9998027682304382
1532089274.094511,29184,0.999805212020874
1532089519.6491323,29312,0.9998047947883606
1532089662.5511398,29440,0.9998029470443726
1532089805.5257857,29568,0.9998031258583069
1532089948.3930516,29696,0.999806821346283
1532090190.2822542,29824,0.9998068809509277
1532090333.2683687,29952,0.9998034238815308
1532090476.0648825,30080,0.9998071193695068
1532090618.9048834,30208,0.999805212020874
1532090865.159053,30336,0.9998040199279785
1532091007.9379368,30464,0.9998050332069397
1532091150.954666,30592,0.9998034238815308
1532091293.9335532,30720,0.9998060464859009
1532091539.9303308,30848,0.9998059272766113
1532091682.834268,30976,0.9998068809509277
1532091825.7230866,31104,0.9998080730438232
1532091968.5856562,31232,0.999807596206665
1532092211.4985569,31360,0.9998061060905457
1532092354.375736,31488,0.999808669090271
1532092497.3276157,31616,0.999803900718689
1532092640.0741358,31744,0.9998064637184143
1532092886.6838946,31872,0.999801754951477
1532093029.5576794,32000,0.9998052716255188
1532093172.5108423,32128,0.9998047351837158
1532093315.5893505,32256,0.999806821346283
1532093561.3859937,32384,0.9998098015785217
1532093704.3071368,32512,0.9998124837875366
1532093847.264643,32640,0.9998114109039307
1532093990.1721647,32768,0.9998079538345337
1532094236.3512206,32896,0.999812126159668
1532094379.4480238,33024,0.9998141527175903
1532094522.6135757,33152,0.9998154640197754
1532094665.6999624,33280,0.9998111128807068
1532094911.2388744,33408,0.9998164772987366
1532095054.2144341,33536,0.9998154640197754
1532095197.0234315,33664,0.9998125433921814
1532095339.781599,33792,0.9998132586479187
1532095584.0323222,33920,0.9998158812522888
1532095727.1305754,34048,0.9998158812522888
1532095870.195135,34176,0.9998155832290649
1532096013.245595,34304,0.9998140931129456
1532096259.151614,34432,0.9998129606246948
1532096402.3476765,34560,0.9998094439506531
1532096545.5019262,34688,0.9998205900192261
1532096688.6586926,34816,0.9998188018798828
1532096933.2661343,34944,0.9998171329498291
1532097076.379299,35072,0.9998143315315247
1532097219.5741158,35200,0.9998117685317993
1532097362.7124379,35328,0.9998168349266052
1532097607.4722388,35456,0.9998209476470947
1532097750.4231143,35584,0.9998184442520142
1532097893.5890563,35712,0.9998180866241455
1532098036.752389,35840,0.9998223781585693
1532098284.4016333,35968,0.9998215436935425
1532098427.4526184,36096,0.9998201727867126
1532098570.4593043,36224,0.9998149275779724
1532098713.5073829,36352,0.9998207092285156
1532098963.0043762,36480,0.9998235702514648
1532099106.1162403,36608,0.9998206496238708
1532099249.2190738,36736,0.9998166561126709
1532099392.4534767,36864,0.9998236894607544
1532099638.0949867,36992,0.9998135566711426
1532099781.2021346,37120,0.9998127222061157
1532099924.3899426,37248,0.9998192191123962
1532100067.570572,37376,0.9998196363449097
1532100313.8429053,37504,0.999821126461029
1532100457.0369663,37632,0.999815046787262
1532100600.1320775,37760,0.9998162984848022
1532100743.258779,37888,0.999817967414856
1532100989.712019,38016,0.9998207092285156
1532101132.7900841,38144,0.999818742275238
1532101275.831465,38272,0.9998217225074768
1532101418.9147513,38400,0.9998143911361694
1532101666.3290398,38528,0.9998160600662231
1532101809.5012188,38656,0.9998182654380798
1532101952.5097535,38784,0.9998189806938171
1532102095.6458266,38912,0.999814510345459
1532102341.4274368,39040,0.9998173713684082
1532102484.5014172,39168,0.9998148679733276
1532102627.717557,39296,0.9998151659965515
1532102770.9011965,39424,0.9998194575309753
1532103017.8686428,39552,0.9998180270195007
1532103160.771317,39680,0.9998131394386292
1532103303.7675173,39808,0.9998147487640381
1532110686.2841268,40064,0.9998175501823425
1532110833.145751,40192,0.9998185634613037
1532110979.9767797,40320,0.9998177289962769
1532111126.9915197,40448,0.9998186826705933
1532111374.6287377,40576,0.9998171329498291
1532111517.4643512,40704,0.9998160004615784
1532111660.2593033,40832,0.9998156428337097
1532111803.1286483,40960,0.9998167753219604
1532112049.4899344,41088,0.9998185038566589
1532112192.6259282,41216,0.9998145699501038
1532112335.6620545,41344,0.9998106360435486
1532112478.7407258,41472,0.9998147487640381
1532112725.6224349,41600,0.9998127222061157
1532112868.8186753,41728,0.9998171329498291
1532113011.8880527,41856,0.9998139142990112
1532113154.9925551,41984,0.9998140931129456
1532113401.8729665,42112,0.9998100996017456
1532113544.8826873,42240,0.9998143315315247
1532113687.9940403,42368,0.9998130798339844
1532113831.0448523,42496,0.9998148679733276
1532114082.3731465,42624,0.9998171329498291
1532114225.4437306,42752,0.9998125433921814
1532114368.4489253,42880,0.9998142123222351
1532114511.3688843,43008,0.9998106360435486
1532114761.833477,43136,0.9998161196708679
1532114904.8115814,43264,0.9998164176940918
1532115047.836525,43392,0.999818742275238
1532115190.9244525,43520,0.999810516834259
1532115438.550033,43648,0.9998167157173157
1532115581.4312644,43776,0.9998165965080261
1532115724.3618746,43904,0.9998172521591187
1532115867.2355459,44032,0.9998149871826172
1532116117.7294462,44160,0.9998156428337097
1532116260.7695825,44288,0.9998164772987366
1532116403.7988107,44416,0.9998133182525635
1532116546.7997885,44544,0.9998142719268799
1532116793.8701499,44672,0.9998171329498291
1532116936.9536417,44800,0.9998160004615784
1532117080.0575764,44928,0.9998164772987366
1532117223.1764193,45056,0.999813437461853
1532117472.1421971,45184,0.9998146891593933
1532117615.2418725,45312,0.9998120665550232
1532117758.468254,45440,0.9998172521591187
1532117901.7094254,45568,0.9998158812522888
1532118149.9299605,45696,0.9998194575309753
1532118292.8383608,45824,0.9998142719268799
1532118435.9848673,45952,0.9998149275779724
1532118579.0465763,46080,0.999814510345459
1532118826.5634093,46208,0.9998124837875366
1532118969.6532485,46336,0.9998113512992859
1532119112.7686462,46464,0.9998144507408142
1532119255.900284,46592,0.9998114705085754
1532119503.8601716,46720,0.9998083710670471
1532119646.7470932,46848,0.9998109936714172
1532119789.612248,46976,0.999813973903656
1532119932.4768107,47104,0.9998141527175903
1532120180.5055168,47232,0.9998156428337097
1532120323.3856125,47360,0.9998100399971008
1532120466.342844,47488,0.9998113512992859
1532120609.2018392,47616,0.9998070597648621
1532120858.3795698,47744,0.9998117089271545
1532121001.3718858,47872,0.9998084902763367
1532121144.364009,48000,0.9998082518577576
1532121287.400614,48128,0.9998081922531128
1532121538.223016,48256,0.9998058676719666
1532121681.3462203,48384,0.9998130798339844
1532121824.198943,48512,0.9998135566711426
1532121967.320798,48640,0.9998140335083008
1532122217.6095426,48768,0.9998105764389038
1532122360.6009157,48896,0.9998138546943665
1532122503.5097954,49024,0.9998055696487427
1532122646.503949,49152,0.9998126029968262
1532122895.3805056,49280,0.9998127818107605
1532123038.4482086,49408,0.9998157620429993
1532123181.3272705,49536,0.9998104572296143
1532123324.377412,49664,0.9998095035552979
1532123575.314413,49792,0.9998112320899963
1532123718.3664594,49920,0.9998154044151306
1532123861.41884,50048,0.9998158812522888
1532124004.4497864,50176,0.9998145699501038
1532124253.3878586,50304,0.9998170733451843
1532124396.5027597,50432,0.9998124837875366
1532124539.6075368,50560,0.9998154044151306
1532124682.6144934,50688,0.9998109340667725
1532124931.3440285,50816,0.9998152852058411
1532125074.3660297,50944,0.9998127818107605
1532125217.5789914,51072,0.9998166561126709
1532125360.7631943,51200,0.9998152852058411
1532125610.9714808,51328,0.9998131990432739
1532125754.0524855,51456,0.9998164772987366
1532125897.1376476,51584,0.9998198747634888
1532126040.1986141,51712,0.9998152256011963
1532126292.8649538,51840,0.9998180866241455
1532126436.0395615,51968,0.9998074769973755
1532126579.2331421,52096,0.9998129606246948
1532126722.4075851,52224,0.9998165369033813
1532126973.0244453,52352,0.9998127818107605
1532127116.0906823,52480,0.999811589717865
1532127259.3020728,52608,0.9998100996017456
1532127402.450273,52736,0.9998188614845276
1532127652.0509539,52864,0.9998071789741516
1532127795.0803516,52992,0.9998182058334351
1532127938.1401446,53120,0.9998140931129456
1532128081.1818957,53248,0.9998142123222351
1532128332.3643477,53376,0.999817430973053
1532128475.4305894,53504,0.999815046787262
1532128618.448096,53632,0.9998160004615784
1532128761.3941882,53760,0.9998154044151306
1532129012.3481226,53888,0.99981290102005
1532129155.2536988,54016,0.9998168349266052
1532129298.3031976,54144,0.9998133778572083
1532129441.221714,54272,0.9998095631599426
1532129692.321948,54400,0.9998172521591187
1532129835.257289,54528,0.999817430973053
1532129978.152211,54656,0.9998154044151306
1532130121.1144896,54784,0.999813973903656
1532130371.6300938,54912,0.9998140931129456
1532130514.603749,55040,0.9998157620429993
1532130657.7990108,55168,0.9998131394386292
1532130800.908764,55296,0.99981290102005
1532131052.6029258,55424,0.9998146891593933
1532131195.7579885,55552,0.9998100996017456
1532131338.881987,55680,0.9998161792755127
1532131482.0012941,55808,0.9998186826705933
1532131734.5696118,55936,0.9998105764389038
1532131877.6704261,56064,0.9998136758804321
1532132020.696051,56192,0.9998189210891724
1532132163.896783,56320,0.99981290102005
1532132414.0736768,56448,0.9998215436935425
1532132557.013904,56576,0.9998111128807068
1532132700.057605,56704,0.9998149275779724
1532132843.0915623,56832,0.9998120069503784
1532133094.8248084,56960,0.9998153448104858
1532133237.90393,57088,0.9998137354850769
1532133381.231994,57216,0.9998160004615784
1532133524.2531314,57344,0.9998160004615784
1532133775.414559,57472,0.9998102188110352
1532133918.4176862,57600,0.9998161792755127
1532134061.5033913,57728,0.9998102784156799
1532134204.6546514,57856,0.9998104572296143
1532134453.2528672,57984,0.9998221397399902
1532134596.2220585,58112,0.9998158812522888
1532134739.4057076,58240,0.9998146295547485
1532134882.4306984,58368,0.9998147487640381
1532135135.9765534,58496,0.9998132586479187
1532135279.064241,58624,0.9998134970664978
1532135422.217322,58752,0.9998104572296143
1532135565.317545,58880,0.9998116493225098
1532135814.7205806,59008,0.9998094439506531
1532135957.7656581,59136,0.9998079538345337
1532136100.8661132,59264,0.9998134970664978
1532136243.9728613,59392,0.9998127222061157
1532136495.3619757,59520,0.999820351600647
1532136638.2819445,59648,0.9998133778572083
1532136781.2035782,59776,0.9998134970664978
1532136924.1896405,59904,0.9998120665550232
1532137177.1094868,60032,0.9998106956481934
1532137320.0505385,60160,0.9998105764389038
1532137462.9403908,60288,0.9998144507408142
1532137605.836993,60416,0.9998122453689575
1532137855.8981247,60544,0.9998131990432739
1532137998.6245868,60672,0.9998156428337097
1532138141.427388,60800,0.9998173117637634
1532138284.0824542,60928,0.9998166561126709
1532138537.9255977,61056,0.9998157620429993
1532138680.7242303,61184,0.9998105764389038
1532138823.631237,61312,0.9998119473457336
1532138966.6437178,61440,0.9998175501823425
1532139218.6199503,61568,0.99981290102005
1532139361.5526655,61696,0.9998131394386292
1532139504.5313067,61824,0.9998176097869873
1532139647.4360528,61952,0.9998164176940918
1532139899.6335788,62080,0.9998140335083008
1532140042.463874,62208,0.9998154044151306
1532140185.4691122,62336,0.9998180270195007
1532164340.6814275,62592,0.9998148083686829
1532164487.7458346,62720,0.9998182654380798
1532164634.4284203,62848,0.9998161196708679
1532164781.7304668,62976,0.9998134970664978
1532165029.4569757,63104,0.9998156428337097
1532165172.530029,63232,0.9998148679733276
1532165315.6513827,63360,0.9998089671134949
1532165458.7285368,63488,0.9998160600662231
1532165706.279332,63616,0.9998154640197754
1532165849.2466004,63744,0.9998118281364441
1532165992.2949739,63872,0.9998111724853516
1532166135.411331,64000,0.9998102188110352
1532166380.403796,64128,0.9998136162757874
1532166523.4303474,64256,0.9998181462287903
1532166666.4861617,64384,0.9998183846473694
1532166809.5994446,64512,0.99981290102005
1532167057.6480055,64640,0.9998157024383545
1532167200.7357972,64768,0.9998142719268799
1532167343.788807,64896,0.9998183846473694
1532167486.8867388,65024,0.9998173117637634
1532167734.9830317,65152,0.9998117685317993
1532167877.8876562,65280,0.9998162388801575
1532168020.9269602,65408,0.9998138546943665
1532168163.8869412,65536,0.9998121857643127
1532168413.4907084,65664,0.9998230338096619
1532168556.3338015,65792,0.999819278717041
1532168699.1185982,65920,0.9998197555541992
1532168842.0379426,66048,0.9998170733451843
1532169087.402104,66176,0.9998170733451843
1532169230.2674778,66304,0.9998224973678589
1532169373.133123,66432,0.999823272228241
1532169516.0600965,66560,0.999826192855835
1532169765.3806791,66688,0.9998301267623901
1532169908.4009597,66816,0.9998247623443604
1532170051.438922,66944,0.9998162388801575
1532170194.5205283,67072,0.9998273253440857
1532170443.3759174,67200,0.999823272228241
1532170586.4976099,67328,0.9998189210891724
1532170729.5863335,67456,0.999823272228241
1532170872.687705,67584,0.9998254776000977
1532171118.8225844,67712,0.9998255372047424
1532171261.9015474,67840,0.9998237490653992
1532171404.8718543,67968,0.9998270869255066
1532171547.865872,68096,0.9998210072517395
1532171794.7462795,68224,0.9998233914375305
1532171937.8010788,68352,0.999818742275238
1532172080.8405085,68480,0.9998289346694946
1532172223.9137325,68608,0.9998259544372559
1532172474.4617045,68736,0.9998228549957275
1532172617.5485814,68864,0.999824047088623
1532172760.5420432,68992,0.9998095631599426
1532172903.6425812,69120,0.9998301863670349
1532173150.8567352,69248,0.9998201131820679
1532173293.9062226,69376,0.9998230338096619
1532173436.9667401,69504,0.999821126461029
1532173580.0904808,69632,0.9998230338096619
1532173828.8664439,69760,0.9998183250427246
1532173971.9849775,69888,0.9998222589492798
1532174115.3154159,70016,0.9998253583908081
1532174258.5421977,70144,0.9998149275779724
1532174507.3535492,70272,0.9998248219490051
1532174650.5167356,70400,0.9998177289962769
1532174793.610196,70528,0.9998239874839783
1532174936.8088043,70656,0.9998185038566589
1532175185.7092907,70784,0.9998228549957275
1532175328.7313778,70912,0.9998252391815186
1532175471.9101474,71040,0.9998210668563843
1532175614.9384928,71168,0.9998229742050171
1532175862.2435203,71296,0.9998184442520142
1532176005.36988,71424,0.9998214840888977
1532176148.4745758,71552,0.9998140335083008
1532176291.5981958,71680,0.9998230338096619
1532176539.5549214,71808,0.9998194575309753
1532176682.6547682,71936,0.9998214840888977
1532176825.6964507,72064,0.999818742275238
1532176968.757808,72192,0.9998167753219604
1532177216.1929216,72320,0.9998231530189514
1532177359.5102262,72448,0.9998255372047424
1532177502.7185771,72576,0.9998213052749634
1532177645.96181,72704,0.999815046787262
1532177892.0997224,72832,0.9998175501823425
1532178035.305015,72960,0.9998166561126709
1532178178.525932,73088,0.99982088804245
1532178321.6717744,73216,0.9998242855072021
1532178571.3631496,73344,0.9998226165771484
1532178714.5024364,73472,0.9998178482055664
1532178857.677613,73600,0.9998226165771484
1532179000.8345313,73728,0.9998195171356201
1532179249.991964,73856,0.9998252391815186
1532179393.3047473,73984,0.999820351600647
1532179536.5083885,74112,0.999818742275238
1532179679.7420228,74240,0.9998199343681335
1532179927.566675,74368,0.9998208284378052
1532180070.8214247,74496,0.9998182654380798
1532180214.00997,74624,0.9998234510421753
1532180357.1883085,74752,0.9998208284378052
1532180608.665937,74880,0.9998250007629395
1532180751.7854412,75008,0.9998254179954529
1532180895.0058131,75136,0.9998173117637634
1532181038.1607523,75264,0.9998199939727783
1532181286.5457163,75392,0.9998241662979126
1532181429.7390118,75520,0.9998198747634888
1532181573.0238454,75648,0.9998214840888977
1532181716.153722,75776,0.999815046787262
1532181962.3653045,75904,0.999823272228241
1532182105.699372,76032,0.9998229146003723
1532182248.775367,76160,0.999820351600647
1532182391.9190037,76288,0.9998206496238708
1532182642.9921782,76416,0.9998238682746887
1532182786.1264207,76544,0.9998182058334351
1532182929.319518,76672,0.9998137354850769
1532183072.489365,76800,0.9998210668563843
1532183323.7208025,76928,0.9998188614845276
1532183466.8657796,77056,0.9998248815536499
1532183610.072412,77184,0.9998177886009216
1532183753.38451,77312,0.9998177886009216
1532184002.7347016,77440,0.9998165965080261
1532184145.9892607,77568,0.9998214840888977
1532184289.216222,77696,0.9998180866241455
1532184432.3341775,77824,0.9998145699501038
1532184679.2231793,77952,0.9998255968093872
1532184822.1435604,78080,0.9998156428337097
1532184965.1894147,78208,0.9998177289962769
1532185108.219085,78336,0.9998264908790588
1532185353.975009,78464,0.9998200535774231
1532185496.834244,78592,0.9998214244842529
1532185639.9880002,78720,0.9998160600662231
1532185783.1075478,78848,0.9998251795768738
1532186033.846538,78976,0.9998126029968262
1532186176.998826,79104,0.9998161792755127
1532186320.3612,79232,0.9998184442520142
1532186463.4682357,79360,0.9998222589492798
1532186711.6131256,79488,0.9998189806938171
1532186854.8373084,79616,0.9998136162757874
1532186998.0917807,79744,0.9998173713684082
1532187141.262747,79872,0.9998220801353455
1532187391.243427,80000,0.9998146891593933
1532187534.3998737,80128,0.9998103976249695
1532187677.6539156,80256,0.9998185038566589
1532187820.8966517,80384,0.9998225569725037
1532188070.055722,80512,0.9998157024383545
1532188213.0027637,80640,0.9998148083686829
1532188356.1545684,80768,0.9998185634613037
1532188499.4022892,80896,0.9998111128807068
1532188747.5114834,81024,0.9998183250427246
1532188890.7243063,81152,0.9998184442520142
1532189033.728269,81280,0.9998135566711426
1532189176.8627253,81408,0.9998164176940918
1532189425.8285878,81536,0.9998090863227844
1532189568.892063,81664,0.9998124241828918
1532189712.0707855,81792,0.9998183846473694
1532189855.1821382,81920,0.9998124837875366
1532190106.543558,82048,0.999815046787262
1532190249.6250396,82176,0.9998127222061157
1532190392.7892601,82304,0.9998131990432739
1532190535.928031,82432,0.9998127818107605
1532190786.692682,82560,0.9998193383216858
1532190929.6866136,82688,0.9998143315315247
1532191072.632587,82816,0.9998161196708679
1532191215.5157053,82944,0.9998111128807068
1532191466.3840346,83072,0.9998107552528381
1532191609.2953303,83200,0.9998131394386292
1532191752.2511559,83328,0.9998188614845276
1532191895.2786205,83456,0.999815046787262
1532192145.983327,83584,0.9998161792755127
1532192288.8214996,83712,0.9998120665550232
1532192431.8433776,83840,0.9998146295547485
1532192574.9177172,83968,0.9998190402984619
1532192823.566578,84096,0.9998175501823425
1532192966.7234132,84224,0.9998192191123962
1532193109.8145404,84352,0.9998132586479187
1532193252.8914464,84480,0.9998183846473694
1532193500.9600883,84608,0.9998077154159546
1532193644.0279856,84736,0.999817967414856
1532193787.0689325,84864,0.9998169541358948
1532193930.0745053,84992,0.9998164176940918
1532194179.4651294,85120,0.9998229146003723
1532194322.5366216,85248,0.9998205304145813
1532194465.4016297,85376,0.9998219013214111
1532194608.5417635,85504,0.9998176693916321
1532194861.4453986,85632,0.9998250007629395
1532195004.7306695,85760,0.9998151659965515
1532195147.9534903,85888,0.9998196959495544
1532195291.1284876,86016,0.9998204708099365
1532195543.213053,86144,0.999816358089447
1532195686.3021836,86272,0.9998155832290649
1532195829.5590153,86400,0.9998100996017456
1532195972.7343109,86528,0.9998155832290649
1532196225.1207218,86656,0.9998108744621277
1532196368.424583,86784,0.9997817873954773
1532196511.7258377,86912,0.9997567534446716
1532196654.9666135,87040,0.9997566342353821
1532196915.5643382,87168,0.9997566342353821
1532197058.761391,87296,0.9997561573982239
1532197201.8025029,87424,0.9997561573982239
1532197345.1214352,87552,0.9997564554214478
1532197605.015648,87680,0.9997563362121582
1532197748.168997,87808,0.9997560977935791
1532197891.4320388,87936,0.9997562766075134
1532198034.6839662,88064,0.9997560381889343
1532198293.8178716,88192,0.9997560977935791
1532198437.1511436,88320,0.9997562170028687
1532198580.4018645,88448,0.9997569918632507
1532198723.6736786,88576,0.9997561573982239
1532198974.7038543,88704,0.9997560977935791
1532199118.0960767,88832,0.9997563362121582
1532199261.3397427,88960,0.9997560977935791
1532199404.5530365,89088,0.9997559785842896
1532199662.5180376,89216,0.9997560977935791
1532199805.8209784,89344,0.9997560977935791
1532199949.0342202,89472,0.9997565746307373
1532200092.349719,89600,0.9997562766075134
1532200338.5652468,89728,0.9997567534446716
1532200481.734972,89856,0.9997560977935791
1532200624.7617755,89984,0.9997560977935791
1532200767.9265776,90112,0.9997559785842896
1532201017.8102138,90240,0.9997561573982239
1532201161.0260243,90368,0.9997565150260925
1532201304.2523296,90496,0.9997562170028687
1532201447.5559838,90624,0.9997561573982239
1532201698.4568398,90752,0.9997559785842896
1532201841.667802,90880,0.9997562170028687
1532201984.8064787,91008,0.9997560381889343
1532202128.006243,91136,0.9997560381889343
1532202378.2585719,91264,0.9997560977935791
1532202521.3616428,91392,0.9997560381889343
1532202664.5411084,91520,0.9997560977935791
1532202807.6532407,91648,0.9997573494911194
1532203061.112869,91776,0.9997560977935791
1532203204.0931726,91904,0.9997560381889343
1532203347.0265667,92032,0.9997559189796448
1532203490.043603,92160,0.9997561573982239
1532203742.5379572,92288,0.9997561573982239
1532203885.760466,92416,0.9997568130493164
1532204028.9957738,92544,0.9997566938400269
1532204172.1889412,92672,0.9997560977935791
1532204419.6717353,92800,0.9997561573982239
1532204562.8639624,92928,0.9997560977935791
1532204706.0304825,93056,0.9997573494911194
1532204849.260821,93184,0.9997560977935791
1532205098.7759385,93312,0.9997561573982239
1532205241.8435535,93440,0.9997562170028687
1532205385.1413977,93568,0.9997562766075134
1532205528.28822,93696,0.9997562170028687
1532205783.564743,93824,0.9997561573982239
1532205926.685862,93952,0.9997565150260925
1532206069.7811584,94080,0.9997562170028687
1532206213.0651114,94208,0.9997563362121582
1532206462.2475371,94336,0.9997562766075134
1532206605.3386323,94464,0.9997560381889343
1532206748.5149283,94592,0.9997565150260925
1532206891.6628313,94720,0.9997562170028687
1532207147.3427308,94848,0.9997562766075134
1532207290.4888077,94976,0.9997568726539612
1532207433.6029572,95104,0.9997561573982239
1532207576.9359965,95232,0.9997566938400269
1532207818.7802868,95360,0.9997566342353821
1532207961.8683736,95488,0.9997560977935791
1532208104.9973912,95616,0.9997561573982239
1532208248.158191,95744,0.9997571110725403
1532208485.0463078,95872,0.9997571110725403
1532208628.1953819,96000,0.9997564554214478
1532208771.3716748,96128,0.9997566938400269
1532208914.5377562,96256,0.9997568130493164
1532209146.3868222,96384,0.9997568130493164
1532209289.4596846,96512,0.999756395816803
1532209432.4868333,96640,0.9997560977935791
1532209575.5169961,96768,0.9997561573982239
1532209814.1235337,96896,0.999756395816803
1532209957.2150326,97024,0.9997565746307373
1532210100.1682115,97152,0.999756395816803
1532210243.2276816,97280,0.9997560381889343
1532210476.051722,97408,0.9997564554214478
1532210619.0895853,97536,0.9997559785842896
