wall_time,step,value
1531088644.4087906,512,0.02674420177936554
1531088922.988672,1024,0.03994849696755409
1531089204.0158157,1536,0.07178965955972672
1531089482.8794248,2048,0.03865151107311249
1531089761.234796,2560,0.06065215915441513
1531090041.495718,3072,0.08662839978933334
1531090320.3000393,3584,0.09390784800052643
1531090599.3208606,4096,0.05505561828613281
1531090878.0967577,4608,0.07482634484767914
1531091158.8225753,5120,0.07172095030546188
1531091438.5337076,5632,0.05669551342725754
1531091718.572464,6144,0.08177653700113297
1531091998.4262724,6656,0.08378162980079651
1531092277.9844613,7168,0.09610885381698608
1531092558.6135085,7680,0.10006789118051529
1531092838.2875516,8192,0.06892472505569458
1531093117.8313043,8704,0.11033400148153305
1531093397.9503856,9216,0.061806511133909225
1531093677.6802292,9728,0.07343778014183044
1531093958.8910866,10240,0.05664137750864029
1531094238.1809752,10752,0.05989759787917137
1531094518.94427,11264,0.09990803152322769
1531094799.324356,11776,0.055632419884204865
1531095080.069414,12288,0.09807917475700378
1531095360.1507273,12800,0.05363641306757927
1531095640.4160051,13312,0.08623445779085159
1531095920.7777376,13824,0.07167086750268936
1531096201.4694848,14336,0.08830404281616211
1531096482.8564677,14848,0.08370404690504074
1531096762.0749712,15360,0.061975426971912384
1531097042.4380813,15872,0.06719578802585602
1531097323.4934523,16384,0.09255273640155792
1531097604.5404432,16896,0.06948063522577286
1531097884.9114237,17408,0.0944918766617775
1531098164.6735017,17920,0.1000593826174736
1531098446.5893197,18432,0.09463686496019363
1531098728.760451,18944,0.06413858383893967
1531099009.256484,19456,0.07637231796979904
1531099290.9708707,19968,0.0861630067229271
1531099573.4622674,20480,0.09492578357458115
1531099853.542827,20992,0.1115294098854065
1531100135.1646235,21504,0.04826512187719345
1531100416.5372686,22016,0.08516152203083038
1531100698.3476999,22528,0.07399409264326096
1531100979.2831266,23040,0.12027391046285629
1531101262.4160993,23552,0.0750175267457962
1531101543.3122373,24064,0.09880984574556351
1531101825.3115232,24576,0.10057231783866882
1531102106.5190253,25088,0.06703415513038635
1531102388.491684,25600,0.08883547782897949
1531102670.2963595,26112,0.07875838130712509
1531102951.7502208,26624,0.050761763006448746
1531103233.4822826,27136,0.07651713490486145
1531103515.2511823,27648,0.1059195026755333
1531103796.7377634,28160,0.05673626810312271
1531104079.364841,28672,0.0790950357913971
1531104360.2167935,29184,0.08295447379350662
1531104642.489592,29696,0.06414634734392166
1531104925.3457975,30208,0.06856964528560638
1531105206.4009144,30720,0.09437986463308334
1531105488.9913092,31232,0.05841593071818352
1531105770.0337486,31744,0.10331861674785614
1531106051.4254951,32256,0.12760914862155914
1531106333.974216,32768,0.055671725422143936
1531106616.967163,33280,0.07178966701030731
1531106898.2077835,33792,0.08370988070964813
1531107179.9471505,34304,0.06348535418510437
1531107461.6111507,34816,0.06927385926246643
1531107743.1680946,35328,0.1188986673951149
1531108024.893391,35840,0.09604260325431824
1531108306.3964243,36352,0.0970289558172226
1531108588.6379888,36864,0.14059089124202728
1531108870.2572117,37376,0.08425763994455338
1531109153.7896826,37888,0.10019053518772125
1531109436.6497586,38400,0.09919117391109467
1531314792.032815,39424,0.06792549788951874
1531315066.8098276,39936,0.10026031732559204
1531315341.3356366,40448,0.1028955802321434
1531315615.281575,40960,0.06750644743442535
1531315892.097508,41472,0.08445711433887482
1531316167.3310707,41984,0.09913764894008636
1531316442.6224535,42496,0.07030978798866272
1531316717.6970394,43008,0.09990143030881882
1531316992.5818446,43520,0.08461270481348038
1531317269.4460812,44032,0.09716783463954926
1531317545.9749818,44544,0.14467918872833252
1531317821.9565988,45056,0.10182708501815796
1531318098.113307,45568,0.062254756689071655
1531318374.4578934,46080,0.08091412484645844
1531318650.778484,46592,0.09303329885005951
1531318927.2726374,47104,0.06311673671007156
1531319204.0694442,47616,0.11017557233572006
1531319480.6237044,48128,0.10819829255342484
1531319758.5447528,48640,0.07520508021116257
1531320034.5589232,49152,0.07976669818162918
1531320310.8201413,49664,0.10666675865650177
1531341732.7034416,50688,0.09861202538013458
1531342008.79166,51200,0.09683450311422348
1531342285.0178385,51712,0.10178080946207047
1531342560.9634333,52224,0.0686681792140007
1531342837.954212,52736,0.10249290615320206
1531343115.1723285,53248,0.09488353878259659
1531343390.7477818,53760,0.08260925859212875
1531343667.3001375,54272,0.09637978672981262
1531343943.796503,54784,0.10448640584945679
1531344221.362777,55296,0.13212046027183533
1531344496.7754369,55808,0.06351987272500992
1531344772.1917572,56320,0.06704557687044144
1531345049.10562,56832,0.13291889429092407
1531345325.0200045,57344,0.08416624367237091
1531345602.1617572,57856,0.07107648998498917
1531345878.4190853,58368,0.10611695796251297
1531346154.094108,58880,0.0773223266005516
1531346429.9050236,59392,0.07564596831798553
1531346705.7824502,59904,0.08360619843006134
1531346982.3920286,60416,0.08754399418830872
1531347258.5515864,60928,0.09725282341241837
1531347534.431842,61440,0.08471096307039261
1531347811.469341,61952,0.08576535433530807
1531348088.4557767,62464,0.07556747645139694
1531348365.4225383,62976,0.12200096994638443
1531348643.346138,63488,0.07384958118200302
1531348921.0933762,64000,0.09515424817800522
1531349198.0659468,64512,0.04665622115135193
1531349475.1381183,65024,0.11865759640932083
1531349753.7432597,65536,0.10126586258411407
1531350032.8734047,66048,0.0783771499991417
1531350311.5376298,66560,0.10493271797895432
1531350589.1933422,67072,0.08254897594451904
1531350868.12695,67584,0.11355210095643997
1531351146.179191,68096,0.0985979437828064
1531351423.7988899,68608,0.06882647424936295
1531351702.9112031,69120,0.0741853415966034
1531352745.8287554,70144,0.06958390027284622
1531353020.232995,70656,0.07290588319301605
1531353295.9438415,71168,0.10065203905105591
1531353572.0911403,71680,0.10093022137880325
1531353849.2074065,72192,0.08864059299230576
1531354125.8226624,72704,0.09272439777851105
1531354403.0881572,73216,0.09928909689188004
1531354679.7291093,73728,0.09349729120731354
1531354957.1200736,74240,0.0846143513917923
1531355233.8251014,74752,0.06055440381169319
1531355509.4253612,75264,0.10529981553554535
1531355786.5038462,75776,0.06679246574640274
1531356063.3484974,76288,0.07407405227422714
1531356340.7052958,76800,0.127401202917099
1531356617.1229024,77312,0.09322040528059006
1531356893.5331864,77824,0.07641303539276123
1531357169.4782665,78336,0.08571283519268036
1531357447.3266659,78848,0.08814004063606262
1531357725.4512794,79360,0.13764718174934387
1531358002.0089252,79872,0.10677134245634079
1531358280.409493,80384,0.08072368055582047
1531358557.633911,80896,0.13810628652572632
1531358834.7168934,81408,0.07950548082590103
1531359112.8859766,81920,0.11226460337638855
1531359389.9625192,82432,0.10822468996047974
1531359667.3705616,82944,0.14175058901309967
1531359946.304018,83456,0.10787256062030792
1531360223.6280997,83968,0.04436173290014267
1531360500.7163777,84480,0.09520158916711807
1531360779.2521973,84992,0.11595404893159866
1531361055.876965,85504,0.11840380728244781
1531361333.3219323,86016,0.07299795001745224
1531361610.6128945,86528,0.050835929811000824
1531361889.572209,87040,0.10968140512704849
1531362167.586788,87552,0.06516414880752563
1531362446.59562,88064,0.08160438388586044
1531362724.7157962,88576,0.12938886880874634
1531363002.7130067,89088,0.08268892765045166
1531363280.7913299,89600,0.11847373098134995
1531363558.746793,90112,0.12656736373901367
1531363836.4972458,90624,0.11102314293384552
1531364114.2069151,91136,0.09614700078964233
1531364392.6989217,91648,0.09175054728984833
1531364670.1696053,92160,0.0820724368095398
1531364948.1953142,92672,0.13208714127540588
1531365227.6057007,93184,0.09594239294528961
1531365504.9057336,93696,0.07885567843914032
1531365782.1646001,94208,0.08426328748464584
1531366059.8003452,94720,0.10754015296697617
1531366338.660382,95232,0.06310966610908508
1531366616.9180024,95744,0.08516670018434525
1531366894.444594,96256,0.10473610460758209
1531367172.839844,96768,0.07327599823474884
1531367450.8576422,97280,0.11694478243589401
