wall_time,step,value
1530532661.1769357,512,20271.41796875
1530532856.8213606,1024,23621.419921875
1530533049.9535348,1536,2710.944580078125
1530533242.9335706,2048,90.86499786376953
1530533437.2839382,2560,8.580469131469727
1530533632.0412338,3072,10.293447494506836
1530533828.949524,3584,16.8984375
1530534024.3602297,4096,19.087535858154297
1530534222.1905143,4608,25.164724349975586
1530534418.6987484,5120,20.819717407226562
1530534615.277205,5632,22.31607437133789
1530534812.1461725,6144,30.28831672668457
1530535008.9622414,6656,28.35323715209961
1530535205.3937635,7168,28.910205841064453
1530535402.0147903,7680,26.207067489624023
1530535599.8484104,8192,27.793010711669922
1530535798.354337,8704,28.86336898803711
1530535995.0460215,9216,26.450748443603516
1530536192.3334093,9728,27.069246292114258
1530536388.9002264,10240,22.116100311279297
1530536585.5819235,10752,25.443510055541992
1530536783.011166,11264,27.09360122680664
1530536980.9806628,11776,24.66496467590332
1530537178.4039629,12288,29.81574058532715
1530537377.0086246,12800,28.691164016723633
1530537575.2900724,13312,28.836557388305664
1530537774.3132915,13824,37.37605667114258
1530537971.6000693,14336,48.162559509277344
1530538169.720398,14848,25.964496612548828
1530538367.0920982,15360,30.50724220275879
1530538564.7792704,15872,31.94632911682129
1530538761.6220844,16384,25.187416076660156
1530538959.1364279,16896,25.711301803588867
1530539157.1255684,17408,32.78237533569336
1530539355.3893383,17920,31.055572509765625
1530539553.458062,18432,26.33306121826172
1530539750.9276288,18944,36.4838981628418
1530539948.776753,19456,26.97659683227539
1530540147.3070965,19968,38.52346420288086
1530540345.675602,20480,29.032133102416992
1530540543.4648168,20992,36.73721694946289
1530540742.448534,21504,43.433692932128906
1530540940.4608247,22016,43.249237060546875
1530541140.86477,22528,42.383819580078125
1530541339.1481974,23040,40.03874206542969
1530541538.109118,23552,35.98888397216797
1530541737.7893815,24064,29.24226951599121
1530541938.7989028,24576,37.24308776855469
1530542137.4089448,25088,34.49415969848633
1530542335.5208848,25600,53.17154312133789
1530542534.864392,26112,35.838462829589844
1530542734.1327322,26624,24.861478805541992
1530542932.8862805,27136,23.96012306213379
1530543132.51672,27648,36.05833435058594
1530543333.1756234,28160,24.330978393554688
1530543531.6374693,28672,35.18733596801758
1530543731.231598,29184,25.009090423583984
1530543932.147553,29696,33.6658935546875
1530544133.4568546,30208,33.85340118408203
1530544332.7159967,30720,27.31527328491211
1530544532.3541417,31232,19.293804168701172
1530544733.8766706,31744,34.24797821044922
1530544933.862187,32256,28.03693962097168
1530545133.7066574,32768,21.730558395385742
1530545333.8793852,33280,19.343395233154297
1530545534.1869998,33792,17.65835189819336
1530545734.5442681,34304,25.79485511779785
1530545935.3813586,34816,20.58230972290039
1530546134.7194088,35328,22.26349639892578
1530546336.8361425,35840,20.88344955444336
1530546536.6128812,36352,15.098176002502441
1530546737.4722242,36864,16.045625686645508
1530546938.0261087,37376,18.854690551757812
1530547139.6561694,37888,19.654294967651367
1530547340.860374,38400,22.55533218383789
1530620365.5659225,39424,10.032140731811523
1530620560.4649494,39936,16.06095314025879
1530620757.5461893,40448,11.738934516906738
1530620952.6516984,40960,27.736413955688477
1530621149.727964,41472,28.718952178955078
1530621345.606759,41984,30.576122283935547
1530621541.6049316,42496,37.168582916259766
1530621738.6785824,43008,33.19014358520508
1530621935.458547,43520,61.35805130004883
1530622132.2302642,44032,26.618328094482422
1530622328.7338662,44544,17.821666717529297
1530622523.9270325,45056,17.871461868286133
1530622720.3755999,45568,18.84956169128418
1530622918.385117,46080,23.171485900878906
1530623114.9966846,46592,19.014034271240234
1530636788.8153858,47616,32.23360061645508
1530636986.9775753,48128,35.082008361816406
1530637183.8141398,48640,18.56647491455078
1530637380.6365197,49152,46.965980529785156
1530637577.879592,49664,17.599971771240234
1530637774.1245697,50176,18.452043533325195
1530637971.2303965,50688,27.212934494018555
1530638168.1499426,51200,44.512451171875
1530638365.3322258,51712,42.13541793823242
1530638562.4770048,52224,25.580303192138672
1530638759.8025873,52736,20.56167221069336
1530638956.9147925,53248,21.68781852722168
1530639154.3021276,53760,49.19788360595703
1530639351.2835703,54272,40.98976135253906
1530639548.065127,54784,28.294464111328125
1530639745.6880262,55296,34.8813591003418
1530639942.2660303,55808,28.450439453125
1530640138.8726194,56320,19.086109161376953
1530640336.0279558,56832,13.180427551269531
1530640533.6790442,57344,39.35673904418945
1530640731.4566936,57856,11.555492401123047
1530640928.1244779,58368,3.1107089519500732
1530641126.1481164,58880,17.871767044067383
1530641324.4167156,59392,36.18106460571289
1530641522.4333003,59904,23.170284271240234
1530641720.6877446,60416,12.641033172607422
1530641919.7232034,60928,9.025690078735352
1530642118.8502715,61440,22.812223434448242
1530642318.219968,61952,45.20729064941406
1530642516.7830815,62464,17.148839950561523
1530642715.890679,62976,16.129873275756836
1530642915.2408543,63488,61.11091232299805
1530643113.365943,64000,26.462594985961914
1530643313.5035515,64512,23.0308837890625
1530643512.2598822,65024,26.79082489013672
1530643711.2922077,65536,224.5416717529297
1530643909.717128,66048,35.256195068359375
1530644107.7203853,66560,10.67997932434082
1530644305.837661,67072,10.033912658691406
1530644506.0005352,67584,19.260334014892578
1530644704.9749627,68096,10.39028263092041
1530644904.4326909,68608,46.11137390136719
1530645104.862529,69120,152.1007080078125
1530645305.7872422,69632,5.644072532653809
1530645505.3577871,70144,68.61197662353516
1530645704.2356992,70656,48.23611831665039
1530645903.2307065,71168,76.98355865478516
1530646102.181273,71680,87.33576202392578
1530646301.374044,72192,7.810329914093018
1530646502.2977524,72704,258.8487548828125
1530646702.1708975,73216,25.628061294555664
1530646902.6808503,73728,51.8769416809082
1530647103.671826,74240,8.680253028869629
1530647303.2847936,74752,24.867572784423828
1530647501.8649383,75264,19.420732498168945
1530647701.8794267,75776,26.715160369873047
1530647901.8757894,76288,38.18301010131836
1530648102.7133372,76800,26.07033348083496
1530648301.9658978,77312,15.063028335571289
1530648501.7560859,77824,11.73620891571045
1530648701.7880826,78336,9.764385223388672
1530648901.4318497,78848,15.645856857299805
1530649103.072848,79360,71.91158294677734
1530649303.798372,79872,12.763595581054688
1530649504.2384267,80384,45.757930755615234
1530649705.1287043,80896,57.738739013671875
1530649906.726378,81408,43.622467041015625
1530650107.920086,81920,45.76188659667969
1530650308.5048053,82432,56.08237838745117
1530650509.2661211,82944,5.207635402679443
1530650711.3404593,83456,60.58192443847656
1530650911.7376862,83968,61.99665832519531
1530651112.3624141,84480,40.24676513671875
1530651314.2184107,84992,49.36974334716797
1530651517.2983477,85504,102.2589340209961
1530707823.7293873,86528,54.96733856201172
1530708019.1862664,87040,29.22842788696289
1530708215.6215842,87552,15.610002517700195
1530708411.8241985,88064,24.969579696655273
1530708608.1779377,88576,21.919588088989258
1530708805.4594598,89088,4.390600204467773
1530709002.4278984,89600,4.202698707580566
1530709198.8378716,90112,11.212591171264648
1530709395.345727,90624,7.32546854019165
1530709593.6825473,91136,7.764455318450928
1530709789.8748412,91648,9.91879653930664
1530709986.1101243,92160,8.026002883911133
1530710183.3820944,92672,49.16828155517578
1530710381.1533794,93184,32.10365676879883
1530710579.3005846,93696,31.72126007080078
1530710775.7979457,94208,7.593945026397705
1530710972.0215435,94720,63.18746566772461
1530711169.9998026,95232,25.285968780517578
1530711366.9780023,95744,30.610658645629883
1530711563.572188,96256,34.340206146240234
1530711759.9192302,96768,12.994336128234863
1530711956.6361897,97280,10.99998950958252
