wall_time,step,value
1531050838.8174307,128,18.749267578125
1531050945.3982706,256,20.326732635498047
1531051052.3246758,384,14.95793628692627
1531051159.3949835,512,13.506851196289062
1531051366.7635508,640,11.006103515625
1531051473.9659088,768,11.921233177185059
1531051581.150544,896,12.789546012878418
1531051688.111554,1024,10.411055564880371
1531051893.307576,1152,11.162552833557129
1531052000.373167,1280,12.926212310791016
1531052106.8512318,1408,13.974820137023926
1531052213.9574192,1536,11.804883003234863
1531052409.472582,1664,11.78986644744873
1531052516.3717759,1792,12.30192756652832
1531052623.3302178,1920,13.80660629272461
1531052730.2631078,2048,11.866321563720703
1531052927.7254524,2176,11.543535232543945
1531053034.5743458,2304,13.266375541687012
1531053141.6473546,2432,12.047383308410645
1531053248.3720315,2560,12.943904876708984
1531053442.3003178,2688,11.166849136352539
1531053549.400321,2816,13.251605987548828
1531053656.4997008,2944,12.711084365844727
1531053763.2214184,3072,12.447590827941895
1531053962.8797839,3200,13.878573417663574
1531054069.5530384,3328,13.14556884765625
1531054176.358825,3456,12.71636962890625
1531054283.0493293,3584,11.099272727966309
1531054481.145026,3712,11.366222381591797
1531054587.830748,3840,11.550661087036133
1531054694.5329878,3968,12.162940979003906
1531054801.1386194,4096,12.103096961975098
1531054998.4981356,4224,12.160435676574707
1531055105.161263,4352,11.291658401489258
1531055211.8978565,4480,13.892053604125977
1531055318.6027386,4608,11.276171684265137
1531055514.2356753,4736,10.613009452819824
1531055620.9481037,4864,13.340739250183105
1531055727.818922,4992,12.041759490966797
1531055834.5195234,5120,10.96085262298584
1531056031.290184,5248,12.108189582824707
1531056138.0846093,5376,12.458558082580566
1531056244.9476264,5504,11.426308631896973
1531056351.868502,5632,12.331986427307129
1531056547.0300262,5760,11.019866943359375
1531056653.8729532,5888,11.385251998901367
1531056760.7705624,6016,12.754010200500488
1531056867.5364313,6144,12.284523010253906
1531057063.0135105,6272,12.156614303588867
1531057169.9327147,6400,10.619080543518066
1531057276.6686623,6528,11.317889213562012
1531057383.4240549,6656,11.820629119873047
1531057577.73171,6784,9.994563102722168
1531057684.7156532,6912,12.082392692565918
1531057791.6962876,7040,11.341263771057129
1531057898.3403137,7168,10.322479248046875
1531058090.9298384,7296,10.695025444030762
1531058197.8633003,7424,12.677048683166504
1531058304.6902165,7552,11.82601547241211
1531058411.554903,7680,13.107220649719238
1531058605.0424957,7808,11.577265739440918
1531058711.934144,7936,11.766192436218262
1531058818.838733,8064,12.479718208312988
1531058925.558343,8192,11.233617782592773
1531059116.675002,8320,11.355481147766113
1531059223.5906641,8448,11.467527389526367
1531059330.4714525,8576,11.598388671875
1531059437.3701167,8704,10.474564552307129
1531059629.2092738,8832,11.842005729675293
1531059736.0187044,8960,12.018548965454102
1531059843.0305173,9088,11.318696022033691
1531059949.9610312,9216,11.099597930908203
1531060141.6830666,9344,10.947450637817383
1531060248.6434317,9472,10.842910766601562
1531060355.767772,9600,10.975898742675781
1531060462.8131797,9728,10.042120933532715
1531060654.854472,9856,10.284521102905273
1531060762.0036025,9984,12.42626953125
1531060868.858425,10112,11.157211303710938
1531060975.743363,10240,10.480045318603516
1531061168.2273648,10368,10.000292778015137
1531061275.3880987,10496,10.224421501159668
1531061382.634946,10624,9.936458587646484
1531061489.4548502,10752,12.412500381469727
1531061680.7710419,10880,9.836587905883789
1531061787.7349687,11008,10.892237663269043
1531061894.7363374,11136,10.68860149383545
1531062001.8171885,11264,10.432835578918457
1531062192.575423,11392,11.501733779907227
1531062299.4914598,11520,10.537154197692871
1531062406.6251495,11648,11.313685417175293
1531062513.6786358,11776,10.303092956542969
1531062706.170259,11904,10.296793937683105
1531062813.174729,12032,10.328340530395508
1531062920.1826262,12160,13.419282913208008
1531063027.2086766,12288,10.44469165802002
1531063218.446065,12416,10.407814025878906
1531063325.4532142,12544,11.08810806274414
1531063432.5023303,12672,10.09443473815918
1531063539.3630311,12800,10.727189064025879
1531063732.154405,12928,10.754891395568848
1531063839.5305688,13056,11.3361177444458
1531063946.5958,13184,10.64500904083252
1531064053.7304156,13312,10.48011302947998
1531064245.0799162,13440,10.524176597595215
1531064352.1570215,13568,11.146082878112793
1531064459.3334422,13696,11.059724807739258
1531064566.2325697,13824,10.386188507080078
1531064757.4401352,13952,10.888477325439453
1531064864.4811769,14080,10.016462326049805
1531064971.4512029,14208,11.992599487304688
1531065078.2909572,14336,11.077314376831055
1531065270.3877304,14464,11.394242286682129
1531065377.3843818,14592,11.019495010375977
1531065484.4368577,14720,11.0337495803833
1531065591.297815,14848,10.862353324890137
1531065782.7116024,14976,10.170504570007324
1531065889.8102865,15104,10.181005477905273
1531065996.9179199,15232,9.822484970092773
1531066103.9210682,15360,11.453107833862305
1531066298.0138342,15488,10.591465950012207
1531066404.7349534,15616,10.360481262207031
1531066511.4192286,15744,10.489304542541504
1531066618.5675168,15872,10.4004545211792
1531066810.949285,16000,10.109177589416504
1531066918.1538544,16128,10.975349426269531
1531067025.2305527,16256,10.204715728759766
1531067132.373466,16384,10.422033309936523
1531067325.684214,16512,9.927009582519531
1531067432.8412762,16640,10.149046897888184
1531067539.8309784,16768,9.545760154724121
1531067646.714482,16896,10.612898826599121
1531067838.7085347,17024,10.23483657836914
1531067945.8144958,17152,10.52486515045166
1531068052.6401355,17280,10.019708633422852
1531068159.6385229,17408,10.680606842041016
1531068350.872595,17536,10.151026725769043
1531068457.7219071,17664,11.681346893310547
1531068564.5097847,17792,9.965579986572266
1531068671.1799345,17920,9.834854125976562
1531068862.6426237,18048,9.846014976501465
1531068969.5559344,18176,11.139458656311035
1531069076.5358377,18304,9.974810600280762
1531069183.5781748,18432,9.640271186828613
1531069375.7252007,18560,9.734416007995605
1531069482.924522,18688,9.71407699584961
1531069590.1830413,18816,9.570960998535156
1531069697.2749312,18944,9.72742748260498
1531069888.9498699,19072,10.157801628112793
1531069996.2097511,19200,10.35559368133545
1531070103.1811042,19328,9.85565185546875
1531070210.3667881,19456,9.523384094238281
1531070403.1037824,19584,9.615800857543945
1531070510.3077438,19712,11.46721076965332
1531070617.0735884,19840,9.985149383544922
1531070724.0812726,19968,10.228890419006348
1531070916.3509297,20096,9.980419158935547
1531071023.5275986,20224,9.485302925109863
1531071130.6445649,20352,11.15965461730957
1531071237.6708908,20480,10.126714706420898
1531071429.4421873,20608,10.024778366088867
1531071536.5429754,20736,9.691143989562988
1531071643.6507044,20864,11.17477035522461
1531071750.6300511,20992,10.295214653015137
1531071942.9121575,21120,9.81786823272705
1531072050.05433,21248,9.790687561035156
1531072157.4537187,21376,9.5859375
1531072264.7460237,21504,10.04186725616455
1531072458.2066815,21632,10.100241661071777
1531072565.336009,21760,9.598123550415039
1531072672.5595088,21888,10.234882354736328
1531072779.7660038,22016,11.156126976013184
1531072972.636333,22144,9.894397735595703
1531073079.8766406,22272,10.155343055725098
1531073187.2050526,22400,9.981302261352539
1531073294.386007,22528,10.012354850769043
1531073487.7989047,22656,10.15070629119873
1531073594.8322732,22784,9.58515739440918
1531073702.1022182,22912,10.42697525024414
1531073809.2183533,23040,10.40749454498291
1531074002.3390384,23168,9.9000883102417
1531074109.7162669,23296,9.540706634521484
1531074217.080809,23424,10.329740524291992
1531074324.0360413,23552,10.691546440124512
1531074516.7819896,23680,11.319086074829102
1531074623.9839926,23808,9.930919647216797
1531074731.1849627,23936,9.644824028015137
1531074838.4754295,24064,10.078481674194336
1531075031.2708437,24192,9.773622512817383
1531075138.3390017,24320,11.528295516967773
1531075245.6391168,24448,10.235548973083496
1531075352.861578,24576,9.668465614318848
1531075545.9709783,24704,10.39995288848877
1531075653.2222226,24832,9.741737365722656
1531075760.5514266,24960,9.191471099853516
1531075867.7264197,25088,11.389274597167969
1531076062.0205789,25216,10.090978622436523
1531076169.1936324,25344,10.286031723022461
1531076276.4591863,25472,9.802299499511719
1531076383.7140102,25600,9.296035766601562
1531076577.690596,25728,10.178032875061035
1531076684.9935992,25856,10.390298843383789
1531076792.3208697,25984,10.761369705200195
1531076899.4796224,26112,10.165356636047363
1531077092.331915,26240,10.18364143371582
1531077199.4961443,26368,9.332085609436035
1531077306.7089977,26496,9.8090181350708
1531077413.882544,26624,9.715950012207031
1531077607.0942163,26752,10.987865447998047
1531077714.3768022,26880,10.469863891601562
1531077821.4223804,27008,10.234177589416504
1531077928.5837765,27136,9.8722562789917
1531078120.8686416,27264,9.801589012145996
1531078228.167545,27392,9.512706756591797
1531078335.409368,27520,9.965856552124023
1531078442.717138,27648,9.48641586303711
1531078635.8982701,27776,10.367936134338379
1531078742.8906205,27904,9.849641799926758
1531078849.933628,28032,10.8970947265625
1531078957.1224287,28160,10.585229873657227
1531079149.704828,28288,10.153722763061523
1531079256.9179409,28416,9.846491813659668
1531079363.8917747,28544,9.820757865905762
1531079471.1023355,28672,10.076624870300293
1531079665.7302198,28800,9.492944717407227
1531079772.7507427,28928,9.234612464904785
1531079879.6148856,29056,10.799988746643066
1531079986.7959478,29184,9.642552375793457
1531080182.0514457,29312,9.86316967010498
1531080288.577387,29440,9.82753849029541
1531080395.189446,29568,9.250755310058594
1531080501.7312503,29696,9.201471328735352
1531080696.7317138,29824,9.92569637298584
1531080804.0694475,29952,10.212421417236328
1531080911.1827354,30080,9.883575439453125
1531081018.0834587,30208,9.413700103759766
1531081211.3332202,30336,10.515174865722656
1531081318.6855333,30464,9.418787956237793
1531081425.8044894,30592,9.50265121459961
1531081533.112209,30720,9.757719039916992
1531081728.0911617,30848,11.000205993652344
1531081835.3040023,30976,9.240758895874023
1531081942.7240717,31104,9.669060707092285
1531082050.0232623,31232,9.490864753723145
1531082244.7332613,31360,10.191460609436035
1531082351.9875865,31488,9.944554328918457
1531082459.3308017,31616,9.591301918029785
1531082566.5250754,31744,10.044573783874512
1531082762.0219197,31872,9.567511558532715
1531082869.0803478,32000,9.783451080322266
1531082976.157079,32128,9.703121185302734
1531083082.8768973,32256,10.317464828491211
1531083276.5029316,32384,11.602502822875977
1531083383.8767662,32512,9.315009117126465
1531083491.0197284,32640,9.504542350769043
1531083598.2108843,32768,9.938204765319824
1531083792.0929143,32896,9.525470733642578
1531083899.2861035,33024,9.974519729614258
1531084006.560758,33152,9.45557975769043
1531084113.6698942,33280,10.582538604736328
1531084307.7767477,33408,9.273097038269043
1531084415.0946486,33536,9.414046287536621
1531084522.3044295,33664,9.845576286315918
1531084629.6278937,33792,9.611278533935547
1531084825.7691941,33920,11.0072603225708
1531084933.0717962,34048,10.186763763427734
1531085040.537053,34176,10.327290534973145
1531085147.805995,34304,11.215002059936523
1531085343.6329222,34432,9.614896774291992
1531085450.7552562,34560,9.40996265411377
1531085557.9326296,34688,11.045062065124512
1531085664.894825,34816,9.327659606933594
1531085859.532738,34944,9.877995491027832
1531085966.7628102,35072,10.716785430908203
1531086073.8449733,35200,9.414194107055664
1531086180.9686747,35328,9.599027633666992
1531086375.5247548,35456,9.950522422790527
1531086482.4428933,35584,9.584976196289062
1531086589.162798,35712,9.395362854003906
1531086695.8698287,35840,9.471114158630371
1531086890.7811282,35968,10.87468147277832
1531086997.9027789,36096,9.378774642944336
1531087104.8058794,36224,9.605475425720215
1531087211.4064207,36352,9.437355041503906
1531087406.2179706,36480,10.980558395385742
1531087513.185653,36608,9.483807563781738
1531087620.1160316,36736,10.004606246948242
1531087727.079948,36864,10.583497047424316
1531087924.5180948,36992,9.633719444274902
1531088031.5977042,37120,9.29295539855957
1531088138.5938168,37248,10.272504806518555
1531222877.4029799,37504,9.944525718688965
1531222983.9030898,37632,9.533862113952637
1531223090.5655608,37760,9.828431129455566
1531223197.11719,37888,9.4326810836792
1531223389.014426,38016,10.018318176269531
1531223495.3510811,38144,9.498550415039062
1531223601.7591784,38272,10.852967262268066
1531223708.1532917,38400,10.29608154296875
1531223898.2524128,38528,9.820548057556152
1531224004.8490515,38656,9.26354694366455
1531224111.4629562,38784,10.674209594726562
1531224218.0261905,38912,9.733529090881348
1531224409.0635295,39040,9.65976619720459
1531224515.577357,39168,9.606091499328613
1531224622.379237,39296,10.374764442443848
1531224728.8577423,39424,9.972234725952148
1531224920.5195482,39552,9.41800594329834
1531225027.1711845,39680,10.193010330200195
1531225133.9417505,39808,10.855310440063477
1531225240.562565,39936,9.857994079589844
1531225432.6610188,40064,9.52273941040039
1531225539.3753428,40192,9.901749610900879
1531277159.8437374,40576,9.459989547729492
1531277266.037856,40704,9.815939903259277
1531277372.3695207,40832,10.330225944519043
1531277478.4083674,40960,9.584431648254395
1531277668.9201043,41088,9.315984725952148
1531277775.5902593,41216,10.012849807739258
1531277882.2295904,41344,10.832301139831543
1531277988.8219995,41472,9.71469497680664
1531278178.7948453,41600,10.160431861877441
1531278285.1881912,41728,9.444719314575195
1531278391.7318492,41856,11.34184741973877
1531278498.1888452,41984,10.313166618347168
1531278688.273603,42112,9.951740264892578
1531278794.9035723,42240,9.90571117401123
1531278901.4687293,42368,9.254526138305664
1531279008.0785072,42496,11.298515319824219
1531279198.1760771,42624,9.978761672973633
1531279304.7460349,42752,9.638162612915039
1531279411.3412285,42880,9.007615089416504
1531279517.9497256,43008,10.464561462402344
1531279708.2520432,43136,10.742795944213867
1531279814.6913078,43264,10.165326118469238
1531279921.3818572,43392,9.51553726196289
1531280027.9933095,43520,10.151843070983887
1531280218.580131,43648,9.515725135803223
1531280325.202324,43776,10.259559631347656
1531280431.789913,43904,9.702742576599121
1531280538.3780272,44032,9.820456504821777
1531280728.9880235,44160,10.966288566589355
1531280835.6509287,44288,9.572382926940918
1531280942.1934206,44416,9.142608642578125
1531281048.6668866,44544,10.053166389465332
1531281239.7493756,44672,9.318863868713379
1531281346.3360581,44800,9.866419792175293
1531281452.9389102,44928,10.036523818969727
1531281559.4052296,45056,9.968097686767578
1531281750.3507445,45184,9.841136932373047
1531281856.7811437,45312,9.816884994506836
1531281963.373945,45440,9.8469820022583
1531282069.8026764,45568,10.136234283447266
1531282262.0553071,45696,9.34266471862793
1531282368.6992872,45824,9.71749210357666
1531282475.4287663,45952,10.887734413146973
1531282581.9418325,46080,9.817779541015625
1531282774.8003109,46208,10.223028182983398
1531282881.3362458,46336,9.402326583862305
1531282988.0937738,46464,10.067150115966797
1531283094.6859643,46592,9.824318885803223
1531283287.028716,46720,10.14190673828125
1531283393.4885237,46848,10.438804626464844
1531283500.2176483,46976,9.755431175231934
1531283606.8849485,47104,9.883774757385254
1531283798.612257,47232,9.473322868347168
1531283905.1662335,47360,9.57264518737793
1531284011.8063195,47488,9.347390174865723
1531284118.4181604,47616,9.48490047454834
1531284309.065474,47744,10.164361000061035
1531284415.7237372,47872,9.25544261932373
1531284522.411513,48000,9.924870491027832
1531284629.0441592,48128,11.077996253967285
1531284820.6699915,48256,9.205578804016113
1531284927.2906072,48384,9.78392505645752
1531285034.0162852,48512,9.21986198425293
1531285140.708425,48640,9.365757942199707
1531285332.4381502,48768,9.92438793182373
1531285439.0609713,48896,9.578313827514648
1531285545.829418,49024,9.96743392944336
1531285652.4382486,49152,9.709524154663086
1531285844.8422852,49280,9.821828842163086
1531285951.5569837,49408,9.3674955368042
1531286058.0521758,49536,9.567323684692383
1531286164.3943164,49664,9.93409538269043
1531286358.4830983,49792,9.947479248046875
1531286465.001761,49920,9.515786170959473
1531286571.648403,50048,10.368492126464844
1531286678.0741956,50176,10.54126262664795
1531286869.0883,50304,9.989450454711914
1531286975.7373438,50432,9.414688110351562
1531287082.338027,50560,10.834654808044434
1531287188.516068,50688,9.505935668945312
1531287380.9926357,50816,9.733746528625488
1531287487.390236,50944,9.899396896362305
1531287594.055583,51072,9.368573188781738
1531287700.4409952,51200,10.070735931396484
1531287893.3867054,51328,10.262004852294922
1531287999.7960443,51456,10.363889694213867
1531288106.266558,51584,10.02396297454834
1531288212.7886364,51712,9.726542472839355
1531288403.9759912,51840,9.68768310546875
1531288510.6135843,51968,10.052841186523438
1531288617.0315168,52096,9.677572250366211
1531288723.4253705,52224,10.102420806884766
1531288916.555431,52352,9.948866844177246
1531289023.1596897,52480,9.4657564163208
1531289129.6125996,52608,9.961320877075195
1531289235.9874818,52736,9.772857666015625
1531289428.2614632,52864,9.53707504272461
1531289534.6435554,52992,9.466119766235352
1531289641.1163628,53120,9.613247871398926
1531289747.4518921,53248,9.111845016479492
1531289938.1318655,53376,9.321497917175293
1531290044.5993965,53504,10.305819511413574
1531290151.143722,53632,9.868505477905273
1531290257.6562772,53760,9.468786239624023
1531290449.300962,53888,9.42124080657959
1531290555.8808193,54016,9.418763160705566
1531290662.5985186,54144,9.381649017333984
1531290769.0026338,54272,9.316313743591309
1531290962.2969806,54400,10.474902153015137
1531291068.757301,54528,9.656730651855469
1531291175.4105482,54656,10.274235725402832
1531291281.8253639,54784,9.62699031829834
1531291475.2718492,54912,9.668780326843262
1531291581.726276,55040,9.828333854675293
1531291688.3600368,55168,11.234771728515625
1531291794.85861,55296,9.672900199890137
1531291988.2553523,55424,9.35793399810791
1531292094.8107529,55552,10.661291122436523
1531292201.3355498,55680,9.570148468017578
1531292307.7044642,55808,9.414104461669922
1531292501.984154,55936,9.734086990356445
1531292608.4215417,56064,9.637700080871582
1531292715.0825155,56192,10.33460521697998
1531292821.2769668,56320,9.260361671447754
1531293015.5150697,56448,10.368937492370605
1531293122.2095473,56576,9.515400886535645
1531293228.6490648,56704,10.430992126464844
1531293335.1684349,56832,10.510982513427734
1531293529.8191278,56960,9.630603790283203
1531293636.1307967,57088,9.416585922241211
1531293742.6216452,57216,9.815701484680176
1531293849.0039272,57344,9.4041109085083
1531294042.4767222,57472,9.344307899475098
1531294149.1972072,57600,9.724491119384766
1531294255.718465,57728,9.91859245300293
1531294362.1344757,57856,9.630263328552246
1531294557.1897063,57984,9.681644439697266
1531294663.9218638,58112,9.549613952636719
1531294770.3993883,58240,9.35336685180664
1531294876.9695692,58368,9.466573715209961
1531295070.988135,58496,10.088756561279297
1531295177.5173879,58624,10.035680770874023
1531295284.0629919,58752,9.311753273010254
1531295390.662866,58880,9.254015922546387
1531295586.6728425,59008,9.94908332824707
1531295693.3139315,59136,9.827689170837402
1531295799.9709866,59264,9.638655662536621
1531295906.1626942,59392,9.278904914855957
1531296101.9425044,59520,9.792319297790527
1531296208.2627468,59648,9.466670989990234
1531296314.8039901,59776,9.515257835388184
1531296421.2766767,59904,9.747485160827637
1531296615.7847207,60032,9.828822135925293
1531296722.1121907,60160,9.332341194152832
1531296828.6531062,60288,9.47028923034668
1531296935.118233,60416,9.656342506408691
1531297128.9538667,60544,9.776101112365723
1531297235.3032262,60672,9.323248863220215
1531297341.7538724,60800,9.509501457214355
1531297448.414864,60928,10.212137222290039
1531297642.3488975,61056,9.35798454284668
1531297748.6490703,61184,9.942822456359863
1531297854.864529,61312,10.410341262817383
1531297961.4591951,61440,10.37934398651123
1531298155.6219435,61568,9.364786148071289
1531298262.1856132,61696,9.776494979858398
1531298368.6868224,61824,11.513509750366211
1531298474.9275987,61952,9.558815956115723
1531298668.9117205,62080,9.272075653076172
1531298775.405028,62208,9.546686172485352
1531298881.9917712,62336,10.58199405670166
1531298988.1633964,62464,9.530146598815918
1531299181.503364,62592,9.963933944702148
1531299288.099075,62720,9.525198936462402
1531299394.7440863,62848,9.777544975280762
1531299501.2730074,62976,10.137107849121094
1531299695.0244842,63104,10.55887508392334
1531299801.4264731,63232,9.82661247253418
1531299907.8508668,63360,9.353218078613281
1531300014.510796,63488,9.357215881347656
1531300209.3251133,63616,9.705039024353027
1531300315.952557,63744,9.468987464904785
1531300422.6283283,63872,9.542011260986328
1531300529.02638,64000,9.154090881347656
1531300723.5669155,64128,9.972692489624023
1531300830.1549277,64256,9.343043327331543
1531300936.7402918,64384,9.51208209991455
1531301043.3586361,64512,9.2957763671875
1531301237.3656948,64640,9.381861686706543
1531301344.001636,64768,9.508872032165527
1531301450.655265,64896,10.184850692749023
1531301557.040719,65024,9.629680633544922
1531301751.5495398,65152,9.448285102844238
1531301857.9694324,65280,9.198365211486816
1531301964.6471372,65408,9.424530982971191
1531302071.331916,65536,9.922259330749512
1531302267.0984905,65664,10.374176979064941
1531302373.770894,65792,9.889976501464844
1531302480.354654,65920,9.952347755432129
1531302586.894079,66048,10.461824417114258
1531302781.5399742,66176,9.94357681274414
1531302888.0073392,66304,10.054304122924805
1531302994.3796732,66432,10.16946792602539
1531303100.959051,66560,9.636149406433105
1531303294.4559436,66688,10.851540565490723
1531303400.998657,66816,9.938026428222656
1531303507.6457367,66944,9.522186279296875
1531303614.0078108,67072,10.533990859985352
1531303809.4607954,67200,10.072855949401855
1531303916.0625062,67328,9.439502716064453
1531304022.6764815,67456,9.86284065246582
1531304129.1290307,67584,10.177604675292969
1531304323.5008643,67712,9.540757179260254
1531304430.1473677,67840,9.95632553100586
1531304536.7849007,67968,9.663694381713867
1531304643.1631203,68096,11.39547348022461
1531304838.1500316,68224,9.625874519348145
1531304944.7226946,68352,9.834054946899414
1531305051.1234279,68480,9.608957290649414
1531305157.633169,68608,9.430898666381836
1531305351.5531175,68736,9.66483211517334
1531305457.8770123,68864,11.064251899719238
1531305564.012431,68992,9.684259414672852
1531305670.193665,69120,9.453213691711426
1531305864.6629763,69248,9.96350383758545
1531305970.6850908,69376,9.496132850646973
1531306077.092057,69504,9.37738037109375
1531306183.1586118,69632,9.86251449584961
1531306377.3809712,69760,9.384130477905273
1531306483.6484225,69888,10.22325611114502
1531306589.9361246,70016,9.639486312866211
1531306696.321369,70144,9.515146255493164
1531306890.723824,70272,9.38587474822998
1531306997.0827932,70400,10.11768627166748
1531307103.259154,70528,10.138545989990234
1531307209.348616,70656,9.704344749450684
1531307403.8159964,70784,9.613570213317871
1531307510.2646737,70912,9.352538108825684
1531307616.451971,71040,8.939470291137695
1531307722.4574478,71168,10.250081062316895
1531307916.901033,71296,9.444945335388184
1531308023.1345885,71424,9.43753433227539
1531308129.7962365,71552,10.319494247436523
1531308235.9835768,71680,9.766504287719727
1531308429.5274668,71808,9.375350952148438
1531308535.8651068,71936,9.91339111328125
1531308642.0690105,72064,9.438981056213379
1531308747.9966009,72192,9.531970977783203
1531308942.472797,72320,9.641369819641113
1531309048.4911258,72448,10.062430381774902
1531309154.695854,72576,10.145328521728516
1531309260.8507578,72704,9.376352310180664
1531309455.6923356,72832,10.118927001953125
1531309561.9182167,72960,9.752983093261719
1531309667.9726822,73088,10.246917724609375
1531309774.0654323,73216,10.0794038772583
1531309968.118538,73344,9.753303527832031
1531310074.6006827,73472,10.249042510986328
1531310180.8130505,73600,9.849577903747559
1531310287.0327113,73728,9.19933032989502
1531310483.5835602,73856,9.355918884277344
1531310589.9096074,73984,9.342718124389648
1531310696.2207973,74112,9.759256362915039
1531310802.4207077,74240,10.538742065429688
1531310997.3264813,74368,10.55490779876709
1531311103.3974102,74496,10.378154754638672
1531311209.9205415,74624,9.894044876098633
1531311316.2939622,74752,9.56323528289795
1531311509.5009537,74880,10.734381675720215
1531311615.6402497,75008,9.351439476013184
1531311721.9625754,75136,9.254900932312012
1531311828.0444562,75264,9.446514129638672
1531312023.766815,75392,9.38143539428711
1531312130.000592,75520,9.58699893951416
1531312236.1793587,75648,10.040733337402344
1531312342.1507094,75776,9.232565879821777
1531312536.772419,75904,9.491150856018066
1531312643.144572,76032,9.398550987243652
1531312749.478298,76160,9.563528060913086
1531312855.516478,76288,9.727466583251953
1531313050.9769208,76416,9.430501937866211
1531313157.616227,76544,10.203843116760254
1531313264.2051504,76672,9.382914543151855
1531313370.4996963,76800,9.89490795135498
1531313565.4318974,76928,10.28744125366211
1531313671.9111252,77056,9.259044647216797
1531313778.154857,77184,10.935506820678711
1531313884.5370753,77312,9.358675003051758
1531314080.353274,77440,9.341861724853516
1531314186.444976,77568,9.732147216796875
1531314292.3423762,77696,9.443452835083008
1531321850.2431524,77952,10.508891105651855
1531321956.9646912,78080,10.533110618591309
1531322064.861164,78208,9.578839302062988
1531322172.9080439,78336,9.603559494018555
1531322363.9011486,78464,10.187859535217285
1531322469.7897713,78592,9.831937789916992
1531322575.50537,78720,9.63345718383789
1531322681.1491833,78848,9.979996681213379
1531322873.8910036,78976,9.427090644836426
1531322979.772828,79104,9.655197143554688
1531323085.7813127,79232,10.051863670349121
1531323191.5203698,79360,9.361262321472168
1531323382.6859403,79488,10.691618919372559
1531323488.666766,79616,10.282158851623535
1531323594.5569472,79744,9.28110122680664
1531323700.35036,79872,9.207929611206055
1531323892.3645444,80000,9.910184860229492
1531323998.2553701,80128,9.119806289672852
1531324104.1545072,80256,10.042043685913086
1531324209.935165,80384,10.572922706604004
1531324401.2284079,80512,9.579668998718262
1531324507.2070096,80640,10.182811737060547
1531324613.0278966,80768,10.262680053710938
1531324718.8837507,80896,9.839468002319336
1531324909.310188,81024,10.900594711303711
1531325015.242274,81152,11.166627883911133
1531325121.2063797,81280,9.512480735778809
1531325227.1913898,81408,9.464898109436035
1531325417.322637,81536,10.605770111083984
1531325523.3550503,81664,9.979990005493164
1531325629.1414275,81792,9.856094360351562
1531325735.2886422,81920,10.11396312713623
1531325926.3411944,82048,9.331846237182617
1531326032.4465008,82176,10.10544204711914
1531326138.3873851,82304,9.151906967163086
1531326244.2433329,82432,9.641064643859863
1531326435.9408803,82560,9.53462028503418
1531326541.9947245,82688,9.824514389038086
1531326647.9921184,82816,10.170652389526367
1531326753.7488885,82944,9.934314727783203
1531326944.6604977,83072,9.20411491394043
1531327050.5801256,83200,9.301863670349121
1531327156.6091497,83328,9.951425552368164
1531327262.4388907,83456,10.54428768157959
1531327454.4913623,83584,9.148972511291504
1531327560.47754,83712,9.438066482543945
1531327666.5582628,83840,10.227028846740723
1531327772.2923746,83968,9.386167526245117
1531327963.8189538,84096,9.479835510253906
1531328069.8047416,84224,9.368289947509766
1531328175.6674132,84352,9.563044548034668
1531328281.4226005,84480,10.200767517089844
1531328473.2933195,84608,9.110748291015625
1531328579.252324,84736,9.303799629211426
1531328685.459121,84864,9.536091804504395
1531328791.2663622,84992,10.845664024353027
1531328983.279386,85120,9.42049503326416
1531329089.126784,85248,11.446688652038574
1531329195.384707,85376,9.991927146911621
1531329301.2768102,85504,9.40212631225586
1531329493.5899155,85632,9.343315124511719
1531329599.6088707,85760,9.810884475708008
1531329705.7718058,85888,9.773613929748535
1531329811.6297681,86016,10.176112174987793
1531330003.466211,86144,10.059915542602539
1531330109.4406495,86272,9.773246765136719
1531330215.2172773,86400,9.949074745178223
1531330321.2829256,86528,9.768000602722168
1531330512.9538527,86656,9.836385726928711
1531330618.9512198,86784,10.245255470275879
1531330724.8761652,86912,10.800610542297363
1531330830.6037517,87040,9.639884948730469
1531331023.203875,87168,10.022735595703125
1531331128.9687362,87296,10.808452606201172
1531331235.0788121,87424,9.8975191116333
1531331341.1725867,87552,9.448604583740234
1531331532.9139943,87680,9.763422966003418
1531331639.0586965,87808,10.268675804138184
1531331745.141989,87936,9.597926139831543
1531331851.0625691,88064,9.775232315063477
1531332044.0175908,88192,9.356775283813477
1531332150.094325,88320,10.147245407104492
1531332256.020502,88448,9.440997123718262
1531332361.9037778,88576,9.711873054504395
1531332554.0739183,88704,10.860047340393066
1531332660.087318,88832,9.959452629089355
1531332766.1413,88960,9.526178359985352
1531332872.0117486,89088,9.499441146850586
1531333062.589237,89216,9.665071487426758
1531333168.7141678,89344,11.201276779174805
1531333274.9656363,89472,9.382216453552246
1531333381.0446274,89600,9.303075790405273
1531333573.1432548,89728,12.213523864746094
1531333679.3319561,89856,10.907816886901855
1531333785.5681357,89984,10.293967247009277
1531333891.6788824,90112,9.655858039855957
1531334083.2042518,90240,9.334875106811523
1531334189.3062782,90368,9.929884910583496
1531334295.6134112,90496,9.569649696350098
1531334401.644105,90624,10.02440357208252
1531334592.1251616,90752,9.25240707397461
1531334698.3978906,90880,9.909324645996094
1531334804.5474243,91008,9.357766151428223
1531334910.6772268,91136,9.776318550109863
1531335102.6601477,91264,9.490017890930176
1531335208.8426166,91392,9.52914810180664
1531335314.9510882,91520,9.306327819824219
1531335420.9699123,91648,9.893046379089355
1531335613.1282802,91776,9.826010704040527
1531335719.2121933,91904,10.322982788085938
1531335825.3350995,92032,9.710345268249512
1531335931.6412911,92160,9.638250350952148
1531336125.3694546,92288,10.529632568359375
1531336231.4901202,92416,10.199211120605469
1531336337.7039702,92544,9.536979675292969
1531336443.7947886,92672,10.516448020935059
1531336635.404533,92800,9.56094741821289
1531336741.6144392,92928,9.69747543334961
1531336847.7247179,93056,10.229140281677246
1531336953.8919165,93184,9.730708122253418
1531337147.211899,93312,9.367722511291504
1531337253.2701933,93440,9.609428405761719
1531337359.1889029,93568,9.745733261108398
1531337465.109683,93696,9.817972183227539
1531337658.847677,93824,9.477351188659668
1531337765.0289876,93952,9.885986328125
1531337871.1045465,94080,9.778223991394043
1531337977.1901605,94208,9.872570037841797
1531338169.9138057,94336,9.43581485748291
1531338275.9352975,94464,9.16028881072998
1531338382.172542,94592,10.098876953125
1531338488.0047672,94720,9.834333419799805
1531338679.5891454,94848,10.656865119934082
1531338785.9881172,94976,9.925736427307129
1531338891.978907,95104,10.682744979858398
1531338998.0877843,95232,9.247992515563965
1531339191.2388403,95360,9.232016563415527
1531339297.1410856,95488,9.394959449768066
1531339403.523923,95616,9.700485229492188
1531339509.5197055,95744,9.759259223937988
1531339702.7859886,95872,9.521722793579102
1531339808.863364,96000,10.160059928894043
1531339914.9629471,96128,9.510128021240234
1531340021.2186775,96256,9.674128532409668
1531340214.1969047,96384,10.545857429504395
1531340320.21884,96512,9.197004318237305
1531340426.2906187,96640,9.687366485595703
1531340532.1198454,96768,10.333817481994629
1531340723.6815026,96896,9.321287155151367
1531340829.580791,97024,9.709450721740723
1531340935.5387704,97152,10.729925155639648
1531341041.4656882,97280,9.946311950683594
1531341235.9190793,97408,9.707047462463379
