wall_time,step,value
1531610764.8654077,512,0.3504536747932434
1531611739.7733765,1024,8.800810813903809
1531671176.4327574,2048,2.494265556335449
1531672132.631645,2560,2.127743721008301
1531673080.2407358,3072,4.225405693054199
1531674013.5040226,3584,2.893585681915283
1531674948.7817793,4096,4.492871284484863
1531675878.8909276,4608,1.6668322086334229
1531676818.4276567,5120,2.7266056537628174
1531677756.3685105,5632,3.0011026859283447
1531678700.5826008,6144,1.1849093437194824
1531679643.8757184,6656,1.547088861465454
1531680588.9789326,7168,1.9772088527679443
1531681534.7723894,7680,1.587749719619751
1531682481.1491604,8192,3.631112575531006
1531683431.643553,8704,1.4566935300827026
1531684376.9923017,9216,-1.2538241147994995
1531685324.2766705,9728,1.0955561399459839
1531686275.3736124,10240,3.755575180053711
1531687222.0312407,10752,1.2252709865570068
1531688165.6722205,11264,0.9814177751541138
1531689109.8011067,11776,1.1907610893249512
1531690055.4894998,12288,3.101548671722412
1531691000.116253,12800,3.587611198425293
1531691945.5239816,13312,1.211349368095398
1531692892.8767087,13824,0.9283808469772339
1531693841.0964673,14336,-0.2672172486782074
1531694784.1547668,14848,2.7350656986236572
1531695726.6248565,15360,2.2956509590148926
1531696670.5837193,15872,0.18517117202281952
1531702104.2336535,16896,3.5173068046569824
1531703042.815654,17408,0.6146052479743958
1531703985.2655697,17920,2.778644323348999
1531704927.892312,18432,1.6841949224472046
1531705867.6705558,18944,3.7550878524780273
1531706813.1405742,19456,0.6154392957687378
1531707755.308649,19968,0.20770369470119476
1531708697.9956846,20480,1.7371550798416138
1531709641.6236482,20992,-2.1246683597564697
1531710583.0056427,21504,1.4363802671432495
1531711527.8855217,22016,2.6448445320129395
1531712470.5623221,22528,0.037814319133758545
1531713411.681882,23040,1.8258769512176514
1531714357.7204888,23552,1.9155203104019165
1531715301.6130998,24064,1.8769967555999756
1531716243.656979,24576,-0.4200185239315033
1531717186.5753632,25088,3.524461269378662
1531718127.6380663,25600,1.4402426481246948
1531719072.5079224,26112,4.496735095977783
1531720011.567528,26624,-0.5849049687385559
1531720957.8607361,27136,1.5758695602416992
1531721902.2589402,27648,2.268712282180786
1531722840.9020514,28160,0.9997370839118958
1531723784.0123332,28672,2.0475215911865234
1531724728.3589053,29184,0.6297303438186646
1531725671.8474076,29696,1.3681793212890625
1531726618.4587018,30208,0.745738685131073
1531727563.2110558,30720,1.3992024660110474
1531728503.6888156,31232,-1.5276216268539429
1531729451.6487868,31744,2.6791980266571045
1531730393.674234,32256,0.8730391263961792
1531738178.6635492,33280,2.656952142715454
1531739122.427342,33792,-2.669896364212036
1531740070.1241732,34304,3.630621910095215
1531741016.4028213,34816,-0.5097958445549011
1531741957.406793,35328,3.4780545234680176
1531742901.903209,35840,0.6912637948989868
1531743845.393397,36352,-1.220466136932373
1531744785.7588804,36864,-0.4899188280105591
1531745727.232926,37376,1.1631243228912354
1531746672.4651299,37888,1.9205604791641235
1531747617.7907948,38400,0.9554839134216309
1531764241.2467046,39424,2.9452965259552
1531765180.1117766,39936,-3.6403703689575195
1531766128.5902357,40448,3.326662063598633
1531767077.7056859,40960,2.8720335960388184
1531768020.4667454,41472,2.1057207584381104
1531768964.4511008,41984,1.3541537523269653
1531769909.0835934,42496,-0.32459011673927307
1531770854.704697,43008,1.5356853008270264
1531773354.649678,44032,2.4052984714508057
1531774292.4892318,44544,-2.552628517150879
1531775234.4115446,45056,3.2135989665985107
1531776177.7018912,45568,3.193164110183716
1531777113.433077,46080,0.6389652490615845
1531778057.1297429,46592,2.9878673553466797
1531779005.0804763,47104,-0.26428860425949097
1531779946.5426679,47616,-0.2586990296840668
1531780887.6867511,48128,1.1006391048431396
1531781829.940153,48640,1.691107988357544
1531782771.3679547,49152,1.2917543649673462
1531783713.2508745,49664,-0.41239842772483826
1531784659.0656033,50176,5.753829002380371
1531785600.3793156,50688,0.2908064126968384
1531786545.3558266,51200,1.017048954963684
1531787487.9056187,51712,-0.33974960446357727
1531788430.2214139,52224,3.547027111053467
1531789380.6910036,52736,-0.4386805593967438
1531790322.8536398,53248,-0.25171035528182983
1531791267.2163122,53760,0.6889771819114685
1531792211.5751026,54272,1.9350250959396362
1531793159.6859634,54784,3.782956600189209
1531794106.8896809,55296,-0.6050657629966736
1531795051.0639198,55808,-0.9630740880966187
1531795993.7337937,56320,-0.887682318687439
1531796939.6990604,56832,-0.8824142813682556
1531797887.3583066,57344,1.3793350458145142
1531798830.931151,57856,0.30785053968429565
1531799772.205008,58368,-3.5138251781463623
1531800714.2436748,58880,0.6384067535400391
1531801660.070294,59392,0.06360407173633575
1531802605.3083436,59904,0.5890599489212036
1531803552.4083529,60416,-0.5566715598106384
1531804498.2135122,60928,0.8349903225898743
1531805446.2405725,61440,-1.7476227283477783
1531806392.8915017,61952,2.4303369522094727
1531807336.9772754,62464,-1.1032518148422241
1531808284.717898,62976,2.422252893447876
1531809230.5768554,63488,1.1779178380966187
1531810181.5913558,64000,-1.455564022064209
1531811127.4553094,64512,2.908507823944092
1531812077.7629535,65024,1.3544971942901611
1531813028.1630502,65536,-0.08292227983474731
1531813979.6690075,66048,0.6161497831344604
1531814931.637893,66560,3.211921215057373
1531815881.488351,67072,1.768643856048584
1531816834.4975686,67584,-2.640533685684204
1531817786.24096,68096,-0.041415538638830185
1531818740.4807367,68608,-0.78714519739151
1531819693.5049357,69120,3.3063836097717285
1531820645.0153198,69632,-0.038959115743637085
1531821596.1212018,70144,4.026691436767578
1531822551.838152,70656,2.1116199493408203
1531823503.5842993,71168,1.4203593730926514
1531824454.4332516,71680,0.20792269706726074
1531825409.3375852,72192,2.0404610633850098
1531826361.7568774,72704,0.9719302654266357
1531827313.8029387,73216,0.8845075368881226
1531828269.004389,73728,1.8544793128967285
1531829222.8448048,74240,-2.1078855991363525
1531830176.1676161,74752,0.29393965005874634
1531831128.5182643,75264,1.765387773513794
1531832081.3225987,75776,-1.2397830486297607
1531833031.7131271,76288,-0.6936689615249634
1531833981.2904391,76800,-1.4784748554229736
1531834932.4503443,77312,-0.32099032402038574
1531835887.3525817,77824,0.46710091829299927
1531916658.6518357,78336,4.78830623626709
1531917613.4785225,78848,4.870652198791504
1531918559.910375,79360,2.5983457565307617
1531919510.464168,79872,-1.0249989032745361
1531920460.7945418,80384,5.104164123535156
1531921409.5714202,80896,1.7996608018875122
1531922361.2172801,81408,6.377837181091309
1531923313.3837695,81920,3.6050868034362793
1531924267.9731886,82432,3.919595241546631
1531925218.6117249,82944,1.9894452095031738
1531926165.31679,83456,-1.4973878860473633
1531927114.423532,83968,3.1184377670288086
1531928069.8827043,84480,5.263516426086426
1531929021.1196811,84992,3.380711317062378
1531929971.2009768,85504,3.2536988258361816
1531930925.420812,86016,2.4433159828186035
1531931876.5492773,86528,-1.8843750953674316
1531932826.8010638,87040,4.883551120758057
1531933778.1362965,87552,2.4141695499420166
1531934729.698032,88064,4.044837951660156
1531935682.0542176,88576,4.154729843139648
1531936632.2763016,89088,4.131019115447998
1531937581.7781556,89600,1.3158282041549683
1531938536.3039656,90112,5.990767955780029
1531939487.2245317,90624,2.0371265411376953
1531940438.9219215,91136,-1.6272897720336914
1531941389.04794,91648,3.377516269683838
1531942339.9069037,92160,3.578009843826294
1531943290.724241,92672,2.7214009761810303
1531944244.6936975,93184,2.666619062423706
1531945193.536791,93696,-2.1116342544555664
1531946145.8532057,94208,0.1998409628868103
1531947097.9012637,94720,2.995110034942627
1531948049.208462,95232,0.3836764693260193
1531949001.6083486,95744,1.2375469207763672
1531949954.9167185,96256,3.884023666381836
1531950913.3335118,96768,3.8071041107177734
1531951867.162907,97280,3.0080480575561523
