wall_time,step,value
1531051263.548378,512,0.4295658469200134
1531051790.0386732,1024,0.3852287232875824
1531052305.950537,1536,0.3688066601753235
1531052824.4005413,2048,0.32676008343696594
1531053338.704078,2560,0.2900353670120239
1531053859.692829,3072,0.26536208391189575
1531054377.8688557,3584,0.24550698697566986
1531054895.2410152,4096,0.23167191445827484
1531055411.0586748,4608,0.22559760510921478
1531055927.9782515,5120,0.21113993227481842
1531056443.6437182,5632,0.21456174552440643
1531056959.5571098,6144,0.20428460836410522
1531057474.1925433,6656,0.2021268755197525
1531057987.3323479,7168,0.19006524980068207
1531058501.5678313,7680,0.18650242686271667
1531059012.9780562,8192,0.18731994926929474
1531059525.6159837,8704,0.1799064427614212
1531060037.918529,9216,0.1790889948606491
1531060551.1775568,9728,0.17516650259494781
1531061064.4688828,10240,0.17115861177444458
1531061576.9953573,10752,0.16409878432750702
1531062088.818426,11264,0.1635633409023285
1531062602.2846086,11776,0.1600438803434372
1531063114.4728932,12288,0.15587718784809113
1531063628.300708,12800,0.15550579130649567
1531064141.2981331,13312,0.15120133757591248
1531064653.8946579,13824,0.15268635749816895
1531065166.7206705,14336,0.1462295651435852
1531065678.8419993,14848,0.1477729082107544
1531066194.366839,15360,0.137350931763649
1531066706.949469,15872,0.1447605937719345
1531067221.9546604,16384,0.14951570332050323
1531067734.8299427,16896,0.1483013927936554
1531068247.1872633,17408,0.14853918552398682
1531068758.8034213,17920,0.14600156247615814
1531069271.8661876,18432,0.14205150306224823
1531069785.0879169,18944,0.1363527923822403
1531070299.3491588,19456,0.1367218792438507
1531070812.636676,19968,0.1348821520805359
1531071325.6840973,20480,0.13632214069366455
1531071838.9899826,20992,0.129100501537323
1531072354.2758508,21504,0.13223177194595337
1531072868.7212355,22016,0.12852050364017487
1531073383.957851,22528,0.131244495511055
1531073898.5018916,23040,0.13414162397384644
1531074412.847621,23552,0.1270645558834076
1531074927.338089,24064,0.12655414640903473
1531075441.7996514,24576,0.12548500299453735
1531075958.005535,25088,0.12657445669174194
1531076473.8660383,25600,0.12212122976779938
1531076988.6510763,26112,0.12301644682884216
1531077503.088054,26624,0.12398848682641983
1531078016.9264872,27136,0.1204662024974823
1531078531.914009,27648,0.11739061772823334
1531079045.57602,28160,0.11540282517671585
1531079561.7421649,28672,0.11612026393413544
1531080078.2919188,29184,0.11422485113143921
1531080592.775905,29696,0.11607355624437332
1531081107.1875784,30208,0.11296103149652481
1531081624.0193658,30720,0.11737572401762009
1531082140.7427475,31232,0.11459032446146011
1531082658.020686,31744,0.11259565502405167
1531083172.3216755,32256,0.11097976565361023
1531083688.0538902,32768,0.1114487573504448
1531084203.541118,33280,0.1090855523943901
1531084721.523051,33792,0.11360786110162735
1531085239.5727913,34304,0.10801587998867035
1531085755.4421353,34816,0.10891176760196686
1531086271.5386262,35328,0.10242139548063278
1531086786.7078586,35840,0.10524865239858627
1531087302.16138,36352,0.1059667095541954
1531087820.5338643,36864,0.10318098217248917
1531223285.6297247,37888,0.10131058841943741
1531223794.6967247,38400,0.1016751229763031
1531224305.7429526,38912,0.10066945105791092
1531224817.3378105,39424,0.09863464534282684
1531225329.4261816,39936,0.09932158887386322
1531277565.6306372,40960,0.10058384388685226
1531278075.6295974,41472,0.09801904112100601
1531278584.883706,41984,0.10103408247232437
1531279094.9758954,42496,0.0971684381365776
1531279605.057875,43008,0.09873297810554504
1531280115.4351115,43520,0.0984376072883606
1531280625.6599195,44032,0.09470057487487793
1531281136.5537822,44544,0.09593267738819122
1531281646.9072204,45056,0.09268553555011749
1531282158.643948,45568,0.09238019585609436
1531282671.6189249,46080,0.09506794065237045
1531283183.7173727,46592,0.09204983711242676
1531283695.3252974,47104,0.09328046441078186
1531284205.75679,47616,0.09098957479000092
1531284717.1682022,48128,0.09360259026288986
1531285229.260137,48640,0.08866701275110245
1531285741.65209,49152,0.0908261314034462
1531286255.5033464,49664,0.09156418591737747
1531286765.9253907,50176,0.08819623291492462
1531287277.8238845,50688,0.08859208226203918
1531287790.2272093,51200,0.08996354043483734
1531288300.6625657,51712,0.08651724457740784
1531288813.2783155,52224,0.08740141987800598
1531289325.1717813,52736,0.08988925069570541
1531289835.0515664,53248,0.08680114150047302
1531290345.9427607,53760,0.08602378517389297
1531290859.1431167,54272,0.08456157892942429
1531291371.8902676,54784,0.0862237811088562
1531291885.08826,55296,0.08704468607902527
1531292398.722666,55808,0.08781793713569641
1531292912.4190762,56320,0.08687209337949753
1531293426.770502,56832,0.08825691789388657
1531293939.2120924,57344,0.08386038988828659
1531294454.1881409,57856,0.08632215857505798
1531294967.8592117,58368,0.08571857959032059
1531295483.6528604,58880,0.08501741290092468
1531295998.9630573,59392,0.08291877061128616
1531296512.7790425,59904,0.0828753262758255
1531297025.9367378,60416,0.08654427528381348
1531297539.4258847,60928,0.08200586587190628
1531298052.4647453,61440,0.08371607214212418
1531298565.8033836,61952,0.08135080337524414
1531299078.154588,62464,0.0839986652135849
1531299591.6767356,62976,0.08469583094120026
1531300106.1258147,63488,0.08234607428312302
1531300620.43604,64000,0.0820874497294426
1531301134.1359837,64512,0.08052397519350052
1531301648.353987,65024,0.07945132255554199
1531302163.9244974,65536,0.07876154780387878
1531302678.4354503,66048,0.08175889402627945
1531303191.281497,66560,0.08100523799657822
1531303706.6054542,67072,0.08333180844783783
1531304220.5409384,67584,0.08160170912742615
1531304735.106189,68096,0.08137461543083191
1531305248.7075832,68608,0.08189668506383896
1531305761.699141,69120,0.08105672150850296
1531306274.5110104,69632,0.08144829422235489
1531306787.8155096,70144,0.079343281686306
1531307300.7088807,70656,0.07961652427911758
1531307813.9070425,71168,0.07930269837379456
1531308326.6649928,71680,0.0793808251619339
1531308839.6164603,72192,0.08013997972011566
1531309352.8405478,72704,0.07832085341215134
1531309865.2856648,73216,0.07866467535495758
1531310380.6211863,73728,0.07830852270126343
1531310894.5251844,74240,0.07667793333530426
1531311406.5942738,74752,0.07851074635982513
1531311920.9088492,75264,0.0769733116030693
1531312433.9859672,75776,0.0797482505440712
1531312947.8184433,76288,0.07528158277273178
1531313462.5114372,76800,0.0763569325208664
1531313977.4670672,77312,0.07826969027519226
1531322261.277771,78336,0.07549846917390823
1531322771.1807663,78848,0.07504577934741974
1531323279.9605122,79360,0.07679136842489243
1531323789.6441638,79872,0.07640951126813889
1531324298.3601913,80384,0.07476556301116943
1531324806.6854825,80896,0.07776842266321182
1531325314.5252278,81408,0.07688386738300323
1531325823.5708842,81920,0.07449547201395035
1531326333.13347,82432,0.07534375041723251
1531326841.8562486,82944,0.07584896683692932
1531327351.55747,83456,0.07561293989419937
1531327861.03993,83968,0.07543087750673294
1531328370.5081394,84480,0.07358387112617493
1531328880.6213558,84992,0.07368990033864975
1531329390.718446,85504,0.07179401069879532
1531329900.7359667,86016,0.07136058807373047
1531330410.2223017,86528,0.07613465934991837
1531330920.5111887,87040,0.07367163151502609
1531331430.0311732,87552,0.07417286187410355
1531331941.1882493,88064,0.07403688877820969
1531332451.2106154,88576,0.07267770916223526
1531332959.6987064,89088,0.07200181484222412
1531333470.322137,89600,0.07166102528572083
1531333980.1757736,90112,0.07382076233625412
1531334489.2412179,90624,0.07062961906194687
1531334999.8741744,91136,0.07305098325014114
1531335510.037744,91648,0.07164672762155533
1531336022.4701152,92160,0.06997435539960861
1531336532.3742633,92672,0.07128740102052689
1531337044.34446,93184,0.07110214978456497
1531337555.7609253,93696,0.0684361532330513
1531338067.1267972,94208,0.06974875926971436
1531338576.6414104,94720,0.06973584741353989
1531339088.4049034,95232,0.07195200026035309
1531339599.9075902,95744,0.07261788100004196
1531340111.4919336,96256,0.0739998146891594
1531340620.7217815,96768,0.06828540563583374
1531341133.0832446,97280,0.07211937010288239
