wall_time,step,value
1533212796.449367,512,308.5850830078125
1533214824.6456563,1024,276.4617004394531
1533216826.8857713,1536,240.3744659423828
1533218820.3358092,2048,216.7028350830078
1533220818.060023,2560,206.56764221191406
1533222805.0247858,3072,199.05465698242188
1533224787.762482,3584,182.13645935058594
1533226775.4434364,4096,182.04347229003906
1533228765.5093424,4608,169.55593872070312
1533230740.339518,5120,165.36898803710938
1533232709.4672327,5632,160.00611877441406
1533234677.2134252,6144,148.15826416015625
1533236648.8312542,6656,150.1643829345703
1533238609.4886713,7168,143.13833618164062
1533240572.0989091,7680,141.25753784179688
1533242547.7199135,8192,136.5862579345703
1533244508.2588525,8704,128.6727752685547
1533246474.1681678,9216,131.3440399169922
1533248448.816484,9728,128.08181762695312
1533250419.8258305,10240,129.44076538085938
1533252388.2829719,10752,120.51697540283203
1533254365.9934337,11264,118.87732696533203
1533256335.116483,11776,113.58236694335938
1533258320.1428127,12288,111.83168029785156
1533260298.6937337,12800,112.26322174072266
1533262272.3450456,13312,104.23224639892578
1533264252.9618814,13824,105.99049377441406
1533266229.6465995,14336,103.33262634277344
1533268177.9979212,14848,99.13634490966797
1533270145.1055055,15360,101.93258666992188
1533272106.1328464,15872,95.1418228149414
1533274081.901246,16384,97.58665466308594
1533276050.2692306,16896,94.34491729736328
1533278002.908245,17408,90.5080795288086
1533279964.2658918,17920,92.47093200683594
1533281926.6794636,18432,90.37525939941406
1533283881.5742583,18944,87.21420288085938
1533285837.598998,19456,87.05120086669922
1533287806.5418484,19968,84.08077239990234
1533289767.8676248,20480,84.5606460571289
1533291723.4467177,20992,83.58343505859375
1533293681.9855456,21504,80.93954467773438
1533295649.4312794,22016,81.90260314941406
1533297602.1588097,22528,80.75856018066406
1533299544.0947063,23040,82.00131225585938
1533301515.5447595,23552,77.27655792236328
1533303484.2890065,24064,78.64665222167969
1533305452.309137,24576,76.33903503417969
1533307415.1426337,25088,73.82752227783203
1533309384.5787392,25600,75.31160736083984
1533311351.8251648,26112,77.76760864257812
1533313311.2533705,26624,71.33739471435547
1533315284.7470565,27136,73.67330932617188
1533317254.096836,27648,72.15593719482422
1533319223.846703,28160,76.15184020996094
1533321190.0618663,28672,73.02806854248047
1533323153.0210433,29184,68.60250091552734
1533554396.506481,29696,70.33085632324219
1533556361.665478,30208,70.45082092285156
1533558320.8213027,30720,69.78792572021484
1533560290.6047468,31232,68.62014770507812
1533562245.3904808,31744,68.49132537841797
1533564216.2818916,32256,70.23538970947266
1533566173.4954147,32768,67.04142761230469
1533568159.2467487,33280,65.9972915649414
1533570123.1743832,33792,68.30972290039062
1533572093.2761436,34304,64.23014831542969
1533574066.392062,34816,65.34320068359375
1533576044.192788,35328,65.68477630615234
1533578021.8124728,35840,65.86676025390625
1533579995.9957871,36352,64.45609283447266
1533581979.8741734,36864,61.77366256713867
1533583951.1937006,37376,63.36784744262695
1533585918.8872142,37888,61.697364807128906
1533587887.6737309,38400,64.643310546875
1533589867.459809,38912,63.30281066894531
1533591824.565324,39424,63.09736251831055
1533593789.283474,39936,61.41782760620117
1533595754.0955145,40448,60.48255157470703
1533597732.3798265,40960,60.43910217285156
1533599699.6688526,41472,60.313941955566406
1533601665.8389554,41984,57.91383743286133
1533603635.4503012,42496,60.01730728149414
1533605611.6526468,43008,60.47251892089844
1533607592.8647416,43520,59.12660217285156
1533609560.5184894,44032,57.589561462402344
1533611548.6716936,44544,59.04145812988281
1533613536.2932906,45056,57.861576080322266
1533615511.8000922,45568,60.57683563232422
1533617490.168922,46080,57.816123962402344
1533619468.8528798,46592,56.90388107299805
1533621435.2243218,47104,59.82099151611328
1533623412.0239663,47616,57.896244049072266
1533625393.816323,48128,56.44861602783203
1533627372.2480094,48640,57.91201400756836
1533629349.6202464,49152,54.02382278442383
1533631318.398708,49664,56.02368927001953
1533633296.1728992,50176,56.76171112060547
1533635270.0834684,50688,55.79920959472656
1533637248.23607,51200,53.43509292602539
1533639242.940351,51712,55.1077766418457
1533641219.7583234,52224,56.21689987182617
1533643215.1910279,52736,54.51543426513672
1533645198.203406,53248,55.642921447753906
1533647179.6989179,53760,54.80046081542969
1533649168.3853278,54272,53.05790710449219
1533651156.5491366,54784,52.62040328979492
1533653146.5143971,55296,52.94951248168945
1533655136.624362,55808,53.2327766418457
1533657112.7772465,56320,54.574501037597656
1533659097.9129927,56832,51.1829948425293
1533661077.1685855,57344,54.448524475097656
1533663054.1393712,57856,53.92979431152344
1533665054.3965757,58368,53.26973342895508
1533667064.5437093,58880,53.309024810791016
1533669054.414259,59392,53.9708137512207
1533674857.961803,59904,51.22353744506836
1533676842.340533,60416,52.09259796142578
1533678821.041347,60928,53.705909729003906
1533680799.384216,61440,51.69197082519531
1533682793.2466738,61952,52.647674560546875
1533684797.2575667,62464,50.03729248046875
1533686784.547214,62976,50.60129928588867
1533688771.7180622,63488,51.76457595825195
1533690769.4899502,64000,51.83596420288086
1533692752.53319,64512,50.93033981323242
1533694737.0588028,65024,49.27484130859375
1533696722.1378467,65536,50.428287506103516
1533698706.3940153,66048,51.377601623535156
1533700703.476041,66560,48.13492965698242
1533702701.4588752,67072,50.088722229003906
1533704689.4860728,67584,49.38614273071289
1533706674.585381,68096,49.85074996948242
1533708675.1520371,68608,49.468772888183594
1533710685.195701,69120,49.10346221923828
1533712687.4271429,69632,50.071441650390625
1533714697.4559076,70144,48.32255935668945
1533716692.9908762,70656,49.65809631347656
1533718706.386825,71168,49.08539962768555
1533720708.0795884,71680,48.22806167602539
1533722708.352975,72192,49.47703552246094
1533724700.6201572,72704,50.06413650512695
1533726706.5550244,73216,49.09726333618164
1533728701.113203,73728,48.60645294189453
1533730692.413796,74240,48.53153991699219
1533732678.7063115,74752,49.24287033081055
1533734661.6436784,75264,49.13821029663086
1533736664.1814399,75776,48.78183364868164
1533738667.018401,76288,48.59543228149414
1533740671.6717937,76800,48.802921295166016
1533742691.891209,77312,48.969703674316406
1533745706.3184562,77824,45.59327697753906
1533747702.6456387,78336,46.976016998291016
1533749699.9375064,78848,48.09840774536133
1533751690.5869486,79360,46.87873458862305
1533753694.8686109,79872,47.516693115234375
1533755684.2017379,80384,49.02335739135742
1533757675.0681689,80896,45.380977630615234
1533759661.664325,81408,47.59672927856445
1533761648.7827501,81920,46.24700927734375
1533763647.0610273,82432,47.99687957763672
1533765643.6541512,82944,47.12397766113281
1533767626.532945,83456,45.74939727783203
1533769626.4541566,83968,48.88359832763672
1533771620.0464816,84480,45.13725662231445
1533773628.775876,84992,44.711917877197266
1533775625.6155822,85504,48.27440643310547
1533777625.0466058,86016,44.586307525634766
1533779628.8605776,86528,45.95160675048828
1533781625.3338728,87040,45.27474594116211
1533783632.4599638,87552,47.090702056884766
1533785627.1878762,88064,45.741634368896484
1533787632.7221262,88576,49.04805374145508
1533789623.3432858,89088,45.49614715576172
1533791615.336812,89600,45.59674072265625
1533793612.2790065,90112,44.4682502746582
1533795612.834658,90624,47.078521728515625
1533797600.4981678,91136,44.707862854003906
1533799591.990699,91648,45.36793518066406
1533801580.0597074,92160,43.70599365234375
1533803571.0897775,92672,46.509429931640625
1533805559.2621589,93184,45.12637710571289
1533807544.4035683,93696,44.83750534057617
1533809542.6250796,94208,45.19757843017578
1533811536.6099198,94720,43.471065521240234
1533813526.1306925,95232,43.356834411621094
1533815519.8802567,95744,44.57123565673828
1533817504.941701,96256,42.631431579589844
1533819500.9567194,96768,45.253482818603516
1533821498.5036402,97280,45.65050506591797
