wall_time,step,value
1531394070.299417,512,103.455322265625
1531394529.9277089,1024,51.138916015625
1531394985.386586,1536,9.956796646118164
1531395442.253725,2048,17.03588104248047
1531395897.853187,2560,3.2798192501068115
1531396353.3940804,3072,2.397944927215576
1531396809.0862272,3584,2.4933857917785645
1531397264.180099,4096,0.5568145513534546
1531397717.5417893,4608,-1.8208951950073242
1531398170.3351252,5120,1.513070821762085
1531398621.568824,5632,0.14695969223976135
1531399073.0195446,6144,0.4617781639099121
1531399523.0088477,6656,1.8817384243011475
1531399974.4446547,7168,-0.8942384719848633
1531400425.4534361,7680,1.8229057788848877
1531400877.122688,8192,0.4258615970611572
1531401327.3846686,8704,3.4582393169403076
1531401779.5871582,9216,-2.324422836303711
1531402230.6833124,9728,-2.284152030944824
1531402681.948613,10240,3.879974365234375
1531403134.9158418,10752,0.7917594909667969
1531403586.4707983,11264,1.1465502977371216
1531404038.184197,11776,2.495318651199341
1531404489.0730782,12288,0.3751371502876282
1531404942.3407917,12800,1.773597002029419
1531405394.588356,13312,1.9756821393966675
1531405846.8434699,13824,-0.9107915759086609
1531406299.731861,14336,1.8522428274154663
1531406752.4786549,14848,0.4211866855621338
1531407204.2060792,15360,2.433366298675537
1531407657.1897695,15872,-1.1217234134674072
1531408108.61574,16384,1.9908716678619385
1531408559.7749074,16896,-3.130455255508423
1531409013.6862721,17408,-1.798417329788208
1531409466.2022467,17920,4.643030166625977
1531409918.913342,18432,-0.17945323884487152
1531410370.3102896,18944,5.866766929626465
1531410820.7220469,19456,3.1475415229797363
1531411273.0684996,19968,0.5101615786552429
1531411725.4002175,20480,-1.4260061979293823
1531412175.5830123,20992,1.7674041986465454
1531412624.9776905,21504,-1.605466365814209
1531413076.1622226,22016,-0.2407810240983963
1531413527.5658581,22528,3.1292436122894287
1531413977.9701111,23040,1.2682454586029053
1531414429.918219,23552,0.1837148666381836
1531414881.558349,24064,3.8014392852783203
1531415333.5144424,24576,2.535449981689453
1531415785.074307,25088,0.1814359724521637
1531442909.082513,26112,6.508937835693359
1531443361.299268,26624,0.5457674860954285
1531443813.242097,27136,4.16806173324585
1531444264.4505956,27648,-0.19188490509986877
1531444715.5910916,28160,3.6814427375793457
1531445166.800782,28672,4.494546413421631
1531445619.9250472,29184,-0.2199573963880539
1531446072.4755847,29696,4.809027671813965
1531446525.624398,30208,-0.7447160482406616
1531446978.6147282,30720,-3.57867169380188
1531447431.6667442,31232,-1.6638729572296143
1531447885.8299782,31744,0.08862658590078354
1531448339.3950837,32256,5.6302947998046875
1531448792.6596198,32768,3.812142848968506
1531449247.2622292,33280,-0.8837542533874512
1531449700.5657835,33792,3.8301029205322266
1531450154.6380985,34304,3.4395246505737305
1531450610.2317202,34816,0.1588434875011444
1531451063.1983166,35328,-2.107006549835205
1531451515.567897,35840,0.8071362972259521
1531451969.1766272,36352,-0.39829257130622864
1531452424.2935724,36864,3.859747886657715
1531452878.02499,37376,-0.5516618490219116
1531453331.3160405,37888,-0.10272204875946045
1531453784.6668553,38400,0.7270380854606628
1531454238.752907,38912,-3.086864948272705
1531454693.3557174,39424,0.41436949372291565
1531455148.16594,39936,-0.7197297811508179
1531455602.9693344,40448,-0.5697542428970337
1531456057.5055523,40960,2.3860604763031006
1531456513.325957,41472,3.3880534172058105
1531456968.725712,41984,0.49841320514678955
1531457423.9886496,42496,1.260923981666565
1531457878.8493128,43008,4.876572608947754
1531458340.5120873,43520,1.3790324926376343
1531458795.9852223,44032,6.433218955993652
1531459250.7725444,44544,-3.039461135864258
1531459706.362851,45056,3.016458034515381
1531460160.0470965,45568,5.590394973754883
1531460615.640206,46080,-2.7167906761169434
1531461069.1689048,46592,2.621263027191162
1531461522.2465093,47104,-2.2909393310546875
1531461975.495138,47616,-1.724675178527832
1531462429.1084938,48128,-5.123913764953613
1531462882.3335724,48640,1.17340087890625
1531463336.377303,49152,1.4129915237426758
1531463791.3470342,49664,6.825798511505127
1531464245.2139492,50176,2.3229475021362305
1531464701.2758036,50688,1.3727636337280273
1531465155.2471507,51200,5.217947959899902
1531465610.2568407,51712,-0.37817084789276123
1531466064.4529986,52224,-0.41747385263442993
1531466520.4720166,52736,-2.155712127685547
1531466975.8556168,53248,-0.36010536551475525
1531467430.6040635,53760,0.9054564833641052
1531467885.347348,54272,-0.8212916254997253
1531468339.503481,54784,2.0313720703125
1531468793.8771245,55296,0.592734694480896
1531469248.495142,55808,-7.428083419799805
1531469704.4483817,56320,2.7657876014709473
1531470159.5624876,56832,4.753150939941406
1531470615.5640922,57344,2.296037197113037
1531471070.3374023,57856,1.7168426513671875
1531471526.3950515,58368,-1.9520176649093628
1531471981.940989,58880,-4.012371063232422
1531472437.6498501,59392,-4.433734893798828
1531472893.7950191,59904,0.025410909205675125
1531473348.787405,60416,-3.8642704486846924
1531473804.187102,60928,2.0633349418640137
1531474260.646651,61440,-0.3994998037815094
1531474716.283153,61952,5.7516703605651855
1531475173.1286767,62464,3.172558069229126
1531475629.5021985,62976,0.5909391045570374
1531526734.6536899,64000,3.9536235332489014
1531527188.8354642,64512,-3.031376838684082
1531527642.0984528,65024,9.298176765441895
1531528094.9759433,65536,1.9413676261901855
1531528550.4773607,66048,3.3717243671417236
1531529772.280784,67072,1.8754801750183105
1531530225.5188122,67584,-2.880418539047241
1531530680.0645688,68096,3.7045886516571045
1531531133.7321706,68608,0.25204402208328247
1531531587.3284779,69120,2.181166410446167
1531532040.4949918,69632,-3.4332520961761475
1531532495.685431,70144,0.3435670733451843
1531532950.0936894,70656,0.5646355152130127
1531533404.2668865,71168,-0.5701955556869507
1531533858.6227484,71680,5.03766393661499
1531534311.93246,72192,-6.09230899810791
1531534766.0273623,72704,-3.5660624504089355
1531535219.7690349,73216,3.610705614089966
1531535674.6263573,73728,7.6368865966796875
1531536129.6076293,74240,-0.8748124241828918
1531536585.720713,74752,3.073500633239746
1531537041.4388597,75264,1.5711963176727295
1531537497.1720655,75776,0.6087366342544556
1531537952.035711,76288,7.124119758605957
1531538407.4989364,76800,-0.9154108762741089
1531538863.068204,77312,6.471555709838867
1531539320.3057911,77824,6.800493240356445
1531539776.4636707,78336,-6.0956830978393555
1531540232.5995464,78848,4.146722793579102
1531540688.8930717,79360,-2.7790489196777344
1531541145.2226295,79872,-4.898010730743408
1531541602.5622413,80384,-2.024502992630005
1531542058.422283,80896,1.747987985610962
1531542515.606426,81408,6.005328178405762
1531542972.7997127,81920,3.85504150390625
1531543429.9659252,82432,-2.255258083343506
1531543886.330054,82944,3.520966053009033
1531544343.088222,83456,7.267735004425049
1531544799.8594837,83968,3.138688564300537
1531545255.8951688,84480,-5.99869441986084
1531545711.1949265,84992,6.292945861816406
1531546167.6721342,85504,-1.436464786529541
1531546623.9317741,86016,5.201251983642578
1531547079.512398,86528,0.7001248598098755
1531547536.9681044,87040,2.175727367401123
1531547992.10319,87552,4.39360237121582
1531548448.224734,88064,0.08882971107959747
1531548904.071212,88576,-0.3478294610977173
1531549361.6039734,89088,0.737066388130188
1531549817.353304,89600,-0.47762537002563477
1531550272.9088676,90112,2.165235757827759
1531550729.4228916,90624,3.73052716255188
1531551184.7411146,91136,-3.648878574371338
1531551642.3403776,91648,0.9568163752555847
1531552098.6130905,92160,4.712777137756348
1531552555.3773625,92672,-2.7187271118164062
1531553010.763231,93184,-3.3964195251464844
1531553467.4218435,93696,-0.37183070182800293
1531553922.810936,94208,1.3964004516601562
1531554379.5889971,94720,8.627901077270508
1531554836.014011,95232,-1.7499219179153442
1531555292.4877243,95744,1.2815847396850586
1531555750.287378,96256,5.373904228210449
1531556206.0284553,96768,-2.3562674522399902
1531556662.342783,97280,-1.8263566493988037
