wall_time,step,value
1530436212.0310018,128,202.03297424316406
1530436252.387996,256,77.5372085571289
1530436292.7173414,384,58.85234451293945
1530436333.0848591,512,34.85368347167969
1530436425.3997517,640,23.937454223632812
1530436465.767289,768,25.4027156829834
1530436506.1216714,896,21.045658111572266
1530436546.447489,1024,30.32451057434082
1530436639.0141792,1152,29.62618637084961
1530436679.3908908,1280,26.921855926513672
1530436719.7161298,1408,24.82422637939453
1530436760.0269935,1536,17.21783447265625
1530436852.4353821,1664,27.006620407104492
1530436892.799381,1792,28.38055419921875
1530436933.2029157,1920,13.12982177734375
1530436973.582571,2048,20.191375732421875
1530437066.0113173,2176,12.240833282470703
1530437106.3973963,2304,24.12736701965332
1530437146.7585213,2432,15.591548919677734
1530437187.1496847,2560,14.325039863586426
1530437279.8732295,2688,15.335190773010254
1530437320.2328794,2816,15.823063850402832
1530437360.5744717,2944,32.043853759765625
1530437400.921997,3072,34.923095703125
1530437493.6316407,3200,32.93040084838867
1530437533.933125,3328,18.89607048034668
1530437574.2446425,3456,37.335906982421875
1530437614.5609558,3584,40.52640914916992
1530437707.683767,3712,23.176891326904297
1530437748.0179765,3840,21.33867073059082
1530437788.3643513,3968,31.795421600341797
1530437828.6228497,4096,16.269001007080078
1530437922.3294103,4224,22.612590789794922
1530437962.7478096,4352,23.09622573852539
1530438003.072163,4480,20.255002975463867
1530438043.427924,4608,11.981825828552246
1530438136.6646845,4736,22.255535125732422
1530438177.0229838,4864,19.163768768310547
1530438217.3702722,4992,20.958688735961914
1530438257.748177,5120,15.520416259765625
1530438349.9598448,5248,19.16739845275879
1530438390.3935683,5376,23.55917739868164
1530438430.8746426,5504,35.208343505859375
1530438471.2967017,5632,20.180622100830078
1530438565.4122765,5760,15.41970157623291
1530438605.8876061,5888,25.005348205566406
1530438646.2858777,6016,30.170223236083984
1530438686.7467904,6144,14.628829956054688
1530438779.409482,6272,23.459035873413086
1530438819.8659997,6400,20.15973663330078
1530438860.3275194,6528,31.228811264038086
1530438900.807967,6656,31.953893661499023
1530438993.209727,6784,22.584442138671875
1530439033.6629534,6912,15.557452201843262
1530439074.1191545,7040,18.64647102355957
1530439114.6689537,7168,30.61859893798828
1530439206.2524195,7296,25.38613510131836
1530439246.7346754,7424,53.47243118286133
1530439287.2350705,7552,47.057369232177734
1530439327.625916,7680,40.306053161621094
1530439420.4752488,7808,30.342632293701172
1530439460.9540086,7936,28.699312210083008
1530439501.446568,8064,21.742883682250977
1530439541.9108984,8192,21.356979370117188
1530439634.548227,8320,22.74687385559082
1530439674.958749,8448,31.082639694213867
1530439715.3528547,8576,44.645790100097656
1530439755.7948215,8704,36.352684020996094
1530439849.079554,8832,54.16118240356445
1530439889.3929195,8960,35.187110900878906
1530439929.788436,9088,31.124834060668945
1530439970.19359,9216,45.8548583984375
1530440062.3530185,9344,33.91502380371094
1530440102.7396915,9472,26.71436309814453
1530440143.20016,9600,38.14095687866211
1530440183.5945702,9728,38.11957931518555
1530440276.5196636,9856,49.75270080566406
1530440316.8297458,9984,59.83747100830078
1530440357.193592,10112,61.038578033447266
1530440397.6064165,10240,55.797882080078125
1530440489.7634509,10368,75.4766845703125
1530440530.0860736,10496,62.12353515625
1530440570.4735038,10624,59.97773742675781
1530440610.9034846,10752,42.53068542480469
1530440703.5730631,10880,44.629913330078125
1530440744.0989077,11008,38.66868209838867
1530440784.5897872,11136,36.3156852722168
1530440825.1142807,11264,50.967830657958984
1530440917.2207818,11392,24.204769134521484
1530440957.7185462,11520,44.058746337890625
1530440998.18207,11648,52.0059700012207
1530441038.655628,11776,54.91287612915039
1530441132.786105,11904,56.12400436401367
1530441173.2873213,12032,51.22780990600586
1530441213.8028512,12160,56.6924934387207
1530441254.2834473,12288,38.07481384277344
1530441347.5515077,12416,58.2508544921875
1530441387.958146,12544,49.668148040771484
1530441428.4687827,12672,47.33238220214844
1530441469.012555,12800,32.609676361083984
1530441561.7737896,12928,41.95486068725586
1530441602.3121362,13056,47.49554443359375
1530441642.8231013,13184,53.090049743652344
1530441683.331735,13312,53.043914794921875
1530441776.379623,13440,72.73475646972656
1530441816.8489213,13568,54.477325439453125
1530441857.37496,13696,61.36113739013672
1530441897.8411875,13824,72.88416290283203
1530441990.6725547,13952,40.91619110107422
1530442031.1103637,14080,48.272918701171875
1530442071.6422343,14208,47.93716812133789
1530442112.133523,14336,58.90463638305664
1530442205.1839292,14464,63.354488372802734
1530442245.708774,14592,66.03759002685547
1530442286.175424,14720,89.64696502685547
1530442326.692969,14848,28.8576717376709
1530442419.8293989,14976,54.865699768066406
1530442460.3489575,15104,66.11576843261719
1530442500.8416736,15232,42.67728805541992
1530442541.3224468,15360,46.416378021240234
1530442634.8443644,15488,34.55830001831055
1530442675.3300655,15616,42.39813995361328
1530442715.8261218,15744,40.301490783691406
1530442756.3162315,15872,37.803985595703125
1530442848.7633123,16000,51.70939254760742
1530442889.1951563,16128,54.74943923950195
1530442929.6706033,16256,37.130008697509766
1530442970.1486523,16384,63.71080017089844
1530443062.5822732,16512,76.21293640136719
1530443103.0812166,16640,95.88613891601562
1530443143.5378819,16768,60.86881637573242
1530443183.9689617,16896,18.280521392822266
1530443276.9776893,17024,57.000038146972656
1530443317.490589,17152,46.7364387512207
1530443358.008782,17280,64.57711029052734
1530443398.4558086,17408,45.89971923828125
1530443491.409362,17536,75.41824340820312
1530443531.8637254,17664,87.44464874267578
1530443572.3519113,17792,92.04434967041016
1530443612.7996867,17920,77.20293426513672
1530443706.2019672,18048,62.13932800292969
1530443746.654663,18176,58.753753662109375
1530443787.046096,18304,48.002506256103516
1530443827.5228257,18432,56.470542907714844
1530443922.14481,18560,51.21929168701172
1530443962.6303446,18688,85.63936614990234
1530444003.1041398,18816,67.63998413085938
1530444043.5695646,18944,62.73752212524414
1530444136.6942704,19072,44.2689323425293
1530444177.14427,19200,42.265567779541016
1530444217.622493,19328,40.63751220703125
1530444258.0919495,19456,72.13202667236328
1530444351.915662,19584,54.718475341796875
1530444392.3409562,19712,81.65837860107422
1530444432.7837765,19840,80.55462646484375
1530444473.2255013,19968,52.399391174316406
1530444566.9295652,20096,86.61946105957031
1530444607.3781486,20224,127.17945861816406
1530444647.806203,20352,118.16607666015625
1530444688.2898536,20480,40.19797897338867
1530444781.3988464,20608,105.31272888183594
1530444821.9112072,20736,79.50814056396484
1530444862.4395304,20864,73.20089721679688
1530444902.9149628,20992,40.93073654174805
1530444996.5385172,21120,49.74742126464844
1530445037.0335517,21248,58.217811584472656
1530445077.4856672,21376,47.844261169433594
1530445117.999307,21504,58.26964569091797
1530445211.4784453,21632,57.14304733276367
1530445251.9401104,21760,58.961151123046875
1530445292.500148,21888,21.759218215942383
1530445333.0190043,22016,24.63825798034668
1530445426.6548429,22144,47.529441833496094
1530445467.120674,22272,52.65412902832031
1530445507.6194196,22400,95.43512725830078
1530445548.117897,22528,26.589811325073242
1530445642.391463,22656,69.94278717041016
1530445682.8980806,22784,51.9780158996582
1530445723.386745,22912,82.80375671386719
1530445763.822586,23040,98.40553283691406
1530445858.0994723,23168,54.54078674316406
1530445898.6350317,23296,25.755828857421875
1530445939.1913323,23424,39.000179290771484
1530445979.7326922,23552,34.86911392211914
1530446074.0216522,23680,84.13247680664062
1530446114.4744246,23808,53.796669006347656
1530446154.9303935,23936,113.20435333251953
1530446195.3560987,24064,91.13663482666016
1530446288.815396,24192,114.2561264038086
1530446329.3689332,24320,135.05030822753906
1530446369.8763769,24448,65.10580444335938
1530446410.3980942,24576,94.43087005615234
1530446504.5327551,24704,64.95335388183594
1530446545.0699182,24832,50.14793014526367
1530446585.5977056,24960,55.82193374633789
1530446626.0807116,25088,103.93257141113281
1530446719.6638277,25216,81.78166198730469
1530446760.1608744,25344,58.74250030517578
1530446800.6113384,25472,52.29256820678711
1530446841.1001287,25600,76.38607788085938
1530446935.47765,25728,47.94546127319336
1530446975.9442613,25856,114.29592895507812
1530447016.3984485,25984,67.88235473632812
1530447056.8698359,26112,64.48151397705078
1530447150.6105425,26240,75.17597961425781
1530447191.0906377,26368,107.90861511230469
1530447231.6217802,26496,82.80838012695312
1530447272.1056204,26624,81.734619140625
1530447365.0063355,26752,50.43641662597656
1530447405.4883447,26880,31.713603973388672
1530447445.960047,27008,87.54083251953125
1530447486.4849036,27136,42.3659782409668
1530447580.0669608,27264,79.38632202148438
1530447620.563434,27392,97.49844360351562
1530447661.0374577,27520,30.522090911865234
1530447701.484886,27648,43.28108215332031
1530447796.1543822,27776,43.75281524658203
1530447836.6643682,27904,88.29631805419922
1530447877.1649692,28032,102.3289566040039
1530447917.6554036,28160,70.30123138427734
1530448010.998264,28288,46.264930725097656
1530448051.530251,28416,125.62952423095703
1530448092.0400038,28544,56.78990173339844
1530448132.4952686,28672,94.69605255126953
1530448227.210727,28800,58.27385711669922
1530448267.7038307,28928,69.57134246826172
1530448308.1780913,29056,60.296234130859375
1530448348.7013924,29184,125.61018371582031
1530448442.4901688,29312,42.24151611328125
1530448483.0163577,29440,63.571205139160156
1530448523.5008466,29568,75.43698120117188
1530448564.02309,29696,92.16349792480469
1530448658.4481273,29824,87.34872436523438
1530448698.8720465,29952,55.22367477416992
1530448739.3735576,30080,61.95698547363281
1530448779.8468986,30208,91.25413513183594
1530448873.8909905,30336,91.63490295410156
1530448914.431861,30464,88.76567077636719
1530448954.9429498,30592,72.35863494873047
1530448995.4909334,30720,82.9714126586914
1530449090.8423486,30848,31.22380256652832
1530449131.4024923,30976,41.063331604003906
1530449171.9033992,31104,60.19633865356445
1530449212.4071665,31232,32.04105758666992
1530449306.2387667,31360,76.69640350341797
1530449346.7264163,31488,61.3840446472168
1530449387.15437,31616,23.176050186157227
1530449427.592619,31744,64.38440704345703
1530449522.01197,31872,33.08928298950195
1530449562.4861667,32000,28.770893096923828
1530449603.0382364,32128,99.72943878173828
1530449643.4504766,32256,80.59872436523438
1530449737.25796,32384,34.6810188293457
1530449777.7350852,32512,48.86672592163086
1530449818.2202685,32640,123.28408813476562
1530449858.726868,32768,42.78028869628906
1530449952.8785682,32896,41.80270004272461
1530449993.4382968,33024,65.42743682861328
1530450034.0175197,33152,132.6146240234375
1530450074.5184295,33280,89.33740234375
1530450168.2557497,33408,50.688995361328125
1530450208.7470047,33536,107.0166015625
1530450249.2909243,33664,70.65995025634766
1530450289.8465145,33792,52.13103485107422
1530450384.178209,33920,57.35512924194336
1530450424.7872598,34048,95.1980209350586
1530450465.329204,34176,38.49995422363281
1530450505.97132,34304,58.87388229370117
1530450601.4882593,34432,34.21331787109375
1530450642.046391,34560,73.25468444824219
1530450682.616351,34688,49.33729934692383
1530450723.257143,34816,42.115501403808594
1530450817.7436173,34944,94.71851348876953
1530450858.3001308,35072,119.42750549316406
1530450898.9394107,35200,76.04755401611328
1530450939.5082839,35328,73.10948181152344
1530451035.1992824,35456,96.05545806884766
1530451075.8479922,35584,57.17426681518555
1530451116.4080112,35712,64.52417755126953
1530451156.9103396,35840,135.4280548095703
1530451252.667416,35968,67.88025665283203
1530451293.206388,36096,74.81782531738281
1530451333.798607,36224,80.66279602050781
1530451374.2654865,36352,238.56561279296875
1530451468.4587622,36480,139.14166259765625
1530451508.961198,36608,86.71229553222656
1530451549.5038543,36736,95.25009155273438
1530451590.0300567,36864,61.77488327026367
1530451683.8553228,36992,137.0872802734375
1530451724.3629556,37120,84.63124084472656
1530451764.8564942,37248,132.73719787597656
1530451805.279508,37376,141.97640991210938
1530451899.7006044,37504,51.99073791503906
1530451940.1416106,37632,76.55818176269531
1530451980.6317794,37760,74.36634826660156
1530452021.1293995,37888,94.95061492919922
1530452116.5211763,38016,61.87865447998047
1530452157.1229093,38144,94.43830871582031
1530452197.7249393,38272,57.75656509399414
1530452238.162161,38400,29.218036651611328
1530452334.9878466,38528,60.203922271728516
1530452375.4879088,38656,84.66071319580078
1530585922.8045592,39040,135.82901000976562
1530585963.319067,39168,71.48365783691406
1530586003.8132641,39296,80.39099884033203
1530586044.3976889,39424,44.23286437988281
1530586135.8681796,39552,32.357704162597656
1530586176.334652,39680,52.707069396972656
1530586216.8338044,39808,105.81715393066406
1530586258.08855,39936,123.00971221923828
1530586349.7427888,40064,130.55316162109375
1530586390.21938,40192,134.25186157226562
1530586430.7657945,40320,94.95038604736328
1530586472.00977,40448,99.82036590576172
1530586563.8548625,40576,149.6822509765625
1530586604.4072027,40704,45.40788650512695
1530586644.9506052,40832,90.08431243896484
1530586686.0292761,40960,158.51376342773438
1530586777.8050387,41088,140.71058654785156
1530586818.3105834,41216,133.06573486328125
1530586858.8239698,41344,159.73355102539062
1530586899.880092,41472,117.46580505371094
1530586992.038589,41600,100.69027709960938
1530587032.5782192,41728,97.4993896484375
1530587073.0666056,41856,54.16981506347656
1530587113.8999586,41984,87.74678039550781
1530587206.0746906,42112,137.10458374023438
1530587246.574508,42240,112.91607666015625
1530587287.1139154,42368,86.32254028320312
1530587328.0688105,42496,61.7534294128418
1530587419.567234,42624,55.552162170410156
1530587460.1098201,42752,74.94246673583984
1530587500.62757,42880,131.30581665039062
1530587541.7751634,43008,95.61189270019531
1530587634.004123,43136,90.44017791748047
1530587674.5607173,43264,90.26266479492188
1530587715.1121528,43392,61.919700622558594
1530587756.3319035,43520,79.55717468261719
1530587848.997718,43648,109.95884704589844
1530587889.5366027,43776,40.34389114379883
1530587930.1004574,43904,80.36808013916016
1530587971.1448061,44032,176.81698608398438
1530588064.1181724,44160,108.7588882446289
1530588104.672251,44288,71.73118591308594
1530588145.1908748,44416,82.60519409179688
1530588186.1764228,44544,66.6920394897461
1530588279.7916148,44672,160.3018341064453
1530588320.335258,44800,65.4815444946289
1530588360.857621,44928,122.1793212890625
1530588401.9269853,45056,99.79930114746094
1530588494.1443665,45184,49.39198684692383
1530588534.7024205,45312,111.4713134765625
1530588575.236264,45440,87.94025421142578
1530588616.2288845,45568,68.53935241699219
1530588708.6752257,45696,48.963462829589844
1530588749.1869762,45824,79.96347045898438
1530588789.6941419,45952,124.84143829345703
1530588830.63012,46080,152.86465454101562
1530588924.5267456,46208,64.77841186523438
1530588965.0593412,46336,123.43019104003906
1530589005.5849032,46464,64.67658996582031
1530589046.342046,46592,167.40406799316406
1530589139.586641,46720,211.27001953125
1530589180.1113439,46848,69.65193939208984
1530589220.6350665,46976,250.35360717773438
1530589261.729367,47104,113.31767272949219
1530589353.382701,47232,161.52415466308594
1530589393.9081912,47360,163.50323486328125
1530589434.462805,47488,145.0682830810547
1530589475.330885,47616,202.46926879882812
1530589568.925863,47744,84.39755249023438
1530589609.4613883,47872,51.559104919433594
1530589650.033006,48000,87.18144989013672
1530589690.9952772,48128,56.22443771362305
1530589784.622397,48256,45.62890625
1530589825.1494353,48384,40.8269157409668
1530589865.6970885,48512,142.13893127441406
1530589906.6356914,48640,109.02835845947266
1530589999.3334107,48768,118.84872436523438
1530590039.9365919,48896,180.56893920898438
1530590080.5246384,49024,54.78314971923828
1530590121.1718676,49152,127.42797088623047
1530590214.4412315,49280,66.73655700683594
1530590255.0521193,49408,99.89886474609375
1530590295.5547593,49536,96.61363220214844
1530590336.1671193,49664,78.79417419433594
1530590429.9161875,49792,126.01774597167969
1530590470.4226844,49920,89.58654022216797
1530590510.9757497,50048,47.707733154296875
1530590551.578385,50176,110.42361450195312
1530590644.8941002,50304,60.03923797607422
1530590685.4731138,50432,76.06195831298828
1530590726.0337183,50560,39.321285247802734
1530590766.7128851,50688,163.72903442382812
1530590860.8460543,50816,21.720407485961914
1530590901.4543743,50944,137.08541870117188
1530590942.0903702,51072,169.2296600341797
1530590982.7873986,51200,54.28550338745117
1530591076.2780893,51328,72.75057983398438
1530591116.8808079,51456,30.755943298339844
1530591157.5407305,51584,103.99259948730469
1530591198.2834015,51712,49.8028564453125
1530591291.1413481,51840,34.81580352783203
1530591331.6905892,51968,47.650474548339844
1530591372.317534,52096,112.06796264648438
1530591413.03693,52224,46.2283935546875
1530591506.4376578,52352,197.21441650390625
1530591546.9758003,52480,143.3426971435547
1530591587.5849195,52608,56.24184799194336
1530591628.3119905,52736,138.27267456054688
1530591721.0850215,52864,37.76652526855469
1530591761.6996956,52992,55.09830856323242
1530591802.2849007,53120,45.646507263183594
1530591842.993091,53248,50.5107307434082
1530591938.1358416,53376,77.83887481689453
1530591978.7144055,53504,85.82711029052734
1530592019.3509312,53632,120.88322448730469
1530592060.0604024,53760,153.18438720703125
1530592153.4068215,53888,93.37258911132812
1530592194.0358164,54016,70.36170196533203
1530592234.7073581,54144,120.7899169921875
1530592275.492675,54272,107.49910736083984
1530592369.223595,54400,119.6866683959961
1530592409.86351,54528,73.34092712402344
1530592450.525092,54656,57.59746170043945
1530592491.2955894,54784,67.34333801269531
1530592584.96906,54912,96.06822204589844
1530592625.539987,55040,103.90172576904297
1530592666.169741,55168,107.93331146240234
1530592706.8226333,55296,45.154869079589844
1530592802.1535726,55424,132.56735229492188
1530592842.7925248,55552,68.01715850830078
1530592883.4862459,55680,78.3661880493164
1530592924.2135303,55808,54.15096664428711
1530593018.6939433,55936,236.17393493652344
1530593059.21862,56064,193.3901824951172
1530593099.6836047,56192,144.26950073242188
1530593140.344997,56320,69.10478210449219
1530593235.691891,56448,60.20936965942383
1530593276.229855,56576,103.35527038574219
1530593316.770594,56704,59.38459777832031
1530593357.4341674,56832,214.08213806152344
1530593452.7147548,56960,128.39447021484375
1530593493.3168535,57088,88.10018920898438
1530593533.8839042,57216,114.6452865600586
1530593574.5598476,57344,91.69676971435547
1530593668.6213093,57472,115.97554016113281
1530593709.1392908,57600,224.95582580566406
1530593749.6921237,57728,131.1215057373047
1530593790.359418,57856,67.72672271728516
1530593884.101308,57984,207.5703125
1530593924.6636918,58112,131.82412719726562
1530593965.2535036,58240,123.19752502441406
1530594005.9213514,58368,39.32166290283203
1530594100.521713,58496,258.0639343261719
1530594141.0890653,58624,100.91544342041016
1530594181.6503768,58752,103.91096496582031
1530594222.2279065,58880,88.0470962524414
1530594315.3987467,59008,187.06967163085938
1530594355.9451072,59136,169.11343383789062
1530594396.5700355,59264,77.01217651367188
1530594437.1704183,59392,79.53466796875
1530594532.7055001,59520,53.08381652832031
1530594573.2594943,59648,120.29769897460938
1530594613.9306254,59776,55.84435272216797
1530594654.5669837,59904,48.369422912597656
1530594748.67025,60032,132.24620056152344
1530594789.2418022,60160,69.96632385253906
1530594829.7928498,60288,41.961368560791016
1530594870.5046055,60416,186.3533172607422
1530594964.8476174,60544,95.45852661132812
1530595005.4570508,60672,104.3056640625
1530595046.0935106,60800,94.0929183959961
1530595086.7504818,60928,149.95257568359375
1530595182.1751316,61056,28.71481704711914
1530595222.7495527,61184,91.26022338867188
1530595263.2663107,61312,86.32147216796875
1530595303.9524984,61440,56.527557373046875
1530595399.5180714,61568,123.61771392822266
1530595440.1206656,61696,63.85512161254883
1530595480.7448483,61824,54.71467590332031
1530595521.463599,61952,146.48760986328125
1530595616.5202773,62080,85.44341278076172
1530595657.0694938,62208,83.01538848876953
1530671899.0017152,62592,83.19331359863281
1530671939.6705189,62720,126.23270416259766
1530671980.366943,62848,104.26362609863281
1530672020.950463,62976,49.703189849853516
1530672113.2773569,63104,61.574012756347656
1530672153.810174,63232,29.30478286743164
1530672194.345684,63360,103.67401885986328
1530672235.0020788,63488,74.64165496826172
1530672326.8650656,63616,117.18050384521484
1530672367.3432345,63744,64.2267837524414
1530672407.8772578,63872,112.22615051269531
1530672448.5097919,64000,64.89166259765625
1530672541.098015,64128,18.738300323486328
1530672581.647787,64256,127.98611450195312
1530672622.2130046,64384,164.9593505859375
1530672662.8406549,64512,45.411956787109375
1530672756.2792804,64640,50.83686828613281
1530672796.7928033,64768,85.1209487915039
1530672837.2895124,64896,84.3772964477539
1530672877.9395876,65024,100.8628921508789
1530672969.9204054,65152,52.49185562133789
1530673010.4054575,65280,94.81066131591797
1530673050.8867772,65408,103.44635772705078
1530673091.501185,65536,82.79194641113281
1530673184.6883297,65664,75.71277618408203
1530673225.2222795,65792,166.84231567382812
1530673265.7769673,65920,46.46302795410156
1530673306.3995047,66048,165.26083374023438
1530673398.7417634,66176,146.72122192382812
1530673439.2621372,66304,166.79641723632812
1530673479.8254726,66432,43.03789520263672
1530673520.5119698,66560,74.36279296875
1530673612.0593886,66688,115.8207778930664
1530673652.554097,66816,132.31436157226562
1530673693.076512,66944,50.15550994873047
1530673733.6391284,67072,83.57426452636719
1530673826.7245595,67200,104.35182189941406
1530673867.1837544,67328,84.96768188476562
1530673907.7167356,67456,55.03517150878906
1530673948.3811526,67584,101.5422134399414
1530674040.7705085,67712,40.38063049316406
1530674081.261991,67840,93.75164794921875
1530674121.8916574,67968,67.95707702636719
1530674162.513653,68096,34.208526611328125
1530674254.9832287,68224,37.33726501464844
1530674295.4748626,68352,179.74559020996094
1530674336.0221016,68480,137.8498077392578
1530674376.6456246,68608,129.9124298095703
1530674468.4536002,68736,100.95629119873047
1530674509.0078416,68864,156.60269165039062
1530674549.5620697,68992,196.91583251953125
1530674590.2003217,69120,135.4203338623047
1530674683.2399755,69248,66.5542984008789
1530674723.7345505,69376,76.51802825927734
1530674764.2679222,69504,80.91742706298828
1530674804.9229898,69632,94.600830078125
1530674897.4038174,69760,60.52301025390625
1530674937.8783314,69888,25.57199478149414
1530674978.4348047,70016,51.7875862121582
1530675019.0285146,70144,91.22455596923828
1530675112.9012752,70272,82.00264739990234
1530675153.4324164,70400,71.89257049560547
1530675194.0182693,70528,74.04298400878906
1530675234.7043636,70656,134.0609130859375
1530675327.663794,70784,88.19945526123047
1530675368.268566,70912,78.3585205078125
1530675408.8345056,71040,93.03474426269531
1530675449.535358,71168,59.71192932128906
1530675541.9706633,71296,48.24264144897461
1530675582.5458262,71424,64.31680297851562
1530675623.0649073,71552,85.29930877685547
1530675663.6906505,71680,33.3489990234375
1530675756.6251729,71808,224.81011962890625
1530675797.1619916,71936,152.04478454589844
1530675837.7334375,72064,99.98307037353516
1530675878.3420627,72192,158.25621032714844
1530675972.5228803,72320,101.22588348388672
1530676013.0956197,72448,77.24250793457031
1530676053.6624715,72576,32.99077606201172
1530676094.351595,72704,76.72574615478516
1530676188.5665174,72832,153.21728515625
1530676229.0530717,72960,144.72752380371094
1530676269.600302,73088,83.63816833496094
1530676310.2085962,73216,127.41559600830078
1530676402.2968442,73344,117.14434051513672
1530676442.795247,73472,91.8245849609375
1530676483.3261085,73600,76.99378204345703
1530676523.9169827,73728,86.48185729980469
1530676616.8007731,73856,51.46811294555664
1530676657.3151944,73984,282.203857421875
1530676697.8404,74112,137.6620330810547
1530676738.4823923,74240,133.8697509765625
1530676831.2159028,74368,42.28372573852539
1530676871.726252,74496,64.09637451171875
1530676912.203555,74624,38.751380920410156
1530676952.8182533,74752,164.97518920898438
1530677045.7581737,74880,76.77521514892578
1530677086.3351676,75008,78.3219985961914
1530677126.842541,75136,95.26438903808594
1530677167.5428903,75264,124.4276351928711
1530677259.9041622,75392,185.27154541015625
1530677300.4895258,75520,77.22303009033203
1530677341.0678146,75648,42.560340881347656
1530712121.2535303,75904,90.34009552001953
1530712161.78212,76032,165.7176513671875
1530712202.4095018,76160,110.41661834716797
1530712242.9634702,76288,66.59848022460938
1530712333.6189604,76416,45.924903869628906
1530712374.1664796,76544,47.2426872253418
1530712414.6824574,76672,75.71331787109375
1530712455.1871755,76800,188.61843872070312
1530712546.4016623,76928,28.886465072631836
1530712586.8916435,77056,183.1297149658203
1530712627.4744368,77184,56.859825134277344
1530712667.9517581,77312,190.58294677734375
1530712759.0005133,77440,90.4484634399414
1530712799.5464842,77568,52.49782943725586
1530712840.073045,77696,105.92512512207031
1530712880.6043406,77824,163.5261993408203
1530712971.631024,77952,129.83554077148438
1530713012.100499,78080,54.5224723815918
1530713052.5554917,78208,90.16576385498047
1530713093.074364,78336,116.40391540527344
1530713184.2281883,78464,159.25965881347656
1530713224.8011627,78592,96.42902374267578
1530713265.378119,78720,135.80320739746094
1530713305.8808553,78848,81.79247283935547
1530713396.655585,78976,190.92483520507812
1530713437.1573756,79104,62.283050537109375
1530713477.6978986,79232,38.1833381652832
1530713518.2615232,79360,63.095455169677734
1530713609.5077353,79488,51.939369201660156
1530713650.1063213,79616,180.0465087890625
1530713690.6985357,79744,109.95391082763672
1530713731.2309523,79872,126.78457641601562
1530713822.4476964,80000,35.8613166809082
1530713863.0105247,80128,59.630943298339844
1530713903.59869,80256,55.318748474121094
1530713944.1908312,80384,150.58462524414062
1530714035.5884202,80512,95.29830169677734
1530714076.0700839,80640,94.88565063476562
1530714116.6069522,80768,79.86522674560547
1530714157.1939821,80896,60.31488037109375
1530714248.1570148,81024,81.08078002929688
1530714288.732465,81152,42.26446533203125
1530714329.272709,81280,132.9381561279297
1530714369.8492763,81408,30.686267852783203
1530714460.96973,81536,167.9441375732422
1530714501.490447,81664,75.13839721679688
1530714542.033034,81792,44.30500411987305
1530714582.6222541,81920,94.85978698730469
1530714675.3421137,82048,122.79217529296875
1530714715.8931594,82176,110.51190948486328
1530714756.5034335,82304,210.78411865234375
1530714797.0199835,82432,99.73652648925781
1530714889.125103,82560,121.06147766113281
1530714929.6440103,82688,77.62298583984375
1530714970.2069273,82816,101.47264862060547
1530715010.7626493,82944,63.147796630859375
1530715102.709166,83072,278.80279541015625
1530715143.2618513,83200,98.2850341796875
1530715183.8059762,83328,104.5901870727539
1530715224.4086506,83456,109.79832458496094
1530715316.1148868,83584,170.8513946533203
1530715356.6675544,83712,150.92251586914062
1530715397.245503,83840,35.2945442199707
1530715437.7687645,83968,66.2718505859375
1530715530.64665,84096,115.96826934814453
1530715571.1676478,84224,85.54986572265625
1530715611.6983533,84352,174.79159545898438
1530715652.2311084,84480,68.26271057128906
1530715744.0357206,84608,60.861873626708984
1530715784.5552287,84736,101.04161071777344
1530715825.089361,84864,113.69319152832031
1530715865.5722432,84992,80.30997467041016
1530715958.342675,85120,46.63813018798828
1530715998.8686593,85248,92.0458755493164
1530716039.4050672,85376,76.02391052246094
1530716079.8690162,85504,90.49313354492188
1530716171.6072762,85632,85.78154754638672
1530716212.1123476,85760,93.15750885009766
1530716252.524894,85888,77.03996276855469
1530716293.1200228,86016,60.7569694519043
1530716385.011272,86144,111.7718276977539
1530716425.4710772,86272,66.50147247314453
1530716465.9082727,86400,54.28514099121094
1530716506.3616128,86528,107.43807983398438
1530716599.6823938,86656,190.14309692382812
1530716640.1712573,86784,166.93702697753906
1530716680.7482994,86912,92.30011749267578
1530716721.268349,87040,121.56131744384766
1530716813.1365125,87168,54.87906265258789
1530716853.6054974,87296,147.60009765625
1530716894.0862343,87424,129.1342315673828
1530716934.611796,87552,164.6738739013672
1530717028.0093307,87680,144.20713806152344
1530717068.5231097,87808,74.13507080078125
1530717109.0951242,87936,120.42935943603516
1530717149.6675334,88064,123.37554168701172
1530717242.8583887,88192,64.89044189453125
1530717283.3811843,88320,169.02952575683594
1530717323.9488144,88448,69.23603820800781
1530717364.519139,88576,31.706464767456055
1530717456.3548415,88704,164.171875
1530717496.956009,88832,102.7473373413086
1530717537.4577503,88960,123.913818359375
1530717577.9668777,89088,63.9271354675293
1530717670.3560154,89216,79.70635986328125
1530717710.8863416,89344,120.70022583007812
1530717751.3713257,89472,40.64241027832031
1530717791.9173596,89600,91.16714477539062
1530717884.170719,89728,118.98282623291016
1530717924.6473122,89856,106.21614837646484
1530717965.2828012,89984,118.63070678710938
1530718005.8972294,90112,89.46560668945312
1530718097.9247684,90240,66.98272705078125
1530718138.487901,90368,43.7850227355957
1530718179.062578,90496,87.44677734375
1530718219.5844235,90624,127.94557189941406
1530718312.055307,90752,98.19584655761719
1530718352.5960789,90880,179.84828186035156
1530718393.157936,91008,42.31382369995117
1530718433.7537744,91136,160.9381103515625
1530718526.333848,91264,107.8525619506836
1530718566.960332,91392,76.88877868652344
1530718607.4665165,91520,51.1666259765625
1530718648.0318437,91648,248.3712158203125
1530718740.4475594,91776,80.43228149414062
1530718781.0115817,91904,126.64179992675781
1530718821.5415263,92032,182.04576110839844
1530718862.0617497,92160,110.83656311035156
1530718954.8347251,92288,39.98359680175781
1530718995.4039903,92416,95.7798080444336
1530719035.9683862,92544,107.71086120605469
1530719076.4800792,92672,115.90777587890625
1530719169.9214659,92800,89.24693298339844
1530719210.50772,92928,31.650279998779297
1530719251.0920227,93056,96.6847152709961
1530719291.648951,93184,104.32548522949219
1530719384.3595967,93312,83.20227813720703
1530719424.8586185,93440,65.87161254882812
1530719465.3916566,93568,120.70008087158203
1530719505.9699447,93696,89.5166015625
1530719598.4560335,93824,66.39983367919922
1530719638.9728904,93952,72.14022064208984
1530719679.5619605,94080,21.432144165039062
1530719720.1194098,94208,183.63243103027344
1530719812.7711039,94336,180.29627990722656
1530719853.3247037,94464,175.42184448242188
1530719893.8751762,94592,21.04143714904785
1530719934.4018838,94720,39.528385162353516
1530720027.2058456,94848,127.16598510742188
1530720067.7793477,94976,106.26980590820312
1530720108.347566,95104,61.53955841064453
1530720148.932805,95232,34.39595031738281
1530720242.0981266,95360,61.603519439697266
1530720282.6512086,95488,62.290706634521484
1530720323.2259243,95616,130.8238067626953
1530720363.7300107,95744,84.43876647949219
1530720456.3990614,95872,117.86807250976562
1530720496.9341693,96000,132.99627685546875
1530720537.4835877,96128,89.21417999267578
1530720578.0116508,96256,99.98792266845703
1530720672.7060359,96384,166.5054168701172
1530720713.2842407,96512,47.928192138671875
1530720753.83578,96640,115.31381225585938
1530720794.4414504,96768,114.47335815429688
1530720887.0838664,96896,175.47967529296875
1530720927.6649432,97024,107.89154052734375
1530720968.2028923,97152,100.27580261230469
1530721008.7413652,97280,57.33506393432617
1530721101.8978813,97408,116.8923110961914
1530721142.44238,97536,69.4049072265625
