wall_time,step,value
1531836009.627577,128,0.06560798734426498
1531836105.853796,256,0.24946480989456177
1531836202.3094876,384,0.3747560679912567
1531836298.7403505,512,0.29122212529182434
1531836461.7719536,640,0.16229483485221863
1531836558.2334428,768,0.1638321876525879
1531836654.7915149,896,0.09866204857826233
1531836751.3289893,1024,0.07997618615627289
1531836912.0517135,1152,0.05453784018754959
1531837008.6044796,1280,0.09581522643566132
1531837105.2535439,1408,0.11767570674419403
1531837201.877164,1536,0.11365777999162674
1531837363.6335216,1664,0.09859567880630493
1531837460.160842,1792,0.13189461827278137
1531837556.726201,1920,0.10075842589139938
1531837653.3864865,2048,0.08196555823087692
1531837814.4749646,2176,0.1167159378528595
1531837910.8490746,2304,0.05503237619996071
1531838007.443454,2432,0.0473484992980957
1531838103.8324156,2560,0.06310176104307175
1531838264.2823672,2688,0.07489002496004105
1531838360.7312634,2816,0.045201901346445084
1531838457.2250166,2944,0.06034921109676361
1531838553.745609,3072,0.06107640266418457
1531838714.7054396,3200,0.03298205882310867
1531838811.217242,3328,0.04697481542825699
1531838907.727781,3456,0.04610456898808479
1531839004.3106277,3584,0.05868711322546005
1531839164.4795897,3712,0.05701517313718796
1531839260.9438345,3840,0.02432175725698471
1531839357.3986416,3968,0.03869865834712982
1531839453.8153944,4096,0.04255921393632889
1531839614.5681086,4224,0.03511125594377518
1531839710.8494127,4352,0.03489561006426811
1531839807.3294725,4480,0.026202403008937836
1531839903.6959069,4608,0.04008494317531586
1531840062.7218382,4736,0.036662694066762924
1531840159.1805074,4864,0.034771598875522614
1531840255.7785978,4992,0.04282860457897186
1531840352.0632746,5120,0.03279280290007591
1531840513.0271964,5248,0.03984551876783371
1531840609.5392015,5376,0.03645522892475128
1531840706.1751173,5504,0.037910863757133484
1531840802.6299067,5632,0.04403137415647507
1531840962.713408,5760,0.03889544680714607
1531841059.2676573,5888,0.03909333795309067
1531841155.7717686,6016,0.04740505665540695
1531841252.0363941,6144,0.041592057794332504
1531841413.273578,6272,0.03732185810804367
1531841509.9517722,6400,0.03678034991025925
1531841606.6240256,6528,0.044850848615169525
1531841702.927177,6656,0.04770168289542198
1531841862.3410172,6784,0.04642512649297714
1531841958.9006364,6912,0.03163675591349602
1531842055.6628335,7040,0.04864754155278206
1531842152.2080314,7168,0.04502231255173683
1531842311.451892,7296,0.034154243767261505
1531842408.134856,7424,0.03375833109021187
1531842504.7821321,7552,0.04332005977630615
1531842601.4103007,7680,0.029665637761354446
1531842760.956803,7808,0.03931982070207596
1531842857.557161,7936,0.0318455696105957
1531842954.1866052,8064,0.031140320003032684
1531843050.7724898,8192,0.03583921492099762
1531843211.6420405,8320,0.04234419763088226
1531843308.3437355,8448,0.0320071280002594
1531843404.9538794,8576,0.034738555550575256
1531843501.6707292,8704,0.03646572679281235
1531843659.917289,8832,0.028800105676054955
1531843756.5411463,8960,0.021854015067219734
1531843853.1449704,9088,0.03919956833124161
1531843949.6614835,9216,0.02930614724755287
1531844108.562919,9344,0.023904388770461082
1531844205.2592409,9472,0.029848702251911163
1531844301.8262458,9600,0.027307864278554916
1531844398.2032886,9728,0.04030485451221466
1531844557.3818114,9856,0.025296516716480255
1531844654.118887,9984,0.03150605037808418
1531844750.7660272,10112,0.027764208614826202
1531844847.296377,10240,0.0289456844329834
1531845005.5291371,10368,0.024954520165920258
1531845102.2205863,10496,0.024663718417286873
1531845198.883356,10624,0.026311509311199188
1531845295.357598,10752,0.026694942265748978
1531845455.6823726,10880,0.022639837116003036
1531845552.3088388,11008,0.02606823481619358
1531845648.9451082,11136,0.03244280442595482
1531845745.5495605,11264,0.029813073575496674
1531845905.283581,11392,0.030587490648031235
1531846001.8343332,11520,0.020216835662722588
1531846098.450245,11648,0.02611028030514717
1531846194.7783163,11776,0.017009519040584564
1531846354.0036514,11904,0.02493424341082573
1531846450.7004404,12032,0.02499653771519661
1531846547.2885296,12160,0.03173612430691719
1531846643.7108698,12288,0.028386196121573448
1531846803.3992176,12416,0.020021891221404076
1531846899.8509977,12544,0.03183617815375328
1531846996.4128644,12672,0.024292094632983208
1531847092.922405,12800,0.022311829030513763
1531847253.7320237,12928,0.02850368805229664
1531847350.2568343,13056,0.018019672483205795
1531847446.6040883,13184,0.025843719020485878
1531847542.9557514,13312,0.012891261838376522
1531847703.0179422,13440,0.026127243414521217
1531847799.5828729,13568,0.018070118501782417
1531847896.317954,13696,0.02707415446639061
1531847992.9102452,13824,0.022789008915424347
1531848153.3030503,13952,0.022774066776037216
1531848249.9322174,14080,0.01498990599066019
1531848346.5367775,14208,0.02432537078857422
1531848442.9358606,14336,0.02340545505285263
1531848601.6568034,14464,0.027302810922265053
1531848698.217717,14592,0.03422551974654198
1531848794.7737005,14720,0.012221931479871273
1531848891.5253437,14848,0.012400842271745205
1531849050.9022515,14976,0.017483921721577644
1531849147.4949858,15104,0.01608366332948208
1531849243.928745,15232,0.024967718869447708
1531849340.483854,15360,0.024282138794660568
1531849498.9084587,15488,0.015617812052369118
1531849595.2007833,15616,0.021124936640262604
1531849691.742184,15744,0.016396408900618553
1531849788.0885627,15872,0.017695343121886253
1531849949.1940773,16000,0.02349168248474598
1531850045.6463706,16128,0.01999158225953579
1531850142.2171068,16256,0.01816396415233612
1531850238.6216993,16384,0.020966757088899612
1531850398.0610735,16512,0.02386649325489998
1531850494.634401,16640,0.015464771538972855
1531850591.1551042,16768,0.01716293767094612
1531850687.5732336,16896,0.021199433133006096
1531850846.8582845,17024,0.011066990904510021
1531850943.2711942,17152,0.016065435484051704
1531851039.7847488,17280,0.016923176124691963
1531851136.2221122,17408,0.02149895206093788
1531851296.4997602,17536,0.018911920487880707
1531851393.086276,17664,0.02435537613928318
1531851489.632163,17792,0.01133638247847557
1531851586.1254714,17920,0.0200961921364069
1531851745.133493,18048,0.01719757169485092
1531851841.6567152,18176,0.020762648433446884
1531851938.2557213,18304,0.01519133523106575
1531852034.6516855,18432,0.011544177308678627
1531852193.6854668,18560,0.020337019115686417
1531852290.29637,18688,0.02423921786248684
1531852386.911976,18816,0.02011662721633911
1531852483.4967134,18944,0.014359159395098686
1531852644.1651533,19072,0.012198357842862606
1531852740.6014884,19200,0.017184073105454445
1531852837.171443,19328,0.012845180928707123
1531852933.6458826,19456,0.022031644359230995
1531853093.1072772,19584,0.01871180348098278
1531853189.7104115,19712,0.015682870522141457
1531853286.3226843,19840,0.016996555030345917
1531853382.6984496,19968,0.019163034856319427
1531853541.74467,20096,0.021118931472301483
1531853638.3895922,20224,0.018003465607762337
1531853734.9900064,20352,0.01386772096157074
1531853831.5998054,20480,0.02130711078643799
1531853991.093805,20608,0.018391596153378487
1531854087.5390387,20736,0.019390106201171875
1531854184.0820327,20864,0.021511400118470192
1531854280.453169,20992,0.018156321719288826
1531854441.0585895,21120,0.010699150152504444
1531854537.5264916,21248,0.009809131734073162
1531854634.098351,21376,0.015647444874048233
1531854730.5648272,21504,0.010081972926855087
1531854890.6224566,21632,0.011669966392219067
1531854986.9328551,21760,0.01993171125650406
1531855083.450442,21888,0.01923922449350357
1531855179.8280568,22016,0.016010385006666183
1531855340.908581,22144,0.01511339657008648
1531855437.4154372,22272,0.013159118592739105
1531855533.997652,22400,0.012682975269854069
1531855630.4162803,22528,0.01601722091436386
1531855791.5001209,22656,0.015061427839100361
1531855888.0407665,22784,0.010483228601515293
1531855984.5355835,22912,0.01143314503133297
1531856080.9643915,23040,0.02379012107849121
1531856241.005646,23168,0.007425915915518999
1531856337.7239869,23296,0.01080125942826271
1531856434.3682156,23424,0.010236033238470554
1531856531.0364907,23552,0.007738115265965462
1531856692.8300815,23680,0.019838547334074974
1531856789.5148907,23808,0.008187126368284225
1531856886.1843376,23936,0.019809000194072723
1531856982.8235245,24064,0.028055895119905472
1531857142.9253883,24192,0.01246384996920824
1531857239.569572,24320,0.01000351831316948
1531857336.2626927,24448,0.01135614700615406
1531857433.0379078,24576,0.02505357749760151
1531857595.323101,24704,0.008748585358262062
1531857691.9365168,24832,0.008109868504106998
1531857788.5295706,24960,0.015220237895846367
1531857885.1352298,25088,0.006813282147049904
1531858045.32434,25216,0.009430911391973495
1531858141.9592829,25344,0.012080143205821514
1531858238.5068104,25472,0.010775209404528141
1531858335.147184,25600,0.013924801722168922
1531858496.0205767,25728,0.01724393665790558
1531858592.6644564,25856,0.012214133515954018
1531858689.3426688,25984,0.018868621438741684
1531858785.754354,26112,0.012650035321712494
1531858945.9563541,26240,0.012907910160720348
1531859042.6099672,26368,0.013255106285214424
1531859139.229188,26496,0.007536822929978371
1531859235.9215238,26624,0.011115082539618015
1531859398.3157566,26752,0.01159011572599411
1531859495.071812,26880,0.008816283196210861
1531859591.7924585,27008,0.006349598057568073
1531859688.5211666,27136,0.008212706074118614
1531859849.2086742,27264,0.006666426546871662
1531859945.7528064,27392,0.009163022972643375
1531860042.3669546,27520,0.006612474098801613
1531860139.0815718,27648,0.017283769324421883
1531860300.2351615,27776,0.006097401026636362
1531860396.827336,27904,0.007039894349873066
1531860493.47058,28032,0.013013812713325024
1531860590.0144756,28160,0.010462673380970955
1531860751.7959716,28288,0.018888097256422043
1531860848.4123294,28416,0.009143814444541931
1531860945.1019583,28544,0.007027916610240936
1531861041.7628582,28672,0.00915233138948679
1531861203.857702,28800,0.008254557847976685
1531861300.3687925,28928,0.008470558561384678
1531861396.9152505,29056,0.02298753708600998
1531861493.3341358,29184,0.013488897122442722
1531861655.6382535,29312,0.00433665094897151
1531861752.3418584,29440,0.010596105828881264
1531861849.0321336,29568,0.009450708515942097
1531861945.4556406,29696,0.007018724922090769
1531862105.819502,29824,0.014655334874987602
1531862202.4210074,29952,0.004521497990936041
1531862299.009299,30080,0.008268078789114952
1531862395.6500423,30208,0.015103045850992203
1531862556.1453826,30336,0.009203043766319752
1531862652.7815847,30464,0.007626167498528957
1531862749.5324383,30592,0.010510225780308247
1531862845.97966,30720,0.01020206231623888
1531863006.3060145,30848,0.011375637724995613
1531863103.0017052,30976,0.007196702994406223
1531863199.6982448,31104,0.01220796536654234
1531863296.0217924,31232,0.008877171203494072
1531863458.001316,31360,0.015415985137224197
1531863554.4805224,31488,0.012301770970225334
1531863651.037956,31616,0.013575974851846695
1531863747.5500202,31744,0.005193037446588278
1531863908.8732183,31872,0.010424003936350346
1531864005.45585,32000,0.011664040386676788
1531864102.0547364,32128,0.007294405251741409
1531864198.7512817,32256,0.012108330614864826
1531864360.150962,32384,0.029167022556066513
1531864456.7233713,32512,0.014699893072247505
1531864553.3120584,32640,0.007977847941219807
1531864649.6475456,32768,0.003937601111829281
1531864811.028809,32896,0.011373471468687057
1531864907.7327807,33024,0.010350885801017284
1531865004.2750661,33152,0.013427171856164932
1531865100.910269,33280,0.007915506139397621
1531865262.1723049,33408,0.012420588172972202
1531865358.704546,33536,0.0052372608333826065
1531865455.2494993,33664,0.010271154344081879
1531865551.8574347,33792,0.005925508216023445
1531865712.5932386,33920,0.005078629590570927
1531865809.3161395,34048,0.006362795829772949
1531865906.02549,34176,0.010924800299108028
1531866002.6009655,34304,0.009457658976316452
1531866163.1170638,34432,0.005032215267419815
1531866259.780058,34560,0.008309664204716682
1531866356.4516199,34688,0.009021693840622902
1531866453.1458707,34816,0.02109258621931076
1531866615.5667744,34944,0.015046710148453712
1531866712.2418582,35072,0.01174088567495346
1531866808.8219562,35200,0.011502956971526146
1531866905.3995173,35328,0.022127998992800713
1531867066.9542491,35456,0.012643061578273773
1531867163.6457345,35584,0.011284012347459793
1531867260.2890913,35712,0.005208289250731468
1531867356.8753068,35840,0.010178018361330032
1531867519.0448227,35968,0.009593893773853779
1531867615.6513875,36096,0.01687311753630638
1531867712.242607,36224,0.005579220596700907
1531867808.808848,36352,0.013429107144474983
1531867970.5811236,36480,0.008880558423697948
1531868067.146014,36608,0.00457357382401824
1531868163.736418,36736,0.010601202957332134
1531868260.3764613,36864,0.012580782175064087
1531868423.1334536,36992,0.021807825192809105
1531868519.8609447,37120,0.006664932705461979
1531868616.4742284,37248,0.006490858271718025
1531868712.9060183,37376,0.009146657772362232
1531868875.8193777,37504,0.020292961969971657
1531868972.479593,37632,0.00780443474650383
1531869069.0903459,37760,0.016253240406513214
1531952540.4157774,38016,0.01728474535048008
1531952636.4789531,38144,0.008986443281173706
1531952732.678232,38272,0.00763011584058404
1531952828.9615643,38400,0.009993447922170162
1531952988.572294,38528,0.010579587891697884
1531953085.1256843,38656,0.007749367039650679
1531953181.6850696,38784,0.005357423331588507
1531953278.211557,38912,0.01194044016301632
1531953436.4405413,39040,0.013976307585835457
1531953532.978697,39168,0.009154343977570534
1531953629.5109649,39296,0.0036679687909781933
1531953725.9399698,39424,0.007107657380402088
1531953885.292447,39552,0.006411172915250063
1531953981.8889923,39680,0.005511308088898659
1531954078.333897,39808,0.00489713903516531
1531954174.6933916,39936,0.006362977437674999
1531954332.2460132,40064,0.008329426869750023
1531954428.810916,40192,0.009074633941054344
1531954525.4330199,40320,0.016775794327259064
1531954622.099577,40448,0.010985242202877998
1531954780.7725265,40576,0.020097952336072922
1531954877.2506583,40704,0.00333619536831975
1531954973.7859435,40832,0.009078669361770153
1531955070.0418916,40960,0.013922026380896568
1531955229.606251,41088,0.01061340980231762
1531955326.113536,41216,0.011180189438164234
1531955422.5827627,41344,0.00629708357155323
1531955518.9549103,41472,0.00937721785157919
1531955677.2745965,41600,0.009432690218091011
1531955773.7939744,41728,0.007556225173175335
1531955870.397777,41856,0.009555012919008732
1531955966.755074,41984,0.01639426127076149
1531956125.6791508,42112,0.005760994274169207
1531956222.224869,42240,0.00645107589662075
1531956318.6578398,42368,0.00645011942833662
1531956415.136295,42496,0.011621936224400997
1531956573.9381852,42624,0.007100493647158146
1531956670.602959,42752,0.005936089903116226
1531956767.1805913,42880,0.00326258921995759
1531956863.6175926,43008,0.010891078040003777
1531957022.4864986,43136,0.009446375072002411
1531957118.8635447,43264,0.005631806328892708
1531957215.3511436,43392,0.014009678736329079
1531957311.890539,43520,0.005537640303373337
1531957471.3158624,43648,0.009900575503706932
1531957567.8082607,43776,0.0037297075614333153
1531957664.2295175,43904,0.002576525555923581
1531957760.6154773,44032,0.010777782648801804
1531957920.0011287,44160,0.012244565412402153
1531958016.5383365,44288,0.0030913492664694786
1531958113.0538702,44416,0.017876874655485153
1531958209.420643,44544,0.001434126403182745
1531958368.1906402,44672,0.007758919149637222
1531958464.6204894,44800,0.0013198723318055272
1531958561.0275304,44928,0.005713474936783314
1531958657.1785593,45056,0.0041230181232094765
1531958816.0307863,45184,0.08974500745534897
1531958912.6207821,45312,0.0024463701993227005
1531959009.160365,45440,0.057004451751708984
1531959105.7368033,45568,0.008419119752943516
1531959263.9663994,45696,0.000513342791236937
1531959360.5616114,45824,0.004128479398787022
1531959457.0530577,45952,0.0018949343357235193
1531959553.5594532,46080,0.0032426719553768635
1531959713.2903328,46208,0.004891317803412676
1531959809.8497555,46336,0.0009945447091013193
1531959906.3824334,46464,0.002840608824044466
1531960002.9204893,46592,0.001524206600151956
1531960161.7470615,46720,0.0020747992675751448
1531960258.328588,46848,0.00017222471069544554
1531960354.8084702,46976,0.013205619528889656
1531960451.0459306,47104,0.004877351224422455
1531960615.2612457,47232,0.00023383964435197413
1531960711.9555855,47360,0.007291675545275211
1531960808.5437953,47488,0.00832145195454359
1531960905.0693061,47616,0.04633491858839989
1531961071.0376265,47744,0.0029414037708193064
1531961167.6524894,47872,0.008630671538412571
1531961264.2531059,48000,0.001953380648046732
1531961360.6719568,48128,0.005079860799014568
1531961524.5540013,48256,0.0007701616850681603
1531961621.1816146,48384,0.000522296060808003
1531961717.750723,48512,0.01898585632443428
1531961814.1077518,48640,0.0007803243352100253
1531961977.8505552,48768,0.017288299277424812
1531962074.4973402,48896,0.07803905010223389
1531962171.1475742,49024,0.00033749602152965963
1531962267.5868182,49152,0.01328607089817524
1531962431.3770845,49280,0.0005143017624504864
1531962528.076494,49408,0.03277263790369034
1531962624.7787642,49536,0.006386820692569017
1531962721.278071,49664,0.0002756053290795535
1531962884.7369437,49792,0.0016802900936454535
1531962981.542446,49920,0.002109071472659707
1531963078.2552314,50048,0.00019770354265347123
1531963174.7939706,50176,0.002425204496830702
1531963338.6487446,50304,0.032582081854343414
1531963435.3317204,50432,0.025584548711776733
1531963531.9318576,50560,0.0009350317995995283
1531963628.4140723,50688,0.03030776046216488
1531963792.0229604,50816,0.0036497353576123714
1531963888.5806873,50944,0.007637057453393936
1531963985.2649186,51072,0.00017403838864993304
1531964081.8620143,51200,0.01226040069013834
1531964246.2109962,51328,9.034350659931079e-05
1531964342.9122455,51456,0.004944943357259035
1531964439.6050572,51584,0.006138278171420097
1531964536.1344213,51712,0.0034076697193086147
1531964700.1410158,51840,0.012651435099542141
1531964796.798072,51968,0.000848732772283256
1531964893.4062374,52096,0.004796123597770929
1531964990.0485673,52224,0.015125318430364132
1531965152.0939884,52352,0.0034108601976186037
1531965248.7492533,52480,0.005263065919280052
1531965345.4581163,52608,0.0019751419313251972
1531965442.0100186,52736,0.00036716819158755243
1531965605.3810894,52864,0.0037520728074014187
1531965702.061132,52992,0.0019708520267158747
1531965798.6667316,53120,0.00040949316462501884
1531965895.2340133,53248,0.0010885732481256127
1531966058.1909869,53376,0.0025928448885679245
1531966154.8671489,53504,0.003701397916302085
1531966251.5411458,53632,0.019051192328333855
1531966348.1655743,53760,0.008789493702352047
1531966510.1901464,53888,0.017368843778967857
1531966606.8463366,54016,0.0024348609149456024
1531966703.4937387,54144,0.0042769345454871655
1531966800.236502,54272,0.01445278711616993
1531966962.506069,54400,0.01751188561320305
1531967059.1927066,54528,0.0021203134674578905
1531967155.8490489,54656,0.0001839288743212819
1531967252.2991736,54784,0.0006891433149576187
1531967413.1993291,54912,0.013994795270264149
1531967509.8195872,55040,0.003035519737750292
1531967606.479158,55168,0.00026873566093854606
1531967703.022639,55296,0.019983911886811256
1531967864.3647485,55424,0.007428054232150316
1531967961.044703,55552,0.0151320556178689
1531968057.697794,55680,0.016114836558699608
1531968154.1892452,55808,0.04119063913822174
1531968317.4467957,55936,0.0006484587211161852
1531968414.1448812,56064,0.000775718130171299
1531968510.8362572,56192,0.0009560576872900128
1531968607.350074,56320,0.002753262175247073
1531968771.9208841,56448,0.0005978214321658015
1531968868.5791476,56576,0.0004920493811368942
1531968965.2303965,56704,0.005746464245021343
1531969061.7484999,56832,0.005041864700615406
1531969224.5102782,56960,0.009468292817473412
1531969321.133429,57088,0.0014005718985572457
1531969417.6402955,57216,0.002222547074779868
1531969513.973437,57344,0.0038652392104268074
1531969677.882024,57472,0.016671933233737946
1531969774.549328,57600,0.00298573961481452
1531969871.2609375,57728,0.0011462918482720852
1531969967.679038,57856,0.01802893355488777
1531970131.1273434,57984,0.006786633748561144
1531970227.8173199,58112,0.0005943803698755801
1531970324.4043157,58240,0.002759794006124139
1531970421.1699438,58368,0.0018655182793736458
1531970584.3584454,58496,0.0057225944474339485
1531970680.9467268,58624,0.0017589660128578544
1531970777.6350026,58752,0.03333957865834236
1531970874.3201709,58880,0.0009604062652215362
1531971037.9270635,59008,0.0010411422699689865
1531971134.5158741,59136,0.0009463644819334149
1531971231.141501,59264,0.00017915428907144815
1531971327.7168474,59392,0.002312697237357497
1531971491.8122535,59520,0.0019329289207234979
1531971588.3151839,59648,0.00021966804342810065
1531971684.9144638,59776,0.0017846114933490753
1531971781.5318844,59904,0.019321218132972717
1531971945.4591653,60032,0.006429559551179409
1531972042.0918553,60160,0.0034572675358504057
1531972138.7789364,60288,0.0003328553575556725
1531972235.189574,60416,0.010757752694189548
1531972400.3303487,60544,0.00343031482771039
1531972497.082022,60672,0.0035083137918263674
1531972593.7515447,60800,0.0005509989568963647
1531972690.5839412,60928,0.0022529729176312685
1531972854.9454901,61056,0.0005182026652619243
1531972951.7317824,61184,0.0004319090803619474
1531973048.4486406,61312,0.0006351578049361706
1531973145.160665,61440,0.008320074528455734
1531973309.9361715,61568,0.006160684395581484
1531973406.5489368,61696,0.001325102406553924
1531973503.1940699,61824,0.0021191597916185856
1531973599.8367815,61952,0.029217446222901344
1531973765.525428,62080,0.025223201140761375
1531973862.161746,62208,0.018287811428308487
1531973958.927611,62336,0.0023714168928563595
1531974055.5487883,62464,0.0003560416807886213
1531974221.321039,62592,0.00037471408722922206
1531974317.962436,62720,0.0017023298423737288
1531974414.754296,62848,0.004362611100077629
1531974511.5097537,62976,0.0014901349786669016
1531974677.157629,63104,0.0009361171396449208
1531974773.797875,63232,0.0004671714559663087
1531974870.5184135,63360,0.0008817092166282237
1531974967.1072757,63488,0.005458144471049309
1531975131.9620078,63616,0.023480139672756195
1531975228.6842382,63744,0.002021979307755828
1531975325.2528257,63872,0.00630039069801569
1531975421.822537,64000,0.0020419382490217686
1531975586.840426,64128,0.0009054549736902118
1531975683.431896,64256,0.005442452151328325
1531975780.145498,64384,0.005283602979034185
1531975876.887239,64512,0.0019241983536630869
1531976041.5748954,64640,0.006615298800170422
1531976138.2964897,64768,0.005572224967181683
1531976235.0117416,64896,0.005612955428659916
1531976331.6986444,65024,0.014326028525829315
1531976497.5234067,65152,0.00032903134706430137
1531976594.0903544,65280,0.0007903571240603924
1531976690.6355631,65408,0.003031943691894412
1531976787.376149,65536,0.0034710532054305077
1531976952.1703568,65664,0.0005984533345326781
1531977048.7841682,65792,0.023843929171562195
1531977145.4312122,65920,0.007701675407588482
1531977242.1421697,66048,0.002535812323912978
1531977406.836735,66176,0.0006712161120958626
1531977503.4074595,66304,0.009413535706698895
1531977600.1550872,66432,0.04643907770514488
1531977696.8489773,66560,0.00036879628896713257
1531977861.9324806,66688,0.0008918667444959283
1531977958.5723407,66816,0.0019442595075815916
1531978055.1871436,66944,0.0005947509198449552
1531978151.689143,67072,0.001493225572630763
1531978316.0879889,67200,0.01260516420006752
1531978412.847341,67328,0.013522941619157791
1531978509.5316274,67456,0.0007034895825199783
1531978606.1364837,67584,0.0007275491370819509
1531978770.0681431,67712,0.01280179712921381
1531978866.7319279,67840,0.0016476147575303912
1531978963.4330459,67968,0.004092237912118435
1531979059.7844484,68096,0.006228138692677021
1531979223.4895256,68224,0.0033531151711940765
1531979320.138393,68352,0.002912004478275776
1531979416.8218913,68480,0.0013917991891503334
1531979513.478937,68608,0.0022374961990863085
1531979678.8770165,68736,0.015692200511693954
1531979775.5238209,68864,0.0013789666118100286
1531979872.1309147,68992,0.007656952366232872
1531979968.6401894,69120,0.01012718491256237
1531980134.2517953,69248,0.0034477640874683857
1531980230.9368706,69376,0.0042236847802996635
1531980327.5272608,69504,0.002899909857660532
1531980423.8374622,69632,0.006922663655132055
1531980589.4040005,69760,0.006262793205678463
1531980686.0745857,69888,0.0037729383911937475
1531980782.67993,70016,0.0021782764233648777
1531980879.3297384,70144,0.006630240939557552
1531981043.5581841,70272,0.019786644726991653
1531981140.0996978,70400,0.007063386496156454
1531981236.8122575,70528,0.005565360188484192
1531981333.5249646,70656,0.008375278674066067
1531981499.48463,70784,0.0090147340670228
1531981596.0671878,70912,0.004316745325922966
1531981692.7457273,71040,0.01192586962133646
1531981789.4947526,71168,0.00820097140967846
1531981955.8491218,71296,0.033086180686950684
1531982052.5187263,71424,0.004932352341711521
1531982149.176279,71552,0.006449703127145767
1532019404.4542356,71808,0.016977254301309586
1532019503.5422075,71936,0.005690671503543854
1532019602.7097635,72064,0.0026828066911548376
1532019701.8241851,72192,0.005777888465672731
1532019865.743331,72320,0.0028164987452328205
1532019962.4510105,72448,0.0026036410126835108
1532020059.0980527,72576,0.011551942676305771
1532020155.8398075,72704,0.02687511220574379
1532020316.450017,72832,0.0031599937938153744
1532020413.1549194,72960,0.008428727276623249
1532020509.920824,73088,0.0032702391035854816
1532020606.543232,73216,0.0026263627223670483
1532020768.6059685,73344,0.005818113684654236
1532020865.2463207,73472,0.005456777289509773
1532020961.9445808,73600,0.011675256304442883
1532021058.74916,73728,0.0024111513048410416
1532021220.3475752,73856,0.0026728122029453516
1532021317.099618,73984,0.0012285418342798948
1532021413.8167977,74112,0.00048655265709385276
1532021510.5156376,74240,0.029351215809583664
1532021673.2470427,74368,0.0006065784255042672
1532021769.9802945,74496,0.020436841994524002
1532021866.8855143,74624,0.0007029949920251966
1532021963.6685052,74752,0.0024521341547369957
1532022126.4330747,74880,0.0008872541948221624
1532022223.1016636,75008,0.021040860563516617
1532022319.8133047,75136,0.0031406553462147713
1532022416.5271883,75264,0.0013649443862959743
1532022579.0683305,75392,0.0010593124898150563
1532022675.7807095,75520,0.0016089034033939242
1532022772.586586,75648,0.006721657235175371
1532022869.119513,75776,0.006929169408977032
1532023031.2617834,75904,0.00386626273393631
1532023128.0329857,76032,0.0002362355007790029
1532023224.828135,76160,0.0016092229634523392
1532023321.6597786,76288,0.00021935877157375216
1532023483.518199,76416,0.0027706651017069817
1532023580.354376,76544,0.012225331738591194
1532023677.0132017,76672,0.001116603845730424
1532023773.620559,76800,0.0004935523611493409
1532023936.923088,76928,0.006488431245088577
1532024033.635179,77056,0.0075823157094419
1532024130.4311998,77184,0.003214963711798191
1532024227.0436518,77312,0.01422896794974804
1532024390.4934258,77440,0.0022326430771499872
1532024487.1553938,77568,0.0003350366896484047
1532024584.068977,77696,0.024192441254854202
1532024680.7974885,77824,0.002078373683616519
1532024844.037662,77952,0.00690371822565794
1532024940.7955308,78080,0.0005976282991468906
1532025037.5779445,78208,0.0038326983340084553
1532025134.340412,78336,0.007237369194626808
1532025296.9520657,78464,0.00482883071526885
1532025393.8396463,78592,0.0012711016461253166
1532025490.6409883,78720,0.0011490772012621164
1532025587.5039208,78848,0.0016314411768689752
1532025750.8707135,78976,0.017123963683843613
1532025847.6817853,79104,0.0026528961025178432
1532025944.5364323,79232,0.0058995578438043594
1532026041.4123325,79360,0.0008589864592067897
1532026204.5326097,79488,0.006604122929275036
1532026301.2574008,79616,0.001282082055695355
1532026398.10534,79744,0.007793064694851637
1532026494.7285926,79872,0.000869868032168597
1532026660.950426,80000,0.003108725417405367
1532026757.894963,80128,0.010542885400354862
1532026854.7013614,80256,0.003932808991521597
1532026951.5595672,80384,0.0005061050760559738
1532027115.0273478,80512,0.0009309958550147712
1532027211.8915887,80640,0.0067956531420350075
1532027308.7929268,80768,0.015941403806209564
1532027405.5520902,80896,0.0026607285253703594
1532027568.5910747,81024,0.006481419783085585
1532027665.4584832,81152,0.008432360365986824
1532027762.2942002,81280,0.0032763835042715073
1532027859.0587456,81408,0.0010926011018455029
1532028023.1083143,81536,0.0012191706337034702
1532028119.963453,81664,0.009575494565069675
1532028216.7121017,81792,0.013308366760611534
1532028313.337094,81920,0.0011278169695287943
1532028478.030247,82048,0.0009174115257337689
1532028574.6803606,82176,0.0026216076221317053
1532028671.4835405,82304,0.025576166808605194
1532028768.21581,82432,0.00026080047246068716
1532028931.5692673,82560,0.012028598226606846
1532029028.5201385,82688,0.0035834605805575848
1532029125.3607256,82816,0.0005295840674079955
1532029222.2740433,82944,0.008204187266528606
1532029385.5312932,83072,0.00022475927835330367
1532029482.3125849,83200,0.010156202130019665
1532029579.230706,83328,4.623362474376336e-05
1532029675.895953,83456,0.0038307628128677607
1532029838.6860058,83584,0.00011407546844566241
1532029935.5220954,83712,0.025064654648303986
1532030032.3748398,83840,0.0008827963611111045
1532030129.179758,83968,0.00727783003821969
1532030293.0523033,84096,0.001080631627701223
1532030389.8398244,84224,0.007457372732460499
1532030486.7862253,84352,0.0023063465487211943
1532030583.6289206,84480,0.002318871673196554
1532030746.9810834,84608,0.00029401437495835125
1532030843.8655543,84736,0.01982041820883751
1532030940.7898707,84864,0.0031569991260766983
1532031037.3317423,84992,0.0058793495409190655
1532031201.2610564,85120,0.011301231570541859
1532031298.1339087,85248,0.021792612969875336
1532031395.0297616,85376,0.00035475307959131896
1532031491.555839,85504,0.0064427051693201065
1532031653.619716,85632,0.0016925984527915716
1532031750.408709,85760,0.011850634589791298
1532031847.3587203,85888,0.006870124489068985
1532031943.957546,86016,0.0036138021387159824
1532032106.3283665,86144,0.001034584129229188
1532032203.0526433,86272,0.0005887478473596275
1532032299.8643675,86400,0.0012321133399382234
1532032396.3806508,86528,0.001108013209886849
1532032559.5183392,86656,0.0013139661168679595
1532032656.3006144,86784,0.0011475378414615989
1532032753.1108794,86912,0.00233007175847888
1532032849.9771948,87040,0.0005258737946860492
1532033014.8130157,87168,0.002203183714300394
1532033111.6940145,87296,0.0001622433919692412
1532033208.5646682,87424,0.007465369533747435
1532033305.446835,87552,0.0017209234647452831
1532033469.0394676,87680,0.016312217339873314
1532033565.9257936,87808,0.0010247512254863977
1532033662.9336658,87936,0.006724372506141663
1532033759.6039896,88064,0.001839207368902862
1532033923.7662544,88192,0.006649240385740995
1532034020.4976265,88320,0.001810592133551836
1532034117.3459241,88448,0.0009176988387480378
1532034214.1714349,88576,0.0007114156032912433
1532034377.2707882,88704,0.0006697565549984574
1532034473.9842107,88832,0.0013840713072568178
1532034570.7535033,88960,0.0005334787419997156
1532034667.2574675,89088,0.0035975477658212185
1532034831.0359085,89216,0.0025987839326262474
1532034927.6642835,89344,0.0026625317987054586
1532035024.5132344,89472,0.00014162537991069257
1532035121.0813165,89600,0.0022200006060302258
1532035285.2860677,89728,0.0008738018223084509
1532035382.152889,89856,0.0016983236419036984
1532035478.9116685,89984,0.003106266027316451
1532035575.4569614,90112,0.0007295702816918492
1532035739.3520496,90240,0.0035642103757709265
1532035836.1878927,90368,0.002541477559134364
1532035932.8734388,90496,0.016156405210494995
1532036029.653078,90624,0.0032079960219562054
1532036195.2011483,90752,0.0036194922868162394
1532036291.9618847,90880,0.000558655709028244
1532036388.7596898,91008,0.002554556354880333
1532036485.3907819,91136,0.0007666139863431454
1532036650.0000772,91264,0.018844597041606903
1532036746.7349665,91392,0.0009335879003629088
1532036843.512526,91520,0.0005430509336292744
1532036939.9078856,91648,0.0002716881863307208
1532037104.2308795,91776,0.002449881751090288
1532037200.9357452,91904,0.0036458938848227262
1532037297.7304225,92032,0.000793911051005125
1532037394.6461082,92160,0.049535706639289856
1532037558.8725655,92288,0.0021970467641949654
1532037655.6158385,92416,0.003344124648720026
1532037752.3681083,92544,0.0006240708171389997
1532037849.1882784,92672,0.0017160142306238413
1532038013.6795764,92800,0.0020855350885540247
1532038110.4578888,92928,0.0017286362126469612
1532038207.3428097,93056,0.00830757524818182
1532038304.123294,93184,0.0005720534827560186
1532038467.745869,93312,0.00038039073115214705
1532038564.5833423,93440,0.013147912919521332
1532038661.4111102,93568,0.0043794214725494385
1532038758.035265,93696,0.002669615438207984
1532038922.2845874,93824,0.012276995927095413
1532039019.0583222,93952,0.00031773190130479634
1532039115.8891785,94080,0.00039467582246288657
1532039212.6833327,94208,0.003679524874314666
1532039377.2242692,94336,0.0006296787760220468
1532039474.0849493,94464,0.011419016867876053
1532039570.9033165,94592,0.0005082102725282311
1532039667.5379364,94720,0.0004995911149308085
1532039832.308926,94848,0.00022850616369396448
1532039929.224999,94976,0.000879614264704287
1532040026.1042514,95104,0.0022807426284998655
1532040122.924947,95232,0.009360755793750286
1532040285.4369133,95360,0.01153106801211834
1532040382.35968,95488,0.003254316747188568
1532040479.269617,95616,0.0020115142688155174
1532040576.097109,95744,0.00416065938770771
1532040738.5517147,95872,0.002478180918842554
1532040835.4682066,96000,0.0038246430922299623
1532040932.3235643,96128,0.00250806612893939
1532074116.5844367,96384,0.0025770370848476887
1532074215.1121495,96512,0.003426263341680169
1532074314.3679504,96640,0.0073384251445531845
1532074413.5827968,96768,0.010858829133212566
1532074574.9511726,96896,0.0015847773756831884
1532074671.5001805,97024,0.002123031998053193
1532074768.1421888,97152,0.0024610646069049835
1532074864.5762758,97280,0.001247662934474647
1532075026.8892643,97408,0.0008393004536628723
1532075123.4644244,97536,0.001723302062600851
