wall_time,step,value
1530452527.366318,128,205.33302307128906
1530452573.5942674,256,119.72990417480469
1530452619.9202065,384,83.07112121582031
1530452666.8592708,512,42.807918548583984
1530452769.898286,640,39.22313690185547
1530452816.1469073,768,35.73976516723633
1530452863.0049675,896,26.064998626708984
1530452910.3835907,1024,21.41084861755371
1530453013.4206836,1152,19.932870864868164
1530453059.6876967,1280,26.81292724609375
1530453106.6135228,1408,34.533809661865234
1530453153.9401662,1536,30.401290893554688
1530453255.1377628,1664,36.4815673828125
1530453301.4491355,1792,43.56818771362305
1530453348.4750726,1920,39.25711441040039
1530453395.996757,2048,33.80064010620117
1530453497.3799741,2176,33.088314056396484
1530453543.8009274,2304,30.71077537536621
1530453590.853069,2432,27.892276763916016
1530453638.3895512,2560,28.825515747070312
1530453741.2585409,2688,32.613502502441406
1530453787.7125106,2816,25.555408477783203
1530453834.814889,2944,28.42207145690918
1530453882.3144581,3072,26.532808303833008
1530453984.9006784,3200,26.843708038330078
1530454031.2932158,3328,26.228904724121094
1530454078.255693,3456,22.557968139648438
1530454125.685521,3584,24.852333068847656
1530454228.80818,3712,25.332630157470703
1530454275.2323895,3840,27.050678253173828
1530454322.2346096,3968,26.387603759765625
1530454369.7192554,4096,24.27322006225586
1530454470.5656033,4224,24.424497604370117
1530454517.035013,4352,25.62487030029297
1530454564.1733732,4480,25.596088409423828
1530454611.7696388,4608,21.117433547973633
1530454713.4352841,4736,20.761302947998047
1530454759.8840318,4864,20.758615493774414
1530454807.0892344,4992,22.83515739440918
1530454854.6499417,5120,21.754796981811523
1530454955.9711015,5248,20.046113967895508
1530455002.410631,5376,19.17520523071289
1530455049.6127844,5504,18.618345260620117
1530455097.1341684,5632,18.736249923706055
1530455197.5355017,5760,19.604568481445312
1530455244.1180248,5888,18.048412322998047
1530455291.2858136,6016,18.270490646362305
1530455338.881652,6144,18.503910064697266
1530455441.4697325,6272,18.03516387939453
1530455488.0484116,6400,17.36819839477539
1530455535.3096356,6528,18.66671371459961
1530455582.8631346,6656,17.948200225830078
1530455685.9421234,6784,18.62621307373047
1530455732.42879,6912,19.35911750793457
1530455779.7121148,7040,18.29894256591797
1530455827.3473594,7168,18.531949996948242
1530455928.9709039,7296,20.99864959716797
1530455975.4475713,7424,21.782747268676758
1530456022.6481116,7552,22.139028549194336
1530456070.1184404,7680,20.682743072509766
1530456172.5915394,7808,18.967500686645508
1530456219.1507232,7936,19.694168090820312
1530456266.39408,8064,19.76127052307129
1530456313.9609923,8192,20.648624420166016
1530456416.1650343,8320,18.81142234802246
1530456462.6280994,8448,19.2590389251709
1530456510.019773,8576,19.163562774658203
1530456557.5674136,8704,19.550973892211914
1530456660.3129094,8832,19.46914291381836
1530456706.8070602,8960,19.07038116455078
1530456754.1159227,9088,20.783798217773438
1530456801.716047,9216,19.69257926940918
1530456904.0002732,9344,20.272357940673828
1530456950.4968896,9472,20.584716796875
1530456997.943808,9600,20.701887130737305
1530457045.6025345,9728,21.111454010009766
1530457148.5835238,9856,19.973644256591797
1530457195.015109,9984,21.423063278198242
1530457242.6127768,10112,22.002952575683594
1530457290.100904,10240,20.63363265991211
1530457392.0101624,10368,22.122129440307617
1530457438.4385493,10496,21.9567928314209
1530457485.946143,10624,23.30640411376953
1530457533.5331962,10752,23.88739776611328
1530457635.1562796,10880,23.874160766601562
1530457681.6280987,11008,22.664535522460938
1530457728.9953191,11136,23.155757904052734
1530457776.541134,11264,24.815298080444336
1530457878.2004714,11392,25.260738372802734
1530457924.7157533,11520,23.123489379882812
1530457972.2047381,11648,23.355493545532227
1530458019.8431551,11776,22.125301361083984
1530458121.7432215,11904,23.26838493347168
1530458168.249382,12032,23.848562240600586
1530458215.810296,12160,22.86714744567871
1530458263.5790904,12288,22.54763412475586
1530458365.6240752,12416,24.119630813598633
1530458412.0660827,12544,21.56075668334961
1530458459.548542,12672,22.638551712036133
1530458507.1912806,12800,20.85034942626953
1530458608.7307904,12928,21.95127296447754
1530458655.186655,13056,21.815357208251953
1530458702.842034,13184,23.554241180419922
1530458750.3779721,13312,22.26275062561035
1530458851.4191828,13440,20.147159576416016
1530458898.0918324,13568,22.142507553100586
1530458945.555,13696,20.18407440185547
1530458993.2399614,13824,21.545970916748047
1530459096.679555,13952,20.451004028320312
1530459143.227243,14080,20.794296264648438
1530459190.976401,14208,19.837657928466797
1530459238.6532445,14336,19.173118591308594
1530459341.3536577,14464,18.742164611816406
1530459388.0051036,14592,19.9529972076416
1530459435.6417534,14720,19.18612289428711
1530459483.3811932,14848,18.467327117919922
1530459585.4040186,14976,20.88579559326172
1530459632.0834482,15104,21.192699432373047
1530459679.799901,15232,19.9205379486084
1530459727.5728116,15360,19.938865661621094
1530459830.7871704,15488,19.41210174560547
1530459877.4247653,15616,19.25929069519043
1530459925.1380496,15744,18.589948654174805
1530459972.8633156,15872,19.69784927368164
1530460076.3055675,16000,19.273494720458984
1530460122.8512127,16128,19.056533813476562
1530460170.4765637,16256,18.988082885742188
1530460218.1494668,16384,21.9588623046875
1530460321.167653,16512,21.577861785888672
1530460367.667122,16640,20.231647491455078
1530460415.3363893,16768,20.937976837158203
1530460462.9950633,16896,22.476808547973633
1530460566.0220098,17024,19.905010223388672
1530460612.5711484,17152,18.6578311920166
1530460660.340484,17280,19.568164825439453
1530460708.0897498,17408,18.88770294189453
1530460810.1849403,17536,18.595298767089844
1530460856.8136914,17664,19.509857177734375
1530460904.4890597,17792,17.089582443237305
1530460952.0938277,17920,17.550283432006836
1530461054.5589669,18048,17.463197708129883
1530461101.1217256,18176,17.512256622314453
1530461148.8770962,18304,16.696399688720703
1530461196.5045164,18432,16.969776153564453
1530461298.4843256,18560,17.246475219726562
1530461345.006951,18688,17.60880470275879
1530461392.7344105,18816,18.364070892333984
1530461440.4694698,18944,19.369787216186523
1530461542.4364922,19072,18.04600715637207
1530461589.0165222,19200,17.501155853271484
1530461636.699207,19328,18.113780975341797
1530461684.3517818,19456,17.132015228271484
1530461786.5867546,19584,19.521364212036133
1530461833.265248,19712,16.924480438232422
1530461880.969204,19840,17.37225914001465
1530461928.578734,19968,17.247507095336914
1530462029.6138592,20096,16.920984268188477
1530462076.2833362,20224,16.73822593688965
1530462123.915046,20352,17.296974182128906
1530462171.7289987,20480,15.719741821289062
1530462273.8125687,20608,15.877636909484863
1530462320.4004087,20736,15.254278182983398
1530462368.1519148,20864,15.344959259033203
1530462415.7961743,20992,15.443056106567383
1530462518.275685,21120,15.712984085083008
1530462564.9431388,21248,15.819793701171875
1530462612.7296147,21376,15.591928482055664
1530462660.292722,21504,15.523026466369629
1530462763.3727374,21632,15.628530502319336
1530462810.0534487,21760,15.820481300354004
1530462857.8637726,21888,15.787314414978027
1530462905.5239937,22016,14.976123809814453
1530463007.6612842,22144,14.955824851989746
1530463054.4269142,22272,15.000333786010742
1530463102.1254525,22400,15.422346115112305
1530463149.7660275,22528,15.60023307800293
1530463254.001206,22656,15.366336822509766
1530463300.6233084,22784,14.631537437438965
1530463348.414925,22912,15.096759796142578
1530463396.2660067,23040,15.169084548950195
1530463499.1811867,23168,15.221715927124023
1530463545.9039686,23296,15.676702499389648
1530463593.6585643,23424,15.367158889770508
1530463641.4161148,23552,15.217761039733887
1530463743.592973,23680,14.732949256896973
1530463790.2918396,23808,14.78108024597168
1530463837.9904826,23936,14.677972793579102
1530463885.8407815,24064,14.821212768554688
1530463988.5513256,24192,14.533928871154785
1530464035.3121324,24320,14.191110610961914
1530464083.0074792,24448,16.0651798248291
1530464130.8692143,24576,14.18255615234375
1530464234.0071213,24704,14.099767684936523
1530464280.794864,24832,13.509797096252441
1530464328.4442468,24960,14.647125244140625
1530464376.3402798,25088,14.060644149780273
1530464478.7724364,25216,14.298286437988281
1530464525.4782803,25344,13.55264663696289
1530464573.2052908,25472,14.312216758728027
1530464620.9166977,25600,12.771492004394531
1530464723.8673832,25728,13.772193908691406
1530464770.7016318,25856,14.609938621520996
1530464818.3970068,25984,14.599997520446777
1530464866.2299058,26112,13.745979309082031
1530464969.2100172,26240,13.396904945373535
1530465015.95837,26368,13.408926010131836
1530465063.8013515,26496,14.044008255004883
1530465111.5230036,26624,13.937117576599121
1530465215.7385654,26752,13.672959327697754
1530465262.3561146,26880,13.46496868133545
1530465310.0246572,27008,13.953803062438965
1530465357.816636,27136,14.190866470336914
1530465460.564129,27264,14.41270923614502
1530465507.3527708,27392,14.627983093261719
1530465555.0856793,27520,13.690530776977539
1530465602.7682793,27648,14.232320785522461
1530465706.1176624,27776,13.781763076782227
1530465752.8935466,27904,14.112848281860352
1530465800.6746144,28032,14.423442840576172
1530465848.4611762,28160,14.515950202941895
1530465951.6121583,28288,13.483643531799316
1530465998.299613,28416,13.762465476989746
1530466045.984855,28544,13.907979965209961
1530466093.7013617,28672,14.300451278686523
1530466197.155267,28800,15.240302085876465
1530466243.9574816,28928,13.547830581665039
1530466291.865942,29056,14.265125274658203
1530466339.6994298,29184,13.463661193847656
1530466443.4770012,29312,14.470768928527832
1530466490.2281988,29440,14.6357421875
1530466537.9446292,29568,15.025948524475098
1530466585.8365746,29696,14.326831817626953
1530466690.5507057,29824,14.823369979858398
1530466737.3108668,29952,14.034525871276855
1530466785.1662505,30080,13.386884689331055
1530466833.008234,30208,13.156557083129883
1530466936.2910547,30336,13.318263053894043
1530466983.1649003,30464,12.688360214233398
1530467030.9354415,30592,13.261549949645996
1530467078.657192,30720,14.356125831604004
1530467182.146824,30848,13.117744445800781
1530467229.0731306,30976,12.955313682556152
1530467276.8877263,31104,12.792577743530273
1530467324.7899053,31232,13.4144287109375
1530467428.1988602,31360,14.415789604187012
1530467475.065179,31488,13.328115463256836
1530467522.9595656,31616,13.586871147155762
1530467570.737831,31744,13.18260669708252
1530467675.690042,31872,12.914545059204102
1530467722.5415661,32000,13.30591869354248
1530467770.2543528,32128,14.615355491638184
1530467818.1761124,32256,14.238377571105957
1530467922.1855252,32384,13.880956649780273
1530467968.9267972,32512,13.3018798828125
1530468016.7606623,32640,13.548534393310547
1530468064.558459,32768,13.916065216064453
1530468168.2455819,32896,13.57651138305664
1530468215.1349065,33024,13.403913497924805
1530468262.9529495,33152,16.70155906677246
1530468310.8122187,33280,17.397165298461914
1530468415.0544136,33408,15.411603927612305
1530468461.886017,33536,15.152170181274414
1530468509.7579393,33664,14.770604133605957
1530468557.627372,33792,14.133993148803711
1530468661.4519482,33920,12.622390747070312
1530468708.190912,34048,14.734365463256836
1530468756.0178485,34176,13.126910209655762
1530468803.8283877,34304,14.47396469116211
1530468907.5087116,34432,12.806981086730957
1530468954.4129589,34560,13.910283088684082
1530469002.184449,34688,14.101545333862305
1530469050.1069746,34816,15.958096504211426
1530469154.6859434,34944,13.583596229553223
1530469201.4657924,35072,12.572868347167969
1530469249.238392,35200,22.33095932006836
1530469296.985427,35328,26.25301742553711
1530469402.2674005,35456,47.392635345458984
1530469449.02458,35584,40.688079833984375
1530469496.8589447,35712,32.934364318847656
1530469544.5894866,35840,28.70830535888672
1530469648.716986,35968,31.135631561279297
1530469695.538308,36096,50.55548858642578
1530469743.3447251,36224,25.428184509277344
1530469791.069591,36352,29.44906997680664
1530469895.3429217,36480,31.174230575561523
1530469942.2469287,36608,25.724760055541992
1530469990.1031182,36736,19.367013931274414
1530470037.8313358,36864,23.198211669921875
1530470144.4186432,36992,32.844112396240234
1530470191.3907275,37120,51.30500793457031
1530470239.1783857,37248,38.61815643310547
1530470286.9639928,37376,31.2352352142334
1530470391.7619305,37504,65.49041748046875
1530470438.631415,37632,28.033926010131836
1530470486.2577777,37760,38.388763427734375
1530470534.004617,37888,28.54275894165039
1530470640.6303658,38016,16.881025314331055
1530470687.5172045,38144,37.63212585449219
1530470735.2377617,38272,30.881166458129883
1530470783.0440474,38400,59.89115524291992
1530470889.417442,38528,41.86724090576172
1530470936.2351625,38656,44.92254638671875
1530721236.2814505,39040,26.80103874206543
1530721283.1189241,39168,72.38172912597656
1530721330.7796519,39296,50.96138000488281
1530721378.4857357,39424,67.59208679199219
1530721479.3029454,39552,25.01205062866211
1530721525.8362825,39680,64.57450103759766
1530721573.374664,39808,52.938194274902344
1530721620.9721298,39936,58.994144439697266
1530721722.0155742,40064,37.87232208251953
1530721768.5087202,40192,33.359989166259766
1530721816.0891209,40320,24.91792106628418
1530721863.8326902,40448,45.42679977416992
1530721965.153644,40576,47.09595489501953
1530722011.6888275,40704,32.58135986328125
1530722059.374776,40832,56.560768127441406
1530722107.0712447,40960,30.253942489624023
1530722208.4759672,41088,39.041748046875
1530722255.0209954,41216,32.825225830078125
1530722302.6806328,41344,45.47787094116211
1530722350.3350058,41472,51.99115753173828
1530722452.6496046,41600,28.64754295349121
1530722499.2543662,41728,23.132465362548828
1530722546.9529274,41856,23.345178604125977
1530722594.6913874,41984,17.657974243164062
1530722695.5737228,42112,45.51821517944336
1530722742.1546767,42240,23.921167373657227
1530722789.8626692,42368,26.176305770874023
1530722837.5587118,42496,25.578413009643555
1530722938.9551375,42624,51.47604751586914
1530722985.5409954,42752,55.69306182861328
1530723033.2937343,42880,38.606021881103516
1530723081.0160413,43008,24.439952850341797
1530723182.728686,43136,39.65473556518555
1530723229.4033415,43264,46.22101593017578
1530723277.06292,43392,27.912025451660156
1530723324.8500078,43520,22.94384765625
1530723426.7673662,43648,34.037784576416016
1530723473.3478289,43776,53.270751953125
1530723521.0781364,43904,32.94617462158203
1530723568.7707224,44032,80.73191833496094
1530723671.9260724,44160,62.35163497924805
1530723718.4685996,44288,33.028411865234375
1530723766.0995393,44416,16.30083465576172
1530723813.7790277,44544,27.05098533630371
1530723914.5883934,44672,37.02364730834961
1530723961.1234882,44800,36.44746017456055
1530724008.8456292,44928,37.057350158691406
1530724056.6126091,45056,25.901771545410156
1530724158.1460297,45184,48.808982849121094
1530724204.7031505,45312,29.559385299682617
1530724252.2636611,45440,59.984130859375
1530724299.9220428,45568,61.01165008544922
1530724401.713981,45696,45.743682861328125
1530724448.4043183,45824,64.9384765625
1530724496.068168,45952,32.58903121948242
1530724543.82973,46080,48.31507873535156
1530724644.7353837,46208,29.6129093170166
1530724691.303963,46336,47.84199905395508
1530724738.8518717,46464,43.463111877441406
1530724786.582336,46592,40.39366149902344
1530724887.5003614,46720,68.10986328125
1530724934.1185892,46848,40.702232360839844
1530724981.9281232,46976,29.560684204101562
1530725029.7122347,47104,65.02359771728516
1530725130.6369982,47232,35.89219284057617
1530725177.1762831,47360,76.45114135742188
1530725224.8938758,47488,65.63786315917969
1530725272.5776813,47616,41.543914794921875
1530725373.937873,47744,44.67186737060547
1530725420.5609515,47872,30.13588523864746
1530725468.3125908,48000,28.535106658935547
1530725516.0385578,48128,33.12034606933594
1530725617.8038533,48256,29.250864028930664
1530725664.3331618,48384,28.718677520751953
1530725712.0951867,48512,43.11114501953125
1530725759.815535,48640,35.88393783569336
1530725862.7457669,48768,54.59627914428711
1530725909.312777,48896,22.156940460205078
1530725956.9902825,49024,48.64440155029297
1530726004.694044,49152,49.79237747192383
1530726107.9842474,49280,64.72410583496094
1530726154.6641593,49408,82.16342163085938
1530726202.4120154,49536,55.09605407714844
1530726250.136196,49664,48.258155822753906
1530726353.5153644,49792,51.98688888549805
1530726400.2322526,49920,54.055850982666016
1530726447.9201658,50048,37.78396224975586
1530726495.60622,50176,34.269920349121094
1530726599.2798662,50304,26.26824951171875
1530726645.8547928,50432,66.64185333251953
1530726693.7005572,50560,55.89468002319336
1530726741.4944124,50688,59.05836486816406
1530726844.4716172,50816,41.69993591308594
1530726891.0572376,50944,29.95395851135254
1530726938.7030816,51072,38.197940826416016
1530726986.3451126,51200,36.86924362182617
1530727088.5554821,51328,28.42478370666504
1530727135.165627,51456,56.39577102661133
1530727182.9105484,51584,74.37922668457031
1530727230.6835017,51712,86.05226135253906
1530727333.7556508,51840,56.42775344848633
1530727380.4547637,51968,59.75503921508789
1530727428.2656248,52096,36.34254455566406
1530727476.0060031,52224,56.923397064208984
1530727579.3563802,52352,77.94850158691406
1530727625.934792,52480,26.158180236816406
1530727673.6709588,52608,45.585723876953125
1530727721.3062477,52736,54.46440887451172
1530727824.6961405,52864,90.96753692626953
1530727871.368889,52992,47.24870300292969
1530727919.0735292,53120,81.93804168701172
1530727966.9108074,53248,60.498573303222656
1530728070.4272652,53376,32.33442687988281
1530728117.084075,53504,40.9012451171875
1530728164.8774266,53632,41.43644332885742
1530728212.5553267,53760,34.56452941894531
1530728314.978399,53888,41.37522888183594
1530728361.558817,54016,36.154762268066406
1530728409.3081362,54144,26.8184814453125
1530728457.0650363,54272,51.81855773925781
1530728559.4956584,54400,50.27745819091797
1530728606.1679935,54528,43.33283615112305
1530728653.9923468,54656,40.35806655883789
1530728701.7742705,54784,48.84044647216797
1530728804.0294642,54912,49.27324295043945
1530728850.7966359,55040,52.37052917480469
1530728898.609544,55168,79.67391967773438
1530728946.3903093,55296,41.947174072265625
1530729049.2014503,55424,27.951234817504883
1530729095.992219,55552,41.96995162963867
1530729143.758609,55680,81.09498596191406
1530729191.5565026,55808,82.40272521972656
1530729295.5937257,55936,71.32624053955078
1530729342.3178425,56064,69.90066528320312
1530729390.1596096,56192,48.948402404785156
1530729438.0498893,56320,60.65887451171875
1530729542.1006413,56448,127.32628631591797
1530729588.8551145,56576,86.99784851074219
1530729636.6649015,56704,60.67451858520508
1530729684.5916767,56832,138.3262176513672
1530729789.5820177,56960,91.82475280761719
1530729836.3040793,57088,61.45139694213867
1530729884.1500747,57216,51.569847106933594
1530729931.9593735,57344,94.63467407226562
1530730036.0213714,57472,44.46823501586914
1530730082.859756,57600,139.21914672851562
1530730130.5979304,57728,54.490962982177734
1530730178.543019,57856,86.75578308105469
1530730281.7236352,57984,42.94207000732422
1530730328.6167712,58112,45.29773712158203
1530730376.414286,58240,61.32674789428711
1530730424.311045,58368,110.83317565917969
1530730528.1137662,58496,52.90852355957031
1530730574.8770595,58624,62.169193267822266
1530730622.6425555,58752,143.2741241455078
1530730670.4958067,58880,32.92436599731445
1530730775.6083949,59008,82.4338607788086
1530730822.330391,59136,42.61463165283203
1530730870.2136521,59264,29.908323287963867
1530730918.0705552,59392,75.34132385253906
1530731021.2994678,59520,88.15927124023438
1530731068.040259,59648,102.91008758544922
1530731115.9834888,59776,71.52671813964844
1530731163.9281764,59904,83.22274780273438
1530731268.088631,60032,80.28904724121094
1530731314.6870723,60160,72.21835327148438
1530731362.4506207,60288,46.838111877441406
1530731410.2912126,60416,74.49203491210938
1530731514.8883467,60544,114.85427856445312
1530731561.674527,60672,75.43683624267578
1530731609.5496252,60800,62.22552490234375
1530731657.3681812,60928,71.29853820800781
1530731760.9432476,61056,36.09376525878906
1530731807.7436204,61184,92.34803771972656
1530731855.4735389,61312,83.46569061279297
1530731903.356014,61440,36.628456115722656
1530732007.4875803,61568,35.569091796875
1530732054.3614657,61696,104.47645568847656
1530732102.1639187,61824,53.02521514892578
1530732149.927239,61952,45.047828674316406
1530732253.9263182,62080,73.44746398925781
1530732300.7033844,62208,59.151756286621094
1530732348.6249826,62336,106.77606201171875
1530732396.469213,62464,102.5842514038086
1530732499.7788723,62592,46.28284454345703
1530732546.5760894,62720,19.164514541625977
1530732594.5450087,62848,39.299110412597656
1530732642.4398117,62976,42.85402297973633
1530732747.5468137,63104,81.10753631591797
1530732794.3072574,63232,46.38506317138672
1530732842.249585,63360,112.04997253417969
1530732890.1483624,63488,69.90097045898438
1530732994.2454205,63616,121.60234069824219
1530733041.0108342,63744,52.905731201171875
1530733088.831591,63872,57.21426773071289
1530733136.6894186,64000,36.49053192138672
1530733240.2478166,64128,49.05413818359375
1530733286.9811633,64256,94.70258331298828
1530733334.8329692,64384,58.729156494140625
1530733382.749949,64512,39.02095031738281
1530733487.7930765,64640,95.78353118896484
1530733534.517607,64768,51.69851303100586
1530733582.4024832,64896,61.55792999267578
1530733630.314404,65024,119.45845794677734
1530733734.7797368,65152,75.07868957519531
1530733781.4412682,65280,68.8286361694336
1530733829.3547132,65408,56.87580108642578
1530733877.1566944,65536,110.06243133544922
1530733983.2591448,65664,96.50738525390625
1530734030.0361872,65792,51.98810577392578
1530734077.906215,65920,26.334896087646484
1530734125.69752,66048,86.87393951416016
1530734229.8068736,66176,122.94413757324219
1530734276.5657585,66304,17.49407958984375
1530734324.5049098,66432,62.90083694458008
1530734372.4644263,66560,142.13580322265625
1530734477.0919132,66688,98.49356079101562
1530734524.0298991,66816,77.87528228759766
1530734571.9018378,66944,33.48045349121094
1530734619.736338,67072,74.38663482666016
1530734723.9583542,67200,156.2220001220703
1530734770.7758253,67328,146.37844848632812
1530734818.7069247,67456,58.49516296386719
1530734866.6352744,67584,50.810752868652344
1530734970.8044398,67712,70.41561889648438
1530735017.724079,67840,49.526771545410156
1530735065.6015482,67968,49.10430908203125
1530735113.4964776,68096,85.07579040527344
1530735217.4851203,68224,86.42070007324219
1530735264.416349,68352,93.42900848388672
1530735312.3117719,68480,110.83333587646484
1530735360.136809,68608,80.03289794921875
1530735464.8464127,68736,42.80118179321289
1530735511.7250695,68864,110.27977752685547
1530735559.4542792,68992,43.724098205566406
1530735607.4377608,69120,52.94440460205078
1530735711.4641151,69248,65.50894165039062
1530735758.2191365,69376,36.309837341308594
1530735805.9053566,69504,89.54671478271484
1530735853.9709136,69632,108.36387634277344
1530735958.3808935,69760,36.051116943359375
1530736005.2966537,69888,50.418148040771484
1530736053.0711482,70016,100.03852081298828
1530736100.8062258,70144,47.81496047973633
1530736205.274805,70272,71.05509948730469
1530736252.2780097,70400,62.8545036315918
1530736300.1305273,70528,75.97350311279297
1530736347.8990102,70656,58.61302947998047
1530736452.3663602,70784,89.4001235961914
1530736499.169778,70912,37.024017333984375
1530736547.173979,71040,81.10599517822266
1530736595.126901,71168,42.428138732910156
1530736699.2712867,71296,142.8892822265625
1530736746.3722782,71424,57.11625671386719
1530736794.3051193,71552,90.4142074584961
1530736842.2220566,71680,59.453670501708984
1530736946.8930206,71808,103.53692626953125
1530736993.7578592,71936,83.7249755859375
1530737041.7477188,72064,61.18412780761719
1530737089.8138478,72192,28.911651611328125
1530737194.5365484,72320,114.05259704589844
1530737241.549423,72448,78.82083129882812
1530737289.492612,72576,84.57928466796875
1530737337.4795148,72704,81.18998718261719
1530737444.0123947,72832,69.04369354248047
1530737491.009679,72960,47.365928649902344
1530737538.897323,73088,173.66786193847656
1530737586.9466856,73216,169.01419067382812
1530737691.504172,73344,42.432777404785156
1530737738.554813,73472,36.210182189941406
1530737786.435576,73600,61.36324691772461
1530737834.3919227,73728,12.505087852478027
1530737939.643464,73856,25.683979034423828
1530737986.5397239,73984,39.492164611816406
1530738034.5272114,74112,47.61134719848633
1530738082.448701,74240,54.71327209472656
1530738186.631145,74368,47.7617301940918
1530738233.5875533,74496,38.01730728149414
1530738281.4803214,74624,80.0539779663086
1530738329.431191,74752,41.273128509521484
1530738433.8576293,74880,44.95109176635742
1530738480.9462912,75008,31.08098793029785
1530738529.0038662,75136,77.87789154052734
1530738576.940933,75264,48.11240005493164
1530738682.3095062,75392,54.94203186035156
1530738729.3524494,75520,66.3496322631836
1530738777.2251048,75648,156.5681610107422
1530738825.2668881,75776,49.354347229003906
1530738931.9662457,75904,39.88595199584961
1530738979.1413774,76032,93.43793487548828
1530739027.1494906,76160,82.32210540771484
1530739075.2019706,76288,75.41583251953125
1530739180.2689981,76416,127.68729400634766
1530739227.4841185,76544,61.40470886230469
1530739275.4376154,76672,32.89915466308594
1530739323.478058,76800,100.32381439208984
1530739429.365056,76928,146.65667724609375
1530739476.5838473,77056,61.29444885253906
1530739524.5470052,77184,54.45071792602539
1530739572.5050993,77312,62.72554016113281
1530739678.5153031,77440,67.20648193359375
1530739725.6875725,77568,44.33549880981445
1530760299.617386,77952,56.02973175048828
1530760346.8883605,78080,57.432594299316406
1530760394.8515499,78208,71.8493881225586
1530760442.8980165,78336,73.60478973388672
1530760545.663798,78464,61.328773498535156
1530760593.0173616,78592,78.06803894042969
1530760641.1508546,78720,176.1509246826172
1530760689.1946576,78848,59.28499221801758
1530760791.3658268,78976,106.90306091308594
1530760838.8906155,79104,48.76564407348633
1530760886.9032211,79232,77.69316101074219
1530760935.0643582,79360,187.4866943359375
1530761036.033745,79488,99.64368438720703
1530761083.550237,79616,68.69941711425781
1530761131.6741967,79744,109.22782897949219
1530761179.802493,79872,103.0857162475586
1530761282.1677744,80000,92.660888671875
1530761329.5430892,80128,49.67809295654297
1530761377.7629898,80256,73.55467224121094
1530761425.8765357,80384,59.72478103637695
1530761527.4632392,80512,85.9564208984375
1530761574.869619,80640,90.58424377441406
1530761622.9797094,80768,71.5238037109375
1530761671.1077993,80896,70.26374816894531
1530761772.9775372,81024,126.4266357421875
1530761820.496634,81152,125.82144165039062
1530761868.5745296,81280,38.0008659362793
1530761916.7138774,81408,111.66110229492188
1530762018.6272264,81536,74.38249969482422
1530762066.0765326,81664,125.03904724121094
1530762114.2060912,81792,100.19645690917969
1530762162.242176,81920,62.1221923828125
1530762265.0363562,82048,73.91839599609375
1530762312.4386754,82176,52.10626983642578
1530762360.6502385,82304,62.720176696777344
1530762408.7218394,82432,101.97901153564453
1530762510.6115208,82560,71.79434967041016
1530762557.8901815,82688,87.2102279663086
1530762605.8551428,82816,76.42668151855469
1530762653.9980907,82944,80.585693359375
1530762756.1897779,83072,50.05854034423828
1530762803.5289521,83200,39.46110534667969
1530762851.5911033,83328,94.7041244506836
1530762899.6447022,83456,127.31635284423828
1530763002.7336552,83584,42.87438201904297
1530763050.079463,83712,68.4600601196289
1530763098.2577991,83840,79.41727447509766
1530763146.2484617,83968,44.43268966674805
1530763247.715572,84096,18.673377990722656
1530763295.0766232,84224,110.23566436767578
1530763343.1749232,84352,85.63605499267578
1530763391.1511457,84480,90.66389465332031
1530763492.4885864,84608,78.19441223144531
1530763539.8466547,84736,63.535709381103516
1530763587.9301925,84864,55.13348388671875
1530763636.0368922,84992,58.62420654296875
1530763737.0043907,85120,66.30608367919922
1530763784.409795,85248,80.7835464477539
1530763832.447557,85376,86.05731201171875
1530763880.4089363,85504,53.39498519897461
1530763981.8141654,85632,58.84294509887695
1530764029.2837381,85760,121.10753631591797
1530764077.298339,85888,96.56602478027344
1530764125.4739122,86016,57.89497756958008
1530764227.4121554,86144,53.6385612487793
1530764274.762581,86272,111.47252655029297
1530764322.7876031,86400,113.05918884277344
1530764370.7981038,86528,56.29433059692383
1530764472.6876771,86656,61.825523376464844
1530764519.97617,86784,69.80582427978516
1530764567.980922,86912,66.10343170166016
1530764616.153251,87040,41.05300521850586
1530764717.9108572,87168,55.237525939941406
1530764765.397682,87296,50.261680603027344
1530764813.371612,87424,74.06344604492188
1530764861.4933896,87552,58.11478805541992
1530764963.7733326,87680,94.60383605957031
1530765011.2214499,87808,70.33195495605469
1530765059.3275409,87936,88.13912200927734
1530765107.3031383,88064,57.164039611816406
1530765208.6305943,88192,47.0374755859375
1530765256.144254,88320,87.03569793701172
1530765304.1802003,88448,44.820960998535156
1530765352.2961667,88576,78.87252044677734
1530765455.5936782,88704,79.93408966064453
1530765502.9160287,88832,74.84777069091797
1530765551.017162,88960,57.81203079223633
1530765599.051474,89088,55.16190719604492
1530765702.2741282,89216,71.31527709960938
1530765749.7362702,89344,43.74345016479492
1530765797.9208024,89472,41.4919319152832
1530765846.1454282,89600,79.27452087402344
1530765948.8808794,89728,37.396400451660156
1530765996.315309,89856,99.68527221679688
1530766044.4752643,89984,115.72038269042969
1530766092.549805,90112,30.269243240356445
1530766196.1861582,90240,61.28961944580078
1530766243.6555474,90368,34.64596939086914
1530766291.789936,90496,61.96827697753906
1530766339.9168825,90624,39.64067459106445
1530766442.3596354,90752,60.85678482055664
1530766489.916914,90880,50.74663543701172
1530766537.987658,91008,86.3641586303711
1530766586.1581762,91136,50.29049301147461
1530766689.7914872,91264,93.51817321777344
1530766737.136678,91392,24.629039764404297
1530766785.2480826,91520,47.935054779052734
1530766833.29348,91648,50.93531799316406
1530766934.7981434,91776,42.92556381225586
1530766982.375998,91904,47.91130828857422
1530767030.4507122,92032,98.59483337402344
1530767078.5917294,92160,70.11994934082031
1530767182.5643644,92288,23.489717483520508
1530767229.9427834,92416,82.11858367919922
1530767278.060967,92544,57.073551177978516
1530767326.1358151,92672,90.3362808227539
1530767428.5010476,92800,80.96295928955078
1530767475.9878154,92928,105.93206787109375
1530767524.1065135,93056,92.03701782226562
1530767572.2074242,93184,87.45533752441406
1530767675.6634054,93312,46.460933685302734
1530767722.9170856,93440,64.14615631103516
1530767770.9454339,93568,60.225929260253906
1530767819.0037398,93696,143.44775390625
1530767921.5137522,93824,119.29861450195312
1530767968.9930596,93952,60.7025032043457
1530768017.0935514,94080,90.89868927001953
1530768065.2255907,94208,70.0317153930664
1530768168.7116144,94336,29.446388244628906
1530768216.12937,94464,43.24530792236328
1530768264.2403455,94592,34.05955505371094
1530768312.2184112,94720,53.13449478149414
1530768414.9377635,94848,89.76850128173828
1530768462.4626389,94976,41.5511360168457
1530768510.5928137,95104,51.899497985839844
1530768558.6264212,95232,45.37690353393555
1530768662.971487,95360,31.5377254486084
1530768710.3570933,95488,68.73907470703125
1530768758.6400058,95616,36.18125534057617
1530768806.7362437,95744,67.33219146728516
1530768909.3945882,95872,73.65536499023438
1530768956.83096,96000,44.56441879272461
1530769004.8949885,96128,71.53726959228516
1530769052.9092672,96256,70.84298706054688
1530769156.6892755,96384,60.62499237060547
1530769203.8546097,96512,100.8844223022461
1530769251.8242066,96640,84.32864379882812
1530769299.9394286,96768,107.494873046875
1530769403.1635032,96896,124.20540618896484
1530769450.3891294,97024,78.2864990234375
1530769498.5173028,97152,104.4479751586914
1530769546.6233153,97280,32.133052825927734
1530769649.941084,97408,27.737747192382812
