wall_time,step,value
1532726564.200681,128,14.890380859375
1532726861.1530466,256,17.482450485229492
1532727158.0862885,384,14.655624389648438
1532727454.8552186,512,13.225167274475098
1532972675.8924546,640,12.164311408996582
1532972972.7573946,768,12.817255973815918
1532973269.6383336,896,13.189587593078613
1532973566.564967,1024,11.659844398498535
1532974322.265107,1152,12.365365028381348
1532974619.1527593,1280,12.833949089050293
1532974916.083715,1408,10.458417892456055
1532975212.985536,1536,11.860031127929688
1532975942.6253357,1664,13.431443214416504
1532976239.6019657,1792,12.75088882446289
1532976536.526984,1920,11.808145523071289
1532976833.6057148,2048,11.935392379760742
1532977544.0708463,2176,12.413111686706543
1532977841.011278,2304,12.56997299194336
1532978137.9605742,2432,13.86750316619873
1532978434.8913574,2560,11.448443412780762
1532979138.340972,2688,11.617559432983398
1532979435.5280428,2816,12.451444625854492
1532979732.718992,2944,11.469877243041992
1532980029.9135385,3072,11.640869140625
1532980723.7485514,3200,10.880380630493164
1532981020.901099,3328,11.541502952575684
1532981318.1266992,3456,11.597933769226074
1532981615.3707786,3584,11.73827075958252
1532982294.8840997,3712,11.390567779541016
1532982592.2201998,3840,11.394710540771484
1532982889.4964497,3968,11.481653213500977
1532983186.7582734,4096,12.253792762756348
1532983870.5617208,4224,11.900625228881836
1532984167.779014,4352,10.644246101379395
1532984464.8880079,4480,12.417827606201172
1532984762.036741,4608,11.364035606384277
1532985436.1748989,4736,10.005073547363281
1532985733.180884,4864,11.818689346313477
1532986030.5270252,4992,11.708455085754395
1532986327.9044776,5120,11.151487350463867
1532987008.7279794,5248,11.174057960510254
1532987305.9179797,5376,12.425308227539062
1532987602.9473252,5504,12.016112327575684
1532987900.0763679,5632,11.394392967224121
1532988591.4450839,5760,10.092828750610352
1532988888.4749885,5888,10.690200805664062
1532989185.6365247,6016,10.727890968322754
1533117365.1937177,6272,9.77170467376709
1533117661.8656025,6400,10.917685508728027
1533117958.406523,6528,11.032459259033203
1533118254.8585558,6656,11.437223434448242
1533118925.5831804,6784,10.518203735351562
1533119222.063632,6912,11.141793251037598
1533119518.7886794,7040,10.473308563232422
1533119815.412752,7168,10.999272346496582
1533120489.9242098,7296,11.07089614868164
1533120786.7891355,7424,12.081140518188477
1533121083.4686859,7552,11.241246223449707
1533121380.2141593,7680,10.974220275878906
1533122053.879142,7808,10.934711456298828
1533122350.5282683,7936,10.040545463562012
1533122647.1432261,8064,10.599111557006836
1533122943.7302577,8192,13.07100772857666
1533123598.7988896,8320,10.831642150878906
1533123895.5428357,8448,12.279680252075195
1533124192.4767525,8576,11.92719841003418
1533124489.4479935,8704,11.060868263244629
1533125151.5318558,8832,12.248241424560547
1533125448.3820612,8960,10.909350395202637
1533125745.3015373,9088,10.66268253326416
1533126042.1635864,9216,11.81957721710205
1533126706.11962,9344,11.407252311706543
1533127003.089681,9472,10.359856605529785
1533127300.0548093,9600,11.901575088500977
1533127597.0741606,9728,11.36739730834961
1533128258.1301184,9856,10.953782081604004
1533128555.0839965,9984,9.82351016998291
1533128851.7977242,10112,9.747605323791504
1533129148.5768778,10240,10.379607200622559
1533129819.5498965,10368,10.198410987854004
1533130116.3868306,10496,9.875242233276367
1533130413.2865105,10624,11.024471282958984
1533130710.2242742,10752,10.400032043457031
1533131371.0485423,10880,10.571990966796875
1533131667.8203878,11008,10.156749725341797
1533131964.6028917,11136,9.704875946044922
1533132261.3777034,11264,10.709736824035645
1533132926.7317882,11392,10.838098526000977
1533133223.561719,11520,10.474302291870117
1533133520.4111009,11648,10.3938570022583
1533133817.2631814,11776,10.93983268737793
1533134483.205294,11904,11.287468910217285
1533134779.980005,12032,10.832231521606445
1533135076.7184942,12160,11.236871719360352
1533135373.3974748,12288,10.578530311584473
1533136036.4134276,12416,10.405797004699707
1533136333.0497475,12544,10.351640701293945
1533136629.7218742,12672,10.306463241577148
1533136926.5065777,12800,11.043156623840332
1533137593.6685088,12928,10.477368354797363
1533137890.3991587,13056,10.503994941711426
1533138187.215875,13184,10.009678840637207
1533138483.80779,13312,10.002925872802734
1533139157.1789353,13440,10.495558738708496
1533139453.912784,13568,10.794866561889648
1533139750.5586734,13696,10.239283561706543
1533140047.341175,13824,10.0929594039917
1533140710.3711581,13952,10.256570816040039
1533141007.1858747,14080,10.069318771362305
1533141304.0700414,14208,10.932197570800781
1533141600.796716,14336,10.410006523132324
1533142244.3157995,14464,10.700628280639648
1533142541.060267,14592,10.628669738769531
1533142837.910692,14720,10.302108764648438
1533143134.733824,14848,10.475321769714355
1533143790.0378153,14976,9.85554027557373
1533144086.8004158,15104,10.408458709716797
1533144383.4653924,15232,10.576290130615234
1533144680.1225445,15360,10.803997039794922
1533145340.6720705,15488,10.446892738342285
1533145637.4132016,15616,10.084474563598633
1533145934.1548815,15744,9.992082595825195
1533146230.785156,15872,11.060098648071289
1533146873.9275231,16000,9.666550636291504
1533147170.6113887,16128,10.085270881652832
1533147467.273397,16256,9.606069564819336
1533147763.9357474,16384,11.200389862060547
1533148416.115698,16512,10.160369873046875
1533148712.8803098,16640,10.185527801513672
1533149009.6935263,16768,10.747404098510742
1533149306.269199,16896,10.00918197631836
1533149950.4829876,17024,11.093101501464844
1533150247.4052138,17152,10.26162338256836
1533150544.21527,17280,9.706500053405762
1533150841.0290887,17408,10.689602851867676
1533151498.677954,17536,9.867623329162598
1533151795.4438028,17664,10.435141563415527
1533152092.2564194,17792,11.511570930480957
1533152389.0994241,17920,10.343513488769531
1533153025.0514147,18048,10.176279067993164
1533153321.8777757,18176,10.16288948059082
1533153618.7655046,18304,10.03940486907959
1533153915.6372375,18432,9.845802307128906
1533154553.27729,18560,10.91362190246582
1533154850.0171309,18688,9.670328140258789
1533155146.743931,18816,9.48326301574707
1533155443.42916,18944,10.211529731750488
1533156069.3101501,19072,9.482279777526855
1533156366.1317472,19200,9.988726615905762
1533156663.0321465,19328,9.450994491577148
1533156959.9748156,19456,10.098771095275879
1533157595.7166142,19584,9.725776672363281
1533157892.516033,19712,9.872295379638672
1533158189.3419127,19840,9.532073020935059
1533158486.2718353,19968,9.44044017791748
1533159116.4604328,20096,9.662233352661133
1533159413.2041295,20224,9.04201889038086
1533159710.0031486,20352,9.720772743225098
1533160006.8182173,20480,9.94301700592041
1533160655.4368703,20608,10.441390991210938
1533160952.2208297,20736,10.766572952270508
1533161248.8129241,20864,10.392305374145508
1533161545.5660367,20992,9.537763595581055
1533162179.0705845,21120,10.163176536560059
1533162475.8979974,21248,9.601067543029785
1533162772.635922,21376,9.787839889526367
1533163069.4643042,21504,9.786734580993652
1533163698.069183,21632,10.896760940551758
1533163994.701365,21760,10.356481552124023
1533164291.3318117,21888,9.78055477142334
1533164588.0725834,22016,9.900647163391113
1533165219.0739744,22144,10.584785461425781
1533165515.7341652,22272,10.656052589416504
1533165812.4874501,22400,9.140074729919434
1533166109.0873742,22528,10.0752534866333
1533166738.0768259,22656,9.55264663696289
1533167034.9188313,22784,10.116333961486816
1533167331.7025075,22912,10.666034698486328
1533167628.554191,23040,9.798734664916992
1533168262.1661375,23168,10.306161880493164
1533168558.8264804,23296,9.46403694152832
1533168855.5278418,23424,9.740108489990234
1533169152.1317203,23552,9.651812553405762
1533169783.3043947,23680,9.916016578674316
1533170079.9803593,23808,10.58105754852295
1533170376.6063216,23936,9.264636993408203
1533170673.194719,24064,9.34557056427002
1533171302.2462015,24192,9.391286849975586
1533171599.0079894,24320,10.239388465881348
1533171895.4763887,24448,9.713944435119629
1533172192.3895407,24576,9.568547248840332
1533172817.2644222,24704,9.35855770111084
1533173113.8935435,24832,10.184995651245117
1533173410.6657317,24960,9.818764686584473
1533173707.396016,25088,9.728057861328125
1533174339.8147097,25216,9.998452186584473
1533174636.5612779,25344,10.550442695617676
1533174933.1098952,25472,10.11246109008789
1533175229.7235944,25600,10.052696228027344
1533175854.1122077,25728,10.090045928955078
1533176151.0186994,25856,10.702668190002441
1533176447.8178437,25984,9.518272399902344
1533176744.7820928,26112,10.137228012084961
1533177379.4863722,26240,10.41219425201416
1533177676.2826703,26368,10.0050687789917
1533177973.1302803,26496,10.865782737731934
1533178269.9079926,26624,10.128260612487793
1533178890.5378497,26752,9.681077003479004
1533179187.3729832,26880,10.001605033874512
1533179484.1175225,27008,9.885716438293457
1533179780.8648787,27136,10.128440856933594
1533180414.1770782,27264,9.452157974243164
1533180711.1142101,27392,9.514585494995117
1533181007.9660342,27520,9.836448669433594
1533181304.8874547,27648,10.785998344421387
1533181932.9535356,27776,9.799433708190918
1533182229.861245,27904,9.648819923400879
1533182526.788602,28032,10.37413215637207
1533182823.8963106,28160,10.189034461975098
1533183457.2352164,28288,11.192460060119629
1533183754.1610937,28416,9.630290031433105
1533184051.131852,28544,9.67866325378418
1533184348.1981366,28672,11.168111801147461
1533184971.4394865,28800,10.126330375671387
1533185268.3097012,28928,9.81326675415039
1533185565.132483,29056,10.131507873535156
1533185861.943258,29184,9.764216423034668
1533186484.828205,29312,9.620807647705078
1533186781.7301,29440,10.186507225036621
1533187078.5744164,29568,10.578912734985352
1533187375.486822,29696,11.011083602905273
1533188011.722254,29824,9.297524452209473
1533188308.7735195,29952,10.292871475219727
1533188605.7912898,30080,9.15125560760498
1533188902.8099833,30208,10.204379081726074
1533189551.494157,30336,9.816548347473145
1533189848.5237727,30464,10.000487327575684
1533190145.5402746,30592,10.487812995910645
1533190442.568861,30720,9.882230758666992
1533191073.9870815,30848,9.638365745544434
1533191370.8055649,30976,10.870684623718262
1533191667.7330952,31104,9.5260648727417
1533191964.6710727,31232,10.41627311706543
1533192598.5582922,31360,9.946836471557617
1533192895.479014,31488,10.077574729919434
1533193192.345635,31616,10.605157852172852
1533193489.207397,31744,10.339865684509277
1533194138.8468883,31872,9.30682373046875
1533194435.6450472,32000,9.795519828796387
1533194732.3330693,32128,9.880980491638184
1533195029.1143932,32256,9.926806449890137
1533195668.134584,32384,9.730644226074219
1533195965.125341,32512,10.718496322631836
1533196261.9897673,32640,9.759891510009766
1533196558.8422081,32768,9.717751502990723
1533197195.7061958,32896,9.372578620910645
1533197492.592535,33024,9.518287658691406
1533197789.4736588,33152,10.8217134475708
1533198086.3404558,33280,10.45271110534668
1533198717.0985773,33408,10.319860458374023
1533199013.8957732,33536,10.86612319946289
1533199310.831849,33664,9.479578018188477
1533199607.386629,33792,9.480500221252441
1533200253.7697513,33920,10.964367866516113
1533200550.6276972,34048,9.724123001098633
1533200847.499279,34176,9.518546104431152
1533201144.401794,34304,10.578624725341797
1533201794.9114556,34432,10.142852783203125
1533202091.860289,34560,10.779417991638184
1533202388.7666237,34688,10.889434814453125
1533202685.4768455,34816,9.373095512390137
1533203332.1200948,34944,10.161491394042969
1533203628.9700913,35072,9.669934272766113
1533203925.8676283,35200,10.625799179077148
1533204222.6943424,35328,9.320440292358398
1533204877.8666198,35456,10.420526504516602
1533205174.5681427,35584,9.6437406539917
1533205471.34883,35712,9.550541877746582
1533205767.9429364,35840,9.913691520690918
1533206420.4178581,35968,9.392796516418457
1533206717.257909,36096,10.187801361083984
1533207014.0227182,36224,9.74698257446289
1533207310.936001,36352,9.624675750732422
1533207965.3959816,36480,9.813128471374512
1533208262.0696352,36608,10.423331260681152
1533208558.830022,36736,10.747553825378418
1533208855.5842211,36864,9.14006519317627
1533209509.1784618,36992,10.777849197387695
1533209805.9339073,37120,10.469137191772461
1533210102.6605296,37248,9.93457317352295
1533210399.4625018,37376,9.880173683166504
1533355941.3386214,37504,9.756284713745117
1533356248.528489,37632,9.98154067993164
1533356555.8918655,37760,9.565098762512207
1533356863.0332448,37888,9.60915756225586
1533357497.177537,38016,9.878521919250488
1533357794.0249956,38144,9.389028549194336
1533358091.1318269,38272,10.021505355834961
1533358388.093738,38400,9.421070098876953
1533359019.5898015,38528,10.046480178833008
1533359316.6391616,38656,10.330066680908203
1533359613.5424721,38784,9.585546493530273
1533359910.5032113,38912,9.33759593963623
1533360556.204149,39040,9.32392692565918
1533360853.1352355,39168,12.718317031860352
1533361149.937039,39296,9.807807922363281
1533361446.8842773,39424,9.383657455444336
1533362087.1688285,39552,10.181916236877441
1533362384.1350355,39680,9.569993019104004
1533362681.1391866,39808,10.295086860656738
1533362978.2195187,39936,10.057435989379883
1533363616.6641474,40064,9.774392127990723
1533363913.711686,40192,9.558418273925781
1533364210.850259,40320,9.361162185668945
1533364507.882206,40448,10.769837379455566
1533365155.213457,40576,10.256389617919922
1533365452.2947202,40704,10.940825462341309
1533365749.431365,40832,10.023695945739746
1533366046.6185358,40960,9.890786170959473
1533366681.4998562,41088,9.743346214294434
1533366978.4361494,41216,9.550799369812012
1533367275.5051446,41344,9.878363609313965
1533367572.6290188,41472,9.778942108154297
1533368224.906484,41600,9.69255256652832
1533368521.8449986,41728,9.755223274230957
1533368818.8776462,41856,9.575547218322754
1533369115.8870568,41984,13.171845436096191
1533369762.519773,42112,9.623116493225098
1533370059.542674,42240,9.344108581542969
1533370356.410966,42368,10.214200019836426
1533370653.4393687,42496,9.551321983337402
1533371293.670659,42624,9.797982215881348
1533371590.609699,42752,9.393664360046387
1533371887.7833598,42880,9.987491607666016
1533372184.770231,43008,9.474987030029297
1533372839.4784641,43136,10.215730667114258
1533373136.4262865,43264,9.287741661071777
1533373433.302516,43392,9.758905410766602
1533373730.230683,43520,9.66672134399414
1533374367.8931403,43648,10.590010643005371
1533374664.7892315,43776,9.922895431518555
1533374961.7723484,43904,10.223966598510742
1533375258.695053,44032,10.11132526397705
1533375910.7744908,44160,9.558650970458984
1533376207.6411767,44288,10.755830764770508
1533376504.5704012,44416,9.462138175964355
1533376801.4082172,44544,9.533501625061035
1533377443.5533752,44672,9.623948097229004
1533377740.4547768,44800,10.321725845336914
1533378037.2896724,44928,9.372186660766602
1533378334.0761278,45056,9.652731895446777
1533378986.7863798,45184,9.141989707946777
1533379283.9713497,45312,9.909433364868164
1533379581.101627,45440,11.286059379577637
1533379878.1864083,45568,9.490985870361328
1533380529.8404355,45696,9.634476661682129
1533380826.9816337,45824,9.911834716796875
1533381124.0635192,45952,10.9977445602417
1533381421.0993922,46080,9.923809051513672
1533382071.3135388,46208,9.978519439697266
1533382368.3749347,46336,10.163490295410156
1533382665.5662365,46464,9.679880142211914
1533382962.756474,46592,10.418436050415039
1533383610.5586827,46720,9.74262809753418
1533383907.5764594,46848,9.644601821899414
1533384204.733189,46976,9.591947555541992
1533384501.877934,47104,9.174778938293457
1533385153.7554982,47232,9.561665534973145
1533385451.3410935,47360,9.464688301086426
1533385749.077044,47488,9.660884857177734
1533386046.6562095,47616,10.335484504699707
1533386705.639116,47744,10.075895309448242
1533387002.6403062,47872,10.142510414123535
1533387299.5999258,48000,9.538837432861328
1533400854.3302152,48256,9.45100212097168
1533401161.3136752,48384,9.579750061035156
1533401468.3301246,48512,10.850565910339355
1533401775.3969417,48640,9.802722930908203
1533402428.1334968,48768,9.825359344482422
1533402724.555506,48896,9.49215316772461
1533403021.1386995,49024,10.274297714233398
1533403317.5509443,49152,9.575007438659668
1533403969.8519702,49280,11.487261772155762
1533404266.448269,49408,9.908038139343262
1533404563.009815,49536,9.978893280029297
1533404859.5204277,49664,9.678592681884766
1533405526.385939,49792,9.703376770019531
1533405822.9249487,49920,9.730278015136719
1533406119.3915691,50048,9.852848052978516
1533406415.9135127,50176,11.52182388305664
1533407068.2652693,50304,10.06508731842041
1533407364.89091,50432,10.777052879333496
1533407661.4983945,50560,9.650365829467773
1533407958.117616,50688,10.092074394226074
1533408620.8799865,50816,10.797883987426758
1533408917.4283924,50944,9.572062492370605
1533409213.9465082,51072,10.283073425292969
1533409510.6491222,51200,9.430389404296875
1533410183.856133,51328,9.622213363647461
1533410480.4368732,51456,11.873093605041504
1533410776.8736894,51584,10.485363960266113
1533411073.573344,51712,9.338301658630371
1533411732.7270873,51840,9.656224250793457
1533412029.376233,51968,9.282549858093262
1533412325.9852977,52096,9.032949447631836
1533412622.5455477,52224,9.96534538269043
1533413279.9082325,52352,9.896730422973633
1533413576.3875537,52480,9.318089485168457
1533413872.909015,52608,9.919118881225586
1533414169.503279,52736,11.017253875732422
1533414828.9217305,52864,9.705875396728516
1533415125.4208844,52992,10.505279541015625
1533415421.9857547,53120,9.942095756530762
1533415718.5828376,53248,10.422514915466309
1533416390.3007205,53376,9.740982055664062
1533416686.8867197,53504,9.971424102783203
1533416983.336471,53632,10.166237831115723
1533417279.71977,53760,10.174501419067383
1533417956.533496,53888,9.382672309875488
1533418253.069,54016,9.547624588012695
1533418549.5473528,54144,9.481748580932617
1533418846.0916688,54272,10.589437484741211
1533419520.737288,54400,10.08096694946289
1533419817.1895623,54528,8.979972839355469
1533420113.683938,54656,9.857233047485352
1533420410.1072989,54784,9.47641372680664
1533421097.1577435,54912,9.543893814086914
1533421393.6511185,55040,9.644673347473145
1533421690.1935048,55168,10.102952003479004
1533421986.7191083,55296,9.33035945892334
1533422653.5030477,55424,10.72258186340332
1533422949.9369977,55552,9.867595672607422
1533423246.3551028,55680,9.58741283416748
1533423542.9140754,55808,10.522783279418945
1533424210.2501519,55936,9.373261451721191
1533424506.8646204,56064,10.82023811340332
1533424803.4346306,56192,9.958451271057129
1533425100.040765,56320,10.906879425048828
1533425764.1504643,56448,10.559803009033203
1533426061.0568151,56576,10.128196716308594
1533426357.9013414,56704,10.095599174499512
1533426654.6400728,56832,10.723941802978516
1533427344.8852205,56960,9.912923812866211
1533427641.7913337,57088,10.069079399108887
1533427938.559872,57216,10.3369722366333
1533428235.4106748,57344,10.099727630615234
1533428914.0805802,57472,11.191669464111328
1533429210.9150448,57600,10.062783241271973
1533429507.8411958,57728,10.722925186157227
1533429804.7075858,57856,9.179261207580566
1533430478.9475942,57984,9.931463241577148
1533430775.9283106,58112,10.341960906982422
1533431072.751833,58240,9.766993522644043
1533431369.610917,58368,9.571513175964355
1533432058.6455998,58496,9.172938346862793
1533432355.379021,58624,9.347502708435059
1533432652.1044402,58752,9.878496170043945
1533432948.7938707,58880,10.182183265686035
1533433626.7912724,59008,10.044561386108398
1533433923.585267,59136,10.579974174499512
1533434220.4092636,59264,9.691230773925781
1533434517.2406113,59392,10.50620174407959
1533435189.4731202,59520,9.611543655395508
1533435486.3886666,59648,9.733437538146973
1533435783.3537438,59776,9.754242897033691
1533436080.323511,59904,10.268143653869629
1533436748.7120495,60032,9.764261245727539
1533437045.5594356,60160,9.593345642089844
1533437342.4365966,60288,9.392568588256836
1533437639.2667503,60416,9.66955280303955
1533438324.4697177,60544,10.333487510681152
1533438621.4148757,60672,10.08703899383545
1533438918.2684233,60800,9.957491874694824
1533439215.0796053,60928,10.200118064880371
1533439895.53214,61056,10.184118270874023
1533440192.4595168,61184,10.691325187683105
1533440489.138095,61312,9.455942153930664
1533440785.699762,61440,9.781630516052246
1533441469.8092637,61568,9.550529479980469
1533441766.7777145,61696,9.856179237365723
1533442063.7317848,61824,9.645326614379883
1533442360.6024647,61952,9.456575393676758
1533443052.8786767,62080,9.647395133972168
1533443349.697135,62208,11.414222717285156
1533443646.4212923,62336,11.090056419372559
1533443943.2639542,62464,9.246862411499023
1533444622.017063,62592,9.793525695800781
1533444918.9613872,62720,10.458252906799316
1533445215.618406,62848,10.107717514038086
1533445512.2820516,62976,10.464761734008789
1533446194.5928624,63104,9.51404857635498
1533446491.4771757,63232,9.41259765625
1533446788.263364,63360,9.489703178405762
1533447084.9238298,63488,9.579853057861328
1533447763.1190157,63616,11.156726837158203
1533448059.8147867,63744,10.675949096679688
1533448356.4713266,63872,10.034327507019043
1533448653.1707523,64000,9.58668327331543
1533449329.440031,64128,9.395326614379883
1533449626.074844,64256,9.671430587768555
1533449922.8664377,64384,9.279720306396484
1533450219.5496588,64512,9.346406936645508
1533450904.1809275,64640,9.430622100830078
1533451200.7628486,64768,9.295536041259766
1533451497.3676267,64896,9.955497741699219
1533451793.9289129,65024,9.359965324401855
1533452468.1432416,65152,10.157133102416992
1533452764.7312613,65280,10.072997093200684
1533453061.2742555,65408,9.5006742477417
1533453357.9161756,65536,9.831985473632812
1533454052.4999716,65664,10.682454109191895
1533454349.1099153,65792,9.765738487243652
1533454645.8702574,65920,9.717544555664062
1533454942.4336302,66048,9.807689666748047
1533455621.9671607,66176,10.125545501708984
1533455918.6591418,66304,9.561495780944824
1533456215.13823,66432,9.52135181427002
1533456511.477124,66560,10.122579574584961
1533457212.2706156,66688,9.783527374267578
1533457508.8024042,66816,10.500189781188965
1533457805.2663453,66944,9.781984329223633
1533458101.832128,67072,9.209122657775879
1533458779.3123834,67200,10.044934272766113
1533459075.7767246,67328,9.499602317810059
1533459372.0606892,67456,10.279568672180176
1533459668.4018505,67584,9.820014953613281
1533460339.1844735,67712,10.01715087890625
1533460635.8723545,67840,9.212234497070312
1533460932.5480747,67968,10.38932991027832
1533461229.0593803,68096,10.242496490478516
1533461922.0516071,68224,10.253345489501953
1533462218.8464851,68352,10.069170951843262
1533462515.75841,68480,9.731865882873535
1533462812.5760949,68608,9.793673515319824
1533463487.9393916,68736,9.891419410705566
1533463784.7388735,68864,9.801751136779785
1533464081.4874299,68992,9.821696281433105
1533464378.2567887,69120,10.393723487854004
1533465064.2217891,69248,9.896191596984863
1533465360.9972377,69376,10.989139556884766
1533465657.6959217,69504,9.722689628601074
1533465954.4699192,69632,10.209712028503418
1533466649.6655493,69760,9.88145637512207
1533466946.418054,69888,11.46108627319336
1533467243.2706685,70016,9.34229850769043
1533467540.0294588,70144,9.823375701904297
1533468226.306269,70272,10.237005233764648
1533468523.1360743,70400,9.356645584106445
1533468819.875114,70528,10.132283210754395
1533469116.7818763,70656,10.176555633544922
1533469796.8116078,70784,10.206645011901855
1533470093.5621395,70912,9.133788108825684
1533470390.4564724,71040,10.162252426147461
1533470687.2818346,71168,10.850054740905762
1533471380.7237556,71296,9.99252986907959
1533471677.5988216,71424,11.46347427368164
1533471974.4253263,71552,10.547886848449707
1533472271.1281853,71680,10.383708000183105
1533472969.1024137,71808,9.378873825073242
1533473265.9157689,71936,9.348556518554688
1533473562.7607605,72064,11.041240692138672
1533473859.4677534,72192,10.033926010131836
1533474552.4844637,72320,9.38322925567627
1533474849.1850507,72448,9.599820137023926
1533475146.0276093,72576,9.537796020507812
1533475442.883737,72704,10.465267181396484
1533476134.1067307,72832,9.803330421447754
1533476430.9642308,72960,9.93426513671875
1533476727.842617,73088,9.680559158325195
1533477024.6409264,73216,10.330446243286133
1533477715.920997,73344,10.03693675994873
1533478012.7351377,73472,9.430685043334961
1533478309.5536873,73600,9.762577056884766
1533478606.1999457,73728,10.800073623657227
1533479297.8912728,73856,9.902432441711426
1533479594.7467706,73984,9.95270824432373
1533479891.5241437,74112,9.289658546447754
1533480188.0924175,74240,9.805183410644531
1533480890.6696746,74368,10.14144229888916
1533481187.4834957,74496,9.601510047912598
1533481484.2626805,74624,9.915722846984863
1533482310.8391879,74880,9.916722297668457
1533482617.7522008,75008,10.298385620117188
1533482924.7816346,75136,11.915509223937988
1533483231.8830655,75264,9.4857759475708
1533483896.4049747,75392,9.6025972366333
1533484192.927629,75520,9.632576942443848
1533484489.7314138,75648,9.642220497131348
1533484786.446344,75776,9.974900245666504
1533485476.5256941,75904,10.413850784301758
1533485773.276605,76032,9.914031028747559
1533486069.8710492,76160,9.90995979309082
1533486366.5320916,76288,10.476457595825195
1533487047.6007397,76416,9.644745826721191
1533487344.2560172,76544,9.205185890197754
1533487640.9282682,76672,10.26087760925293
1533487937.6688476,76800,10.290239334106445
1533488625.265424,76928,10.254952430725098
1533488921.953328,77056,10.081489562988281
1533489218.787231,77184,10.878035545349121
1533489515.493816,77312,9.663631439208984
1533490199.4818864,77440,10.334769248962402
1533490496.2929993,77568,10.064624786376953
1533490793.139945,77696,9.69102668762207
1533491089.9855251,77824,10.032308578491211
1533491777.8040335,77952,9.36161994934082
1533492074.7983015,78080,10.446586608886719
1533492371.8367243,78208,10.075055122375488
1533492668.767647,78336,9.583913803100586
1533493346.0177114,78464,9.672683715820312
1533493642.87232,78592,10.05952262878418
1533493939.7439978,78720,9.634113311767578
1533494236.7201371,78848,10.018573760986328
1533494922.343983,78976,9.24179458618164
1533495219.2265031,79104,9.663763046264648
1533495516.050076,79232,10.524919509887695
1533495812.8763628,79360,9.47578239440918
1533496497.247041,79488,9.481382369995117
1533496794.054496,79616,9.339061737060547
1533497090.7984436,79744,9.937151908874512
1533497387.5997593,79872,9.76838493347168
1533498064.5057733,80000,10.126548767089844
1533498361.2532043,80128,9.993414878845215
1533498658.0000284,80256,9.529451370239258
1533498954.6099544,80384,9.367355346679688
1533499635.4693575,80512,9.689288139343262
1533499932.1617036,80640,9.387317657470703
1533500228.921574,80768,10.024526596069336
1533500525.5727549,80896,11.00115966796875
1533501217.1666303,81024,9.839253425598145
1533501513.8203456,81152,10.16169548034668
1533501810.5137358,81280,9.627188682556152
1533502107.307089,81408,10.873177528381348
1533502801.023791,81536,9.933660507202148
1533503097.8332531,81664,9.187679290771484
1533503394.6990743,81792,10.023900985717773
1533503691.4217925,81920,10.035881996154785
1533504379.3246975,82048,10.57465648651123
1533504676.0344596,82176,9.64356517791748
1533504972.7367222,82304,9.617693901062012
1533505269.43864,82432,9.971644401550293
1533505943.6216843,82560,9.829390525817871
1533506240.253648,82688,10.224164009094238
1533506536.9642475,82816,9.80245590209961
1533506833.6954772,82944,9.536273002624512
1533507536.7580743,83072,10.10340404510498
1533507833.880332,83200,9.812434196472168
1533508130.9417691,83328,10.030001640319824
1533508428.01014,83456,9.54024887084961
1533509107.3228412,83584,9.612667083740234
1533509404.3060846,83712,10.007020950317383
1533509701.367651,83840,10.056489944458008
1533509998.2786143,83968,10.361684799194336
1533510689.6006794,84096,11.122527122497559
1533510986.5811083,84224,9.400957107543945
1533511283.6114726,84352,9.344773292541504
1533511580.5124397,84480,10.208343505859375
1533512273.3065112,84608,9.80974292755127
1533512570.323319,84736,11.247599601745605
1533512867.1304123,84864,10.693366050720215
1533513164.0499628,84992,9.561695098876953
1533513857.5392065,85120,9.845484733581543
1533514154.623472,85248,9.4622220993042
1533514451.6091604,85376,9.497036933898926
1533514748.6179085,85504,10.432337760925293
1533515438.3942575,85632,10.481598854064941
1533515735.404367,85760,10.476300239562988
1533516032.3711596,85888,9.698070526123047
1533516329.3345923,86016,9.937788009643555
1533517028.1288621,86144,9.612483024597168
1533517325.1061308,86272,9.983181953430176
1533517622.162688,86400,11.935614585876465
1533517919.2188191,86528,10.989775657653809
1533518612.7985966,86656,11.429910659790039
1533518909.8578506,86784,9.484758377075195
1533519206.8347144,86912,10.09791088104248
1533519503.999143,87040,9.21756649017334
1533520192.3299615,87168,9.87043571472168
1533520489.402033,87296,9.55179500579834
1533520786.424151,87424,9.555532455444336
1533521083.4836416,87552,9.264913558959961
1533521779.6033087,87680,9.424356460571289
1533522076.785729,87808,11.343530654907227
1533522373.7602112,87936,9.723548889160156
1533522670.8418179,88064,9.440805435180664
1533523353.177536,88192,9.511123657226562
1533523650.3130312,88320,9.310627937316895
1533523947.4082832,88448,9.567572593688965
1533524244.5138917,88576,10.02873420715332
1533524934.8485641,88704,10.224231719970703
1533525231.8833842,88832,10.506319999694824
1533525528.7626429,88960,10.623933792114258
1533525825.8297687,89088,10.012367248535156
1533526524.436332,89216,9.906440734863281
1533526821.461895,89344,12.312352180480957
1533527118.3760533,89472,9.697653770446777
1533527415.3748217,89600,9.48709487915039
1533528106.8479714,89728,9.679965019226074
1533528403.913728,89856,9.76842975616455
1533528700.8983986,89984,9.436250686645508
1533528997.8542135,90112,10.373311042785645
1533529696.1282687,90240,9.544336318969727
1533529992.9366312,90368,11.414979934692383
1533530289.7483168,90496,9.884703636169434
1533530587.12298,90624,10.251192092895508
1533531281.5620847,90752,9.586276054382324
1533531578.4486504,90880,9.647995948791504
1533531875.3978922,91008,9.372725486755371
1533532172.279618,91136,9.860475540161133
1533532862.157493,91264,11.991230964660645
1533533158.9182649,91392,10.219971656799316
1533533455.8863606,91520,10.354503631591797
1533533752.8559484,91648,9.660843849182129
1533534445.9937506,91776,9.65750789642334
1533534742.8564756,91904,9.640463829040527
1533535039.7233803,92032,10.723621368408203
1533535336.667876,92160,10.022761344909668
1533536027.5852444,92288,9.546314239501953
1533536324.428148,92416,10.553777694702148
1533536621.2499826,92544,9.50562572479248
1533536918.020524,92672,9.126988410949707
1533537604.8221045,92800,10.348007202148438
1533537901.6757376,92928,9.509746551513672
1533538198.474571,93056,10.32942008972168
1533538495.3076198,93184,10.73115062713623
1533539185.6654139,93312,10.13459587097168
1533539482.343759,93440,10.582117080688477
1533539778.9522238,93568,9.813129425048828
1533540075.750261,93696,10.092196464538574
1533540754.4050455,93824,9.429022789001465
1533541051.1612372,93952,9.357123374938965
1533541347.9891987,94080,9.761665344238281
1533541644.7417066,94208,9.33260726928711
1533542333.8615167,94336,9.382852554321289
1533542630.663027,94464,9.847906112670898
1533542927.678686,94592,9.80192756652832
1533543224.5911295,94720,10.81024169921875
1533543915.2075863,94848,9.46909236907959
1533544212.0116408,94976,9.635260581970215
1533544508.918673,95104,9.72262191772461
1533544805.8250642,95232,9.607457160949707
1533545507.2321677,95360,10.659591674804688
1533545804.081403,95488,9.36585807800293
1533546101.0466645,95616,10.996160507202148
1533546398.0287719,95744,9.888239860534668
1533547083.9396966,95872,11.109108924865723
1533547380.8223457,96000,10.034038543701172
1533547677.799233,96128,11.441503524780273
1533547974.6640036,96256,9.601921081542969
1533548669.968023,96384,10.304997444152832
1533548966.9041245,96512,10.023961067199707
1533549263.8429627,96640,9.321170806884766
1533549560.86068,96768,9.85601806640625
1533550260.1609466,96896,9.427827835083008
1533550557.2151418,97024,9.675675392150879
1533550854.22517,97152,9.173493385314941
1533551151.1971235,97280,10.399492263793945
1533551841.7897518,97408,9.382743835449219
1533552138.622158,97536,9.511460304260254
