wall_time,step,value
1531610764.8654077,512,5.593138694763184
1531611739.7733765,1024,5.715000152587891
1531671176.4327574,2048,4.121260643005371
1531672132.631645,2560,3.789484977722168
1531673080.2407358,3072,3.4192824363708496
1531674013.5040226,3584,3.4594357013702393
1531674948.7817793,4096,3.6668691635131836
1531675878.8909276,4608,2.9810051918029785
1531676818.4276567,5120,2.8344271183013916
1531677756.3685105,5632,3.107802391052246
1531678700.5826008,6144,2.688289165496826
1531679643.8757184,6656,2.752279043197632
1531680588.9789326,7168,2.3438150882720947
1531681534.7723894,7680,2.798553228378296
1531682481.1491604,8192,2.6900947093963623
1531683431.643553,8704,2.5758912563323975
1531684376.9923017,9216,2.2385408878326416
1531685324.2766705,9728,2.3070290088653564
1531686275.3736124,10240,2.941603422164917
1531687222.0312407,10752,2.617011308670044
1531688165.6722205,11264,2.660578966140747
1531689109.8011067,11776,2.1576685905456543
1531690055.4894998,12288,2.627512216567993
1531691000.116253,12800,2.3638644218444824
1531691945.5239816,13312,2.2509849071502686
1531692892.8767087,13824,2.2002320289611816
1531693841.0964673,14336,2.2204360961914062
1531694784.1547668,14848,2.225109577178955
1531695726.6248565,15360,2.619885206222534
1531696670.5837193,15872,2.0132007598876953
1531702104.2336535,16896,2.615868091583252
1531703042.815654,17408,1.9530740976333618
1531703985.2655697,17920,2.3942203521728516
1531704927.892312,18432,2.0297646522521973
1531705867.6705558,18944,2.5012435913085938
1531706813.1405742,19456,1.8871643543243408
1531707755.308649,19968,2.0131187438964844
1531708697.9956846,20480,2.1429624557495117
1531709641.6236482,20992,2.0672779083251953
1531710583.0056427,21504,2.0835626125335693
1531711527.8855217,22016,2.2033839225769043
1531712470.5623221,22528,2.0187463760375977
1531713411.681882,23040,2.0848960876464844
1531714357.7204888,23552,2.2609331607818604
1531715301.6130998,24064,2.174534797668457
1531716243.656979,24576,1.6066793203353882
1531717186.5753632,25088,2.6283369064331055
1531718127.6380663,25600,2.0856590270996094
1531719072.5079224,26112,2.4484550952911377
1531720011.567528,26624,1.8621773719787598
1531720957.8607361,27136,1.8830000162124634
1531721902.2589402,27648,2.2326455116271973
1531722840.9020514,28160,1.9510550498962402
1531723784.0123332,28672,1.9413366317749023
1531724728.3589053,29184,1.607733130455017
1531725671.8474076,29696,2.2489166259765625
1531726618.4587018,30208,2.0075926780700684
1531727563.2110558,30720,1.7594307661056519
1531728503.6888156,31232,1.6829988956451416
1531729451.6487868,31744,2.080087423324585
1531730393.674234,32256,1.611924171447754
1531738178.6635492,33280,2.0777945518493652
1531739122.427342,33792,1.490163803100586
1531740070.1241732,34304,2.0503852367401123
1531741016.4028213,34816,1.7627382278442383
1531741957.406793,35328,2.151397466659546
1531742901.903209,35840,1.9055914878845215
1531743845.393397,36352,1.7506283521652222
1531744785.7588804,36864,1.6929333209991455
1531745727.232926,37376,1.6117182970046997
1531746672.4651299,37888,1.9616400003433228
1531747617.7907948,38400,1.7729942798614502
1531764241.2467046,39424,1.9608007669448853
1531765180.1117766,39936,1.9509668350219727
1531766128.5902357,40448,2.0406503677368164
1531767077.7056859,40960,1.8215421438217163
1531768020.4667454,41472,1.8099225759506226
1531768964.4511008,41984,1.85443913936615
1531769909.0835934,42496,1.8863320350646973
1531770854.704697,43008,1.9388467073440552
1531773354.649678,44032,1.9608242511749268
1531774292.4892318,44544,1.5036910772323608
1531775234.4115446,45056,1.9577988386154175
1531776177.7018912,45568,2.483945369720459
1531777113.433077,46080,1.8797615766525269
1531778057.1297429,46592,1.943904995918274
1531779005.0804763,47104,1.802019476890564
1531779946.5426679,47616,1.4449635744094849
1531780887.6867511,48128,1.7307714223861694
1531781829.940153,48640,1.5777229070663452
1531782771.3679547,49152,1.5444597005844116
1531783713.2508745,49664,1.4691447019577026
1531784659.0656033,50176,2.360647201538086
1531785600.3793156,50688,1.7545812129974365
1531786545.3558266,51200,2.0293045043945312
1531787487.9056187,51712,1.4085693359375
1531788430.2214139,52224,2.0884010791778564
1531789380.6910036,52736,1.456234097480774
1531790322.8536398,53248,1.4923375844955444
1531791267.2163122,53760,1.3952308893203735
1531792211.5751026,54272,1.8048791885375977
1531793159.6859634,54784,2.1125400066375732
1531794106.8896809,55296,1.6664854288101196
1531795051.0639198,55808,1.3315938711166382
1531795993.7337937,56320,1.617615818977356
1531796939.6990604,56832,1.5315909385681152
1531797887.3583066,57344,1.6128854751586914
1531798830.931151,57856,1.6492846012115479
1531799772.205008,58368,1.3504176139831543
1531800714.2436748,58880,1.426580548286438
1531801660.070294,59392,1.6867039203643799
1531802605.3083436,59904,1.646889567375183
1531803552.4083529,60416,1.8466448783874512
1531804498.2135122,60928,1.6900126934051514
1531805446.2405725,61440,1.5905225276947021
1531806392.8915017,61952,2.009148597717285
1531807336.9772754,62464,1.8880656957626343
1531808284.717898,62976,1.9948903322219849
1531809230.5768554,63488,1.9183969497680664
1531810181.5913558,64000,1.453329086303711
1531811127.4553094,64512,1.8137876987457275
1531812077.7629535,65024,1.617282748222351
1531813028.1630502,65536,1.5181596279144287
1531813979.6690075,66048,1.6530768871307373
1531814931.637893,66560,1.8541254997253418
1531815881.488351,67072,1.7960636615753174
1531816834.4975686,67584,1.4165847301483154
1531817786.24096,68096,1.3719666004180908
1531818740.4807367,68608,1.3506956100463867
1531819693.5049357,69120,1.8092190027236938
1531820645.0153198,69632,1.481225848197937
1531821596.1212018,70144,1.978800654411316
1531822551.838152,70656,1.6788934469223022
1531823503.5842993,71168,1.3820483684539795
1531824454.4332516,71680,1.2105226516723633
1531825409.3375852,72192,1.622750997543335
1531826361.7568774,72704,1.5134937763214111
1531827313.8029387,73216,1.3474804162979126
1531828269.004389,73728,1.6368173360824585
1531829222.8448048,74240,1.5610982179641724
1531830176.1676161,74752,1.4714014530181885
1531831128.5182643,75264,1.2648627758026123
1531832081.3225987,75776,1.6304442882537842
1531833031.7131271,76288,1.4172617197036743
1531833981.2904391,76800,1.528719425201416
1531834932.4503443,77312,1.6672887802124023
1531835887.3525817,77824,1.5014793872833252
1531916658.6518357,78336,2.028775215148926
1531917613.4785225,78848,1.9108554124832153
1531918559.910375,79360,1.7654545307159424
1531919510.464168,79872,1.4444512128829956
1531920460.7945418,80384,2.5214743614196777
1531921409.5714202,80896,1.254920482635498
1531922361.2172801,81408,2.224433183670044
1531923313.3837695,81920,1.9462194442749023
1531924267.9731886,82432,1.930618166923523
1531925218.6117249,82944,1.8683056831359863
1531926165.31679,83456,1.5112851858139038
1531927114.423532,83968,1.7757015228271484
1531928069.8827043,84480,2.223618268966675
1531929021.1196811,84992,1.4288145303726196
1531929971.2009768,85504,1.998741865158081
1531930925.420812,86016,1.4057233333587646
1531931876.5492773,86528,1.5022964477539062
1531932826.8010638,87040,2.0431621074676514
1531933778.1362965,87552,1.68053138256073
1531934729.698032,88064,1.9174102544784546
1531935682.0542176,88576,1.9299606084823608
1531936632.2763016,89088,2.0443878173828125
1531937581.7781556,89600,1.5426629781723022
1531938536.3039656,90112,2.5689947605133057
1531939487.2245317,90624,1.4499502182006836
1531940438.9219215,91136,1.3333582878112793
1531941389.04794,91648,1.6987459659576416
1531942339.9069037,92160,1.8067001104354858
1531943290.724241,92672,1.5549583435058594
1531944244.6936975,93184,1.7526137828826904
1531945193.536791,93696,1.5791740417480469
1531946145.8532057,94208,1.3535538911819458
1531947097.9012637,94720,1.8439271450042725
1531948049.208462,95232,1.3096998929977417
1531949001.6083486,95744,1.3048269748687744
1531949954.9167185,96256,1.7125530242919922
1531950913.3335118,96768,1.795975923538208
1531951867.162907,97280,2.011775255203247
