wall_time,step,value
1532211835.844858,512,0.3738928437232971
1532212902.6640596,1024,0.3265710473060608
1532213965.1221545,1536,0.30494365096092224
1532215016.808246,2048,0.26530328392982483
1532216066.5280282,2560,0.23934496939182281
1532217119.5284595,3072,0.21707604825496674
1532218159.1825743,3584,0.20561069250106812
1532219192.8400283,4096,0.1949678212404251
1532220227.5581698,4608,0.18611739575862885
1532221262.0250633,5120,0.1749601811170578
1532222294.0847907,5632,0.17011821269989014
1532223326.9756246,6144,0.1580330729484558
1532224358.7021954,6656,0.150840625166893
1532225389.581817,7168,0.14879415929317474
1532226419.0129468,7680,0.14241087436676025
1532227451.9571564,8192,0.13392046093940735
1532228482.315992,8704,0.13693444430828094
1532229519.065823,9216,0.1354522556066513
1532230553.6473858,9728,0.13395394384860992
1532231592.3109717,10240,0.12507808208465576
1532232631.2789192,10752,0.12155945599079132
1532233670.5502968,11264,0.12560537457466125
1532234707.8423347,11776,0.11590305715799332
1532235743.7454927,12288,0.11850902438163757
1532236780.4880965,12800,0.11547434329986572
1532237819.1036024,13312,0.11384597420692444
1532238856.869159,13824,0.11138355731964111
1532239892.8128107,14336,0.10133495181798935
1532240928.6561606,14848,0.10382615774869919
1532241968.4734445,15360,0.10227089375257492
1532243010.5796466,15872,0.09943065047264099
1532244053.1014898,16384,0.10541964322328568
1532245094.8648496,16896,0.09931082278490067
1532246131.426584,17408,0.09463516622781754
1532247168.944183,17920,0.09522813558578491
1532248206.723506,18432,0.09086228907108307
1532249246.896603,18944,0.08810882270336151
1532250288.4563456,19456,0.08835499733686447
1532251324.7493966,19968,0.08806725591421127
1532252365.6812773,20480,0.08665335178375244
1532253407.885968,20992,0.07962784171104431
1532254445.4346404,21504,0.08333222568035126
1532255487.1327593,22016,0.08264846354722977
1532256526.9234774,22528,0.0818338543176651
1532257565.359028,23040,0.08159426599740982
1532258605.3483467,23552,0.08011198043823242
1532259645.7098868,24064,0.08286900818347931
1532260690.185323,24576,0.07623350620269775
1532261732.5866015,25088,0.07859662175178528
1532262776.7745848,25600,0.07159817963838577
1532263816.169713,26112,0.07569306343793869
1532264860.2795498,26624,0.07621706277132034
1532265902.3509958,27136,0.07251516729593277
1532266946.4710054,27648,0.07404244691133499
1532267990.4375546,28160,0.07063715159893036
1532269033.3374324,28672,0.0688486248254776
1532270079.2880995,29184,0.0704876258969307
1532271124.1401296,29696,0.07342659682035446
1532272166.0315447,30208,0.06957661360502243
1532273211.2966135,30720,0.06689167767763138
1532274258.2336159,31232,0.06693972647190094
1532275303.8052523,31744,0.06175398454070091
1532276348.0623565,32256,0.0642191469669342
1532277392.7904198,32768,0.06473904848098755
1532278435.0134459,33280,0.06629772484302521
1532279480.1359391,33792,0.06767535954713821
1532307913.1835148,34304,0.06675298511981964
1532308955.471007,34816,0.06403874605894089
1532310002.8966832,35328,0.06282273679971695
1532311046.666798,35840,0.06124843657016754
1532312093.4499738,36352,0.06132769212126732
1532313138.278634,36864,0.061033330857753754
1532385029.7338338,37888,0.06133204326033592
1532386072.362616,38400,0.0618911013007164
1532387117.2527976,38912,0.06021042913198471
1532388164.2880933,39424,0.06072481721639633
1532389210.6588192,39936,0.06099475175142288
1532390256.3059747,40448,0.059460245072841644
1532391299.3045247,40960,0.05512917414307594
1532392345.5743363,41472,0.05690253525972366
1532393393.071727,41984,0.0595744326710701
1532394438.2029018,42496,0.059837255626916885
1532395484.6360059,43008,0.0556347630918026
1532396531.7477014,43520,0.0575111098587513
1532397576.8105896,44032,0.05456838384270668
1532398622.457974,44544,0.054069895297288895
1532399668.1244943,45056,0.05374651774764061
1532400714.6357448,45568,0.05186024308204651
1532401761.3923213,46080,0.052688807249069214
1532402808.208273,46592,0.05462184548377991
1532403856.7498562,47104,0.05624867603182793
1532404908.4012315,47616,0.056028369814157486
1532405956.2833855,48128,0.05141334980726242
1532407007.6723514,48640,0.055238671600818634
1532408056.4300497,49152,0.0512673445045948
1532409105.3134968,49664,0.05083838850259781
1532410153.4209104,50176,0.05252489447593689
1532411201.9594812,50688,0.04882878437638283
1532412251.6114864,51200,0.05251796171069145
1532413303.2299335,51712,0.05484374240040779
1532414353.1584365,52224,0.05086025595664978
1532415405.3690794,52736,0.05116243660449982
1532416456.3886178,53248,0.051575686782598495
1532417503.3011353,53760,0.051006317138671875
1532418554.292904,54272,0.048930246382951736
1532419604.4479187,54784,0.051475826650857925
1532420654.0977507,55296,0.049634598195552826
1532421707.558549,55808,0.050750743597745895
1532422757.604635,56320,0.047095321118831635
1532423807.2984772,56832,0.04821932315826416
1532424855.4097874,57344,0.04974556341767311
1532425902.749055,57856,0.047557178884744644
1532426948.5521817,58368,0.05003894492983818
1532427999.8453248,58880,0.04889620468020439
1532429053.250141,59392,0.048337422311306
1532430105.757364,59904,0.047347161918878555
1532431159.8845873,60416,0.05090625211596489
1532432213.597787,60928,0.04590225592255592
1532433266.7716246,61440,0.04793935641646385
1532434315.7554984,61952,0.04603610560297966
1532435368.7119966,62464,0.04508357122540474
1532436423.7684162,62976,0.048646822571754456
1532437477.9097018,63488,0.04521104693412781
1532438528.7609658,64000,0.04756031557917595
1532439583.854934,64512,0.04609830304980278
1532440636.619084,65024,0.0459638349711895
1532441690.9774017,65536,0.04662464186549187
1532442746.778201,66048,0.04827556014060974
1532443800.6281633,66560,0.04507770389318466
1532444854.0340984,67072,0.043432362377643585
1532445908.4415615,67584,0.045427992939949036
1532446964.1046288,68096,0.046350594609975815
1532448016.5187657,68608,0.04532881826162338
1532449068.936284,69120,0.04450360685586929
1532450123.8630574,69632,0.044404033571481705
1532451177.8021765,70144,0.044180333614349365
1532452232.2836428,70656,0.04415342956781387
1532453282.7835157,71168,0.04793940857052803
1532471927.3936546,71680,0.047230690717697144
1532472975.102633,72192,0.043450817465782166
1532474021.978157,72704,0.046283069998025894
1532475069.36011,73216,0.044524967670440674
1532476117.9002562,73728,0.040812134742736816
1532477166.9439814,74240,0.04032481834292412
1532478218.3607237,74752,0.04332897439599037
1532479270.0369678,75264,0.04361776262521744
1532480320.8068557,75776,0.04344223067164421
1532481369.3628716,76288,0.045234888792037964
1532482418.9143426,76800,0.04278741776943207
1532483471.5499358,77312,0.042361825704574585
1532484520.0422404,77824,0.043644070625305176
1532485572.129884,78336,0.042917944490909576
1532486622.8585167,78848,0.03993784263730049
1532487672.650323,79360,0.044105153530836105
1532488726.6069796,79872,0.04364853724837303
1532489776.6824965,80384,0.04428219795227051
1532490832.5102866,80896,0.04337390512228012
1532491885.5122783,81408,0.04039936512708664
1532492936.4017105,81920,0.04082922264933586
1532493986.8332822,82432,0.04225107654929161
1532495041.4477994,82944,0.04085010662674904
1532496097.292273,83456,0.043807502835989
1532497150.041841,83968,0.04228959232568741
1532498203.5028722,84480,0.04296679422259331
1532499257.6514509,84992,0.04049394279718399
1532500311.8473227,85504,0.042427826672792435
1532501363.5124626,86016,0.04200898855924606
1532502417.54043,86528,0.04239583760499954
1532503468.1583047,87040,0.042968183755874634
1532504518.911394,87552,0.042712610214948654
1532505568.0424647,88064,0.04003922641277313
1532506620.5021336,88576,0.04128453508019447
1532507672.8142865,89088,0.04025840759277344
1532508728.1065853,89600,0.04111858829855919
1532509781.076522,90112,0.04235168173909187
1532510834.4277186,90624,0.04117884114384651
1532511888.9685097,91136,0.03986353799700737
1532512943.9951372,91648,0.040225159376859665
1532513998.4543362,92160,0.03904061019420624
1532515054.6514955,92672,0.03962024301290512
1532516108.4031086,93184,0.03922843560576439
1532517162.2497342,93696,0.041720982640981674
1532518217.663987,94208,0.03967472165822983
1532519269.4996157,94720,0.03921176493167877
1532520324.8195503,95232,0.039519548416137695
1532521379.5151515,95744,0.04077686741948128
1532522437.539155,96256,0.041339095681905746
1532523495.0685275,96768,0.03884320333600044
1532524548.9572194,97280,0.03972509130835533
