wall_time,step,value
1530397837.6223698,128,3.5502514839172363
1530397881.1015537,256,1.8876326084136963
1530397925.2474122,384,1.2486363649368286
1530397969.9231029,512,0.7462190985679626
1530398069.4038932,640,0.5232595801353455
1530398113.0339136,768,0.3650394380092621
1530398157.6752586,896,0.2813035547733307
1530398202.4922051,1024,0.16461363434791565
1530398301.6278405,1152,0.12566041946411133
1530398345.4813306,1280,0.09019703418016434
1530398390.4695373,1408,0.10248548537492752
1530398435.4424617,1536,0.07744394242763519
1530398534.1662054,1664,0.05318571627140045
1530398578.2057323,1792,0.07769541442394257
1530398623.1988626,1920,0.058989088982343674
1530398668.3274875,2048,0.06504185497760773
1530398766.4676495,2176,0.07917756587266922
1530398810.3640041,2304,0.07153619825839996
1530398855.4786162,2432,0.0666503831744194
1530398900.4909058,2560,0.06474464386701584
1530398999.795475,2688,0.058553297072649
1530399043.8981657,2816,0.0651487186551094
1530399089.0701797,2944,0.061451926827430725
1530399134.132029,3072,0.04982232302427292
1530399232.1255481,3200,0.049189623445272446
1530399276.127668,3328,0.05378037691116333
1530399321.2362928,3456,0.05352725088596344
1530399366.3442273,3584,0.0450785867869854
1530399465.709534,3712,0.041252054274082184
1530399509.6885283,3840,0.03848586603999138
1530399554.605601,3968,0.04165519028902054
1530399599.6522193,4096,0.03035055473446846
1530399699.0143018,4224,0.04694376513361931
1530399743.0791097,4352,0.042392656207084656
1530399788.145148,4480,0.028648117557168007
1530399833.194681,4608,0.03608773648738861
1530399932.4152,4736,0.024858877062797546
1530399976.4450858,4864,0.02420886605978012
1530400021.485609,4992,0.033777251839637756
1530400066.4750104,5120,0.03208116814494133
1530400165.8556783,5248,0.027426695451140404
1530400209.9172883,5376,0.04090714827179909
1530400254.899009,5504,0.026494132354855537
1530400299.9476745,5632,0.034782953560352325
1530400399.3454328,5760,0.021019969135522842
1530400443.4542918,5888,0.023174967616796494
1530400488.6542096,6016,0.0269829910248518
1530400533.712318,6144,0.02243604138493538
1530400633.0693002,6272,0.024546165019273758
1530400677.1532083,6400,0.04044786095619202
1530400722.3585403,6528,0.02657395228743553
1530400767.4873662,6656,0.030676499009132385
1530400869.4072516,6784,0.030252274125814438
1530400913.45861,6912,0.031917721033096313
1530400958.597891,7040,0.030213644728064537
1530401003.78946,7168,0.032532669603824615
1530401104.1466482,7296,0.023244580253958702
1530401148.2114933,7424,0.017479583621025085
1530401193.2920346,7552,0.024469265714287758
1530401238.346762,7680,0.02166558802127838
1530401338.506328,7808,0.03365611284971237
1530401382.5235825,7936,0.023227326571941376
1530401427.7340972,8064,0.02838228829205036
1530401472.7483807,8192,0.03051941841840744
1530401572.2639148,8320,0.02371049113571644
1530401616.3931503,8448,0.024008773267269135
1530401661.5025156,8576,0.02811860479414463
1530401706.6396215,8704,0.025800853967666626
1530401807.333086,8832,0.021214507520198822
1530401851.3761213,8960,0.0204384233802557
1530401896.4082975,9088,0.025054043158888817
1530401941.5628273,9216,0.02453591488301754
1530402041.0459247,9344,0.027121849358081818
1530402085.059804,9472,0.018778495490550995
1530402130.200687,9600,0.016512999311089516
1530402175.35915,9728,0.030465953052043915
1530402275.5171752,9856,0.021980388090014458
1530402319.547312,9984,0.017569495365023613
1530402364.6555872,10112,0.022178269922733307
1530402409.7916667,10240,0.023786596953868866
1530402510.0868073,10368,0.02140951156616211
1530402554.0902011,10496,0.018564511090517044
1530402599.179622,10624,0.016506606712937355
1530402644.2550225,10752,0.02194615826010704
1530402745.0842247,10880,0.016563095152378082
1530402788.9979668,11008,0.017276600003242493
1530402834.0664396,11136,0.029169686138629913
1530402879.1101365,11264,0.01782689243555069
1530402979.359271,11392,0.028371162712574005
1530403023.412913,11520,0.020289793610572815
1530403068.4995635,11648,0.020514855161309242
1530403113.5939796,11776,0.018071794882416725
1530403214.4233015,11904,0.017173927277326584
1530403258.3444643,12032,0.019365979358553886
1530403303.4828737,12160,0.02006370574235916
1530403348.5473404,12288,0.022753121331334114
1530403450.0926232,12416,0.02486264891922474
1530403494.0893102,12544,0.019992774352431297
1530403539.167235,12672,0.011611737310886383
1530403584.2877388,12800,0.02050982043147087
1530403684.4556632,12928,0.01531911175698042
1530403728.5168953,13056,0.014056360349059105
1530403773.5537667,13184,0.010571685619652271
1530403818.6821668,13312,0.01587885431945324
1530403917.9860344,13440,0.01986675336956978
1530403962.0625887,13568,0.017689896747469902
1530404007.1063497,13696,0.017536314204335213
1530404052.2334583,13824,0.02040158398449421
1530404152.5651526,13952,0.008977361023426056
1530404196.6335778,14080,0.010591009631752968
1530404241.5939212,14208,0.01256545726209879
1530404286.6947849,14336,0.013112137094140053
1530404387.578988,14464,0.012674788013100624
1530404431.4732168,14592,0.014791084453463554
1530404476.619718,14720,0.011614583432674408
1530404521.6907241,14848,0.014572196640074253
1530404621.7051814,14976,0.011930815875530243
1530404665.6497822,15104,0.011403191834688187
1530404710.754847,15232,0.014435488730669022
1530404755.847705,15360,0.01734454184770584
1530404856.1525342,15488,0.01474757120013237
1530404900.0825853,15616,0.016070615500211716
1530404945.0049777,15744,0.013408144935965538
1530404990.0836434,15872,0.02600921131670475
1530405090.2657967,16000,0.014742575585842133
1530405134.215951,16128,0.013901486992835999
1530405179.2403946,16256,0.01831354759633541
1530405224.2226884,16384,0.02914503775537014
1530405325.254935,16512,0.016007956117391586
1530405369.1626306,16640,0.013994435779750347
1530405414.275772,16768,0.017266515642404556
1530405459.326621,16896,0.010722997598350048
1530405560.6646144,17024,0.012109230272471905
1530405604.563487,17152,0.0264439694583416
1530405649.5877068,17280,0.011537465266883373
1530405694.6717584,17408,0.015718724578619003
1530405795.4064856,17536,0.02126331441104412
1530405839.3340092,17664,0.01843416318297386
1530405884.3584301,17792,0.018054207786917686
1530405929.3754082,17920,0.022773854434490204
1530406029.2699108,18048,0.01593582145869732
1530406073.173782,18176,0.013226845301687717
1530406118.1824982,18304,0.007796845864504576
1530406163.2036328,18432,0.01129742618650198
1530406263.8179212,18560,0.02022087574005127
1530406307.763362,18688,0.010356567800045013
1530406352.6710606,18816,0.01803368330001831
1530406397.7725935,18944,0.01477988064289093
1530406498.176486,19072,0.012183248065412045
1530406542.1067948,19200,0.011940138414502144
1530406587.037827,19328,0.014105269685387611
1530406632.033612,19456,0.012455872260034084
1530406732.6552303,19584,0.01642531342804432
1530406776.561687,19712,0.009274765849113464
1530406821.7079737,19840,0.010000272653996944
1530406866.807046,19968,0.009866353124380112
1530406968.0274792,20096,0.01069588027894497
1530407011.9403453,20224,0.021641705185174942
1530407056.957831,20352,0.00857347622513771
1530407101.966029,20480,0.010880288667976856
1530407202.8179963,20608,0.015497660264372826
1530407246.680074,20736,0.010801967233419418
1530407291.5421183,20864,0.012169265188276768
1530407336.548309,20992,0.011333449743688107
1530407437.102656,21120,0.016935406252741814
1530407481.0207207,21248,0.011540818959474564
1530407526.0391874,21376,0.02269572764635086
1530407571.1329002,21504,0.013409201055765152
1530407671.6283228,21632,0.01472160592675209
1530407715.544571,21760,0.013403205201029778
1530407760.5295086,21888,0.012058247812092304
1530407805.5202217,22016,0.010986710898578167
1530407906.0671475,22144,0.018644031137228012
1530407949.9768054,22272,0.023560399189591408
1530407994.8888283,22400,0.01387738436460495
1530408039.8877585,22528,0.0175375584512949
1530408141.3913803,22656,0.0164338406175375
1530408185.3029053,22784,0.014492752030491829
1530408230.1998613,22912,0.012696126475930214
1530408275.2935016,23040,0.015053382143378258
1530408375.51346,23168,0.01612701453268528
1530408419.4186623,23296,0.018951212987303734
1530408464.3431683,23424,0.012996530160307884
1530408509.4594429,23552,0.012731406837701797
1530408610.0602381,23680,0.015565157867968082
1530408653.9790616,23808,0.010727080516517162
1530408698.920802,23936,0.01521203201264143
1530408743.9442067,24064,0.017605923116207123
1530408844.5562193,24192,0.029173225164413452
1530408888.4221327,24320,0.01705249398946762
1530408933.3897731,24448,0.01334043126553297
1530408978.3819704,24576,0.017208483070135117
1530409080.297924,24704,0.012950357981026173
1530409124.226614,24832,0.013219771906733513
1530409169.1979933,24960,0.02434537373483181
1530409214.198926,25088,0.010257803834974766
1530409314.966894,25216,0.016889745369553566
1530409358.8721144,25344,0.010270731523633003
1530409403.8007598,25472,0.007342071738094091
1530409448.7490275,25600,0.014530172571539879
1530409550.4659271,25728,0.01643775776028633
1530409594.3209043,25856,0.015096363611519337
1530409639.3391025,25984,0.011186660267412663
1530409684.3600388,26112,0.016540564596652985
1530409784.133789,26240,0.015798011794686317
1530409828.0820699,26368,0.017004134133458138
1530409873.0931933,26496,0.018542049452662468
1530409918.0905693,26624,0.01605733297765255
1530410018.7882183,26752,0.013400987721979618
1530410062.704106,26880,0.009874013252556324
1530410107.664591,27008,0.013034278526902199
1530410152.7435975,27136,0.011599430814385414
1530410252.4402869,27264,0.016004294157028198
1530410296.3728187,27392,0.013027500361204147
1530410341.431669,27520,0.014575904235243797
1530410386.5798304,27648,0.01340741291642189
1530410488.7003024,27776,0.01720048114657402
1530410532.6149073,27904,0.012258916161954403
1530410577.5454886,28032,0.013355333358049393
1530410622.6255548,28160,0.013927089050412178
1530410723.512895,28288,0.019702600315213203
1530410767.433399,28416,0.01220955140888691
1530410812.2555096,28544,0.0244631078094244
1530410857.216313,28672,0.017240408807992935
1530410957.7330477,28800,0.013828771188855171
1530411001.6130698,28928,0.016705477610230446
1530411046.5256886,29056,0.011761339381337166
1530411091.5866995,29184,0.01969190686941147
1530411192.3727663,29312,0.01297761034220457
1530411236.29366,29440,0.01453192438930273
1530411281.169827,29568,0.014091184362769127
1530411326.312377,29696,0.013784191571176052
1530411426.513897,29824,0.01241555716842413
1530411470.440937,29952,0.01370704174041748
1530411515.357501,30080,0.021674975752830505
1530411560.4055884,30208,0.013368122279644012
1530411662.811115,30336,0.01620100438594818
1530411706.7395456,30464,0.011749520897865295
1530411751.5705295,30592,0.016042569652199745
1530411796.5907896,30720,0.013737284578382969
1530411896.8268473,30848,0.010389703325927258
1530411940.7673287,30976,0.011481162160634995
1530411985.7162209,31104,0.016268137842416763
1530412030.7758682,31232,0.008497826755046844
1530412132.5536802,31360,0.020185235887765884
1530412176.527715,31488,0.023602068424224854
1530412221.363339,31616,0.013052994385361671
1530412266.4745774,31744,0.01966840960085392
1530412368.508827,31872,0.010526930913329124
1530412412.4669776,32000,0.016322683542966843
1530412457.2045352,32128,0.014240005984902382
1530412502.172635,32256,0.016916342079639435
1530412603.8264368,32384,0.01713656261563301
1530412647.8048575,32512,0.012327387928962708
1530412692.674628,32640,0.011878164485096931
1530412737.7854173,32768,0.011819908395409584
1530412839.066099,32896,0.016700726002454758
1530412882.9849231,33024,0.019371090456843376
1530412927.8778636,33152,0.016380449756979942
1530412972.9264042,33280,0.01511129830032587
1530413073.8409379,33408,0.016756242141127586
1530413117.7502134,33536,0.010685975663363934
1530413162.5540555,33664,0.015043708495795727
1530413207.704219,33792,0.02257128246128559
1530413310.1817393,33920,0.011030915193259716
1530413354.0380177,34048,0.014387806877493858
1530413398.7998388,34176,0.01401358563452959
1530413443.8032231,34304,0.0118248937651515
1530413545.3746996,34432,0.01338172610849142
1530413589.2402878,34560,0.015037624165415764
1530413634.1153188,34688,0.007284761406481266
1530413679.1414738,34816,0.010431209579110146
1530413780.6740522,34944,0.010156707838177681
1530413824.6029723,35072,0.010770258493721485
1530413869.3408766,35200,0.01673620566725731
1530413914.4464154,35328,0.015559375286102295
1530414017.4188588,35456,0.011424774304032326
1530414061.365187,35584,0.012297982349991798
1530414106.1678307,35712,0.011940978467464447
1530414151.2430813,35840,0.016480091959238052
1530414252.907233,35968,0.014450476504862309
1530414296.8104427,36096,0.021101266145706177
1530414341.7029634,36224,0.020043667405843735
1530414386.7477446,36352,0.015120784752070904
1530414488.5250313,36480,0.012684052810072899
1530414532.4425087,36608,0.01518799364566803
1530414577.2304542,36736,0.010549617931246758
1530414622.362811,36864,0.010243900120258331
1530414724.5104356,36992,0.013697260059416294
1530414768.4101374,37120,0.012202649377286434
1530414813.2707605,37248,0.014526056125760078
1530414858.4162705,37376,0.011657040566205978
1530414961.3247507,37504,0.01484861969947815
1530415005.2553287,37632,0.01081173401325941
1530415050.055057,37760,0.013717938214540482
1530415095.127805,37888,0.012753475457429886
1530415197.2039719,38016,0.018047519028186798
1530415241.1392426,38144,0.013179595582187176
1530415285.800478,38272,0.00937217939645052
1530415330.873936,38400,0.014585680328309536
1530415433.5144668,38528,0.012358685955405235
1530415477.4362304,38656,0.009445689618587494
1530415522.3167548,38784,0.009998541325330734
1530547554.5266225,39040,0.014048328623175621
1530547598.2818801,39168,0.01596640981733799
1530547642.0653405,39296,0.008162743411958218
1530547686.548067,39424,0.011682238429784775
1530547784.7442482,39552,0.012263950891792774
1530547828.5101292,39680,0.012168399058282375
1530547872.744958,39808,0.013740482740104198
1530547917.5399604,39936,0.01346184965223074
1530548016.4933558,40064,0.011901095509529114
1530548060.3399446,40192,0.013223986141383648
1530548104.6126695,40320,0.01417495496571064
1530548149.4845047,40448,0.013038921169936657
1530548247.1597602,40576,0.016429079696536064
1530548290.989372,40704,0.01251486036926508
1530548335.2482605,40832,0.011639798991382122
1530548380.1493006,40960,0.014688221737742424
1530548479.563486,41088,0.01602264679968357
1530548523.4010742,41216,0.012058930471539497
1530548567.639809,41344,0.010252182371914387
1530548612.4344416,41472,0.011201145127415657
1530548710.7733848,41600,0.009997028857469559
1530548754.5969656,41728,0.012590210884809494
1530548798.8756697,41856,0.010075649246573448
1530548843.7393959,41984,0.01025998406112194
1530548941.4357293,42112,0.014807681553065777
1530548985.2905002,42240,0.01524958573281765
1530549029.5444212,42368,0.013550277799367905
1530549074.4848695,42496,0.017931334674358368
1530549172.804765,42624,0.008044895716011524
1530549216.668852,42752,0.010280406102538109
1530549260.9139705,42880,0.010742353275418282
1530549305.7807827,43008,0.015613959170877934
1530549405.1136262,43136,0.00926891714334488
1530549448.9878051,43264,0.017611628398299217
1530549493.3928943,43392,0.014478317461907864
1530549538.2719529,43520,0.00957154668867588
1530549636.715247,43648,0.009288281202316284
1530549680.5166037,43776,0.00964940246194601
1530549724.776294,43904,0.0069090332835912704
1530549769.7113733,44032,0.00753377191722393
1530549866.4995813,44160,0.014496749266982079
1530549910.3294802,44288,0.015194343402981758
1530549954.6380932,44416,0.010434799827635288
1530549999.4403055,44544,0.012531785294413567
1530550097.927082,44672,0.01249028742313385
1530550141.8141854,44800,0.010811093263328075
1530550186.1886923,44928,0.013606907799839973
1530550231.0646205,45056,0.012072286568582058
1530550329.0454874,45184,0.010512735694646835
1530550372.922068,45312,0.01022062636911869
1530550417.3870416,45440,0.013066785410046577
1530550462.31311,45568,0.011201412416994572
1530550561.3237557,45696,0.013493241742253304
1530550605.12141,45824,0.016202615574002266
1530550649.5598197,45952,0.011796513572335243
1530550694.4751458,46080,0.009787964634597301
1530550791.536323,46208,0.01111194584518671
1530550835.3824084,46336,0.007112656719982624
1530550879.850014,46464,0.008239295333623886
1530550924.768676,46592,0.010297829285264015
1530551023.737099,46720,0.01422237791121006
1530551067.6089265,46848,0.01076075341552496
1530551112.0082853,46976,0.011053057387471199
1530551157.0162754,47104,0.008437641896307468
1530551254.669411,47232,0.00965395849198103
1530551298.5150118,47360,0.008491170592606068
1530551343.1266372,47488,0.011559566482901573
1530551388.0865078,47616,0.011834254488348961
1530551486.5725842,47744,0.008521055802702904
1530551530.4442327,47872,0.01254982128739357
1530551575.0165846,48000,0.011776773259043694
1530551620.065155,48128,0.010906841605901718
1530551718.3694534,48256,0.011903328821063042
1530551762.2135684,48384,0.011655176058411598
1530551806.7505333,48512,0.009447497315704823
1530551851.597375,48640,0.009870240464806557
1530551949.6933117,48768,0.011423083953559399
1530551993.518889,48896,0.014846133068203926
1530552038.1175165,49024,0.006933788303285837
1530552083.0426667,49152,0.011719285510480404
1530552182.7130654,49280,0.007962850853800774
1530552226.56187,49408,0.008331842720508575
1530552271.2109303,49536,0.015331383794546127
1530552316.0149038,49664,0.014631371945142746
1530552414.868732,49792,0.0053666383028030396
1530552458.667891,49920,0.005875127390027046
1530552503.2843058,50048,0.01531232986599207
1530552548.305376,50176,0.020977091044187546
1530552647.9211478,50304,0.0074120331555604935
1530552691.7606742,50432,0.006746342405676842
1530552736.3762126,50560,0.02400963380932808
1530552781.359039,50688,0.006663922220468521
1530552881.12051,50816,0.014827120117843151
1530552924.9693394,50944,0.015819260850548744
1530552969.662039,51072,0.01406162977218628
1530553014.626137,51200,0.009259342215955257
1530553114.3405857,51328,0.016412539407610893
1530553158.2083664,51456,0.01082840096205473
1530553202.911337,51584,0.012717299163341522
1530553247.9832304,51712,0.01293682586401701
1530553346.3945858,51840,0.011146970093250275
1530553390.2378068,51968,0.008450644090771675
1530553434.98732,52096,0.013322774320840836
1530553480.052168,52224,0.008880754001438618
1530553578.7779071,52352,0.01178863923996687
1530553622.5679553,52480,0.007607650943100452
1530553667.266029,52608,0.007745486218482256
1530553712.196364,52736,0.0073858508840203285
1530553810.1959152,52864,0.014735031872987747
1530553854.0327177,52992,0.007535245735198259
1530553898.8039854,53120,0.011252842843532562
1530553943.7516887,53248,0.009085960686206818
1530554042.4993145,53376,0.01885230652987957
1530554086.3574119,53504,0.013346408493816853
1530554131.0509653,53632,0.00990310125052929
1530554175.9908638,53760,0.01139194518327713
1530554274.7805364,53888,0.011016879230737686
1530554318.6635616,54016,0.00927123986184597
1530554363.4108741,54144,0.008068661205470562
1530554408.3232818,54272,0.009670442901551723
1530554507.9468837,54400,0.009459205903112888
1530554551.763026,54528,0.01202533021569252
1530554596.5340688,54656,0.008371667936444283
1530554641.4733396,54784,0.012460130266845226
1530554739.7167037,54912,0.010961486957967281
1530554783.5706117,55040,0.007974203675985336
1530554828.3411303,55168,0.008948713541030884
1530554873.3186002,55296,0.0127617372199893
1530554973.480553,55424,0.00890753697603941
1530555017.382783,55552,0.008788194507360458
1530555062.0003858,55680,0.009212290868163109
1530555107.040232,55808,0.012536751106381416
1530555205.8178532,55936,0.010866680182516575
1530555249.6450338,56064,0.011412435211241245
1530555294.4094572,56192,0.012581441551446915
1530555339.3306127,56320,0.012558738701045513
1530555438.0882974,56448,0.01213839091360569
1530555481.913839,56576,0.009441884234547615
1530555526.6850553,56704,0.010540876537561417
1530555571.5938363,56832,0.008776112459599972
1530555671.632492,56960,0.00849023275077343
1530555715.5470843,57088,0.011859390884637833
1530555760.3419847,57216,0.007532324641942978
1530555805.379243,57344,0.00757412426173687
1530555903.753835,57472,0.010334493592381477
1530555947.6408257,57600,0.007798049598932266
1530555992.5528545,57728,0.011644254438579082
1530556037.5686078,57856,0.012523735873401165
1530556137.7582886,57984,0.01457231119275093
1530556181.6218195,58112,0.010688897222280502
1530556226.5303397,58240,0.009159700013697147
1530556271.526343,58368,0.008374943397939205
1530556371.7144742,58496,0.015380128286778927
1530556415.5648942,58624,0.01249407697468996
1530556460.0929856,58752,0.01385284774005413
1530556504.9446816,58880,0.011765575036406517
1530556604.8950005,59008,0.0089419512078166
1530556648.816445,59136,0.007981326431035995
1530556693.4905226,59264,0.009197897277772427
1530556738.348013,59392,0.01521715521812439
1530556838.1131346,59520,0.00943856779485941
1530556882.0078285,59648,0.0055534024722874165
1530556926.646373,59776,0.007112379185855389
1530556971.6427817,59904,0.012430696748197079
1530557070.933036,60032,0.005796277429908514
1530557114.8342483,60160,0.010887179523706436
1530557159.4843707,60288,0.013803083449602127
1530557204.3505156,60416,0.01081462949514389
1530557303.6778219,60544,0.008804015815258026
1530557347.5305963,60672,0.010372710414230824
1530557392.1764362,60800,0.009568893350660801
1530557437.071853,60928,0.010950678959488869
1530557537.3508992,61056,0.007029082626104355
1530557581.167613,61184,0.00631372444331646
1530557625.5964944,61312,0.008779596537351608
1530557670.6004837,61440,0.009378297254443169
1530557770.2671442,61568,0.010914858430624008
1530557814.1758268,61696,0.014037596993148327
1530557858.7280276,61824,0.011912226676940918
1530557903.8128138,61952,0.011204688809812069
1530558004.438656,62080,0.013993024826049805
1530558048.3364732,62208,0.013804932124912739
1530558093.0440254,62336,0.011395098641514778
1530558138.0751164,62464,0.007258727680891752
1530558237.655865,62592,0.011015738360583782
1530558281.542826,62720,0.0091000497341156
1530558326.3288388,62848,0.010880699381232262
1530558371.1574228,62976,0.007198608014732599
1530558470.5959928,63104,0.006594810634851456
1530558514.5306733,63232,0.007264561485499144
1530558559.334508,63360,0.009889793582260609
1530558604.3487735,63488,0.008021190762519836
1530558705.2956614,63616,0.007593351416289806
1530558749.2234173,63744,0.008125394582748413
1530558794.026492,63872,0.009401720017194748
1530558839.0983038,64000,0.008528434671461582
1530558940.2096212,64128,0.01038713101297617
1530558984.094114,64256,0.01484655775129795
1530559028.9928217,64384,0.00711089838296175
1530559073.9669726,64512,0.009495746344327927
1530559174.766187,64640,0.009624656289815903
1530559218.7163665,64768,0.009551258757710457
1530559263.751074,64896,0.009195192717015743
1530559308.7639432,65024,0.0072089312598109245
1530559408.9305863,65152,0.01742871105670929
1530559452.8736014,65280,0.012068865820765495
1530559497.6892629,65408,0.007283905055373907
1530559542.753337,65536,0.006753501016646624
1530559643.859622,65664,0.007937758229672909
1530559687.8293371,65792,0.009022779762744904
1530559732.6419542,65920,0.007045256905257702
1530559777.7100549,66048,0.009916629642248154
1530559878.2626903,66176,0.014430069364607334
1530559922.20685,66304,0.008264032192528248
1530559967.261478,66432,0.009955652058124542
1530560012.2485468,66560,0.01188696175813675
1530560111.9382868,66688,0.00952915009111166
1530560155.827016,66816,0.015858041122555733
1530560200.6173556,66944,0.008782959543168545
1530560245.7212708,67072,0.009713191539049149
1530560347.0364072,67200,0.0061377836391329765
1530560390.947582,67328,0.009163258597254753
1530560435.744155,67456,0.009715653024613857
1530560480.8020923,67584,0.009506849572062492
1530560580.6286972,67712,0.008839346468448639
1530560624.4934916,67840,0.009578500874340534
1530560669.3594337,67968,0.007465466856956482
1530560714.2641122,68096,0.008052804507315159
1530560815.031495,68224,0.012439227662980556
1530560858.9604678,68352,0.01019223965704441
1530560903.7072477,68480,0.006378341466188431
1530560948.8211675,68608,0.006417177617549896
1530561049.4169853,68736,0.0073949433863162994
1530561093.2845333,68864,0.00874786265194416
1530561138.1487758,68992,0.006909197196364403
1530561183.061262,69120,0.009768836200237274
1530561283.2077425,69248,0.008180233649909496
1530561327.101882,69376,0.0099945068359375
1530561372.0073888,69504,0.009992366656661034
1530561417.0548458,69632,0.007806913461536169
1530561517.514498,69760,0.014989970251917839
1530561561.4022937,69888,0.010924752801656723
1530561606.2604132,70016,0.00972830317914486
1530561651.27927,70144,0.010641762986779213
1530561753.0295205,70272,0.010403607040643692
1530561796.936649,70400,0.01108265295624733
1530561841.9464302,70528,0.0073522478342056274
1530561886.8580897,70656,0.014211239293217659
1530561989.1184201,70784,0.009657382033765316
1530562032.992861,70912,0.007049914449453354
1530562077.9744334,71040,0.007107227575033903
1530562122.8686388,71168,0.007539134938269854
1530562222.786312,71296,0.008671225048601627
1530562266.636629,71424,0.009143088012933731
1530562311.5639193,71552,0.008030133321881294
1530562356.5911431,71680,0.009932579472661018
1530562458.6118877,71808,0.008577780798077583
1530562502.479433,71936,0.009022137150168419
1530562547.425396,72064,0.008768830448389053
1530562592.3914623,72192,0.013153212144970894
1530562692.9149895,72320,0.013429244980216026
1530562736.817348,72448,0.008120452985167503
1530562781.7021384,72576,0.006187865510582924
1530562826.6602833,72704,0.009806239977478981
1530562928.3061135,72832,0.008192759938538074
1530562972.1253395,72960,0.004970982670783997
1530563017.0410202,73088,0.0063931080512702465
1530563061.9316518,73216,0.009575827047228813
1530563162.688256,73344,0.0054128593765199184
1530563206.5511448,73472,0.008384069427847862
1530563251.5700781,73600,0.006538205314427614
1530563296.5239663,73728,0.013880702666938305
1530563398.3762336,73856,0.007705931551754475
1530563442.250482,73984,0.005681023932993412
1530563487.0740547,74112,0.009943158365786076
1530563532.1005414,74240,0.004694665782153606
1530563632.0233452,74368,0.007013307884335518
1530563675.9151678,74496,0.00670976797118783
1530563720.9553304,74624,0.012031728401780128
1530563765.9085703,74752,0.0077507030218839645
1530563867.156982,74880,0.012172505259513855
1530563911.074834,75008,0.01134462095797062
1530563956.1391153,75136,0.007770724594593048
1530564001.2251277,75264,0.010128514841198921
1530564103.2848005,75392,0.014247963204979897
1530564147.2059915,75520,0.012263361364603043
1530564192.172286,75648,0.009105084463953972
1530564237.1805406,75776,0.007814317010343075
1530564338.5895529,75904,0.007226305082440376
1530564382.4438558,76032,0.010474295355379581
1530564427.5016618,76160,0.008060981519520283
1530564472.5487244,76288,0.008145501837134361
1530564575.407016,76416,0.008334891870617867
1530564619.313284,76544,0.010249128565192223
1530564664.2887924,76672,0.011075351387262344
1530564709.3246453,76800,0.005139052402228117
1530564811.322549,76928,0.011168936267495155
1530564855.2538116,77056,0.007893784902989864
1530564900.337103,77184,0.010200642049312592
1530564945.418568,77312,0.005622416734695435
1530565048.335049,77440,0.008043251000344753
1530565092.219402,77568,0.011738575994968414
1530565137.3157592,77696,0.014522206969559193
1530651731.3375099,77952,0.008219374343752861
1530651775.1885512,78080,0.007343749515712261
1530651819.2885756,78208,0.007085902616381645
1530651864.1308997,78336,0.006387689150869846
1530651961.696178,78464,0.00852939672768116
1530652005.5317628,78592,0.007365962024778128
1530652050.227135,78720,0.005700680427253246
1530652095.2002292,78848,0.008767611347138882
1530652193.3856974,78976,0.009257659316062927
1530652237.2433436,79104,0.00771048478782177
1530652281.8511958,79232,0.007407679222524166
1530652326.9563067,79360,0.010094961151480675
1530652424.59468,79488,0.010173124261200428
1530652468.4267514,79616,0.01039887871593237
1530652513.191686,79744,0.008321613073348999
1530652558.0727887,79872,0.005961195565760136
1530652657.4790726,80000,0.009025705978274345
1530652701.3246453,80128,0.0118562588468194
1530652746.0244997,80256,0.00852214079350233
1530652790.919649,80384,0.009154660627245903
1530652888.9586165,80512,0.011520974338054657
1530652932.8475988,80640,0.006125461310148239
1530652977.653051,80768,0.011416733264923096
1530653022.6736217,80896,0.00971357524394989
1530653120.2967525,81024,0.006732170935720205
1530653164.136373,81152,0.0071352394297719
1530653209.0056803,81280,0.01010082196444273
1530653254.091329,81408,0.007976147346198559
1530653351.35736,81536,0.007222664542496204
1530653395.208819,81664,0.009296688251197338
1530653440.2301393,81792,0.006023886147886515
1530653485.2338626,81920,0.01537281647324562
1530653582.900937,82048,0.007992731407284737
1530653626.7596953,82176,0.005490919109433889
1530653671.61061,82304,0.006695515476167202
1530653716.60438,82432,0.007670735940337181
1530653814.5393558,82560,0.00712197832763195
1530653858.3977969,82688,0.008569766767323017
1530653903.3249102,82816,0.01290636882185936
1530653948.4400637,82944,0.007365979254245758
1530654046.6167877,83072,0.0046127308160066605
1530654090.4721897,83200,0.009146684780716896
1530654135.448733,83328,0.010020780377089977
1530654180.449858,83456,0.008778037503361702
1530654278.286615,83584,0.0067560989409685135
1530654322.195516,83712,0.006640963722020388
1530654367.276249,83840,0.011195159517228603
1530654412.2655022,83968,0.008315777406096458
1530654511.1056817,84096,0.006619451567530632
1530654555.0148306,84224,0.009592246264219284
1530654600.1079154,84352,0.007130527403205633
1530654645.254527,84480,0.008619795553386211
1530654743.8289254,84608,0.007364158518612385
1530654787.713001,84736,0.006017383188009262
1530654832.8044066,84864,0.007086229044944048
1530654877.864757,84992,0.01061826292425394
1530654977.3689358,85120,0.0066514634527266026
1530655021.29821,85248,0.008016875013709068
1530655066.2746756,85376,0.006234455853700638
1530655111.4341214,85504,0.01074949000030756
1530655211.1299486,85632,0.01170329749584198
1530655255.0440629,85760,0.007496995851397514
1530655300.0991802,85888,0.007869594730436802
1530655345.1804883,86016,0.01121300645172596
1530655443.3915446,86144,0.016449052840471268
1530655487.3709674,86272,0.010277614928781986
1530655532.547632,86400,0.00821506418287754
1530655577.6447728,86528,0.00759389391168952
1530655675.8096135,86656,0.011376353912055492
1530655719.8274775,86784,0.010124902240931988
1530655764.9388523,86912,0.00732018006965518
1530655810.0688403,87040,0.010668010450899601
1530655908.5774016,87168,0.008212454617023468
1530655952.5336866,87296,0.006785480305552483
1530655997.7002068,87424,0.013577701523900032
1530656042.8319871,87552,0.008974241092801094
1530656142.1419258,87680,0.00688906479626894
1530656186.1573086,87808,0.004727588035166264
1530656231.280053,87936,0.008758614771068096
1530656276.4812865,88064,0.018560605123639107
1530656376.3373475,88192,0.005091710947453976
1530656420.2956336,88320,0.008975452743470669
1530656465.3492148,88448,0.006674951873719692
1530656510.513577,88576,0.008278429508209229
1530656608.9788203,88704,0.009903628379106522
1530656653.0361953,88832,0.004389452748000622
1530656698.137875,88960,0.00879928469657898
1530656743.2359445,89088,0.008381161838769913
1530656842.0042403,89216,0.005366754252463579
1530656886.1175206,89344,0.012806888669729233
1530656931.2110307,89472,0.00795683078467846
1530656976.225438,89600,0.006953045260161161
1530657074.845221,89728,0.005121967289596796
1530657118.977715,89856,0.008039882406592369
1530657164.0873482,89984,0.008447614498436451
1530657209.1375074,90112,0.011394234374165535
1530657307.955167,90240,0.007690424099564552
1530657352.0121021,90368,0.006563910748809576
1530657397.0724418,90496,0.005429205950349569
1530657442.1491628,90624,0.010831883177161217
1530657542.7133,90752,0.0051908646710217
1530657586.755401,90880,0.00639741588383913
1530657631.7846272,91008,0.004523789510130882
1530657677.04314,91136,0.006036472972482443
1530657776.0318348,91264,0.005066011566668749
1530657820.1651626,91392,0.008459740318357944
1530657865.2860196,91520,0.008994273841381073
1530657910.4287648,91648,0.007985049858689308
1530658009.81061,91776,0.006707066670060158
1530658054.0344117,91904,0.01118460949510336
1530658099.115247,92032,0.007678113412111998
1530658144.3021688,92160,0.009309024550020695
1530658243.7718096,92288,0.010251959785819054
1530658287.8940701,92416,0.007160625420510769
1530658333.000587,92544,0.008292353712022305
1530658378.1474974,92672,0.008686689659953117
1530658476.4375808,92800,0.00473676435649395
1530658520.5952232,92928,0.004975828342139721
1530658565.687281,93056,0.006717844866216183
1530658610.8330367,93184,0.00488233333453536
1530658710.101126,93312,0.004836309235543013
1530658754.2464218,93440,0.004949537571519613
1530658799.3909934,93568,0.007562592625617981
1530658844.5597048,93696,0.006974018178880215
1530658943.8716533,93824,0.005858649965375662
1530658988.0183895,93952,0.008339905180037022
1530659033.2390327,94080,0.011376618407666683
1530659078.2716918,94208,0.005225448403507471
1530659177.59048,94336,0.005601112265139818
1530659221.7986965,94464,0.008894296362996101
1530659267.0226705,94592,0.007634199224412441
1530659312.2837405,94720,0.006274492014199495
1530659411.4927862,94848,0.005870677996426821
1530659455.6651208,94976,0.0069289617240428925
1530659500.7962239,95104,0.008340398781001568
1530659545.939754,95232,0.007621271535754204
1530659646.153942,95360,0.007075965404510498
1530659690.4148679,95488,0.005168634001165628
1530659735.5207963,95616,0.007569163106381893
1530659780.8360198,95744,0.007343976758420467
1530659881.0598812,95872,0.0034006801433861256
1530659925.32562,96000,0.007396778091788292
1530659970.5050106,96128,0.005357773508876562
1530660015.6298265,96256,0.0059568509459495544
1530660115.9167056,96384,0.006856219843029976
1530660160.169362,96512,0.006001783534884453
1530660205.344579,96640,0.007592246867716312
1530660250.4854465,96768,0.00544215552508831
1530660350.7998886,96896,0.00740161444991827
1530660394.9957066,97024,0.007866954430937767
1530660440.1790965,97152,0.0072154030203819275
1530660485.4030662,97280,0.00876403134316206
1530660584.221506,97408,0.007736959960311651
1530660628.5570462,97536,0.006906895898282528
