wall_time,step,value
1530834453.912047,128,1.178329586982727
1530834545.424237,256,0.5701957941055298
1530834637.2710907,384,0.27366548776626587
1530834729.0031693,512,0.2053331732749939
1530834904.0165968,640,0.20859883725643158
1530834995.6996696,768,0.17493127286434174
1530835087.2928002,896,0.19023509323596954
1530835179.099449,1024,0.12222468852996826
1530835355.96315,1152,0.12976565957069397
1530835447.762527,1280,0.1094854548573494
1530835539.4237356,1408,0.1398358941078186
1530835631.260788,1536,0.12024000287055969
1530976804.8795333,1664,0.11064666509628296
1530976896.1680837,1792,0.10418333858251572
1530976987.6040869,1920,0.09508434683084488
1530977078.7970688,2048,0.08741334080696106
1530977251.403721,2176,0.08510638773441315
1530977342.9152954,2304,0.09996695816516876
1530977434.4912586,2432,0.06921166181564331
1530977526.103167,2560,0.07734286040067673
1530977694.1726148,2688,0.07454151660203934
1530977785.4795394,2816,0.07855673134326935
1530977877.026029,2944,0.07319962978363037
1530977968.2974286,3072,0.07177845388650894
1530978134.242564,3200,0.06984490901231766
1530978225.5428548,3328,0.0723825991153717
1530978316.9423752,3456,0.07058993726968765
1530978408.0830855,3584,0.07896771281957626
1530978575.4022577,3712,0.06157712638378143
1530978666.8807523,3840,0.07125433534383774
1530978758.5686922,3968,0.06466170400381088
1530978850.0750387,4096,0.05901394411921501
1530979016.9730296,4224,0.07147721201181412
1530979108.5914304,4352,0.0664549469947815
1530979200.1000748,4480,0.06027534604072571
1530979291.6622615,4608,0.0642223134636879
1530979457.4409282,4736,0.0615241676568985
1530979549.0766842,4864,0.04597797989845276
1530979640.6281948,4992,0.049608733505010605
1530979732.0391722,5120,0.04865620657801628
1530979899.7122314,5248,0.057060692459344864
1530979991.226287,5376,0.046170108020305634
1530980082.6176457,5504,0.04430197551846504
1530980173.9751153,5632,0.0690087303519249
1530980341.3024611,5760,0.067114919424057
1530980432.807742,5888,0.04308453947305679
1530980524.2806337,6016,0.047781992703676224
1530980615.5752017,6144,0.03502606973052025
1530980781.379007,6272,0.049859389662742615
1530980872.9189658,6400,0.04761497676372528
1530980964.367173,6528,0.0460231713950634
1530981056.0373716,6656,0.04447590187191963
1530981223.957056,6784,0.03497236967086792
1530981315.4658148,6912,0.05275045335292816
1530981407.0601497,7040,0.054003894329071045
1530981498.5005736,7168,0.04988304525613785
1530981667.005161,7296,0.04924257472157478
1530981758.513669,7424,0.04339386522769928
1530981850.1311939,7552,0.04540732502937317
1530981941.7872005,7680,0.04609796032309532
1530982108.664245,7808,0.04340448975563049
1530982200.161607,7936,0.04167989268898964
1530982291.6590898,8064,0.04354897141456604
1530982383.224725,8192,0.05090061202645302
1530982550.4802327,8320,0.040045782923698425
1530982642.0661638,8448,0.03446837142109871
1530982733.9127955,8576,0.03966935724020004
1530982825.4690113,8704,0.04146025702357292
1530982991.4270618,8832,0.03125554323196411
1530983083.044209,8960,0.04177973419427872
1530983174.9108756,9088,0.041472528129816055
1530983266.5853074,9216,0.03504379093647003
1530983433.7963972,9344,0.04293762147426605
1530983525.185583,9472,0.05234473571181297
1530983616.8031597,9600,0.03339651972055435
1530983708.1656215,9728,0.04164077341556549
1530983875.1311038,9856,0.044251449406147
1530983966.673964,9984,0.04359813034534454
1530984058.374383,10112,0.03065551072359085
1530984149.9726386,10240,0.03776335343718529
1530984317.2549531,10368,0.035459861159324646
1530984408.96819,10496,0.034892771393060684
1530984500.610778,10624,0.03160544112324715
1530984592.013288,10752,0.030886800959706306
1530984760.2038093,10880,0.031245144084095955
1530984851.7582898,11008,0.0357181690633297
1530984943.3829386,11136,0.03691354766488075
1530985034.976712,11264,0.04421733692288399
1530985201.4059808,11392,0.030666276812553406
1530985293.0584896,11520,0.024754831567406654
1530985384.6496909,11648,0.040519945323467255
1530985476.1306045,11776,0.02596765197813511
1530985643.4361231,11904,0.030223263427615166
1530985735.0965111,12032,0.039172906428575516
1530985826.6885583,12160,0.03527165949344635
1530985918.3588076,12288,0.033321015536785126
1530986084.3005884,12416,0.028461778536438942
1530986175.9457498,12544,0.04188493639230728
1530986267.587448,12672,0.031999073922634125
1530986359.2364914,12800,0.03719006106257439
1530986525.673377,12928,0.031875818967819214
1530986617.4300547,13056,0.027605514973402023
1530986709.0056117,13184,0.030409790575504303
1530986800.7145748,13312,0.02888202667236328
1530986967.589765,13440,0.03510031849145889
1530987059.295016,13568,0.031827669590711594
1530987150.8791099,13696,0.02866230346262455
1530987242.553355,13824,0.03904017433524132
1530987409.5323462,13952,0.03403786942362785
1530987501.1316197,14080,0.03810294345021248
1530987592.8747783,14208,0.0294802226126194
1530987684.4452574,14336,0.032536644488573074
1530987849.6630657,14464,0.03182598948478699
1530987941.462369,14592,0.02720760554075241
1530988033.0776086,14720,0.03026784397661686
1530988124.677478,14848,0.029914647340774536
1530988290.477611,14976,0.02394757606089115
1530988382.0426147,15104,0.03076617792248726
1530988473.7216377,15232,0.029194500297307968
1530988565.4517965,15360,0.026386622339487076
1530988732.7431588,15488,0.028801891952753067
1530988824.464139,15616,0.027368145063519478
1530988916.0713413,15744,0.022086020559072495
1530989007.8807223,15872,0.030913248658180237
1530989174.5850677,16000,0.03127148002386093
1530989266.3452916,16128,0.032548077404499054
1530989358.0404716,16256,0.033020880073308945
1530989449.7293296,16384,0.024900000542402267
1530989615.8788905,16512,0.026209166273474693
1530989707.561572,16640,0.024914229288697243
1530989799.211811,16768,0.026034396141767502
1530989890.9218047,16896,0.020863883197307587
1530990056.1954448,17024,0.021637728437781334
1530990148.0962217,17152,0.03483598679304123
1530990239.6194353,17280,0.02141561731696129
1530990331.312824,17408,0.026242142543196678
1530990497.2298102,17536,0.020919956266880035
1530990589.0390918,17664,0.022779909893870354
1530990680.7878318,17792,0.020816514268517494
1530990772.3983355,17920,0.03429407253861427
1530990938.7880812,18048,0.022121267393231392
1530991030.524866,18176,0.0364677868783474
1530991122.1698742,18304,0.023247230798006058
1530991213.7341728,18432,0.026950234547257423
1530991378.5963666,18560,0.029130520299077034
1530991470.3660467,18688,0.019712571054697037
1530991562.0599003,18816,0.026629125699400902
1530991653.7236946,18944,0.032527562230825424
1530991819.0222332,19072,0.02316094934940338
1530991910.798846,19200,0.023287471383810043
1530992002.5053945,19328,0.02359362319111824
1530992094.1715188,19456,0.025684518739581108
1530992260.0187662,19584,0.019965749233961105
1530992351.9190896,19712,0.02171180211007595
1530992443.582008,19840,0.026512589305639267
1530992535.268495,19968,0.0235937237739563
1530992702.3794365,20096,0.025374460965394974
1530992794.3876395,20224,0.02662581391632557
1530992886.3752973,20352,0.029689252376556396
1530992978.3303487,20480,0.01917966827750206
1530993145.9784567,20608,0.02220546081662178
1530993237.8970761,20736,0.02762041799724102
1530993329.7786403,20864,0.01986733451485634
1530993421.7483196,20992,0.0210947934538126
1530993588.770584,21120,0.029234781861305237
1530993680.732772,21248,0.029039638116955757
1530993772.4601283,21376,0.01621599867939949
1530993864.3440313,21504,0.02566276304423809
1530994031.4144757,21632,0.026737866923213005
1530994123.3565202,21760,0.017238806933164597
1530994215.1979866,21888,0.021930038928985596
1530994306.923017,22016,0.02024746872484684
1530994475.241786,22144,0.022934742271900177
1530994566.929561,22272,0.027159396559000015
1530994658.6656184,22400,0.015508321113884449
1530994750.4752996,22528,0.018210159614682198
1530994917.918127,22656,0.02216629683971405
1530995009.604752,22784,0.019534027203917503
1530995101.3493397,22912,0.020215211436152458
1530995193.184551,23040,0.02284139022231102
1530995359.8768556,23168,0.021303366869688034
1530995451.4353995,23296,0.01947593316435814
1530995543.0029378,23424,0.02111039124429226
1530995634.7315896,23552,0.020633989945054054
1530995800.1509688,23680,0.022912107408046722
1530995891.9071212,23808,0.022183259949088097
1530995983.5209863,23936,0.021194204688072205
1530996075.346975,24064,0.021685585379600525
1530996241.622652,24192,0.020692260935902596
1530996333.1094694,24320,0.01952199824154377
1530996424.962069,24448,0.020090144127607346
1530996516.6211796,24576,0.019615117460489273
1530996684.4754417,24704,0.026829153299331665
1530996776.33812,24832,0.022922461852431297
1530996868.0368898,24960,0.018944112583994865
1530996960.0422235,25088,0.020354945212602615
1530997127.4856176,25216,0.019571468234062195
1530997219.2779884,25344,0.017285283654928207
1530997311.0630405,25472,0.017620695754885674
1530997403.0015862,25600,0.014458073303103447
1530997568.8830383,25728,0.015425163321197033
1530997660.796194,25856,0.01977681554853916
1530997752.5002437,25984,0.019471414387226105
1530997844.2775044,26112,0.02124987542629242
1530998009.796357,26240,0.016756240278482437
1530998101.4871402,26368,0.019328005611896515
1530998193.2650723,26496,0.016730044037103653
1530998285.1997352,26624,0.016083190217614174
1530998451.1874988,26752,0.01673005148768425
1530998542.9936662,26880,0.017823942005634308
1530998634.7121053,27008,0.01787157915532589
1530998726.4499807,27136,0.0183398500084877
1530998892.4103878,27264,0.017657140269875526
1530998984.2336695,27392,0.015314513817429543
1530999076.2169805,27520,0.016402706503868103
1530999168.0447323,27648,0.028355713933706284
1530999334.356997,27776,0.01868652179837227
1530999426.087079,27904,0.01701853796839714
1530999518.129397,28032,0.020085277035832405
1530999609.8496618,28160,0.0215377788990736
1530999776.9603996,28288,0.021797090768814087
1530999868.776814,28416,0.020351042971014977
1530999960.6579363,28544,0.022046871483325958
1531000052.6097467,28672,0.014522721990942955
1531000219.739184,28800,0.02074311301112175
1531000311.6436484,28928,0.026458388194441795
1531000403.582774,29056,0.015016552992165089
1531000495.5407457,29184,0.015435120090842247
1531000663.0932758,29312,0.014911830425262451
1531000755.1164088,29440,0.019379014149308205
1531000847.0501046,29568,0.013108726590871811
1531000939.0189705,29696,0.023004554212093353
1531001107.9042506,29824,0.014722127467393875
1531001199.8137424,29952,0.023855067789554596
1531001291.494393,30080,0.014288252219557762
1531001383.2866232,30208,0.01474049687385559
1531001550.6451979,30336,0.02051367796957493
1531001642.6862748,30464,0.016102660447359085
1531001734.5737917,30592,0.019032754004001617
1531001826.4908893,30720,0.015275238081812859
1531001993.7958686,30848,0.018017197027802467
1531002085.9333267,30976,0.023755284026265144
1531002178.1520953,31104,0.017167240381240845
1531002270.2850137,31232,0.01640177331864834
1531002437.473322,31360,0.01734120585024357
1531002529.5508504,31488,0.01848353073000908
1531002621.6692853,31616,0.022846858948469162
1531002713.6370928,31744,0.018210727721452713
1531002882.3820038,31872,0.019917907193303108
1531002974.503781,32000,0.016472140327095985
1531003066.6520252,32128,0.020065877586603165
1531003158.7671921,32256,0.015707585960626602
1531003326.0599973,32384,0.015901492908596992
1531003418.1641107,32512,0.023689202964305878
1531003510.2115068,32640,0.015897613018751144
1531003602.2604346,32768,0.02025405503809452
1531003769.8437195,32896,0.01366479229182005
1531003861.5230541,33024,0.011738110333681107
1531003953.6708064,33152,0.01884911209344864
1531004045.7498074,33280,0.014696309342980385
1531004212.5462751,33408,0.017448436468839645
1531004304.6203763,33536,0.014872949570417404
1531004396.6618857,33664,0.020081032067537308
1531004488.8556564,33792,0.022835470736026764
1531004656.3530757,33920,0.016610831022262573
1531004748.5463624,34048,0.020185574889183044
1531004840.6489804,34176,0.012780755758285522
1531004932.7625308,34304,0.018110040575265884
1531005103.1520813,34432,0.01607172004878521
1531005195.3673387,34560,0.01742733269929886
1531005287.3699758,34688,0.012897693552076817
1531005379.4463153,34816,0.018995143473148346
1531005547.8518848,34944,0.010649576783180237
1531005639.9885294,35072,0.014536282047629356
1531005732.1354287,35200,0.014814654365181923
1531005824.2361073,35328,0.012865960597991943
1531005992.626666,35456,0.01851273886859417
1531006084.7289925,35584,0.01587475650012493
1531006176.7951813,35712,0.0165570005774498
1531006268.947579,35840,0.018878856673836708
1531006438.0814497,35968,0.015135487541556358
1531006530.1541271,36096,0.019281700253486633
1531006622.3316402,36224,0.016925184056162834
1531006714.374184,36352,0.017024315893650055
1531006883.9324608,36480,0.013718752190470695
1531006975.6939087,36608,0.018559018149971962
1531007067.5932095,36736,0.016630852594971657
1531007159.6655946,36864,0.017066681757569313
1531007329.2422931,36992,0.011914681643247604
1531007421.17936,37120,0.013701541349291801
1531007512.8369348,37248,0.01692819595336914
1531007604.5192018,37376,0.01716638170182705
1531007772.4819462,37504,0.02261912077665329
1531007864.5480392,37632,0.01661228947341442
1531007956.5118499,37760,0.016252439469099045
1531008048.6054184,37888,0.021717699244618416
1531008218.5065281,38016,0.012672673910856247
1531008310.588857,38144,0.014978324063122272
1531008402.7556703,38272,0.012307657860219479
1531008494.9344885,38400,0.025110527873039246
1531008664.893491,38528,0.014380746521055698
1531008756.960622,38656,0.015056906268000603
1531008849.0286212,38784,0.019363608211278915
1531008941.1106675,38912,0.0148396585136652
1531009111.523244,39040,0.016636554151773453
1531009203.548606,39168,0.014552912674844265
1531009295.6072874,39296,0.013159461319446564
1531136873.4074576,39552,0.013584135100245476
1531136965.3360307,39680,0.013486295007169247
1531137058.3469179,39808,0.012114183977246284
1531137151.3001504,39936,0.012936193495988846
1531137318.142802,40064,0.01288221962749958
1531137409.5100143,40192,0.017577718943357468
1531137500.772131,40320,0.01465971115976572
1531137592.1671944,40448,0.014523397199809551
1531137756.0199757,40576,0.01393172238022089
1531137847.552905,40704,0.018191611394286156
1531137939.051197,40832,0.011860936880111694
1531138030.343248,40960,0.017243506386876106
1531138194.100584,41088,0.014665700495243073
1531138285.678119,41216,0.012096351012587547
1531138377.192184,41344,0.015221672132611275
1531138468.4691963,41472,0.011729362420737743
1531138632.719287,41600,0.014936745166778564
1531138724.133535,41728,0.011846870183944702
1531138815.643809,41856,0.01783500425517559
1531138906.9561725,41984,0.010844198055565357
1531139071.6540802,42112,0.014205330051481724
1531139163.087929,42240,0.012385191395878792
1531139254.5301592,42368,0.011335198767483234
1531139345.967506,42496,0.017231272533535957
1531139509.8178582,42624,0.010747676715254784
1531139601.1736746,42752,0.01531253196299076
1531139692.5851607,42880,0.014958002604544163
1531139783.907215,43008,0.015422282740473747
1531139948.6547544,43136,0.011076679453253746
1531140039.9133687,43264,0.0121526587754488
1531140131.3633401,43392,0.011665021069347858
1531140222.504758,43520,0.020315540954470634
1531140387.6283104,43648,0.012857068330049515
1531140478.8039443,43776,0.01433359831571579
1531140570.1356833,43904,0.020077096298336983
1531140661.599785,44032,0.015654459595680237
1531140826.981475,44160,0.01828664168715477
1531140918.3763096,44288,0.013037050142884254
1531141009.9809976,44416,0.014071455225348473
1531141101.4453275,44544,0.011512206867337227
1531141267.1158712,44672,0.012942524626851082
1531141358.658304,44800,0.01773412898182869
1531141450.0935557,44928,0.011692900210618973
1531141541.3803039,45056,0.01062267366796732
1531141706.0890424,45184,0.01482020691037178
1531141797.6936743,45312,0.01314550545066595
1531141889.3295345,45440,0.012923827394843102
1531141980.6592472,45568,0.010648996569216251
1531142146.1558151,45696,0.01342069637030363
1531142237.6055756,45824,0.013466909527778625
1531142329.0492325,45952,0.018011711537837982
1531142420.2482831,46080,0.011874563992023468
1531142585.328713,46208,0.016039961948990822
1531142676.904526,46336,0.0151361720636487
1531142768.4283907,46464,0.014585768803954124
1531142859.9389896,46592,0.014829440042376518
1531143024.1400568,46720,0.012237976305186749
1531143115.554263,46848,0.010042793117463589
1531143207.1314769,46976,0.01202913373708725
1531143298.642795,47104,0.01488979160785675
1531143464.5680707,47232,0.012974394485354424
1531143556.1660154,47360,0.01857314258813858
1531143647.6742964,47488,0.013128556311130524
1531143739.1890285,47616,0.013849126175045967
1531143905.3908515,47744,0.010381399653851986
1531143996.8635466,47872,0.014515135437250137
1531144088.4956634,48000,0.014033964835107327
1531144179.9757886,48128,0.01333884708583355
1531144345.712495,48256,0.014468042179942131
1531144437.3494537,48384,0.011076812632381916
1531144528.799701,48512,0.0117772426456213
1531148668.3886027,48768,0.015504837967455387
1531148760.3991709,48896,0.010711620561778545
1531148853.7217941,49024,0.014469468034803867
1531148947.07104,49152,0.0105942003428936
1531149112.5942173,49280,0.015008509159088135
1531149204.3926704,49408,0.020001407712697983
1531149296.1177287,49536,0.011330502107739449
1531149387.8147967,49664,0.01219114288687706
1531149553.1578445,49792,0.011716851964592934
1531149644.7761393,49920,0.016016844660043716
1531149736.4840615,50048,0.011465814895927906
1531149828.2985778,50176,0.01570483297109604
1531149993.2348018,50304,0.010605135932564735
1531150084.9446135,50432,0.011162824928760529
1531150176.56259,50560,0.016293102875351906
1531150268.1949317,50688,0.010088690556585789
1531150434.0501235,50816,0.014010747894644737
1531150526.0198603,50944,0.01532650738954544
1531150617.7042365,51072,0.018641794100403786
1531150709.5256941,51200,0.0160965658724308
1531150875.5077176,51328,0.009979167953133583
1531150967.3505518,51456,0.011529691517353058
1531151059.161833,51584,0.017575206235051155
1531151150.8048801,51712,0.01566266641020775
1531151316.1014142,51840,0.007761331275105476
1531151407.6971695,51968,0.012240953743457794
1531151499.5313542,52096,0.013383113779127598
1531151590.9808636,52224,0.012153668329119682
1531151756.5109587,52352,0.01830889843404293
1531151848.3692174,52480,0.013963095843791962
1531151940.1381848,52608,0.01200821716338396
1531152031.7929227,52736,0.012336395680904388
1531152197.7859375,52864,0.013002117164433002
1531152289.447641,52992,0.009833082556724548
1531152381.1320324,53120,0.012949089519679546
1531152472.5546649,53248,0.011509481817483902
1531152637.919535,53376,0.014468308538198471
1531152729.7889225,53504,0.011937346309423447
1531152821.4903939,53632,0.01071159727871418
1531152913.1177616,53760,0.008482871577143669
1531153079.1747289,53888,0.013260985724627972
1531153170.82705,54016,0.013342398218810558
1531153262.5623107,54144,0.012871957384049892
1531153354.2959168,54272,0.010839277878403664
1531153519.6313913,54400,0.012374227866530418
1531153611.4014096,54528,0.008944368921220303
1531153703.107183,54656,0.010728968307375908
1531153794.880711,54784,0.009773573838174343
1531153960.6675496,54912,0.010650494135916233
1531154052.3583527,55040,0.010163573548197746
1531154143.9582694,55168,0.010496734641492367
1531154235.866364,55296,0.01836187206208706
1531154402.5297976,55424,0.012381491251289845
1531154494.3796453,55552,0.013891855254769325
1531154586.1596045,55680,0.011196383275091648
1531154677.81358,55808,0.012455696240067482
1531154843.5444334,55936,0.017034489661455154
1531154935.381134,56064,0.011295152828097343
1531155027.2469308,56192,0.010739415884017944
1531155119.0747838,56320,0.013747496530413628
1531155286.0495634,56448,0.007798781152814627
1531155377.8011456,56576,0.015125160105526447
1531155469.7352283,56704,0.010889958590269089
1531155561.4483523,56832,0.010729675181210041
1531155726.6264253,56960,0.00786540750414133
1531155818.4845622,57088,0.009207290597259998
1531155910.1950934,57216,0.015455844812095165
1531156001.9772294,57344,0.012168983928859234
1531156169.4910355,57472,0.01239931583404541
1531156261.3043373,57600,0.009711319580674171
1531156353.2014942,57728,0.013560705818235874
1531156445.0440214,57856,0.010426213033497334
1531156613.319574,57984,0.010880472138524055
1531156705.199812,58112,0.011450140736997128
1531156797.135992,58240,0.021576248109340668
1531156888.8200426,58368,0.008964876644313335
1531157055.9886312,58496,0.009668883867561817
1531157147.882303,58624,0.01117768045514822
1531157239.745147,58752,0.013282720930874348
1531157331.517364,58880,0.01155769731849432
1531157498.8725731,59008,0.012872893363237381
1531157590.7627344,59136,0.01035818737000227
1531157682.5332131,59264,0.01012816559523344
1531157774.3086815,59392,0.010396666824817657
1531157941.2066138,59520,0.010844716802239418
1531158032.9750376,59648,0.012236175127327442
1531158124.7888286,59776,0.013848711736500263
1531158216.427538,59904,0.011469360440969467
1531158385.145421,60032,0.00830637477338314
1531158477.1833115,60160,0.010428286157548428
1531158569.126379,60288,0.019373327493667603
1531158660.9293344,60416,0.009800311177968979
1531158828.6598716,60544,0.011465746909379959
1531158920.447157,60672,0.01152875553816557
1531159012.3330662,60800,0.01367131620645523
1531159104.1624665,60928,0.014412099495530128
1531159272.3625915,61056,0.01656671240925789
1531159364.387643,61184,0.010068709030747414
1531159456.3649364,61312,0.011579004116356373
1531159548.198596,61440,0.014331193640828133
1531159715.9153576,61568,0.009038022719323635
1531159807.732488,61696,0.011272802948951721
1531159899.6971338,61824,0.010193309746682644
1531159991.5744786,61952,0.012489313259720802
1531160159.3114831,62080,0.012129939161241055
1531160250.9511287,62208,0.011677319183945656
1531160342.6564424,62336,0.014949608594179153
1531160434.4889147,62464,0.012343663722276688
1531160603.6669612,62592,0.011072964407503605
1531160695.6007154,62720,0.01261170208454132
1531160787.6382444,62848,0.01178823783993721
1531160879.55731,62976,0.009567882865667343
1531161048.3680806,63104,0.013268091715872288
1531161140.467092,63232,0.0129570746794343
1531161232.605273,63360,0.010388889349997044
1531161324.604764,63488,0.009230382740497589
1531161493.5275598,63616,0.018041344359517097
1531161585.5617235,63744,0.013021907769143581
1531161677.4129817,63872,0.013121436350047588
1531161769.3632894,64000,0.007915733382105827
1531161937.3114693,64128,0.010071617551147938
1531162029.420373,64256,0.01070321723818779
1531162121.4151144,64384,0.010785945691168308
1531162213.3284774,64512,0.011541970074176788
1531162380.933683,64640,0.010644813068211079
1531162472.8687873,64768,0.008799943141639233
1531162564.7467608,64896,0.009547105059027672
1531162656.7028816,65024,0.012380506843328476
1531162825.4377978,65152,0.010348105803132057
1531162917.2006085,65280,0.010058142244815826
1531163009.2190742,65408,0.0106432493776083
1531163101.0893378,65536,0.012567173689603806
1531163269.2565603,65664,0.013397110626101494
1531163361.341486,65792,0.008025356568396091
1531163453.4590414,65920,0.011054166592657566
1531163545.4721184,66048,0.01139811147004366
1531163713.0485172,66176,0.009882429614663124
1531163805.448149,66304,0.008342986926436424
1531163897.457112,66432,0.010116951540112495
1531163989.5018394,66560,0.008341696113348007
1531164158.7272794,66688,0.008813347667455673
1531164250.7410932,66816,0.00899398885667324
1531164342.709092,66944,0.00767548056319356
1531164434.7201715,67072,0.009589755907654762
1531164602.886894,67200,0.008863816037774086
1531164694.919574,67328,0.009198381565511227
1531164787.0554714,67456,0.00784658920019865
1531164879.1907232,67584,0.012408155016601086
1531165047.17883,67712,0.009254070930182934
1531165139.153388,67840,0.0131474444642663
1531165231.0310643,67968,0.007916075177490711
1531165323.0522826,68096,0.015556021593511105
1531165491.0069506,68224,0.00754235265776515
1531165582.8362277,68352,0.010662105865776539
1531165674.9530044,68480,0.008474905975162983
1531165767.0504522,68608,0.013731244951486588
1531165934.6671927,68736,0.012167700566351414
1531166026.6402938,68864,0.013581438921391964
1531166118.4420714,68992,0.007705417461693287
1531166210.3151572,69120,0.009394871070981026
1531166378.7921934,69248,0.00922768097370863
1531166470.867271,69376,0.009676664136350155
1531166562.8730237,69504,0.008835657499730587
1531166654.796826,69632,0.010037863627076149
1531166822.8295984,69760,0.01148061640560627
1531166914.7439713,69888,0.011798973195254803
1531167006.7441854,70016,0.01017021108418703
1531167098.6378055,70144,0.013375967741012573
1531167267.6496217,70272,0.017187312245368958
1531167359.834225,70400,0.013924854807555676
1531167451.5883076,70528,0.010513972491025925
1531167543.5337985,70656,0.010911189951002598
1531167712.0898392,70784,0.010489294305443764
1531167803.8621702,70912,0.010056312195956707
1531167895.7827523,71040,0.012307452037930489
1531167988.0034833,71168,0.010200170800089836
1531168157.0097783,71296,0.009790191426873207
1531168249.0844698,71424,0.012703358195722103
1531168341.2165024,71552,0.008150876499712467
1531168433.2528358,71680,0.0096436133608222
1531168602.381666,71808,0.010641982778906822
1531168694.4698975,71936,0.01353852916508913
1531168786.5538242,72064,0.014973249286413193
1531168878.4872375,72192,0.017181018367409706
1531169046.6780345,72320,0.008840885944664478
1531169138.557855,72448,0.013238034211099148
1531169230.543858,72576,0.009835600852966309
1531169322.6461499,72704,0.009388438425958157
1531169491.0099757,72832,0.011178994551301003
1531169583.113774,72960,0.00863958802074194
1531169675.0977108,73088,0.008373050950467587
1531169767.2122457,73216,0.008380514569580555
1531169935.928711,73344,0.013098467141389847
1531170028.150703,73472,0.013175408355891705
1531170120.3024454,73600,0.010559883899986744
1531170212.566293,73728,0.008060434833168983
1531170380.7595553,73856,0.00838418584316969
1531170472.8467257,73984,0.011577353812754154
1531170564.8359241,74112,0.012700735591351986
1531170656.8613892,74240,0.009618367999792099
1531170825.6704416,74368,0.010451208800077438
1531170917.8579245,74496,0.011826763860881329
1531171010.046695,74624,0.008591610938310623
1531171102.2215617,74752,0.008502224460244179
1531171270.348916,74880,0.010421326383948326
1531171362.565317,75008,0.012161754071712494
1531171454.6893358,75136,0.011028097942471504
1531171546.7147217,75264,0.010290670208632946
1531171715.5668406,75392,0.007797759026288986
1531171807.6893835,75520,0.010711107403039932
1531171899.3398297,75648,0.013941878452897072
1531171991.4202924,75776,0.010818016715347767
1531172161.1810431,75904,0.010782463476061821
1531172253.285107,76032,0.007583986967802048
1531172345.3307884,76160,0.00997530110180378
1531172437.3837402,76288,0.009018322452902794
1531172606.2562923,76416,0.010750271379947662
1531172698.495959,76544,0.011629574932157993
1531172790.510909,76672,0.014812035486102104
1531172882.608721,76800,0.011715344153344631
1531173053.0162313,76928,0.00952730793505907
1531173145.1669567,77056,0.006982304155826569
1531173237.3059378,77184,0.008264033123850822
1531173329.529588,77312,0.006469896528869867
1531173498.6321476,77440,0.011883719824254513
1531173590.1535676,77568,0.008835566230118275
1531173682.2530086,77696,0.008084068074822426
1531173774.3838873,77824,0.012883021496236324
1531173945.3101962,77952,0.011521250009536743
1531174037.408674,78080,0.009646032936871052
1531174129.6097682,78208,0.011055920273065567
1531174221.8616621,78336,0.007461873348802328
1531174391.736488,78464,0.00818786770105362
1531174483.947907,78592,0.011881294660270214
1531174576.0617807,78720,0.010333046317100525
1531174668.3286083,78848,0.007742704823613167
1531174837.865361,78976,0.008201702497899532
1531174929.9332228,79104,0.009647920727729797
1531175022.1329381,79232,0.011360500007867813
1531175114.3380299,79360,0.006775957532227039
1531175284.1385448,79488,0.012380348518490791
1531175376.279774,79616,0.010224773548543453
1531175468.4658387,79744,0.010190067812800407
1531175560.6923552,79872,0.010978766717016697
1531175731.8857353,80000,0.009644836187362671
1531175824.127189,80128,0.011303773149847984
1531175916.3618245,80256,0.012121852487325668
1531176008.6806862,80384,0.011465441435575485
1531176179.1132605,80512,0.012457013130187988
1531176271.3097847,80640,0.008202903904020786
1531176363.5018885,80768,0.009225768968462944
1531176455.6952875,80896,0.01255900040268898
1531176625.827639,81024,0.009393633343279362
1531176717.9467878,81152,0.013957032933831215
1531176810.1844807,81280,0.009548258036375046
1531176902.25389,81408,0.011098031885921955
1531177072.906703,81536,0.010337372310459614
1531177165.1482987,81664,0.00939403846859932
1531177257.3762,81792,0.00904141366481781
1531177349.5589123,81920,0.008224718272686005
1531177519.8736372,82048,0.007669965736567974
1531177611.3946044,82176,0.010595505125820637
1531177702.9424474,82304,0.007232611067593098
1531177794.5532753,82432,0.010075083002448082
1531177965.2241697,82560,0.00677814707159996
1531178057.465016,82688,0.014023171737790108
1531178149.6267035,82816,0.008191329427063465
1531178241.8911576,82944,0.00574238458648324
1531178412.5904212,83072,0.012320426292717457
1531178504.967053,83200,0.010904382914304733
1531178597.2005322,83328,0.013952410779893398
1531178689.4187188,83456,0.009863638319075108
1531178860.8717604,83584,0.009817400947213173
1531178953.049222,83712,0.00865037553012371
1531179045.2868798,83840,0.010090511292219162
1531179137.5093315,83968,0.010125641711056232
1531179307.9300404,84096,0.007642948068678379
1531179399.976737,84224,0.009248638525605202
1531179491.5106924,84352,0.016668858006596565
1531179583.0965357,84480,0.0056680492125451565
1531179753.5906303,84608,0.015209111385047436
1531179845.7444422,84736,0.013636382296681404
1531179937.839339,84864,0.007942447438836098
1531180029.9237378,84992,0.009503046050667763
1531180200.3210409,85120,0.009617959149181843
1531180292.5804448,85248,0.012060573324561119
1531180384.8444011,85376,0.013966032303869724
1531180477.1269815,85504,0.009182806126773357
1531180648.259979,85632,0.00700684729963541
1531180740.637035,85760,0.014330580830574036
1531180833.0726664,85888,0.008355092257261276
1531180925.413898,86016,0.009988379664719105
1531181097.452381,86144,0.013043053448200226
1531181189.4703276,86272,0.00921157468110323
1531181281.455507,86400,0.010300652123987675
1531226312.2822428,86656,0.01070901658385992
1531226403.9268222,86784,0.012288926169276237
1531226496.6497962,86912,0.011638808995485306
1531226589.4490695,87040,0.012548234313726425
1531226755.3076801,87168,0.007176590152084827
1531226846.5078485,87296,0.015418617986142635
1531226937.711698,87424,0.011722980998456478
1531227028.770121,87552,0.00783247034996748
1531227195.2993455,87680,0.009310638532042503
1531227286.5633209,87808,0.009758800268173218
1531227377.5848525,87936,0.007525336463004351
1531227468.8183386,88064,0.010699382051825523
1531227636.3729727,88192,0.011620149947702885
1531227727.4607346,88320,0.008655322715640068
1531227818.6314478,88448,0.009996538981795311
1531227909.722585,88576,0.01124599203467369
1531228073.7828746,88704,0.009258691221475601
1531228165.1387827,88832,0.012960315681993961
1531228256.3240736,88960,0.007453419733792543
1531228347.5007842,89088,0.012058750726282597
1531228513.6667001,89216,0.008201563730835915
1531228605.0843031,89344,0.008478246629238129
1531228696.4308076,89472,0.00897089671343565
1531228787.5003705,89600,0.011941819451749325
1531228954.2291627,89728,0.01164586003869772
1531229045.4053414,89856,0.01230297889560461
1531229136.6461232,89984,0.0065567754209041595
1531229227.8657334,90112,0.010457432828843594
1531229393.33894,90240,0.010161963291466236
1531229484.4954982,90368,0.009677544236183167
1531229575.8195727,90496,0.008839137852191925
1531229666.9735298,90624,0.0060007027350366116
1531229832.7689233,90752,0.008809038437902927
1531229924.0455158,90880,0.010470941662788391
1531230015.0639443,91008,0.010141591541469097
1531230106.1440659,91136,0.01340217050164938
1531230272.2716289,91264,0.012761927209794521
1531230363.5658324,91392,0.009354744106531143
1531230454.8809857,91520,0.008849470876157284
1531230546.1532216,91648,0.008461514487862587
1531230712.5689228,91776,0.00795849971473217
1531230803.9171054,91904,0.00894245970994234
1531230895.2057223,92032,0.010718458332121372
1531230986.3460019,92160,0.011712711304426193
1531231153.1469376,92288,0.011927220039069653
1531231244.5520916,92416,0.0076865553855896
1531231335.7799397,92544,0.00947035662829876
1531237642.374175,92800,0.015461351722478867
1531237734.0451317,92928,0.009243171662092209
1531237826.7180896,93056,0.009895417839288712
1531237919.598979,93184,0.012151610106229782
1531238086.860257,93312,0.009952252730727196
1531238177.8799744,93440,0.00963521283119917
1531238268.9049528,93568,0.007132686208933592
1531238359.9590821,93696,0.008692244067788124
1531238525.757795,93824,0.009229716844856739
1531238616.7844121,93952,0.0074250949546694756
1531238707.929869,94080,0.0077877352014184
1531238799.096206,94208,0.011147096753120422
1531238965.8513472,94336,0.010664604604244232
1531239056.7659636,94464,0.00925805326551199
1531239147.7966113,94592,0.00974586047232151
1531239238.8293903,94720,0.006231315433979034
1531239403.7390704,94848,0.008775652386248112
1531239494.8518095,94976,0.008867941796779633
1531239586.0093243,95104,0.008360140956938267
1531239677.071289,95232,0.010338431224226952
1531239842.2322812,95360,0.00758694764226675
1531239933.4455929,95488,0.00650431914255023
1531240024.7843401,95616,0.005776326172053814
1531240115.8071725,95744,0.010733408853411674
1531240281.723679,95872,0.007726241834461689
1531240372.8077972,96000,0.01609012857079506
1531240463.9221494,96128,0.008208656683564186
1531240555.117369,96256,0.006299638655036688
1531240720.8361685,96384,0.008781595155596733
1531240811.777777,96512,0.00692957965657115
1531240902.8798256,96640,0.007399779744446278
1531240993.8561985,96768,0.008427510038018227
1531241161.0110772,96896,0.009970149025321007
1531241252.0598142,97024,0.009957249276340008
1531241343.102902,97152,0.012817081063985825
1531241434.083502,97280,0.007166452240198851
1531241599.6276994,97408,0.006703720428049564
1531241690.7761583,97536,0.008414166048169136
1531241781.9010115,97664,0.011147605255246162
