wall_time,step,value
1532726564.2006278,128,-30.31854248046875
1532726861.1529865,256,-18.323402404785156
1532727158.0862293,384,-17.618724822998047
1532727454.855173,512,-14.592723846435547
1532728167.6822717,640,-12.76009750366211
1532972675.8922923,640,-13.353474617004395
1532972972.7573514,768,-12.378535270690918
1532973269.6382458,896,-12.204890251159668
1532973566.5649214,1024,-11.413606643676758
1532974322.2650506,1152,-11.179563522338867
1532974619.152715,1280,-10.06529426574707
1532974916.0836544,1408,-10.492616653442383
1532975212.985494,1536,-10.06084156036377
1532975942.6252928,1664,-9.400614738464355
1532976239.6019108,1792,-9.49582290649414
1532976536.5269392,1920,-9.773307800292969
1532976833.6056695,2048,-9.035223960876465
1532977544.0708017,2176,-9.388490676879883
1532977841.011237,2304,-9.155974388122559
1532978137.9604964,2432,-8.692028045654297
1532978434.891271,2560,-8.999828338623047
1532979138.3409307,2688,-8.453754425048828
1532979435.5279975,2816,-8.402929306030273
1532979732.718914,2944,-8.528399467468262
1532980029.913459,3072,-8.579241752624512
1532980723.748496,3200,-8.24211311340332
1532981020.9010391,3328,-7.4876389503479
1532981318.1266448,3456,-7.738727569580078
1532981615.370715,3584,-7.818975925445557
1532982294.884058,3712,-7.645574569702148
1532982592.2200973,3840,-7.4672532081604
1532982889.496408,3968,-6.8911590576171875
1532983186.7582252,4096,-7.485518932342529
1532983870.561666,4224,-7.504057884216309
1532984167.7789638,4352,-7.307651996612549
1532984464.887934,4480,-7.328127861022949
1532984762.0366263,4608,-7.221400737762451
1532985436.1748567,4736,-6.722870826721191
1532985733.1808403,4864,-7.268765449523926
1532986030.5269737,4992,-6.99757194519043
1532986327.9044344,5120,-6.731511116027832
1532987008.727936,5248,-7.179025173187256
1532987305.9179053,5376,-7.462111473083496
1532987602.9472501,5504,-6.721865177154541
1532987900.0763252,5632,-6.621536731719971
1532988591.4450395,5760,-6.263731002807617
1532988888.474904,5888,-6.735432147979736
1532989185.6364763,6016,-6.8863043785095215
1532989482.7852712,6144,-6.756006717681885
1533117365.1936765,6272,-6.687995433807373
1533117661.8655584,6400,-6.2223992347717285
1533117958.406476,6528,-6.650404453277588
1533118254.8584783,6656,-6.413722038269043
1533118925.583136,6784,-6.216609477996826
1533119222.0635843,6912,-6.311427116394043
1533119518.7886155,7040,-6.3397955894470215
1533119815.4127052,7168,-5.868131637573242
1533120489.9241612,7296,-5.83611536026001
1533120786.7890255,7424,-5.957690238952637
1533121083.4686365,7552,-5.8275465965271
1533121380.2140956,7680,-5.761864185333252
1533122053.8790672,7808,-5.718873977661133
1533122350.5281947,7936,-5.587034225463867
1533122647.143069,8064,-6.072368621826172
1533122943.7301626,8192,-5.649653434753418
1533123598.798845,8320,-5.777842998504639
1533123895.542792,8448,-5.653521537780762
1533124192.4767058,8576,-5.580458164215088
1533124489.4479456,8704,-5.9646897315979
1533125151.5318053,8832,-5.696836948394775
1533125448.3819427,8960,-5.365316867828369
1533125745.3014946,9088,-5.526689529418945
1533126042.1635349,9216,-5.850853443145752
1533126706.1195507,9344,-5.7600202560424805
1533127003.0896273,9472,-5.6921257972717285
1533127300.054764,9600,-5.250856399536133
1533127597.0741167,9728,-5.516252517700195
1533128258.1300516,9856,-5.375912666320801
1533128555.0839508,9984,-5.2565083503723145
1533128851.7976818,10112,-5.252810478210449
1533129148.5768328,10240,-5.12099027633667
1533129819.5498288,10368,-5.5622124671936035
1533130116.386769,10496,-5.182952404022217
1533130413.2864642,10624,-5.304681777954102
1533130710.2242174,10752,-5.3248291015625
1533131371.0484312,10880,-5.236636638641357
1533131667.8203263,11008,-5.402460098266602
1533131964.6028466,11136,-5.1230692863464355
1533132261.3776548,11264,-5.297152996063232
1533132926.7317445,11392,-4.5952887535095215
1533133223.5616758,11520,-4.986715793609619
1533133520.411059,11648,-5.002453804016113
1533133817.263072,11776,-4.732272148132324
1533134483.205209,11904,-5.059002876281738
1533134779.9799585,12032,-4.966845989227295
1533135076.7184343,12160,-4.8072285652160645
1533135373.3974242,12288,-4.860633850097656
1533136036.41337,12416,-5.155613422393799
1533136333.0496998,12544,-4.812092304229736
1533136629.7218273,12672,-4.6063385009765625
1533136926.506516,12800,-4.691682815551758
1533137593.6684523,12928,-4.975797176361084
1533137890.3990898,13056,-4.930190086364746
1533138187.215822,13184,-4.714385032653809
1533138483.807745,13312,-4.791613578796387
1533139157.1788888,13440,-4.868170738220215
1533139453.9127388,13568,-4.772697448730469
1533139750.5586274,13696,-4.580460071563721
1533140047.3411288,13824,-4.659892559051514
1533140710.371112,13952,-4.2784647941589355
1533141007.1858327,14080,-4.756680011749268
1533141304.0699732,14208,-4.719452381134033
1533141600.7966678,14336,-4.702277183532715
1533142244.3157275,14464,-4.793452262878418
1533142541.0602195,14592,-4.512249946594238
1533142837.910644,14720,-4.59519624710083
1533143134.7337782,14848,-4.571879863739014
1533143790.0377188,14976,-4.487133026123047
1533144086.8003695,15104,-4.819093704223633
1533144383.465346,15232,-4.509187698364258
1533144680.1224885,15360,-4.625667572021484
1533145340.6720042,15488,-4.334156036376953
1533145637.413155,15616,-4.5332112312316895
1533145934.154821,15744,-4.525994300842285
1533146230.785076,15872,-4.781215667724609
1533146873.9274802,16000,-4.337072372436523
1533147170.6096146,16128,-4.691337585449219
1533147467.273337,16256,-4.28416633605957
1533147763.9356658,16384,-4.158717155456543
1533148416.1156514,16512,-4.44212007522583
1533148712.880253,16640,-4.610839366912842
1533149009.6934748,16768,-4.368294715881348
1533149306.269151,16896,-4.253780841827393
1533149950.4829435,17024,-4.497165203094482
1533150247.4050941,17152,-4.265404224395752
1533150544.215218,17280,-4.409256458282471
1533150841.02904,17408,-4.530332088470459
1533151498.677879,17536,-4.365506172180176
1533151795.4437506,17664,-4.462285041809082
1533152092.2563727,17792,-4.2513251304626465
1533152389.0993686,17920,-4.217602252960205
1533153025.051372,18048,-4.280447483062744
1533153321.8777103,18176,-4.215057373046875
1533153618.7654603,18304,-4.1040191650390625
1533153915.637165,18432,-4.26402473449707
1533154553.2772162,18560,-4.336163520812988
1533154850.017012,18688,-4.082478046417236
1533155146.743886,18816,-4.245142459869385
1533155443.4291162,18944,-4.0482048988342285
1533156069.3101058,19072,-4.078182220458984
1533156366.1317012,19200,-4.328141689300537
1533156663.0321007,19328,-4.054004669189453
1533156959.9747577,19456,-3.874208450317383
1533157595.7165096,19584,-4.14468240737915
1533157892.5159738,19712,-3.8912863731384277
1533158189.341867,19840,-4.171420097351074
1533158486.271784,19968,-4.0043792724609375
1533159116.4603732,20096,-4.012073040008545
1533159413.2040825,20224,-4.127910614013672
1533159710.0030987,20352,-4.1572585105896
1533160006.818144,20480,-3.8936381340026855
1533160655.4368198,20608,-3.8426737785339355
1533160952.2207866,20736,-4.556159973144531
1533161248.8128803,20864,-4.146697521209717
1533161545.5659885,20992,-4.241668224334717
1533162179.0705402,21120,-3.8071086406707764
1533162475.8979502,21248,-3.8317692279815674
1533162772.6358705,21376,-3.925767660140991
1533163069.4642434,21504,-3.9762604236602783
1533163698.0691347,21632,-3.832858085632324
1533163994.701301,21760,-3.9316868782043457
1533164291.33175,21888,-3.9399185180664062
1533164588.07248,22016,-3.6713368892669678
1533165219.0739322,22144,-3.8407387733459473
1533165515.734057,22272,-3.9533371925354004
1533165812.4874008,22400,-4.085591793060303
1533166109.087328,22528,-3.9140684604644775
1533166738.0767643,22656,-4.0796217918396
1533167034.9187622,22784,-3.5868234634399414
1533167331.7024503,22912,-3.6389918327331543
1533167628.5541158,23040,-3.873504638671875
1533168262.1660926,23168,-3.7625246047973633
1533168558.8264139,23296,-4.238625526428223
1533168855.5277774,23424,-3.8782286643981934
1533169152.1316752,23552,-3.985844850540161
1533169783.3043141,23680,-4.092620849609375
1533170079.9803112,23808,-3.739407777786255
1533170376.6062627,23936,-3.894117593765259
1533170673.1946588,24064,-3.781266927719116
1533171302.2461562,24192,-3.7129597663879395
1533171599.007946,24320,-3.9080207347869873
1533171895.4763334,24448,-3.856086492538452
1533172192.3894763,24576,-3.4833664894104004
1533172817.2643728,24704,-3.750459909439087
1533173113.8934958,24832,-3.3086471557617188
1533173410.665672,24960,-3.7626657485961914
1533173707.3959713,25088,-4.023032188415527
1533174339.8146648,25216,-3.899829864501953
1533174636.561231,25344,-3.651050329208374
1533174933.109815,25472,-3.7104721069335938
1533175229.7235503,25600,-3.349524974822998
1533175854.112119,25728,-3.6133790016174316
1533176151.0186508,25856,-3.9502532482147217
1533176447.8177748,25984,-3.7941718101501465
1533176744.7819963,26112,-3.5273725986480713
1533177379.4863226,26240,-3.266139507293701
1533177676.282614,26368,-3.7619259357452393
1533177973.1302392,26496,-3.418354034423828
1533178269.9079456,26624,-3.8441343307495117
1533178890.5377805,26752,-3.590362071990967
1533179187.372928,26880,-3.5071022510528564
1533179484.1174788,27008,-3.421309232711792
1533179780.8647947,27136,-3.6756536960601807
1533180414.1770322,27264,-3.4933087825775146
1533180711.114164,27392,-3.3799936771392822
1533181007.9659884,27520,-3.6548705101013184
1533181304.887403,27648,-3.4730615615844727
1533181932.9534907,27776,-3.369647264480591
1533182229.8611896,27904,-3.658008575439453
1533182526.7884746,28032,-3.5399556159973145
1533182823.89622,28160,-3.6264145374298096
1533183457.235167,28288,-3.873981237411499
1533183754.161026,28416,-3.6251440048217773
1533184051.1318014,28544,-3.563633441925049
1533184348.1980894,28672,-3.4967570304870605
1533184971.4394424,28800,-3.6113483905792236
1533185268.3096278,28928,-3.411996603012085
1533185565.1324375,29056,-3.562897205352783
1533185861.9432125,29184,-3.457179546356201
1533186484.8281512,29312,-3.4391279220581055
1533186781.7300494,29440,-3.4524149894714355
1533187078.5743577,29568,-3.312469482421875
1533187375.4867759,29696,-3.6226000785827637
1533188011.7221985,29824,-3.2622573375701904
1533188308.7734723,29952,-3.568531036376953
1533188605.7912374,30080,-3.54939866065979
1533188902.8099322,30208,-3.3842029571533203
1533189551.4940853,30336,-3.452791690826416
1533189848.5237253,30464,-3.4750616550445557
1533190145.5401309,30592,-3.510129928588867
1533190442.5688019,30720,-2.8656535148620605
1533191073.9870336,30848,-3.2906951904296875
1533191370.8055153,30976,-3.2092082500457764
1533191667.733039,31104,-3.568136692047119
1533191964.6710267,31232,-3.821716547012329
1533192598.5582469,31360,-3.416426181793213
1533192895.4789164,31488,-3.1980600357055664
1533193192.3455262,31616,-3.495907783508301
1533193489.2073421,31744,-3.448385238647461
1533194138.8468204,31872,-3.576958417892456
1533194435.6449952,32000,-3.1875417232513428
1533194732.3330183,32128,-3.4370670318603516
1533195029.1142962,32256,-3.1248650550842285
1533195668.1345375,32384,-3.4965744018554688
1533195965.1252851,32512,-3.2311878204345703
1533196261.989703,32640,-3.5213122367858887
1533196558.8421266,32768,-3.2311155796051025
1533197195.7061448,32896,-3.1961166858673096
1533197492.5924053,33024,-3.090531826019287
1533197789.4735372,33152,-3.1515650749206543
1533198086.340408,33280,-3.3107399940490723
1533198717.0985155,33408,-3.3989524841308594
1533199013.8957093,33536,-3.1971678733825684
1533199310.8317873,33664,-3.7943973541259766
1533199607.386584,33792,-3.378962993621826
1533200253.769668,33920,-2.947570562362671
1533200550.6276517,34048,-3.082693099975586
1533200847.4992058,34176,-3.262346029281616
1533201144.4016957,34304,-3.5270369052886963
1533201794.9113142,34432,-3.2194509506225586
1533202091.8602157,34560,-3.2288923263549805
1533202388.7665288,34688,-3.315805435180664
1533202685.4767988,34816,-3.3926351070404053
1533203332.120038,34944,-2.9918434619903564
1533203628.9700158,35072,-3.321845531463623
1533203925.867554,35200,-3.0161187648773193
1533204222.6942935,35328,-3.1824731826782227
1533204877.866576,35456,-3.161315441131592
1533205174.5680952,35584,-3.2081661224365234
1533205471.348783,35712,-3.1197218894958496
1533205767.9428902,35840,-3.066248893737793
1533206420.417805,35968,-3.190335750579834
1533206717.257831,36096,-3.08184814453125
1533207014.0226605,36224,-3.2921359539031982
1533207310.9359443,36352,-2.9734745025634766
1533207965.3959384,36480,-3.150256633758545
1533208262.069575,36608,-3.0761330127716064
1533208558.8299742,36736,-3.41575288772583
1533208855.5841508,36864,-3.08876371383667
1533209509.1783907,36992,-3.1655149459838867
1533209805.9338524,37120,-2.884352207183838
1533210102.6604846,37248,-2.9842615127563477
1533210399.4624531,37376,-3.057694435119629
1533355941.3385625,37504,-2.8379573822021484
1533356248.528431,37632,-3.3007524013519287
1533356555.8918214,37760,-2.8576154708862305
1533356863.0331347,37888,-3.206242084503174
1533357497.1774857,38016,-3.1467597484588623
1533357794.0249417,38144,-2.949784755706787
1533358091.1317818,38272,-3.0284407138824463
1533358388.0936792,38400,-2.765552282333374
1533359019.589718,38528,-3.0012245178222656
1533359316.6391056,38656,-3.0944581031799316
1533359613.542386,38784,-3.0208120346069336
1533359910.5031674,38912,-2.873004913330078
1533360556.2040973,39040,-3.2306716442108154
1533360853.1351495,39168,-2.956080675125122
1533361149.9369576,39296,-2.983041286468506
1533361446.8842342,39424,-3.1632354259490967
1533362087.168741,39552,-3.123340368270874
1533362384.1349635,39680,-2.911567449569702
1533362681.1391382,39808,-3.3126578330993652
1533362978.2194617,39936,-3.158137321472168
1533363616.6640704,40064,-3.01395845413208
1533363913.7116382,40192,-2.9371261596679688
1533364210.850198,40320,-2.9680838584899902
1533364507.8821604,40448,-3.088376998901367
1533365155.2133958,40576,-3.323737144470215
1533365452.294659,40704,-3.182920455932617
1533365749.4313197,40832,-3.0032765865325928
1533366046.6184728,40960,-3.179429531097412
1533366681.4997995,41088,-3.128697633743286
1533366978.4360745,41216,-3.081731081008911
1533367275.5050838,41344,-3.0800106525421143
1533367572.6289732,41472,-2.9943058490753174
1533368224.9064388,41600,-2.9987807273864746
1533368521.8449533,41728,-3.053910493850708
1533368818.8776023,41856,-2.9070639610290527
1533369115.8870041,41984,-3.3549704551696777
1533369762.5197089,42112,-3.161257266998291
1533370059.5426195,42240,-2.915761947631836
1533370356.4108932,42368,-3.017364740371704
1533370653.439324,42496,-3.042341470718384
1533371293.6706114,42624,-2.788022756576538
1533371590.6096163,42752,-2.8223984241485596
1533371887.7833142,42880,-2.8834781646728516
1533372184.7701843,43008,-2.5710926055908203
1533372839.478409,43136,-2.9946508407592773
1533373136.4262311,43264,-2.8059446811676025
1533373433.3024616,43392,-2.8215172290802
1533373730.230629,43520,-2.833723545074463
1533374367.8930955,43648,-2.9507193565368652
1533374664.789187,43776,-2.948096752166748
1533374961.7722905,43904,-2.929267644882202
1533375258.69501,44032,-3.0112438201904297
1533375910.7744458,44160,-2.8884329795837402
1533376207.6411324,44288,-3.070808172225952
1533376504.5703552,44416,-2.8339176177978516
1533376801.408134,44544,-2.649073600769043
1533377443.5533302,44672,-2.470296859741211
1533377740.4547246,44800,-2.913379192352295
1533378037.2896252,44928,-2.8787484169006348
1533378334.0760858,45056,-2.6423702239990234
1533378986.786303,45184,-2.982512950897217
1533379283.9712682,45312,-3.289682388305664
1533379581.1015818,45440,-2.6962924003601074
1533379878.18636,45568,-2.9124910831451416
1533380529.8403895,45696,-2.8207802772521973
1533380826.98159,45824,-3.004707098007202
1533381124.063476,45952,-2.806579351425171
1533381421.0993326,46080,-3.002173662185669
1533382071.3134704,46208,-3.027845859527588
1533382368.3748803,46336,-3.0598995685577393
1533382665.5661917,46464,-2.6512486934661865
1533382962.7564175,46592,-3.0412094593048096
1533383610.5585747,46720,-2.778017997741699
1533383907.5764143,46848,-2.7091689109802246
1533384204.733127,46976,-2.868049383163452
1533384501.8778868,47104,-2.9142842292785645
1533385153.7554522,47232,-2.7521884441375732
1533385451.3410475,47360,-2.9336392879486084
1533385749.0769496,47488,-2.7968459129333496
1533386046.656165,47616,-2.9208807945251465
1533386705.6390727,47744,-2.7138164043426514
1533387002.6402636,47872,-2.45151424407959
1533387299.5998707,48000,-2.9165914058685303
1533387596.7189047,48128,-2.782627820968628
1533400854.3301497,48256,-2.6620066165924072
1533401161.3136218,48384,-2.9477508068084717
1533401468.3300657,48512,-2.675401449203491
1533401775.396871,48640,-3.001646041870117
1533402428.1334538,48768,-2.501556873321533
1533402724.5553608,48896,-2.7624213695526123
1533403021.138644,49024,-2.6887431144714355
1533403317.5509014,49152,-2.6369824409484863
1533403969.851906,49280,-2.666599750518799
1533404266.4482253,49408,-2.618462085723877
1533404563.0097015,49536,-2.917329788208008
1533404859.5203497,49664,-2.7355153560638428
1533405526.3858917,49792,-2.8099124431610107
1533405822.92487,49920,-2.5524258613586426
1533406119.3915248,50048,-2.7684998512268066
1533406415.9134545,50176,-2.8405463695526123
1533407068.2652237,50304,-2.8730905055999756
1533407364.8908627,50432,-2.785759925842285
1533407661.498349,50560,-2.833303451538086
1533407958.117569,50688,-2.6835694313049316
1533408620.8799176,50816,-2.7574336528778076
1533408917.4283428,50944,-2.748769760131836
1533409213.9464374,51072,-2.8729286193847656
1533409510.6490738,51200,-2.7431633472442627
1533410183.8560548,51328,-2.8009355068206787
1533410480.436801,51456,-2.835477113723755
1533410776.873626,51584,-2.634498119354248
1533411073.5732675,51712,-2.9778006076812744
1533411732.7270033,51840,-2.651453971862793
1533412029.376188,51968,-2.635232925415039
1533412325.9852116,52096,-2.7302982807159424
1533412622.5454748,52224,-2.7176246643066406
1533413279.9081516,52352,-2.778837203979492
1533413576.3874369,52480,-2.7205309867858887
1533413872.9088752,52608,-2.9140448570251465
1533414169.5032308,52736,-2.660419464111328
1533414828.921676,52864,-2.573448657989502
1533415125.420811,52992,-2.8076729774475098
1533415421.9856825,53120,-3.0500004291534424
1533415718.5827599,53248,-2.560584545135498
1533416390.3006732,53376,-2.4475252628326416
1533416686.8866746,53504,-2.8976802825927734
1533416983.336367,53632,-2.9152464866638184
1533417279.7196922,53760,-2.3715951442718506
1533417956.5334477,53888,-2.9247782230377197
1533418253.0689116,54016,-2.607588291168213
1533418549.547244,54144,-2.672959804534912
1533418846.0916204,54272,-2.651751756668091
1533419520.7372355,54400,-2.568105936050415
1533419817.1895127,54528,-2.7749767303466797
1533420113.683889,54656,-2.4436841011047363
1533420410.1072297,54784,-2.4673023223876953
1533421097.15766,54912,-2.7542054653167725
1533421393.6510532,55040,-2.7302660942077637
1533421690.1934505,55168,-2.6875641345977783
1533421986.7190514,55296,-2.5051748752593994
1533422653.5029924,55424,-2.638991594314575
1533422949.9369433,55552,-2.6656036376953125
1533423246.3550477,55680,-2.5157628059387207
1533423542.9140282,55808,-2.796875476837158
1533424210.2500987,55936,-2.558305025100708
1533424506.8645437,56064,-2.78110408782959
1533424803.4345717,56192,-2.345435857772827
1533425100.040698,56320,-2.6117992401123047
1533425764.1504128,56448,-2.791491985321045
1533426061.0567617,56576,-2.5422160625457764
1533426357.901295,56704,-2.5232467651367188
1533426654.640025,56832,-2.7236406803131104
1533427344.8851733,56960,-2.871342897415161
1533427641.7912853,57088,-2.5935683250427246
1533427938.5597796,57216,-2.5788331031799316
1533428235.4106297,57344,-2.536569833755493
1533428914.0805345,57472,-2.6202003955841064
1533429210.9149966,57600,-2.8243722915649414
1533429507.8411005,57728,-2.7478818893432617
1533429804.707457,57856,-3.0663650035858154
1533430478.9475532,57984,-2.408773899078369
1533430775.9282622,58112,-2.5643362998962402
1533431072.7517726,58240,-2.529182195663452
1533431369.6108687,58368,-2.573456287384033
1533432058.645532,58496,-2.521240472793579
1533432355.3789318,58624,-2.6190342903137207
1533432652.1043797,58752,-2.584779977798462
1533432948.7938216,58880,-2.497530698776245
1533433626.7911882,59008,-2.7809090614318848
1533433923.5852048,59136,-2.5556981563568115
1533434220.4092152,59264,-2.4606986045837402
1533434517.2405639,59392,-2.547302484512329
1533435189.4730508,59520,-2.558656930923462
1533435486.388621,59648,-2.49040150642395
1533435783.3536823,59776,-2.595442771911621
1533436080.3234637,59904,-2.449573040008545
1533436748.712004,60032,-2.4410102367401123
1533437045.5593889,60160,-2.4766740798950195
1533437342.436549,60288,-2.524724245071411
1533437639.266685,60416,-2.6114442348480225
1533438324.469674,60544,-2.6045918464660645
1533438621.414828,60672,-2.447715997695923
1533438918.2683778,60800,-2.415390968322754
1533439215.0795581,60928,-2.2930736541748047
1533439895.5320897,61056,-2.8156769275665283
1533440192.4594712,61184,-2.8248260021209717
1533440489.138049,61312,-2.7735700607299805
1533440785.6996434,61440,-2.3950130939483643
1533441469.80922,61568,-2.5406742095947266
1533441766.7776513,61696,-2.5433497428894043
1533442063.7317293,61824,-2.428112030029297
1533442360.6024196,61952,-2.17864727973938
1533443052.8786263,62080,-2.4911081790924072
1533443349.6970603,62208,-2.704296112060547
1533443646.421234,62336,-2.23966121673584
1533443943.2638931,62464,-2.34953236579895
1533444622.0170066,62592,-2.2174947261810303
1533444918.9613295,62720,-2.4878649711608887
1533445215.6183398,62848,-2.6293070316314697
1533445512.2820072,62976,-2.4027955532073975
1533446194.5928164,63104,-2.1350605487823486
1533446491.4771287,63232,-2.3738794326782227
1533446788.263316,63360,-2.387542486190796
1533447084.9237554,63488,-2.397063732147217
1533447763.1189039,63616,-2.7666754722595215
1533448059.8147357,63744,-2.7908003330230713
1533448356.4712791,63872,-2.4573326110839844
1533448653.170641,64000,-2.3460886478424072
1533449329.4399853,64128,-2.442739963531494
1533449626.0747964,64256,-2.4914143085479736
1533449922.866379,64384,-2.2780823707580566
1533450219.5495586,64512,-2.5867104530334473
1533450904.1808798,64640,-2.660957098007202
1533451200.762783,64768,-2.5538041591644287
1533451497.3675396,64896,-2.5692057609558105
1533451793.9288163,65024,-2.5210070610046387
1533452468.143197,65152,-2.764261484146118
1533452764.7312012,65280,-2.519771099090576
1533453061.2741566,65408,-2.5648183822631836
1533453357.916058,65536,-2.657604932785034
1533454052.4999259,65664,-2.717491388320923
1533454349.1098676,65792,-2.220984935760498
1533454645.8702116,65920,-2.603588104248047
1533454942.4335809,66048,-2.5024774074554443
1533455621.9670901,66176,-2.6709225177764893
1533455918.6590989,66304,-2.3691933155059814
1533456215.1381738,66432,-2.411363363265991
1533456511.4770145,66560,-2.4559741020202637
1533457212.270571,66688,-2.188448905944824
1533457508.8023274,66816,-2.413738489151001
1533457805.2662473,66944,-2.3911354541778564
1533458101.8320842,67072,-2.2310240268707275
1533458779.312333,67200,-2.6253788471221924
1533459075.7766802,67328,-2.5950264930725098
1533459372.0606444,67456,-2.4164085388183594
1533459668.4017942,67584,-2.5782787799835205
1533460339.1844282,67712,-2.5149524211883545
1533460635.872291,67840,-2.278027296066284
1533460932.5480282,67968,-2.5559909343719482
1533461229.059335,68096,-2.449131727218628
1533461922.051558,68224,-2.5548348426818848
1533462218.8464339,68352,-2.7322657108306885
1533462515.7583516,68480,-2.485382556915283
1533462812.576048,68608,-2.6776883602142334
1533463487.9393451,68736,-2.357740879058838
1533463784.7388167,68864,-2.25779128074646
1533464081.4873812,68992,-2.4311130046844482
1533464378.2567294,69120,-2.347754955291748
1533465064.2217298,69248,-2.353667736053467
1533465360.9971945,69376,-2.5743982791900635
1533465657.6958728,69504,-2.496595859527588
1533465954.4698703,69632,-2.354922294616699
1533466649.665505,69760,-2.6353325843811035
1533466946.4180038,69888,-2.519080638885498
1533467243.2706132,70016,-2.585772752761841
1533467540.0294166,70144,-2.437070369720459
1533468226.3062065,70272,-2.1996843814849854
1533468523.1360228,70400,-2.4257283210754395
1533468819.8750517,70528,-2.6791975498199463
1533469116.7817934,70656,-2.4309096336364746
1533469796.8115618,70784,-2.486696481704712
1533470093.5620573,70912,-2.5562801361083984
1533470390.4564226,71040,-2.493206262588501
1533470687.28179,71168,-2.6922669410705566
1533471380.7236857,71296,-2.4937241077423096
1533471677.5987735,71424,-2.363506555557251
1533471974.425281,71552,-2.1228275299072266
1533472271.128138,71680,-2.3461360931396484
1533472969.10237,71808,-2.351539134979248
1533473265.9157207,71936,-2.4366979598999023
1533473562.7607,72064,-2.4220001697540283
1533473859.4677093,72192,-2.3637425899505615
1533474552.484382,72320,-2.258159875869751
1533474849.1849303,72448,-2.2648403644561768
1533475146.0275192,72576,-2.5272715091705322
1533475442.88369,72704,-2.4209680557250977
1533476134.1066854,72832,-2.2740767002105713
1533476430.9641845,72960,-2.5639350414276123
1533476727.8425698,73088,-2.5082666873931885
1533477024.640804,73216,-2.0577948093414307
1533477715.920951,73344,-2.2878496646881104
1533478012.7350593,73472,-2.5427732467651367
1533478309.5535276,73600,-2.5129151344299316
1533478606.1998158,73728,-2.4972875118255615
1533479297.8912268,73856,-2.4374961853027344
1533479594.7467237,73984,-2.2144012451171875
1533479891.524092,74112,-2.4556000232696533
1533480188.092368,74240,-2.256920337677002
1533480890.6696234,74368,-2.4591352939605713
1533481187.4834461,74496,-2.4283173084259033
1533481484.2626352,74624,-2.466008186340332
1533481780.9499989,74752,-2.7022900581359863
1533482310.8391235,74880,-2.3214237689971924
1533482617.7521565,75008,-2.510416030883789
1533482924.7815886,75136,-2.4929473400115967
1533483231.8830123,75264,-2.3552041053771973
1533483896.4049277,75392,-2.4950084686279297
1533484192.9275532,75520,-2.3869688510894775
1533484489.7313473,75648,-2.5321593284606934
1533484786.446295,75776,-2.227128028869629
1533485476.5256395,75904,-2.25069522857666
1533485773.2765207,76032,-2.686509847640991
1533486069.8709993,76160,-2.702833652496338
1533486366.532012,76288,-2.383817195892334
1533487047.6006703,76416,-2.1888394355773926
1533487344.2559655,76544,-2.2744741439819336
1533487640.9281945,76672,-2.2984044551849365
1533487937.6687775,76800,-2.480699300765991
1533488625.265322,76928,-2.0432043075561523
1533488921.9532456,77056,-2.5875489711761475
1533489218.7871854,77184,-2.4429712295532227
1533489515.4937701,77312,-2.464308023452759
1533490199.481811,77440,-2.4822933673858643
1533490496.2929375,77568,-2.4599428176879883
1533490793.1398985,77696,-2.5403919219970703
1533491089.9854772,77824,-2.2143940925598145
1533491777.8039634,77952,-2.3069064617156982
1533492074.7982552,78080,-2.4579038619995117
1533492371.8366709,78208,-2.065239906311035
1533492668.7675874,78336,-2.5273358821868896
1533493346.0176485,78464,-2.2757391929626465
1533493642.8722737,78592,-2.259902000427246
1533493939.7439492,78720,-2.2571756839752197
1533494236.7200332,78848,-2.4718635082244873
1533494922.343938,78976,-2.358534812927246
1533495219.2264366,79104,-2.414731740951538
1533495516.0499842,79232,-2.152054786682129
1533495812.8763163,79360,-2.4762725830078125
1533496497.2469912,79488,-2.176093816757202
1533496794.0544486,79616,-2.2827813625335693
1533497090.7983987,79744,-2.205763101577759
1533497387.599692,79872,-2.32171893119812
1533498064.505727,80000,-2.535060167312622
1533498361.2530963,80128,-2.0468945503234863
1533498657.999968,80256,-2.566262722015381
1533498954.6099098,80384,-2.175475597381592
1533499635.46929,80512,-2.455587148666382
1533499932.1615922,80640,-2.32767653465271
1533500228.9214983,80768,-2.2818005084991455
1533500525.5727086,80896,-2.5106914043426514
1533501217.1665485,81024,-2.4417848587036133
1533501513.8202994,81152,-2.3027000427246094
1533501810.5136728,81280,-1.97063148021698
1533502107.3070297,81408,-2.0529139041900635
1533502801.0237148,81536,-2.3613221645355225
1533503097.8332076,81664,-2.458451271057129
1533503394.6990283,81792,-2.1644349098205566
1533503691.4217155,81920,-2.281806707382202
1533504379.3246512,82048,-2.420487880706787
1533504676.0344133,82176,-2.063518524169922
1533504972.7366626,82304,-2.3502275943756104
1533505269.4385734,82432,-2.2275280952453613
1533505943.6216357,82560,-2.0591399669647217
1533506240.2535822,82688,-2.324493885040283
1533506536.9641588,82816,-2.46012020111084
1533506833.6954322,82944,-2.3153560161590576
1533507536.7580063,83072,-2.286792755126953
1533507833.88022,83200,-2.3369898796081543
1533508130.9417222,83328,-2.254659652709961
1533508428.0100906,83456,-2.003542184829712
1533509107.3227873,83584,-2.2558579444885254
1533509404.3060389,83712,-2.1633737087249756
1533509701.3675854,83840,-2.6422040462493896
1533509998.2785313,83968,-2.2533679008483887
1533510689.6006088,84096,-2.192453622817993
1533510986.5810604,84224,-2.1864380836486816
1533511283.611424,84352,-2.4355263710021973
1533511580.5123522,84480,-2.476073980331421
1533512273.3064475,84608,-2.2578563690185547
1533512570.3232667,84736,-2.262362241744995
1533512867.13036,84864,-2.3755924701690674
1533513164.0499089,84992,-2.2421913146972656
1533513857.5391598,85120,-2.157736301422119
1533514154.6234107,85248,-2.465909957885742
1533514451.609115,85376,-2.3915274143218994
1533514748.6178637,85504,-1.9064985513687134
1533515438.394161,85632,-2.3686563968658447
1533515735.40431,85760,-2.049410581588745
1533516032.3711019,85888,-2.3224120140075684
1533516329.3345218,86016,-2.3191895484924316
1533517028.1288173,86144,-2.4569294452667236
1533517325.1060803,86272,-2.0967936515808105
1533517622.1626394,86400,-2.2349538803100586
1533517919.218773,86528,-2.1106715202331543
1533518612.798497,86656,-2.3008904457092285
1533518909.8578053,86784,-2.0300376415252686
1533519206.834618,86912,-2.2733874320983887
1533519503.9990695,87040,-2.3143110275268555
1533520192.3299205,87168,-2.3405492305755615
1533520489.4019845,87296,-2.0937321186065674
1533520786.4241042,87424,-2.3288464546203613
1533521083.483582,87552,-2.247633218765259
1533521779.6032176,87680,-2.2718937397003174
1533522076.7856753,87808,-2.0715818405151367
1533522373.7601678,87936,-2.437145233154297
1533522670.8417385,88064,-2.0643632411956787
1533523353.1774836,88192,-1.9311637878417969
1533523650.3129845,88320,-2.1316282749176025
1533523947.4081893,88448,-2.05989933013916
1533524244.5138485,88576,-2.3852715492248535
1533524934.8485038,88704,-2.465771198272705
1533525231.8832881,88832,-2.4928946495056152
1533525528.7625415,88960,-2.3608052730560303
1533525825.8297145,89088,-2.121797561645508
1533526524.4362326,89216,-2.580756902694702
1533526821.461782,89344,-2.5701661109924316
1533527118.3760107,89472,-2.27722430229187
1533527415.3746932,89600,-2.49005126953125
1533528106.8479002,89728,-2.3857922554016113
1533528403.9136815,89856,-2.3288354873657227
1533528700.8983154,89984,-2.3292758464813232
1533528997.8541653,90112,-2.4091122150421143
1533529696.1281984,90240,-2.1243956089019775
1533529992.9365394,90368,-2.390658140182495
1533530289.7482443,90496,-2.2710864543914795
1533530587.122934,90624,-2.4116721153259277
1533531281.5620282,90752,-2.4638826847076416
1533531578.448574,90880,-2.0854310989379883
1533531875.397831,91008,-2.2753748893737793
1533532172.2795613,91136,-2.0826940536499023
1533532862.1574461,91264,-2.335405111312866
1533533158.9182184,91392,-2.2317380905151367
1533533455.8862457,91520,-2.116541862487793
1533533752.8558424,91648,-2.1923024654388428
1533534445.9937065,91776,-2.2434494495391846
1533534742.8563988,91904,-2.267482042312622
1533535039.7233262,92032,-2.1797051429748535
1533535336.6678116,92160,-2.1280715465545654
1533536027.5851645,92288,-2.0376012325286865
1533536324.4280746,92416,-2.1199581623077393
1533536621.2499325,92544,-2.1828532218933105
1533536918.0204828,92672,-2.4232797622680664
1533537604.8220477,92800,-2.1186447143554688
1533537901.675662,92928,-2.23163104057312
1533538198.4745233,93056,-2.2549052238464355
1533538495.3075614,93184,-2.2196645736694336
1533539185.6653225,93312,-2.2874181270599365
1533539482.3436618,93440,-2.212888479232788
1533539778.9521759,93568,-2.2007970809936523
1533540075.7501986,93696,-2.3544280529022217
1533540754.4049988,93824,-2.235203742980957
1533541051.1611388,93952,-2.419386625289917
1533541347.9890835,94080,-1.9619003534317017
1533541644.7416313,94208,-2.413820266723633
1533542333.8614388,94336,-2.386124610900879
1533542630.6629815,94464,-2.191340923309326
1533542927.6786377,94592,-2.3111202716827393
1533543224.5910847,94720,-2.3450393676757812
1533543915.20751,94848,-2.2747585773468018
1533544212.011596,94976,-2.325014591217041
1533544508.918628,95104,-2.1602485179901123
1533544805.8250191,95232,-1.991861343383789
1533545507.2320273,95360,-2.072204828262329
1533545804.0813513,95488,-2.1412129402160645
1533546101.0466042,95616,-1.9701796770095825
1533546398.0287266,95744,-2.0691847801208496
1533547083.9396148,95872,-2.2897932529449463
1533547380.8222742,96000,-2.0659801959991455
1533547677.7991202,96128,-2.392120122909546
1533547974.663951,96256,-2.060882568359375
1533548669.9679596,96384,-2.142582416534424
1533548966.9040587,96512,-2.1023855209350586
1533549263.8429189,96640,-2.1760025024414062
1533549560.860583,96768,-1.9671880006790161
1533550260.160835,96896,-1.844326376914978
1533550557.215084,97024,-2.256150245666504
1533550854.225126,97152,-2.0186867713928223
1533551151.1970413,97280,-2.0219478607177734
1533551841.7896786,97408,-2.0822689533233643
1533552138.622096,97536,-2.079249143600464
1533552435.392436,97664,-2.199022054672241
