wall_time,step,value
1530436385.0021117,512,0.00396556593477726
1530436598.6950245,1024,0.03778986632823944
1530436812.0861375,1536,0.02778792940080166
1530437025.6486807,2048,0.017906280234456062
1530437239.5502396,2560,0.04048515483736992
1530437453.288118,3072,0.02538418397307396
1530437667.4311662,3584,0.04569103941321373
1530437882.010731,4096,0.028221890330314636
1530438096.4096897,4608,0.03131040185689926
1530438309.5960648,5120,0.051964908838272095
1530438524.9963014,5632,0.06622736155986786
1530438738.9981234,6144,0.06662887334823608
1530438952.801875,6656,0.101267509162426
1530439165.8260744,7168,0.07153607159852982
1530439380.0411963,7680,0.06376949697732925
1530439594.1368582,8192,0.06481537967920303
1530439808.8266168,8704,0.03678799420595169
1530440021.9483194,9216,0.06052883341908455
1530440236.2335386,9728,0.07004576921463013
1530440449.384147,10240,0.04494387283921242
1530440663.1893516,10752,0.07579609006643295
1530440876.7450712,11264,0.08854374289512634
1530441092.3521214,11776,0.0834103524684906
1530441307.0547793,12288,0.04713348299264908
1530441521.3337612,12800,0.06793419271707535
1530441735.8933856,13312,0.08230742812156677
1530441950.208831,13824,0.057339467108249664
1530442164.6882515,14336,0.0779096707701683
1530442379.4253428,14848,0.0510236918926239
1530442594.4597614,15360,0.06945876777172089
1530442808.3772573,15872,0.09242098033428192
1530443022.1553767,16384,0.054446905851364136
1530443236.575989,16896,0.08824531733989716
1530443451.0135367,17408,0.0971946120262146
1530443665.8341722,17920,0.04888131469488144
1530443881.766521,18432,0.05620744824409485
1530444096.2851536,18944,0.060808099806308746
1530444311.555802,19456,0.06877417862415314
1530444526.5378187,19968,0.06753487884998322
1530444741.0196617,20480,0.0929318219423294
1530444956.113593,20992,0.0791223794221878
1530445171.079398,21504,0.06441110372543335
1530445386.1708374,22016,0.12578332424163818
1530445602.0369003,22528,0.08073321729898453
1530445817.6423643,23040,0.06571444123983383
1530446033.6374311,23552,0.0699404627084732
1530446248.335339,24064,0.0508418045938015
1530446464.1288009,24576,0.09334447979927063
1530446679.270072,25088,0.041953012347221375
1530446895.0571728,25600,0.06840068101882935
1530447110.1943588,26112,0.050139524042606354
1530447324.52407,26624,0.0682893842458725
1530447539.6220317,27136,0.06591003388166428
1530447755.6684988,27648,0.06842498481273651
1530447970.564049,28160,0.06557448208332062
1530448186.7844605,28672,0.044343724846839905
1530448402.074226,29184,0.06340078264474869
1530448618.084903,29696,0.07261066883802414
1530448833.4534352,30208,0.060902830213308334
1530449050.3745532,30720,0.06425779312849045
1530449265.8160925,31232,0.06653109937906265
1530449481.5485911,31744,0.04453840106725693
1530449696.8213081,32256,0.04915058985352516
1530449912.4089618,32768,0.05433886498212814
1530450127.7548976,33280,0.06882607936859131
1530450343.686213,33792,0.06106870621442795
1530450560.9569728,34304,0.05742985010147095
1530450777.1868103,34816,0.08422918617725372
1530450994.6122293,35328,0.06461151689291
1530451212.17693,35840,0.05065285414457321
1530451428.0209205,36352,0.08078665286302567
1530451643.3505516,36864,0.08697644621133804
1530451859.2458057,37376,0.052627936005592346
1530452076.0391283,37888,0.09122387319803238
1530452294.5049717,38400,0.06360138207674026
1530586095.4496183,39424,0.09048670530319214
1530586309.3253038,39936,0.09669633954763412
1530586523.4540992,40448,0.0373484306037426
1530586737.3056052,40960,0.06750646978616714
1530586951.6058993,41472,0.041651345789432526
1530587165.5987918,41984,0.04214224964380264
1530587379.0755324,42496,0.07559901475906372
1530587593.55268,43008,0.05290839448571205
1530587808.5066762,43520,0.06146007403731346
1530588023.6124077,44032,0.08816748857498169
1530588239.2751715,44544,0.05413315072655678
1530588453.6827183,45056,0.08910495042800903
1530588668.2355978,45568,0.04581046476960182
1530588884.0223386,46080,0.05975296348333359
1530589099.1363356,46592,0.12484299391508102
1530589312.9205444,47104,0.051315564662218094
1530589528.3883777,47616,0.05594561621546745
1530589744.1686082,48128,0.06243661418557167
1530589958.743211,48640,0.08371987193822861
1530590173.8966622,49152,0.07199952751398087
1530590389.439891,49664,0.05572163313627243
1530590604.44922,50176,0.06001836806535721
1530590820.308121,50688,0.06146871671080589
1530591035.6735857,51200,0.05538897216320038
1530591250.587491,51712,0.07999616116285324
1530591465.871339,52224,0.08339131623506546
1530591680.5083325,52736,0.04778088629245758
1530591897.5936751,53248,0.08035632967948914
1530592112.841736,53760,0.08261335641145706
1530592328.5865057,54272,0.039435043931007385
1530592544.4392405,54784,0.048128485679626465
1530592761.582984,55296,0.04262958839535713
1530592978.1647775,55808,0.03169284388422966
1530593195.1881485,56320,0.04547834023833275
1530593412.195642,56832,0.06972946971654892
1530593628.0842917,57344,0.10714749246835709
1530593843.6152046,57856,0.06644979119300842
1530594060.0427492,58368,0.07822711020708084
1530594274.8567321,58880,0.043429821729660034
1530594492.1353052,59392,0.05095444619655609
1530594708.1997097,59904,0.07848232984542847
1530594924.3047388,60416,0.05971481278538704
1530595141.652127,60928,0.05233031511306763
1530595358.9471624,61440,0.05577223747968674
1530595576.009973,61952,0.07411522418260574
1530672072.8216643,62976,0.06225322559475899
1530672286.4340963,63488,0.043244194239377975
1530672500.619624,64000,0.046201396733522415
1530672715.8094304,64512,0.05633441358804703
1530672929.436831,65024,0.0658457800745964
1530673144.1997924,65536,0.06948065012693405
1530673358.227714,66048,0.05041378363966942
1530673571.5698354,66560,0.04134032502770424
1530673786.20373,67072,0.07555878162384033
1530674000.283507,67584,0.03815698251128197
1530674214.4412897,68096,0.06862415373325348
1530674427.930315,68608,0.054176513105630875
1530674642.723397,69120,0.06537551432847977
1530674856.9424517,69632,0.05364410951733589
1530675072.4510226,70144,0.05415958911180496
1530675287.1343007,70656,0.08609379827976227
1530675501.463772,71168,0.04869579151272774
1530675716.0443573,71680,0.06081738695502281
1530675931.969866,72192,0.029291650280356407
1530676148.075357,72704,0.06375766545534134
1530676361.773389,73216,0.06785856932401657
1530676576.3200605,73728,0.052209917455911636
1530676790.7720273,74240,0.0445590540766716
1530677005.274028,74752,0.04102887958288193
1530677219.4688919,75264,0.03755146637558937
1530712293.0758421,76288,0.06045942381024361
1530712505.9650881,76800,0.07628308236598969
1530712718.4613166,77312,0.046468425542116165
1530712931.1859057,77824,0.04746493697166443
1530713143.7179146,78336,0.06474511325359344
1530713356.1519399,78848,0.06198298558592796
1530713568.9627395,79360,0.05487946793437004
1530713781.8516939,79872,0.047597821801900864
1530713994.9931357,80384,0.05138147622346878
1530714207.6845574,80896,0.044758811593055725
1530714420.4085398,81408,0.06075677275657654
1530714634.826723,81920,0.060639794915914536
1530714848.6340146,82432,0.058543067425489426
1530715062.1926305,82944,0.043878596276044846
1530715275.6236467,83456,0.060416337102651596
1530715490.148262,83968,0.0387958399951458
1530715703.5293345,84480,0.05276593565940857
1530715917.8278904,84992,0.04809591919183731
1530716131.156678,85504,0.05287393555045128
1530716344.542301,86016,0.04905291274189949
1530716559.2773323,86528,0.05652600899338722
1530716772.6313052,87040,0.05604492872953415
1530716987.517202,87552,0.03585571050643921
1530717202.3054926,88064,0.07329290360212326
1530717415.7943451,88576,0.07543621957302094
1530717629.896282,89088,0.06391206383705139
1530717843.7511544,89600,0.05631618946790695
1530718057.379421,90112,0.048185039311647415
1530718271.5746372,90624,0.0611613392829895
1530718485.683139,91136,0.0454719141125679
1530718699.8842912,91648,0.07169239223003387
1530718914.3322234,92160,0.05229701101779938
1530719129.4040825,92672,0.03908788785338402
1530719343.840649,93184,0.0351264551281929
1530719557.946902,93696,0.05317433550953865
1530719772.2841167,94208,0.0649828091263771
1530719986.71376,94720,0.04920724406838417
1530720201.569797,95232,0.028354447335004807
1530720415.8471608,95744,0.0507439449429512
1530720632.260411,96256,0.05849234014749527
1530720846.5347314,96768,0.054627738893032074
1530721061.3918471,97280,0.09799081832170486
