wall_time,step,value
1531869334.9440453,128,-29.913299560546875
1531869477.72492,256,-22.570655822753906
1531869620.6983786,384,-17.413490295410156
1531869763.5199735,512,-15.769262313842773
1531870029.7150946,640,-13.451887130737305
1531870172.6000144,768,-11.522320747375488
1531870315.3840826,896,-11.972826957702637
1531870458.127776,1024,-10.852355003356934
1531870724.6752403,1152,-9.692667007446289
1531870867.4965405,1280,-9.224040031433105
1531871010.4632523,1408,-9.268545150756836
1531871153.2672057,1536,-8.184816360473633
1531871412.4437912,1664,-8.68735122680664
1531871555.3180091,1792,-8.788861274719238
1531871698.1208243,1920,-7.4063801765441895
1531871841.012476,2048,-7.235766887664795
1531872097.7195153,2176,-7.100170135498047
1531872240.454022,2304,-7.725759029388428
1531872383.305285,2432,-6.887601852416992
1531872526.139169,2560,-6.486997127532959
1531872783.196224,2688,-6.980129718780518
1531872926.0169032,2816,-6.566391944885254
1531873068.706486,2944,-6.470428943634033
1531873211.378077,3072,-6.446393013000488
1531873463.773267,3200,-6.089588642120361
1531873606.516847,3328,-6.33926248550415
1531873749.3653939,3456,-6.114695072174072
1531873892.2482815,3584,-6.372125148773193
1531874141.5361469,3712,-5.973907947540283
1531874284.569319,3840,-6.031332492828369
1531874427.345023,3968,-5.897569179534912
1531874570.24507,4096,-5.99045991897583
1531874817.301162,4224,-5.922786235809326
1531874960.2808046,4352,-5.393249988555908
1531875103.2310467,4480,-5.988803386688232
1531875246.3112626,4608,-5.667802810668945
1531875489.9498358,4736,-5.855840682983398
1531875633.025135,4864,-5.926913738250732
1531875776.1454558,4992,-5.7161712646484375
1531875919.1596005,5120,-5.711925029754639
1531876160.3379002,5248,-5.84766960144043
1531876303.3312724,5376,-5.155563831329346
1531876446.3399122,5504,-5.30166482925415
1531876589.2190506,5632,-5.503091812133789
1531876829.4157107,5760,-5.196042537689209
1531876972.351702,5888,-5.296292304992676
1531877115.4074795,6016,-5.1929850578308105
1531877258.2925298,6144,-5.235537528991699
1531877499.6445322,6272,-5.213329315185547
1531877642.7082021,6400,-4.970927715301514
1531877785.6841652,6528,-5.201569557189941
1531877928.5927165,6656,-5.171790599822998
1531878170.2167807,6784,-5.23179817199707
1531878313.2275212,6912,-5.2766804695129395
1531878456.0969431,7040,-4.901263236999512
1531878599.0999894,7168,-5.013792037963867
1531878840.0582888,7296,-4.648250102996826
1531878983.15572,7424,-5.230760097503662
1531879126.160994,7552,-4.722673416137695
1531879269.3230054,7680,-4.878322601318359
1531879510.0947444,7808,-4.78304386138916
1531879653.0010903,7936,-4.7077460289001465
1531879795.9720557,8064,-4.6916656494140625
1531879939.0327392,8192,-4.692502021789551
1531880179.6050165,8320,-4.46444034576416
1531880322.5820377,8448,-4.345252990722656
1531880465.6018002,8576,-4.6175127029418945
1531880608.4867783,8704,-4.347872257232666
1531880850.8734527,8832,-4.4359307289123535
1531880993.9389412,8960,-4.815488815307617
1531881136.9179652,9088,-4.620784759521484
1531881279.8301466,9216,-4.677761077880859
1531881523.8992221,9344,-4.48963737487793
1531881666.7414916,9472,-4.321329593658447
1531881809.470949,9600,-4.1835808753967285
1531881952.1540089,9728,-4.205162525177002
1531882199.0690587,9856,-4.067046165466309
1531882342.0953155,9984,-4.046481609344482
1531882485.026045,10112,-3.9904556274414062
1531882627.8877182,10240,-3.9428839683532715
1531882874.3335915,10368,-3.8640706539154053
1531883017.2720063,10496,-3.711535692214966
1531883160.1833866,10624,-3.5731401443481445
1531883303.0649989,10752,-3.9187939167022705
1531883549.7163374,10880,-3.8683929443359375
1531883692.5832977,11008,-3.85150146484375
1531883835.520971,11136,-3.8730645179748535
1531883978.4414809,11264,-3.7654709815979004
1531884222.062723,11392,-4.125452041625977
1531884365.0192838,11520,-3.648228168487549
1531884508.0436661,11648,-3.984816551208496
1531884650.8714628,11776,-3.967881202697754
1531884897.0281267,11904,-3.850651502609253
1531885039.8252456,12032,-4.03172492980957
1531885182.6555498,12160,-3.5664761066436768
1531885325.5109081,12288,-3.9510624408721924
1531885570.1293364,12416,-3.6877517700195312
1531885713.0672984,12544,-3.763671636581421
1531885856.1018245,12672,-3.660635471343994
1531885999.000529,12800,-3.2658796310424805
1531886242.9495637,12928,-3.6158740520477295
1531886385.799886,13056,-3.565951347351074
1531886528.713566,13184,-3.578187942504883
1531886671.58812,13312,-3.3933584690093994
1531886916.2189682,13440,-3.7705211639404297
1531887059.2150633,13568,-3.500941514968872
1531887202.2832096,13696,-3.4878127574920654
1531887345.3841195,13824,-3.5105056762695312
1531887590.412493,13952,-3.1573715209960938
1531887733.5014365,14080,-3.203061819076538
1531887876.5308743,14208,-3.529296875
1531888019.6140394,14336,-3.041125535964966
1531888265.1591914,14464,-3.340053081512451
1531888408.115612,14592,-3.520854949951172
1531888551.1733522,14720,-3.4337852001190186
1531888694.3499365,14848,-3.414883613586426
1531888938.4987512,14976,-3.4237966537475586
1531889081.3919435,15104,-3.4165940284729004
1531889224.5417776,15232,-3.389932632446289
1531889367.7096114,15360,-3.110393762588501
1531889610.7936363,15488,-3.19073486328125
1531889753.7431161,15616,-3.1212432384490967
1531889896.7795935,15744,-3.204707145690918
1531890039.8419309,15872,-3.1868655681610107
1531890285.3284917,16000,-3.014575719833374
1531890428.4301865,16128,-3.6828627586364746
1531890571.5516045,16256,-3.1966378688812256
1531890714.573624,16384,-2.9787826538085938
1531890958.4594939,16512,-3.218463182449341
1531891101.4399247,16640,-3.160231590270996
1531891244.382327,16768,-3.3902180194854736
1531891387.2630384,16896,-3.3339428901672363
1531891632.4331307,17024,-3.261159896850586
1531891775.3552291,17152,-3.247281551361084
1531891918.4870465,17280,-3.4549036026000977
1531892061.5009925,17408,-3.144253969192505
1531892304.967862,17536,-3.0474045276641846
1531892448.0741026,17664,-3.3077611923217773
1531892591.058512,17792,-3.0562398433685303
1531892733.9785419,17920,-3.1334776878356934
1531892979.3790998,18048,-3.0301413536071777
1531893122.4348989,18176,-3.34375262260437
1531893265.4697983,18304,-3.268342971801758
1531893408.501692,18432,-2.9305145740509033
1531893652.8707545,18560,-2.955388307571411
1531893795.9484541,18688,-3.1375091075897217
1531893939.1071582,18816,-3.0000052452087402
1531894082.271264,18944,-3.1806626319885254
1531894326.6573763,19072,-3.2076199054718018
1531894469.6525407,19200,-3.0379831790924072
1531894612.495218,19328,-3.14809513092041
1531894755.420778,19456,-2.8012661933898926
1531895000.4222205,19584,-2.764101982116699
1531895143.3646057,19712,-2.8757736682891846
1531895286.2924464,19840,-2.8855457305908203
1531895429.183895,19968,-2.760545253753662
1531895674.2044718,20096,-2.9682135581970215
1531895817.1304066,20224,-2.7810747623443604
1531895959.9456544,20352,-2.943624258041382
1531896102.7619956,20480,-3.1154561042785645
1532075366.6762745,20608,-2.933088541030884
1532075509.4974597,20736,-2.988450765609741
1532075652.278835,20864,-2.9994194507598877
1532075795.2450387,20992,-2.7208075523376465
1532076038.29305,21120,-2.6593775749206543
1532076181.2851567,21248,-2.664231777191162
1532076324.079834,21376,-2.883884906768799
1532076466.8263824,21504,-2.4170687198638916
1532076709.6982563,21632,-2.875807046890259
1532076852.684796,21760,-2.6456573009490967
1532076995.6436522,21888,-2.6779158115386963
1532077138.6210663,22016,-2.7431769371032715
1532077381.656557,22144,-2.4494826793670654
1532077524.5970953,22272,-2.6542232036590576
1532077667.618738,22400,-2.593930721282959
1532077810.6173823,22528,-2.7921314239501953
1532078052.564429,22656,-2.764040946960449
1532078195.6028745,22784,-2.5365777015686035
1532078338.6213202,22912,-2.803696632385254
1532078481.6724794,23040,-2.6029844284057617
1532081444.7088606,23168,-2.8231379985809326
1532081591.597377,23296,-2.6933023929595947
1532081738.603699,23424,-2.6822612285614014
1532081885.3666973,23552,-2.352416753768921
1532082127.3368275,23680,-2.3330917358398438
1532082270.324492,23808,-2.6892073154449463
1532082413.2195678,23936,-2.512408494949341
1532082556.2321687,24064,-2.6989805698394775
1532082797.976749,24192,-2.822208881378174
1532082941.1246722,24320,-2.5821380615234375
1532083084.28579,24448,-2.586381435394287
1532083227.2863917,24576,-2.553229331970215
1532083470.6901886,24704,-2.624443292617798
1532083613.6423354,24832,-2.4481329917907715
1532083756.680638,24960,-2.6542272567749023
1532083899.6539106,25088,-2.5797107219696045
1532084141.7847807,25216,-2.3745622634887695
1532084284.755825,25344,-2.484255313873291
1532084427.6741936,25472,-2.639493465423584
1532084570.6125636,25600,-2.222553253173828
1532084813.465369,25728,-2.4998629093170166
1532084956.4759696,25856,-2.5837972164154053
1532085099.4117591,25984,-2.3584375381469727
1532085242.2770045,26112,-2.3396081924438477
1532085484.170896,26240,-2.2501399517059326
1532085627.0287914,26368,-2.7070207595825195
1532085769.9097085,26496,-2.4531307220458984
1532085912.7608902,26624,-2.48952317237854
1532086155.186935,26752,-2.2347490787506104
1532086297.8560605,26880,-2.434587001800537
1532086440.6811466,27008,-2.2187657356262207
1532086583.3713868,27136,-2.789565324783325
1532086828.2843282,27264,-2.541867733001709
1532086971.156049,27392,-2.4427335262298584
1532087114.0325172,27520,-2.539039134979248
1532087256.7379382,27648,-2.1451520919799805
1532087499.9731598,27776,-2.5030834674835205
1532087642.8608396,27904,-2.2108712196350098
1532087785.7318316,28032,-2.582216739654541
1532087928.6698682,28160,-2.115856170654297
1532088170.9145372,28288,-2.2653214931488037
1532088313.825686,28416,-2.3515243530273438
1532088456.7864766,28544,-2.278327465057373
1532088599.663632,28672,-2.341348171234131
1532088844.906266,28800,-2.3970022201538086
1532088987.877486,28928,-2.203951835632324
1532089130.9836068,29056,-2.2405595779418945
1532089274.094423,29184,-2.5797109603881836
1532089519.649084,29312,-2.4442315101623535
1532089662.5510907,29440,-2.2629847526550293
1532089805.5257208,29568,-2.1159281730651855
1532089948.3930023,29696,-2.2784361839294434
1532090190.2821898,29824,-2.430319309234619
1532090333.2682831,29952,-2.738741874694824
1532090476.0648367,30080,-2.5094969272613525
1532090618.9048333,30208,-2.226694107055664
1532090865.1589885,30336,-2.0948946475982666
1532091007.937888,30464,-2.4106335639953613
1532091150.9546156,30592,-1.9648624658584595
1532091293.9335055,30720,-2.347344398498535
1532091539.930217,30848,-2.2751851081848145
1532091682.8342166,30976,-2.2446815967559814
1532091825.7230363,31104,-2.0506794452667236
1532091968.5856056,31232,-2.3027234077453613
1532092211.498498,31360,-2.0248935222625732
1532092354.3756623,31488,-1.9636021852493286
1532092497.32757,31616,-2.056004285812378
1532092640.0740902,31744,-2.2091751098632812
1532092886.683843,31872,-2.292156934738159
1532093029.557628,32000,-2.444145917892456
1532093172.5107682,32128,-2.142782211303711
1532093315.5893023,32256,-2.2345266342163086
1532093561.385949,32384,-2.1451315879821777
1532093704.3070593,32512,-2.2652747631073
1532093847.2645917,32640,-2.302734613418579
1532093990.1720278,32768,-2.0475213527679443
1532094236.3511708,32896,-2.1927289962768555
1532094379.4479704,33024,-2.1750152111053467
1532094522.6134582,33152,-2.5587918758392334
1532094665.6999037,33280,-1.9427990913391113
1532094911.2388232,33408,-2.1414384841918945
1532095054.2143748,33536,-2.158203601837158
1532095197.0233703,33664,-2.486449956893921
1532095339.781552,33792,-2.152827262878418
1532095584.0322728,33920,-2.2134382724761963
1532095727.130528,34048,-1.8142215013504028
1532095870.1950517,34176,-2.178769588470459
1532096013.245512,34304,-2.1008620262145996
1532096259.151548,34432,-2.4944283962249756
1532096402.3476193,34560,-2.157454252243042
1532096545.5018563,34688,-2.1544835567474365
1532096688.6586275,34816,-1.9954917430877686
1532096933.266074,34944,-2.1279940605163574
1532097076.379253,35072,-2.186211585998535
1532097219.5740504,35200,-1.9467716217041016
1532097362.712397,35328,-1.9656647443771362
1532097607.472193,35456,-1.9507102966308594
1532097750.423065,35584,-2.072727918624878
1532097893.5890079,35712,-2.0620293617248535
1532098036.7523143,35840,-2.0234358310699463
1532098284.4015675,35968,-2.184330701828003
1532098427.452556,36096,-2.407313346862793
1532098570.4592574,36224,-2.267617702484131
1532098713.507339,36352,-1.945050835609436
1532098963.004328,36480,-1.9272276163101196
1532099106.1161716,36608,-1.99203360080719
1532099249.2190251,36736,-2.2534451484680176
1532099392.4534144,36864,-2.040177822113037
1532099638.0949266,36992,-2.139768362045288
1532099781.2020667,37120,-2.294964075088501
1532099924.389884,37248,-1.96645188331604
1532100067.5705302,37376,-2.3286399841308594
1532100313.842824,37504,-1.9192882776260376
1532100457.0369103,37632,-2.114219903945923
1532100600.132008,37760,-2.040325880050659
1532100743.2587328,37888,-2.2054078578948975
1532100989.7119477,38016,-1.6532642841339111
1532101132.790012,38144,-2.1349174976348877
1532101275.831372,38272,-2.249696969985962
1532101418.9147081,38400,-1.7639669179916382
1532101666.328995,38528,-1.9871429204940796
1532101809.5011733,38656,-2.1729533672332764
1532101952.509687,38784,-1.830361247062683
1532102095.6457388,38912,-1.8042633533477783
1532102341.4273777,39040,-2.0982792377471924
1532102484.5013707,39168,-2.17734432220459
1532102627.7175093,39296,-1.8755366802215576
1532102770.9011426,39424,-1.8753247261047363
1532103017.8685856,39552,-1.9080888032913208
1532103160.7712264,39680,-2.549736738204956
1532103303.7674654,39808,-1.9386906623840332
1532103446.8185656,39936,-1.8387081623077393
1532110686.284082,40064,-1.6743577718734741
1532110833.1457021,40192,-2.0590503215789795
1532110979.9767103,40320,-2.0716700553894043
1532111126.9914353,40448,-1.842808485031128
1532111374.628618,40576,-1.7852637767791748
1532111517.46427,40704,-2.0815062522888184
1532111660.259253,40832,-1.919560194015503
1532111803.1285748,40960,-1.901504635810852
1532112049.4898863,41088,-1.7589367628097534
1532112192.6258729,41216,-1.7549700736999512
1532112335.661994,41344,-2.1440513134002686
1532112478.7406802,41472,-2.072244882583618
1532112725.6223586,41600,-1.9551408290863037
1532112868.818562,41728,-1.8744913339614868
1532113011.8880057,41856,-1.8327540159225464
1532113154.9925077,41984,-1.677107810974121
1532113401.8729181,42112,-1.8897194862365723
1532113544.8825715,42240,-1.9780104160308838
1532113687.9939847,42368,-1.7905449867248535
1532113831.0447853,42496,-2.0296952724456787
1532114082.3730764,42624,-2.0167977809906006
1532114225.4436803,42752,-2.0535154342651367
1532114368.4488559,42880,-1.5554808378219604
1532114511.3687925,43008,-2.053525447845459
1532114761.8334148,43136,-1.6795377731323242
1532114904.8115184,43264,-1.853499412536621
1532115047.8364537,43392,-1.830152988433838
1532115190.9243653,43520,-1.8767887353897095
1532115438.5499897,43648,-1.8669604063034058
1532115581.4312127,43776,-2.124589443206787
1532115724.3618119,43904,-1.6864702701568604
1532115867.2354913,44032,-1.9683189392089844
1532116117.7293732,44160,-2.107208251953125
1532116260.7695334,44288,-2.1425724029541016
1532116403.7987492,44416,-1.8327012062072754
1532116546.7997205,44544,-1.7572181224822998
1532116793.8700676,44672,-1.7701523303985596
1532116936.9535913,44800,-1.8204386234283447
1532117080.057529,44928,-1.956087589263916
1532117223.1763725,45056,-1.8069502115249634
1532117472.142119,45184,-1.7005397081375122
1532117615.241801,45312,-1.8949007987976074
1532117758.468141,45440,-2.0291006565093994
1532117901.7093754,45568,-1.7258448600769043
1532118149.9298882,45696,-1.8824526071548462
1532118292.8382628,45824,-1.9281777143478394
1532118435.984819,45952,-1.7781999111175537
1532118579.0464892,46080,-1.8655719757080078
1532118826.5633361,46208,-1.8454060554504395
1532118969.6532025,46336,-1.8058173656463623
1532119112.7685149,46464,-1.8510292768478394
1532119255.9002306,46592,-1.7226817607879639
1532119503.8600917,46720,-1.5873019695281982
1532119646.7470455,46848,-2.0474438667297363
1532119789.612197,46976,-2.157205104827881
1532119932.4766629,47104,-1.9395805597305298
1532120180.5054698,47232,-1.9343534708023071
1532120323.3855655,47360,-1.751889944076538
1532120466.3427842,47488,-2.056579113006592
1532120609.2017686,47616,-1.7835969924926758
1532120858.379521,47744,-1.8700697422027588
1532121001.371818,47872,-2.007582664489746
1532121144.3639631,48000,-2.204482078552246
1532121287.400548,48128,-1.8330293893814087
1532121538.2229614,48256,-1.839871883392334
1532121681.346163,48384,-1.5509192943572998
1532121824.1988611,48512,-1.7334010601043701
1532121967.320751,48640,-1.9463202953338623
1532122217.6094773,48768,-1.783913493156433
1532122360.6008658,48896,-1.9071720838546753
1532122503.5097456,49024,-1.7068428993225098
1532122646.5039008,49152,-1.7564345598220825
1532122895.3803935,49280,-1.6864049434661865
1532123038.4481604,49408,-1.781111478805542
1532123181.3272233,49536,-1.7728015184402466
1532123324.3773673,49664,-1.7542754411697388
1532123575.3143616,49792,-1.6230378150939941
1532123718.3664086,49920,-1.7422277927398682
1532123861.4187891,50048,-1.8628787994384766
1532124004.4497344,50176,-1.8518831729888916
1532124253.3878105,50304,-1.698326587677002
1532124396.5027118,50432,-1.822975993156433
1532124539.6074705,50560,-1.613450288772583
1532124682.6144469,50688,-1.4974794387817383
1532124931.3439827,50816,-1.5999070405960083
1532125074.3659837,50944,-1.6702039241790771
1532125217.5789194,51072,-1.63865327835083
1532125360.7631474,51200,-1.5916906595230103
1532125610.9714313,51328,-1.95326566696167
1532125754.0524335,51456,-1.4729338884353638
1532125897.1375976,51584,-1.610090732574463
1532126040.1985643,51712,-1.5232611894607544
1532126292.8648918,51840,-1.5385746955871582
1532126436.0394866,51968,-1.6258938312530518
1532126579.2330947,52096,-2.0022950172424316
1532126722.407527,52224,-1.849782109260559
1532126973.0243878,52352,-1.6143627166748047
1532127116.0906296,52480,-1.8453458547592163
1532127259.3019707,52608,-1.7880326509475708
1532127402.4501896,52736,-1.5188438892364502
1532127652.0508802,52864,-1.7165766954421997
1532127795.0802684,52992,-1.8382972478866577
1532127938.1400943,53120,-1.7197375297546387
1532128081.1818297,53248,-1.669182300567627
1532128332.364276,53376,-1.6949394941329956
1532128475.4305358,53504,-1.4497133493423462
1532128618.4480433,53632,-1.597795009613037
1532128761.394083,53760,-1.552392840385437
1532129012.3480666,53888,-1.659724473953247
1532129155.2536476,54016,-1.8105593919754028
1532129298.303133,54144,-1.8549977540969849
1532129441.2215984,54272,-1.2640012502670288
1532129692.3218963,54400,-1.5327880382537842
1532129835.2572253,54528,-1.6607050895690918
1532129978.1521206,54656,-1.7907869815826416
1532130121.1144338,54784,-1.6302611827850342
1532130371.6300364,54912,-1.522845983505249
1532130514.6036837,55040,-1.5376216173171997
1532130657.798964,55168,-1.4237020015716553
1532130800.9087138,55296,-1.7081122398376465
1532131052.6028724,55424,-1.8112058639526367
1532131195.7579188,55552,-1.3427420854568481
1532131338.881922,55680,-1.868758201599121
1532131482.0012264,55808,-1.6944390535354614
1532131734.5695143,55936,-1.6839263439178467
1532131877.67038,56064,-1.7660115957260132
1532132020.6959872,56192,-1.6840440034866333
1532132163.8967254,56320,-1.6539404392242432
1532132414.0735643,56448,-1.48318350315094
1532132557.0138524,56576,-1.7988102436065674
1532132700.057485,56704,-1.8003120422363281
1532132843.0914967,56832,-1.579256296157837
1532133094.824724,56960,-1.7472293376922607
1532133237.9038508,57088,-1.6072279214859009
1532133381.2319493,57216,-1.6106153726577759
1532133524.253084,57344,-1.6430723667144775
1532133775.414507,57472,-1.2802832126617432
1532133918.4176047,57600,-1.675105333328247
1532134061.5033412,57728,-1.3389164209365845
1532134204.654568,57856,-1.3239569664001465
1532134453.2527986,57984,-1.423949122428894
1532134596.2220125,58112,-1.4281212091445923
1532134739.4056625,58240,-1.6851904392242432
1532134882.430648,58368,-1.6272202730178833
1532135135.9765031,58496,-1.5550401210784912
1532135279.0641785,58624,-1.405120611190796
1532135422.2172637,58752,-1.6546814441680908
1532135565.3174706,58880,-1.7368345260620117
1532135814.7204895,59008,-1.5798436403274536
1532135957.7656043,59136,-1.4893407821655273
1532136100.8660219,59264,-1.2082220315933228
1532136243.972813,59392,-1.669440746307373
1532136495.3619251,59520,-1.5520137548446655
1532136638.281889,59648,-1.4454891681671143
1532136781.203531,59776,-1.657657504081726
1532136924.1895916,59904,-1.6171414852142334
1532137177.1094007,60032,-1.8592599630355835
1532137320.0504518,60160,-1.7322986125946045
1532137462.9403398,60288,-1.591964840888977
1532137605.836944,60416,-1.7000888586044312
1532137855.8980398,60544,-1.8946318626403809
1532137998.6245131,60672,-1.6512399911880493
1532138141.4273124,60800,-1.8106482028961182
1532138284.0824006,60928,-1.5576374530792236
1532138537.925545,61056,-1.5532516241073608
1532138680.7241762,61184,-1.8183834552764893
1532138823.6311846,61312,-1.5638004541397095
1532138966.6436307,61440,-1.3897674083709717
1532139218.6198664,61568,-1.6687365770339966
1532139361.5526118,61696,-1.5546503067016602
1532139504.531238,61824,-1.659233808517456
1532139647.4360073,61952,-1.4585055112838745
1532139899.6335342,62080,-1.4685730934143066
1532140042.4638264,62208,-1.6450965404510498
1532140185.4690633,62336,-1.6248009204864502
1532140328.300935,62464,-1.6815768480300903
1532164340.6813786,62592,-1.5405054092407227
1532164487.745782,62720,-1.4361224174499512
1532164634.428322,62848,-1.5426039695739746
1532164781.7304194,62976,-1.5712015628814697
1532165029.4569292,63104,-1.5635218620300293
1532165172.5299675,63232,-1.5892614126205444
1532165315.651334,63360,-1.3485779762268066
1532165458.72849,63488,-1.5995004177093506
1532165706.2792728,63616,-1.651740312576294
1532165849.2465522,63744,-1.7274924516677856
1532165992.2949023,63872,-1.4319758415222168
1532166135.4112825,64000,-1.5006064176559448
1532166380.4037447,64128,-1.5810507535934448
1532166523.4302948,64256,-1.416656732559204
1532166666.4861066,64384,-1.7024240493774414
1532166809.599359,64512,-1.9413948059082031
1532167057.6479173,64640,-1.7399802207946777
1532167200.7357256,64768,-1.3929884433746338
1532167343.788734,64896,-1.4378414154052734
1532167486.8866916,65024,-1.537844181060791
1532167734.9829533,65152,-1.91990327835083
1532167877.8876085,65280,-1.462546706199646
1532168020.9268909,65408,-1.1477340459823608
1532168163.886888,65536,-1.3624860048294067
1532168413.4906278,65664,-1.3566465377807617
1532168556.3337426,65792,-1.5287561416625977
1532168699.1185498,65920,-1.4724394083023071
1532168842.0378878,66048,-1.4598175287246704
1532169087.4020596,66176,-1.2496269941329956
1532169230.267428,66304,-1.6548309326171875
1532169373.1330616,66432,-1.7910597324371338
1532169516.0600495,66560,-1.616003155708313
1532169765.3806324,66688,-1.6182019710540771
1532169908.4008875,66816,-1.6531709432601929
1532170051.4388402,66944,-1.496756911277771
1532170194.5204773,67072,-1.4594987630844116
1532170443.3758247,67200,-1.616341233253479
1532170586.4975588,67328,-1.3642778396606445
1532170729.5862567,67456,-1.586708426475525
1532170872.6876583,67584,-1.525891900062561
1532171118.8225403,67712,-1.538038969039917
1532171261.901498,67840,-1.4692306518554688
1532171404.8717885,67968,-1.6292600631713867
1532171547.8658211,68096,-1.5986696481704712
1532171794.7462137,68224,-1.7247796058654785
1532171937.8010292,68352,-1.4755346775054932
1532172080.840461,68480,-1.3338745832443237
1532172223.9136858,68608,-1.774776816368103
1532172474.4616375,68736,-1.776375412940979
1532172617.5485258,68864,-1.3966021537780762
1532172760.5419836,68992,-1.318925142288208
1532172903.6425216,69120,-1.4225037097930908
1532173150.8566785,69248,-1.3535734415054321
1532173293.906155,69376,-1.3439323902130127
1532173436.9666948,69504,-1.5886130332946777
1532173580.0904276,69632,-1.4340367317199707
1532173828.866395,69760,-1.5206495523452759
1532173971.984909,69888,-1.4280750751495361
1532174115.315351,70016,-1.4604347944259644
1532174258.542155,70144,-1.6019482612609863
1532174507.353492,70272,-1.5094025135040283
1532174650.516687,70400,-1.591947317123413
1532174793.610117,70528,-1.3207980394363403
1532174936.8087196,70656,-1.0363290309906006
1532175185.709247,70784,-1.599231243133545
1532175328.7313347,70912,-1.2886465787887573
1532175471.910101,71040,-1.1033258438110352
1532175614.9384456,71168,-1.4080826044082642
1532175862.2434661,71296,-1.3907524347305298
1532176005.3698275,71424,-1.5067448616027832
1532176148.4745278,71552,-1.3634096384048462
1532176291.5981262,71680,-1.2541444301605225
1532176539.5548677,71808,-1.4556541442871094
1532176682.654718,71936,-1.0966383218765259
1532176825.6964047,72064,-1.3936121463775635
1532176968.7577567,72192,-1.2778496742248535
1532177216.1928327,72320,-1.5179890394210815
1532177359.5101814,72448,-1.4435267448425293
1532177502.718532,72576,-1.6320933103561401
1532177645.961766,72704,-1.3431204557418823
1532177892.099609,72832,-1.911902904510498
1532178035.304966,72960,-1.612328052520752
1532178178.5258398,73088,-1.430615782737732
1532178321.6717167,73216,-1.3730530738830566
1532178571.3631005,73344,-1.2533259391784668
1532178714.5023901,73472,-1.1113460063934326
1532178857.677567,73600,-1.4027583599090576
1532179000.8344219,73728,-1.415903925895691
1532179249.991898,73856,-1.600691318511963
1532179393.3047,73984,-1.3088562488555908
1532179536.5083137,74112,-1.0833208560943604
1532179679.7419713,74240,-1.4149625301361084
1532179927.5666056,74368,-1.70181143283844
1532180070.82137,74496,-1.3717472553253174
1532180214.0099108,74624,-1.5214751958847046
1532180357.1882653,74752,-1.4253796339035034
1532180608.6658907,74880,-1.4382495880126953
1532180751.7853956,75008,-1.6040167808532715
1532180895.0057411,75136,-1.4892489910125732
1532181038.1606987,75264,-1.1037687063217163
1532181286.5456724,75392,-1.3879836797714233
1532181429.7389646,75520,-1.5002113580703735
1532181573.023798,75648,-1.3189102411270142
1532181716.1536748,75776,-1.227530598640442
1532181962.3652549,75904,-1.3319361209869385
1532182105.699304,76032,-1.3014029264450073
1532182248.7752988,76160,-1.1845203638076782
1532182391.9189591,76288,-1.1873729228973389
1532182642.9921327,76416,-1.7127785682678223
1532182786.126364,76544,-1.5083494186401367
1532182929.319392,76672,-1.4578382968902588
1532183072.4893188,76800,-1.6489564180374146
1532183323.7207367,76928,-1.2177801132202148
1532183466.865726,77056,-1.467982530593872
1532183610.0723684,77184,-1.4134496450424194
1532183753.3844092,77312,-1.0929397344589233
1532184002.7346165,77440,-1.454178810119629
1532184145.9892142,77568,-1.242510437965393
1532184289.216166,77696,-0.9020423889160156
1532184432.3341188,77824,-1.3732304573059082
1532184679.2231162,77952,-1.3843804597854614
1532184822.1435022,78080,-1.5994669198989868
1532184965.1893404,78208,-1.6033551692962646
1532185108.2190185,78336,-1.5855697393417358
1532185353.9749565,78464,-1.4530490636825562
1532185496.8341985,78592,-1.3586550951004028
1532185639.9879348,78720,-1.2358494997024536
1532185783.1075022,78848,-1.4407985210418701
1532186033.846482,78976,-1.2843787670135498
1532186176.9987402,79104,-1.5276743173599243
1532186320.3611436,79232,-1.558200478553772
1532186463.468163,79360,-1.3068996667861938
1532186711.6130743,79488,-1.640160322189331
1532186854.837235,79616,-1.55765962600708
1532186998.0917375,79744,-1.2058289051055908
1532187141.2626357,79872,-1.3463904857635498
1532187391.243367,80000,-1.6642742156982422
1532187534.3998144,80128,-1.1472779512405396
1532187677.6538649,80256,-1.3278753757476807
1532187820.8965929,80384,-1.259526014328003
1532188070.0556688,80512,-1.602628469467163
1532188213.002715,80640,-1.4524625539779663
1532188356.154525,80768,-1.3466464281082153
1532188499.4022355,80896,-1.5449492931365967
1532188747.5114386,81024,-1.4202520847320557
1532188890.7242415,81152,-1.266585111618042
1532189033.728216,81280,-1.4716840982437134
1532189176.8626802,81408,-1.4806206226348877
1532189425.8285372,81536,-1.2173079252243042
1532189568.8919497,81664,-1.7636346817016602
1532189712.0707324,81792,-1.395644187927246
1532189855.1820576,81920,-1.4820274114608765
1532190106.5435133,82048,-1.6332290172576904
1532190249.6249647,82176,-1.4992523193359375
1532190392.789148,82304,-1.630198359489441
1532190535.927981,82432,-1.2878177165985107
1532190786.6926217,82560,-1.250235676765442
1532190929.6865673,82688,-1.2499183416366577
1532191072.6325202,82816,-1.2606825828552246
1532191215.515646,82944,-1.352556824684143
1532191466.3839536,83072,-1.7671409845352173
1532191609.2952588,83200,-1.4409328699111938
1532191752.251087,83328,-1.0990766286849976
1532191895.27856,83456,-1.4656970500946045
1532192145.9832623,83584,-0.9902934432029724
1532192288.8214417,83712,-1.6209604740142822
1532192431.8433332,83840,-1.370164394378662
1532192574.9176736,83968,-1.3595951795578003
1532192823.5665298,84096,-1.3176687955856323
1532192966.723371,84224,-1.1608452796936035
1532193109.8144941,84352,-1.0006000995635986
1532193252.8913927,84480,-1.2521559000015259
1532193500.9600418,84608,-0.5306253433227539
1532193644.0279243,84736,-1.268301248550415
1532193787.0688689,84864,-1.5687074661254883
1532193930.0744588,84992,-1.2475372552871704
1532194179.4650846,85120,-1.176864743232727
1532194322.5365438,85248,-1.392694354057312
1532194465.4015827,85376,-1.3014878034591675
1532194608.5416982,85504,-1.2286946773529053
1532194861.4453514,85632,-1.1709914207458496
1532195004.7306142,85760,-1.4714664220809937
1532195147.9534302,85888,-1.191103458404541
1532195291.1284199,86016,-1.354584813117981
1532195543.2130044,86144,-0.970614492893219
1532195686.3021374,86272,-1.454453468322754
1532195829.5589705,86400,-1.2412521839141846
1532195972.734255,86528,-1.5898098945617676
1532196225.1206732,86656,-0.6770517826080322
1532196368.4245377,86784,-0.2479817420244217
1532196511.7257843,86912,-1.2468656301498413
1532196654.9665592,87040,0.4032268524169922
1532196915.5642803,87168,-0.7424085140228271
1532197058.7613308,87296,1.104971170425415
1532197201.8023937,87424,-1.1836068630218506
1532197345.1213884,87552,-3.2921879291534424
1532197605.0155652,87680,-1.896442174911499
1532197748.1689482,87808,-2.030071973800659
1532197891.431992,87936,-2.302009105682373
1532198034.6839144,88064,0.10019375383853912
1532198293.817792,88192,-1.6058602333068848
1532198437.1510975,88320,-1.201339602470398
1532198580.4018188,88448,-1.441077709197998
1532198723.673588,88576,-0.19974523782730103
1532198974.7037976,88704,-0.6107461452484131
1532199118.0959997,88832,-3.001697301864624
1532199261.3396485,88960,-1.8773462772369385
1532199404.5529866,89088,-1.9768059253692627
1532199662.51799,89216,0.4335966408252716
1532199805.820927,89344,-1.3886678218841553
1532199949.0341663,89472,-1.5126137733459473
1532200092.349661,89600,-2.556652069091797
1532200338.565204,89728,-2.254913330078125
1532200481.7349212,89856,-1.5708532333374023
1532200624.7617228,89984,0.3728700876235962
1532200767.9265194,90112,0.06702715158462524
1532201017.8101184,90240,-1.3692450523376465
1532201161.025972,90368,-2.018340826034546
1532201304.2522273,90496,-1.3440765142440796
1532201447.555915,90624,-0.10091300308704376
1532201698.4567726,90752,-0.6105310916900635
1532201841.6677585,90880,1.5672016143798828
1532201984.8064284,91008,-0.11423511803150177
1532202128.0061975,91136,-0.27861258387565613
1532202378.2584648,91264,-4.040163040161133
1532202521.3615875,91392,-0.6931987404823303
1532202664.5410628,91520,-1.5625699758529663
1532202807.6531796,91648,-1.6373581886291504
1532203061.112818,91776,-0.29949039220809937
1532203204.093092,91904,0.08648769557476044
1532203347.0264754,92032,-0.06128371134400368
1532203490.0435498,92160,0.3862394690513611
1532203742.5378723,92288,-1.8886878490447998
1532203885.7604005,92416,-0.17315661907196045
1532204028.9957147,92544,-0.1469266414642334
1532204172.1888916,92672,1.5431530475616455
1532204419.671669,92800,-1.641512155532837
1532204562.8639174,92928,-1.0655262470245361
1532204706.0304294,93056,-0.5614707469940186
1532204849.2607706,93184,0.6537021398544312
1532205098.7758079,93312,-1.534828543663025
1532205241.8434932,93440,-1.6091536283493042
1532205385.141348,93568,-0.3330799639225006
1532205528.2881684,93696,-3.246253728866577
1532205783.5646873,93824,-1.4286853075027466
1532205926.685817,93952,-0.21612980961799622
1532206069.7810967,94080,0.5295364856719971
1532206213.0650647,94208,-0.24577856063842773
1532206462.2474892,94336,-1.4047608375549316
1532206605.3385875,94464,-0.033495865762233734
1532206748.5148757,94592,-0.6905403733253479
1532206891.662734,94720,-1.817850947380066
1532207147.3426843,94848,-0.024691864848136902
1532207290.4887564,94976,-1.932188630104065
1532207433.6029077,95104,-0.8507484197616577
1532207576.9359353,95232,0.2022750973701477
1532207818.7802253,95360,-2.973123073577881
1532207961.8683197,95488,-1.064501166343689
1532208104.9973419,95616,-0.40451914072036743
1532208248.1581287,95744,-0.8638594746589661
1532208485.0462492,95872,-1.2545349597930908
1532208628.1953032,96000,-0.08662566542625427
1532208771.371575,96128,-0.6172791719436646
1532208914.5377119,96256,-1.004370093345642
1532209146.3867757,96384,-0.6985151171684265
1532209289.459623,96512,-2.6760711669921875
1532209432.4867635,96640,-0.9860001802444458
1532209575.51695,96768,0.2075250744819641
1532209814.1234868,96896,-0.26004326343536377
1532209957.2149527,97024,-0.1218479573726654
1532210100.1681666,97152,-0.08959706127643585
1532210243.2276351,97280,0.12705211341381073
1532210476.0516653,97408,0.47208288311958313
1532210619.0895364,97536,0.30461782217025757
1532210762.1698768,97664,-0.9481605887413025
