wall_time,step,value
1532647273.1883507,512,308.89068603515625
1532648589.7570038,1024,277.74420166015625
1532649898.7740963,1536,244.86422729492188
1532651197.9602873,2048,222.16029357910156
1532652482.7056212,2560,212.03651428222656
1532653739.7569444,3072,203.9615478515625
1532654971.686002,3584,189.6302032470703
1532656208.5593107,4096,186.6557159423828
1532657442.9639034,4608,181.18157958984375
1532658680.916924,5120,171.0167999267578
1532659926.8335361,5632,170.05503845214844
1532661180.1367168,6144,165.8298797607422
1532662447.6896021,6656,153.3098907470703
1532663720.5804365,7168,151.49835205078125
1532664999.5573807,7680,148.75782775878906
1532666278.40486,8192,142.784912109375
1532667553.3609068,8704,138.79518127441406
1532668829.9408638,9216,140.4873504638672
1532670113.0228539,9728,133.3162841796875
1532671386.4949656,10240,130.61416625976562
1532672657.3971128,10752,124.25440979003906
1532673934.4055216,11264,129.0139617919922
1532675214.7114878,11776,124.0759506225586
1532676484.7683752,12288,117.03410339355469
1532677757.1145937,12800,121.40750885009766
1532679028.5578313,13312,112.95237731933594
1532680299.5063152,13824,113.16290283203125
1532681565.6546557,14336,109.8882827758789
1532682830.6161861,14848,114.60868072509766
1532684102.4282265,15360,109.6474380493164
1532685372.5556557,15872,105.99031829833984
1532686651.8562138,16384,107.76304626464844
1532687931.2023103,16896,103.97917938232422
1532689195.3231528,17408,99.02815246582031
1532690469.7599752,17920,99.41039276123047
1532691740.9124494,18432,99.14274597167969
1532693013.378175,18944,98.25489044189453
1532694291.1713164,19456,94.31037139892578
1532695565.007632,19968,93.7405776977539
1532696833.47799,20480,94.51364135742188
1532698099.3494158,20992,91.58042907714844
1532699370.2953312,21504,92.84669494628906
1532700643.9620895,22016,89.99700927734375
1532701927.8567495,22528,84.9793930053711
1532703206.3930044,23040,86.5604476928711
1532704486.092336,23552,84.56024932861328
1532705761.407012,24064,84.26927947998047
1532707044.1255677,24576,80.4754867553711
1532708314.5342977,25088,83.6887435913086
1532709587.5970035,25600,80.40888977050781
1532710861.3960958,26112,79.6722412109375
1532712143.481546,26624,80.61443328857422
1532713421.1213498,27136,79.7232894897461
1532714704.1021082,27648,74.63094329833984
1532715983.8245125,28160,78.0630111694336
1532717267.0336974,28672,79.86751556396484
1532718543.8931637,29184,76.52995300292969
1532719822.6942134,29696,74.87251281738281
1532721105.831099,30208,76.22032928466797
1532722386.2212882,30720,74.51042175292969
1532723673.4268909,31232,71.62029266357422
1532724959.845852,31744,72.28846740722656
1532726235.8425949,32256,72.81262969970703
1532891720.2951636,32768,74.7635726928711
1532892984.4574227,33280,72.34252166748047
1532894255.0830424,33792,73.95992279052734
1532895526.5571296,34304,71.26014709472656
1532896797.683959,34816,73.39509582519531
1532898070.3759046,35328,71.61372375488281
1532899340.157154,35840,70.38199615478516
1532900612.001191,36352,71.3125991821289
1532901881.5368726,36864,71.49577331542969
1532903158.6363444,37376,71.57489776611328
1532904434.489443,37888,66.2722396850586
1532905709.5716097,38400,68.32125091552734
1532906992.9070516,38912,67.2256088256836
1532908271.1378274,39424,67.62882995605469
1532909550.664304,39936,65.1773681640625
1532910826.5095105,40448,67.54867553710938
1532912109.4651208,40960,67.23664855957031
1532913387.116679,41472,67.89110565185547
1532914680.0716648,41984,67.46809387207031
1532915961.015885,42496,66.4331283569336
1532917243.0665052,43008,65.68229675292969
1532918525.527605,43520,65.94413757324219
1532919803.6130033,44032,69.40264129638672
1532921086.2667832,44544,63.75831985473633
1532922369.7665658,45056,66.00881958007812
1532923654.703908,45568,63.4171257019043
1532924930.085175,46080,63.41794204711914
1532926209.1331336,46592,62.72138595581055
1532927493.7996573,47104,62.79747009277344
1532928777.713633,47616,66.03157806396484
1532930060.6017325,48128,63.5452995300293
1532931332.6254008,48640,61.92594909667969
1532932614.6727257,49152,62.26722717285156
1532933893.7760415,49664,67.31071472167969
1532935173.3733952,50176,63.121498107910156
1532936448.9323814,50688,63.66767883300781
1532937732.6089828,51200,58.756141662597656
1532939012.7618284,51712,61.977455139160156
1532940291.124847,52224,61.09496307373047
1532941567.8888159,52736,58.084781646728516
1532942850.5610404,53248,59.50001907348633
1532944131.8621612,53760,60.73443603515625
1532945410.5157998,54272,58.905574798583984
1532946697.141401,54784,59.05756378173828
1532947975.7085998,55296,59.47199630737305
1532949254.9466696,55808,60.87914276123047
1532950541.6801555,56320,58.49000549316406
1532951824.5794678,56832,59.684356689453125
1532953106.1187143,57344,60.52769470214844
1532954389.4381187,57856,58.805992126464844
1532955671.8128228,58368,58.565799713134766
1532956953.8853579,58880,58.15019989013672
1532958234.771974,59392,57.55061340332031
1532959519.2681165,59904,58.105350494384766
1532960803.8855488,60416,58.73885726928711
1532962084.5712514,60928,55.92048263549805
1532963367.960017,61440,56.67611312866211
1532964647.2479057,61952,60.492584228515625
1532965932.8253748,62464,58.2552375793457
1532967217.5850742,62976,54.45577621459961
1532968501.0157692,63488,55.9886360168457
1532969783.820422,64000,56.026641845703125
1532971059.1387577,64512,55.860374450683594
1532972340.4689543,65024,55.20423126220703
1533036711.5256128,65536,53.912960052490234
1533037994.5399146,66048,56.34785842895508
1533039276.3575032,66560,57.133846282958984
1533040562.2534702,67072,53.06586456298828
1533041847.8550086,67584,55.31381607055664
1533043126.9622383,68096,55.174415588378906
1533044412.4790382,68608,52.81831741333008
1533045702.13742,69120,55.63639831542969
1533046982.5925558,69632,55.12797927856445
1533048262.360456,70144,52.432861328125
1533049544.3190706,70656,52.664730072021484
1533050830.2743714,71168,56.337615966796875
1533052115.6510093,71680,54.6915168762207
1533053400.2355819,72192,52.175228118896484
1533054685.019922,72704,52.66640853881836
1533055966.2497385,73216,51.44017028808594
1533057246.7088096,73728,53.53731918334961
1533058531.3128505,74240,54.907257080078125
1533059818.4282055,74752,51.90672302246094
1533061106.7444274,75264,53.73546600341797
1533062385.7747712,75776,53.8487434387207
1533063679.085895,76288,53.188758850097656
1533064966.0202444,76800,53.56669616699219
1533066244.8516781,77312,50.33920669555664
1533067526.6348312,77824,52.1477165222168
1533068800.0019011,78336,53.11996078491211
1533070084.8299825,78848,53.35945129394531
1533071372.303266,79360,51.23453140258789
1533072655.262781,79872,51.79330062866211
1533073937.3340268,80384,51.50571060180664
1533075217.532569,80896,50.70301818847656
1533076503.90504,81408,51.515533447265625
1533077797.4702678,81920,49.77684020996094
1533079079.8970282,82432,51.04636764526367
1533080354.7206957,82944,50.127994537353516
1533081638.469429,83456,50.12289047241211
1533082916.8503544,83968,50.3427734375
1533084202.3600533,84480,49.77046203613281
1533085481.2708535,84992,50.05268478393555
1533086760.850264,85504,48.02626419067383
1533088049.183468,86016,50.810359954833984
1533089325.1671417,86528,49.620121002197266
1533090605.9567244,87040,49.494625091552734
1533091895.4530797,87552,51.27859878540039
1533093182.367982,88064,50.16728210449219
1533094475.2808716,88576,49.77410125732422
1533095761.0678248,89088,47.33159255981445
1533097038.125204,89600,49.00611114501953
1533098320.6451573,90112,49.468318939208984
1533099611.5869188,90624,49.00765609741211
1533100903.8568687,91136,47.74492645263672
1533102183.846152,91648,47.997108459472656
1533103469.7505505,92160,48.63783264160156
1533104756.1159081,92672,48.85411071777344
1533106047.1260986,93184,48.43659973144531
1533107326.7574596,93696,48.27326202392578
1533108610.3030763,94208,48.66322708129883
1533109893.6535525,94720,47.4854621887207
1533111173.1094832,95232,47.12704849243164
1533112455.2133214,95744,48.795501708984375
1533113744.6211514,96256,47.56184387207031
1533115023.819922,96768,46.662513732910156
1533116305.6152778,97280,47.19508743286133
