wall_time,step,value
1530806083.7705083,512,0.4457607567310333
1530806477.062526,1024,0.39823997020721436
1530806866.2805183,1536,0.32440513372421265
1530807256.9083683,2048,0.32066890597343445
1530807647.970901,2560,0.2921096384525299
1530808036.577317,3072,0.2631714344024658
1530808423.7507956,3584,0.24879500269889832
1530808810.6657822,4096,0.23492282629013062
1530809195.958272,4608,0.22302909195423126
1530809581.36686,5120,0.2271411269903183
1530809966.268456,5632,0.21723882853984833
1530810352.490933,6144,0.20749232172966003
1530810737.910096,6656,0.20868408679962158
1530811121.6007,7168,0.19594356417655945
1530811505.5714161,7680,0.19243857264518738
1530811890.3855617,8192,0.1956617832183838
1530812276.0124729,8704,0.189312145113945
1530812660.401752,9216,0.18274149298667908
1530813045.5993798,9728,0.18060128390789032
1530813431.677603,10240,0.18508273363113403
1530813816.5772862,10752,0.1780693382024765
1530814201.4659786,11264,0.17242112755775452
1530814585.616156,11776,0.17165905237197876
1530814971.3752255,12288,0.1669485718011856
1530815357.1441476,12800,0.1670023798942566
1530815743.1297104,13312,0.16182592511177063
1530816128.9314122,13824,0.15845072269439697
1530816514.495709,14336,0.15639476478099823
1530816901.874422,14848,0.15794652700424194
1530817288.6825268,15360,0.1500176042318344
1530817676.120791,15872,0.14954416453838348
1530818063.4844391,16384,0.14445088803768158
1530818451.5867214,16896,0.14471657574176788
1530818840.064683,17408,0.14006686210632324
1530819227.2979443,17920,0.1357894390821457
1530819615.9280381,18432,0.1362892985343933
1530820004.4278958,18944,0.1357702612876892
1530820392.3454404,19456,0.1311984807252884
1530820781.1298227,19968,0.13038380444049835
1530821169.9814878,20480,0.126209557056427
1530821558.0153108,20992,0.1296493411064148
1530821947.176213,21504,0.12848606705665588
1530822334.116531,22016,0.1258983612060547
1530822720.826596,22528,0.12446301430463791
1530823108.8044698,23040,0.12364621460437775
1530823497.2870758,23552,0.12281497567892075
1530823885.1415725,24064,0.11893466860055923
1530824273.444898,24576,0.11966089904308319
1530824662.7381377,25088,0.12020494043827057
1530825052.0612614,25600,0.11683465540409088
1530825441.230225,26112,0.1162448525428772
1530825831.5429187,26624,0.11630690097808838
1530826220.7499475,27136,0.11685903370380402
1530826611.2662075,27648,0.11726177483797073
1530827000.9876282,28160,0.11328913271427155
1530827389.4142396,28672,0.11818068474531174
1530827779.8485851,29184,0.10926364362239838
1530828169.7775445,29696,0.11430107802152634
1530828559.3350883,30208,0.10788694769144058
1530828948.7511249,30720,0.1115599125623703
1530829339.3456025,31232,0.11473099142313004
1530829729.034786,31744,0.10560113936662674
1530830117.5348415,32256,0.11242493242025375
1530830509.1458294,32768,0.10770411789417267
1530830897.9724908,33280,0.1089140772819519
1530831287.8839834,33792,0.102437824010849
1530831678.674198,34304,0.10045424103736877
1530832068.862112,34816,0.10249819606542587
1530832458.7425752,35328,0.10338015854358673
1530832848.031494,35840,0.10137167572975159
1530833237.521282,36352,0.0995216965675354
1530833627.4492536,36864,0.09950293600559235
1530834018.5509653,37376,0.09915405511856079
1530905690.1893728,38400,0.09875445812940598
1530906076.433658,38912,0.09682568162679672
1530906460.2069714,39424,0.09896663576364517
1530906845.3235638,39936,0.09654196351766586
1530907230.8485277,40448,0.0983797237277031
1530907617.476402,40960,0.09680889546871185
1530908004.7952342,41472,0.09698112308979034
1530908391.1213193,41984,0.0948019027709961
1530908777.3779614,42496,0.09409571439027786
1530909164.8644047,43008,0.09318883717060089
1530909551.2907343,43520,0.09495531767606735
1530909938.1774764,44032,0.09075357764959335
1530910325.1758695,44544,0.094765305519104
1530910712.51549,45056,0.09353483468294144
1530911100.8300662,45568,0.09308415651321411
1530911488.4880867,46080,0.09208457171916962
1530911877.4519496,46592,0.0916433334350586
1530912265.4470167,47104,0.093302421271801
1530912653.3312817,47616,0.0881539061665535
1530913043.2105103,48128,0.09074053168296814
1530913432.220711,48640,0.09135168790817261
1530913819.7360258,49152,0.08939611911773682
1530914207.693544,49664,0.08684766292572021
1530914595.2632172,50176,0.08900129795074463
1530914982.772731,50688,0.0880136638879776
1530915372.4504073,51200,0.08644739538431168
1530915762.1952434,51712,0.08761096000671387
1530916151.2727878,52224,0.08742537349462509
1530916540.875592,52736,0.08633214235305786
1530916928.7683363,53248,0.08826985955238342
1530917317.7789583,53760,0.08706630766391754
1530917708.5350275,54272,0.08527262508869171
1530918096.770487,54784,0.0859498381614685
1530918484.9107199,55296,0.08536496013402939
1530918874.1595838,55808,0.08450519293546677
1530919263.562218,56320,0.08665309846401215
1530919653.3183942,56832,0.0838237851858139
1530920043.204705,57344,0.08827124536037445
1530920433.0488894,57856,0.08533615618944168
1530920822.4601276,58368,0.0851254090666771
1530921211.8562849,58880,0.08422967046499252
1530921601.2090042,59392,0.08224339038133621
1530921990.5391917,59904,0.08370177447795868
1530922382.0553248,60416,0.08418074995279312
1530922772.4822435,60928,0.08316798508167267
1530923162.5669541,61440,0.08190644532442093
1530923551.9534676,61952,0.08215665817260742
1530923942.1173153,62464,0.07958861440420151
1530924331.8412862,62976,0.08295240253210068
1530924723.5061402,63488,0.08002164214849472
1530925114.3950462,64000,0.08108223974704742
1530925504.4766812,64512,0.08348391950130463
1530925897.3507512,65024,0.08068659901618958
1530926290.2091284,65536,0.08181014657020569
1530926680.55397,66048,0.08210229873657227
1530927071.536346,66560,0.0820886641740799
1530927462.1319983,67072,0.07807473838329315
1530927854.5986676,67584,0.0820910781621933
1530928246.5426157,68096,0.07954999804496765
1530928637.2605402,68608,0.08015066385269165
1530929027.86953,69120,0.08114033192396164
1530929419.504888,69632,0.08055482059717178
1530929810.7093992,70144,0.08162752538919449
1530930202.2569656,70656,0.07831844687461853
1530930593.7330184,71168,0.08051519840955734
1530930986.2470787,71680,0.08012618869543076
1530931378.4147356,72192,0.0799127072095871
1530931771.2097354,72704,0.07962604612112045
1530932164.7878933,73216,0.08055081963539124
1530932556.7055085,73728,0.07990320771932602
1530932950.529783,74240,0.07928000390529633
1530958326.1194584,75264,0.08045966923236847
1530958712.0801072,75776,0.08111182600259781
1530959097.650984,76288,0.08031456172466278
1530959484.3571136,76800,0.07869072258472443
1530959870.9946067,77312,0.07907670736312866
1530960257.3869405,77824,0.0785980150103569
1530960644.455747,78336,0.07997963577508926
1530961030.4900947,78848,0.08034911006689072
1530961417.7143276,79360,0.07654007524251938
1530961804.8990152,79872,0.07906728982925415
1530962192.1685104,80384,0.0787181556224823
1530962579.4459667,80896,0.07873938232660294
1530962964.6135948,81408,0.07925833761692047
1530963352.0846426,81920,0.07978188246488571
1530963737.6149218,82432,0.08109578490257263
1530964124.5839899,82944,0.07777879387140274
1530964511.4816346,83456,0.07837945967912674
1530964898.757083,83968,0.07702640444040298
1530965285.0577044,84480,0.07771920412778854
1530965671.797431,84992,0.07881838828325272
1530967971.0984454,86016,0.07726473361253738
1530968357.0033817,86528,0.07566142827272415
1530968741.3079507,87040,0.0742865577340126
1530969126.6397932,87552,0.07447144389152527
1530969512.2610483,88064,0.07353026419878006
1530969896.9029899,88576,0.07477080076932907
1530970282.422783,89088,0.07524172961711884
1530970669.4293864,89600,0.07294713705778122
1530971054.323005,90112,0.07360215485095978
1530971439.1273508,90624,0.07425490021705627
1530971824.5079327,91136,0.0754208117723465
1530972210.77021,91648,0.07374387234449387
1530972596.3032138,92160,0.07437767088413239
1530972982.1121435,92672,0.07205546647310257
1530973368.746777,93184,0.0761120468378067
1530973755.7209034,93696,0.07271766662597656
1530974142.1388655,94208,0.07295212149620056
1530974528.2878242,94720,0.07546371966600418
1530974916.9272423,95232,0.0731184333562851
1530975303.7976778,95744,0.07419453561306
1530975691.122412,96256,0.07355977594852448
1530976080.1289222,96768,0.07432930171489716
1530976467.7953181,97280,0.0752945989370346
