wall_time,step,value
1530415869.710416,512,380.865478515625
1530416146.771396,1024,337.6110534667969
1530416423.3221145,1536,325.76068115234375
1530416697.9514103,2048,306.3804016113281
1530416972.9431076,2560,291.23663330078125
1530417245.568259,3072,275.7033996582031
1530417517.3135922,3584,263.2125549316406
1530417789.021648,4096,257.1700134277344
1530418061.1612582,4608,253.1378936767578
1530418334.7667015,5120,231.8390350341797
1530418607.8448062,5632,235.01351928710938
1530418881.3739789,6144,224.9350128173828
1530419155.5507402,6656,215.69996643066406
1530419428.7297118,7168,214.9881591796875
1530419703.5326154,7680,207.9849395751953
1530419978.5414739,8192,203.0587615966797
1530420251.0015752,8704,206.40052795410156
1530420524.2703779,9216,200.97531127929688
1530420797.55022,9728,193.44737243652344
1530421070.7669325,10240,195.6857452392578
1530421343.9333432,10752,187.6628875732422
1530421618.059493,11264,191.00930786132812
1530421890.0031915,11776,188.1259002685547
1530422162.6062346,12288,185.976806640625
1530422436.8292427,12800,183.98678588867188
1530422711.6173549,13312,178.7612762451172
1530422984.6528902,13824,177.33737182617188
1530423256.7948778,14336,179.758544921875
1530423529.1405456,14848,177.3484649658203
1530423802.6906753,15360,170.8466339111328
1530424075.724699,15872,170.23043823242188
1530424350.0124567,16384,174.16445922851562
1530424623.602681,16896,170.6728973388672
1530424897.7073653,17408,167.05517578125
1530425171.2799034,17920,164.08628845214844
1530425446.62862,18432,164.69586181640625
1530425721.0166032,18944,164.1591033935547
1530425995.9981909,19456,168.88233947753906
1530426270.8021312,19968,164.4462432861328
1530426545.47941,20480,162.84776306152344
1530426819.4991481,20992,161.84100341796875
1530427094.6247454,21504,154.87338256835938
1530427368.9301898,22016,157.62579345703125
1530427645.1029923,22528,152.72396850585938
1530427919.875394,23040,154.08018493652344
1530428194.6358979,23552,152.61729431152344
1530428470.8935924,24064,152.1278533935547
1530428746.3009171,24576,148.66136169433594
1530429021.144959,25088,149.3002471923828
1530429296.668968,25600,152.51739501953125
1530429573.2149935,26112,153.66543579101562
1530429850.1982117,26624,148.51187133789062
1530430126.0508387,27136,146.07241821289062
1530430402.200323,27648,149.8539276123047
1530430677.1107836,28160,147.71392822265625
1530430953.5145276,28672,145.87954711914062
1530431228.9673944,29184,144.78282165527344
1530431506.3006356,29696,142.9756622314453
1530431782.4879007,30208,145.6319122314453
1530432058.6708102,30720,141.15255737304688
1530432335.6569734,31232,139.3379364013672
1530432612.143319,31744,140.60675048828125
1530432888.5070224,32256,142.16229248046875
1530433165.2371535,32768,136.84561157226562
1530433441.6744518,33280,135.4877471923828
1530433717.1855118,33792,133.56561279296875
1530433992.8176584,34304,134.50006103515625
1530434270.5821488,34816,136.57374572753906
1530434546.3469298,35328,134.0580291748047
1530434823.0213532,35840,134.89288330078125
1530435099.0735536,36352,138.8075408935547
1530435375.4757056,36864,134.5731964111328
1530435652.3305023,37376,133.80056762695312
1530435930.1505718,37888,132.25833129882812
1530565481.549836,38912,135.6466064453125
1530565757.597293,39424,130.42185974121094
1530566032.6341252,39936,130.06381225585938
1530566308.9225655,40448,131.53195190429688
1530566584.0172105,40960,128.72012329101562
1530566859.0840843,41472,130.52940368652344
1530567134.7667933,41984,128.10897827148438
1530567409.6569874,42496,127.20095825195312
1530567684.9481955,43008,125.92728424072266
1530567960.1450279,43520,126.8887710571289
1530568236.4709141,44032,126.75382232666016
1530568511.1734114,44544,125.33604431152344
1530568786.4263322,45056,133.55081176757812
1530569061.0990036,45568,133.89076232910156
1530569336.7019687,46080,130.3725128173828
1530569612.4152603,46592,130.20314025878906
1530569887.934073,47104,133.14785766601562
1530570163.9528604,47616,134.40097045898438
1530570439.4180176,48128,133.4217987060547
1530570714.4763923,48640,133.001220703125
1530570991.4994667,49152,135.28468322753906
1530571267.0782099,49664,136.84747314453125
1530571542.2503102,50176,133.02072143554688
1530571817.967734,50688,134.9188690185547
1530572093.9056885,51200,133.13136291503906
1530572370.4876492,51712,133.57911682128906
1530572644.4395826,52224,135.43324279785156
1530572921.056635,52736,133.89346313476562
1530573197.2514515,53248,134.5189666748047
1530573473.2568974,53760,133.65919494628906
1530573748.9993348,54272,133.85653686523438
1530574023.779227,54784,131.74900817871094
1530574299.3813128,55296,132.21176147460938
1530574574.6678305,55808,132.5491943359375
1530574849.6705246,56320,129.82518005371094
1530575124.9047725,56832,128.66668701171875
1530575399.9469094,57344,125.5371322631836
1530575676.2315488,57856,125.42761993408203
1530575951.5675042,58368,125.5975112915039
1530576228.3378792,58880,123.2154312133789
1530576504.112747,59392,123.01789093017578
1530576780.3106256,59904,122.4697265625
1530577054.8719296,60416,121.46355438232422
1530577330.6216424,60928,121.86915588378906
1530577605.5854409,61440,123.72505950927734
1530577882.503427,61952,119.46420288085938
1530578158.6961305,62464,118.90373992919922
1530578434.8693469,62976,121.07527923583984
1530578711.0485682,63488,120.4260482788086
1530578988.4192362,64000,120.9023666381836
1530579265.9053354,64512,120.52088165283203
1530579542.2853785,65024,119.5556411743164
1530579819.9938982,65536,119.7298355102539
1530580096.217672,66048,120.50486755371094
1530580372.8267097,66560,117.69526672363281
1530580650.2328336,67072,119.34496307373047
1530580925.727484,67584,121.4632339477539
1530581203.2051618,68096,128.3280792236328
1530581481.429221,68608,126.63764190673828
1530581758.2666187,69120,128.53753662109375
1530582035.4103692,69632,125.6971664428711
1530582311.8704932,70144,126.48483276367188
1530582588.7528493,70656,126.80406951904297
1530582865.377319,71168,127.39070129394531
1530583142.4966722,71680,126.58710479736328
1530583420.1588614,72192,126.22633361816406
1530583697.0853744,72704,125.25647735595703
1530583973.364985,73216,120.79668426513672
1530584250.2476854,73728,121.67913055419922
1530584527.4198053,74240,120.97354888916016
1530584805.1998084,74752,120.75817108154297
1530585082.538957,75264,120.95347595214844
1530585360.4864016,75776,119.0275650024414
1530585640.5068383,76288,120.44654083251953
1530660955.5672944,77312,118.7076416015625
1530661229.8904023,77824,118.41065216064453
1530661503.9879053,78336,118.45965576171875
1530661779.6893525,78848,116.44859313964844
1530662055.0078263,79360,117.9702377319336
1530662329.0505385,79872,119.30615997314453
1530662602.6823542,80384,115.56083679199219
1530662878.213278,80896,116.466796875
1530663152.7869728,81408,120.07831573486328
1530663427.233999,81920,118.12651824951172
1530663702.1188998,82432,118.05350494384766
1530663978.1767528,82944,116.58567810058594
1530664253.0021112,83456,116.92534637451172
1530664528.0441477,83968,116.66248321533203
1530664802.6117594,84480,115.82657623291016
1530665077.550287,84992,116.83585357666016
1530665353.0826335,85504,115.44464874267578
1530665628.6239772,86016,118.3832015991211
1530665903.7015467,86528,118.09935760498047
1530666179.3063736,87040,118.63426971435547
1530666454.484085,87552,122.8912353515625
1530666729.1725638,88064,120.94908142089844
1530667004.7484255,88576,117.06307983398438
1530667279.5662065,89088,115.9907455444336
1530667554.4325814,89600,116.05388641357422
1530667830.1468549,90112,114.40709686279297
1530668104.426194,90624,115.36182403564453
1530668380.9963999,91136,115.70282745361328
1530668655.6745243,91648,116.74089050292969
1530668930.5224445,92160,117.1863021850586
1530669205.6435487,92672,113.2896499633789
1530669482.4712021,93184,116.39922332763672
1530669757.738526,93696,115.07691955566406
1530670033.3135486,94208,115.65901184082031
1530670308.0902767,94720,116.12163543701172
1530670583.6920314,95232,115.5861587524414
1530670858.855964,95744,116.56381225585938
1530671134.8414931,96256,114.23627471923828
1530671410.178059,96768,114.63236999511719
1530671688.0665545,97280,114.0921630859375
