wall_time,step,value
1532280328.740503,512,645.3187255859375
1532281135.3856788,1024,720.0823974609375
1532281939.4091632,1536,254.04379272460938
1532282738.146014,2048,301.9548645019531
1532283531.2099802,2560,185.84738159179688
1532284323.3483148,3072,148.8183135986328
1532285112.8148036,3584,142.20164489746094
1532285897.0825706,4096,143.57986450195312
1532286680.0659056,4608,161.34075927734375
1532287462.809194,5120,159.8724365234375
1532288247.3364322,5632,179.9423370361328
1532289032.874679,6144,164.4361572265625
1532289821.8202205,6656,168.62677001953125
1532290606.456716,7168,174.62998962402344
1532291391.369626,7680,177.9058074951172
1532292179.3235471,8192,185.7251739501953
1532292966.0006616,8704,194.1128387451172
1532293754.3791656,9216,193.5900421142578
1532294547.9785352,9728,200.39352416992188
1532295339.4682128,10240,189.4816436767578
1532296128.5677192,10752,231.6021270751953
1532296915.2206419,11264,193.66494750976562
1532297700.986065,11776,211.364990234375
1532298488.9306397,12288,213.71575927734375
1532299276.5372906,12800,231.01502990722656
1532300063.0169268,13312,230.68887329101562
1532300847.450516,13824,215.96839904785156
1532301632.5578055,14336,217.4759521484375
1532302418.443552,14848,218.16915893554688
1532303204.4211464,15360,242.69129943847656
1532454738.9686668,16384,226.88072204589844
1532455523.9536624,16896,220.02647399902344
1532456311.0430665,17408,239.24635314941406
1532457096.6194866,17920,241.0657958984375
1532457881.0639248,18432,243.94680786132812
1532458669.1121838,18944,241.96505737304688
1532459451.71654,19456,246.88157653808594
1532460240.7243216,19968,245.6016387939453
1532461027.7820241,20480,238.6324920654297
1532461813.649555,20992,241.70269775390625
1532462600.184157,21504,275.17718505859375
1532463384.4874754,22016,249.82192993164062
1532464168.5173845,22528,263.9012145996094
1532464954.6140847,23040,259.2862854003906
1532525986.229992,24064,285.8098449707031
1532526771.5508091,24576,274.7830505371094
1532527557.5507565,25088,267.1559143066406
1532528342.1613204,25600,279.154296875
1532529127.6654406,26112,294.5986328125
1532529913.0456216,26624,287.9853210449219
1532530695.9588265,27136,297.2950439453125
1532531480.4951525,27648,298.7371520996094
1532532265.066222,28160,305.30291748046875
1532533052.52346,28672,300.4429016113281
1532533837.0595055,29184,328.3882141113281
1532534619.5277069,29696,348.3371276855469
1532535403.6984117,30208,338.0739440917969
1532536187.79525,30720,319.205810546875
1532536972.8104486,31232,317.8715515136719
1532537757.2706888,31744,335.60986328125
1532538542.1343265,32256,355.80517578125
1532539327.4220164,32768,343.05682373046875
1532540107.3179357,33280,355.0043640136719
1532540893.1569948,33792,356.7243957519531
1532541680.711588,34304,379.1542053222656
1532542464.8370936,34816,373.8582458496094
1532543246.5681381,35328,370.4642028808594
1532544031.7810256,35840,361.15435791015625
1532544815.589709,36352,388.718505859375
1532545600.476775,36864,392.113525390625
1532546384.411997,37376,384.1285705566406
1532547168.516285,37888,411.5638732910156
1532547952.7947955,38400,417.412353515625
1532548739.4010625,38912,370.63427734375
1532549522.5735688,39424,376.7793884277344
1532550308.035855,39936,403.11328125
1532551095.1610606,40448,396.951171875
1532551882.6458914,40960,411.6416931152344
1532552671.5016932,41472,420.5965270996094
1532553457.0654833,41984,408.3819580078125
1532554242.0310218,42496,435.9103088378906
1532555026.005512,43008,410.8902587890625
1532555813.4671493,43520,475.52099609375
1532556602.1846097,44032,440.896728515625
1532557388.9871986,44544,448.4854431152344
1532558176.7120125,45056,449.24298095703125
1532558965.4960337,45568,471.7139892578125
1532559752.5316925,46080,466.7331237792969
1532560541.4464304,46592,474.2789306640625
1532561332.0877652,47104,477.3105773925781
1532562123.8380942,47616,499.1503601074219
1532562915.0286474,48128,489.6888427734375
1532563705.3476996,48640,511.6980895996094
1532564498.307606,49152,509.0469665527344
1532565291.5084817,49664,531.8532104492188
1532566079.7890007,50176,522.784423828125
1532566872.1348925,50688,514.64404296875
1532567661.5044794,51200,514.6097412109375
1532568451.550313,51712,522.2257080078125
1532569241.3308792,52224,527.3905029296875
1532570033.0745962,52736,573.0562744140625
1532570826.1778343,53248,536.4918212890625
1532571619.6464875,53760,555.8223266601562
1532572412.2771115,54272,533.47265625
1532573206.8994892,54784,614.6394653320312
1532574000.310471,55296,592.4597778320312
1532574794.2349808,55808,571.9386596679688
1532575583.1143298,56320,576.355712890625
1532576373.1998494,56832,598.6187133789062
1532577168.4936337,57344,601.9153442382812
1532577962.9287524,57856,635.9679565429688
1532578755.811206,58368,607.8840942382812
1532579550.1730235,58880,601.1349487304688
1532729096.1764846,59392,621.13134765625
1532729885.6556258,59904,651.5209350585938
1532730677.4709651,60416,652.3322143554688
1532731469.9321654,60928,670.0057373046875
1532732258.817722,61440,676.4178466796875
1532733049.4421904,61952,643.02880859375
1532733843.9981833,62464,661.5853271484375
1532734635.2005994,62976,671.5802001953125
1532735425.4683204,63488,681.4712524414062
1532736218.6034641,64000,662.4730834960938
1532737010.1489024,64512,703.3330688476562
1532737801.245379,65024,711.4716796875
1532738593.4779732,65536,748.6632080078125
1532739388.1032047,66048,750.5977172851562
1532740179.7024028,66560,754.9707641601562
1532740967.1279948,67072,727.228515625
1532741760.073356,67584,742.2908935546875
1532742548.854315,68096,780.576416015625
1532743339.2732694,68608,765.3833618164062
1532744129.5772886,69120,758.4287719726562
1532744920.2566023,69632,794.0751953125
1532745709.6295047,70144,772.4592895507812
1532746500.3089585,70656,823.0477294921875
1532747288.4549103,71168,814.6810913085938
1532748081.9417768,71680,833.8218383789062
1532748871.6912763,72192,807.0596313476562
1532749662.3028815,72704,836.7591552734375
1532750458.4164011,73216,849.9456787109375
1532751247.5269365,73728,842.5748291015625
1532752038.8003664,74240,799.417724609375
1532752831.664342,74752,837.298828125
1532753622.267597,75264,837.4312744140625
1532754412.9087439,75776,801.7321166992188
1532755205.8560529,76288,862.6842651367188
1532755997.4199874,76800,894.8325805664062
1532756788.4636261,77312,904.037841796875
1532757582.5736206,77824,837.9961547851562
1532758374.21642,78336,840.5257568359375
1532759167.4787855,78848,806.4552612304688
1532759961.9864664,79360,876.7973022460938
1532760751.983578,79872,873.0845947265625
1532761543.3471797,80384,896.804931640625
1532762337.4814453,80896,863.8743896484375
1532763131.5082223,81408,916.6153564453125
1532763928.1492183,81920,940.7285766601562
1532764720.218045,82432,892.5635375976562
1532765516.5758948,82944,925.1580200195312
1532766309.7400942,83456,903.81689453125
1532767101.9877007,83968,964.5253295898438
1532767896.411254,84480,987.379150390625
1532774454.9771636,85504,1003.7096557617188
1532775246.3780193,86016,1053.322021484375
1532776036.890229,86528,939.1864624023438
1532776827.0028145,87040,964.8158569335938
1532777616.2269392,87552,1056.48779296875
1532778407.1600697,88064,944.416748046875
1532779201.241439,88576,979.6270141601562
1532779989.467579,89088,1031.16845703125
1532780782.990383,89600,972.1781005859375
1532781572.0852487,90112,1016.240234375
1532782362.037406,90624,988.5057983398438
1532783151.1815321,91136,970.54833984375
1532783941.4377534,91648,994.680419921875
1532784736.3136134,92160,1005.6792602539062
1532785525.3934479,92672,1050.781494140625
1532786316.6627183,93184,1044.9691162109375
1532787107.219788,93696,1047.285888671875
1532787900.9436138,94208,1108.5130615234375
1532788692.674608,94720,1091.03857421875
1532789484.5960836,95232,1100.49658203125
1532790279.0479658,95744,1102.8232421875
1532791072.7128446,96256,1120.9034423828125
1532791864.8630486,96768,1067.086181640625
1532792657.3825989,97280,1104.385498046875
