wall_time,step,value
1532579943.3875587,128,15.325960159301758
1532580144.9207485,256,15.551667213439941
1532580346.49861,384,12.046168327331543
1532580548.1427598,512,11.499566078186035
1532580959.1623416,640,13.752193450927734
1532581160.7876146,768,11.610737800598145
1532581362.4284346,896,11.392714500427246
1532581563.962756,1024,11.124157905578613
1532581964.3934984,1152,12.911861419677734
1532582165.9858005,1280,12.033145904541016
1532582367.6551406,1408,10.905158996582031
1532582569.2423885,1536,13.799232482910156
1532582964.3054147,1664,13.104243278503418
1532583165.7734637,1792,12.247756004333496
1532583367.2755306,1920,11.251684188842773
1532583568.714376,2048,11.86928939819336
1532583955.4440727,2176,12.577629089355469
1532584157.0150526,2304,13.081018447875977
1532584358.4937723,2432,11.7306489944458
1532584560.0404553,2560,13.901233673095703
1532584942.1776228,2688,12.321398735046387
1532585143.6615155,2816,12.55359172821045
1532585345.1694508,2944,13.09988784790039
1532585546.637125,3072,13.080790519714355
1532585923.3869586,3200,12.29438591003418
1532586124.860911,3328,12.414056777954102
1532586326.4888558,3456,12.457636833190918
1532586528.102266,3584,11.284004211425781
1532586899.5778105,3712,11.553481101989746
1532587101.2750208,3840,12.37077522277832
1532587303.0712128,3968,12.124412536621094
1532587504.7906127,4096,12.505882263183594
1532587884.7677612,4224,10.520215034484863
1532588086.2696447,4352,13.21123218536377
1532588287.9497907,4480,11.386911392211914
1532588489.5596514,4608,10.499221801757812
1532588865.1061945,4736,13.75922679901123
1532589066.9058607,4864,12.123444557189941
1532589268.6105487,4992,11.560200691223145
1532589470.230992,5120,11.794167518615723
1532589845.3953385,5248,11.373044967651367
1532590046.9292116,5376,11.325898170471191
1532590248.4680374,5504,11.345003128051758
1532590450.0285347,5632,11.495680809020996
1532590829.715127,5760,11.44843578338623
1532591031.3484328,5888,10.862631797790527
1532591232.9436815,6016,11.15433406829834
1532591434.6605637,6144,10.839312553405762
1532591823.9007273,6272,10.973357200622559
1532592025.2974966,6400,10.451311111450195
1532592226.635979,6528,11.566877365112305
1532592427.9342244,6656,11.985297203063965
1532592821.0444016,6784,12.258556365966797
1532593022.439597,6912,10.333450317382812
1532593224.1301136,7040,12.084213256835938
1532593425.5777717,7168,11.121940612792969
1532593812.045833,7296,10.510910034179688
1532594013.6212463,7424,11.453099250793457
1532594215.143941,7552,10.444116592407227
1532594416.7495437,7680,10.547091484069824
1532594804.744862,7808,9.632156372070312
1532595006.2443244,7936,10.280330657958984
1532595207.771164,8064,10.426703453063965
1532595409.2325892,8192,10.205344200134277
1532595795.949494,8320,10.530190467834473
1532595997.4020722,8448,9.89201831817627
1532596199.0024736,8576,9.806427001953125
1532596400.505798,8704,11.230594635009766
1532596787.7206228,8832,9.77191162109375
1532596989.336115,8960,9.637537956237793
1532597190.994633,9088,10.227596282958984
1532597392.6601422,9216,10.674996376037598
1532597782.8245447,9344,10.911748886108398
1532597984.4230561,9472,11.485721588134766
1532598186.0163488,9600,10.702322959899902
1532598387.662919,9728,11.063210487365723
1532598784.066119,9856,9.776508331298828
1532598985.753355,9984,11.274018287658691
1532599187.3600225,10112,10.815095901489258
1532599388.860217,10240,10.575976371765137
1532599779.9930046,10368,10.404423713684082
1532599981.7541978,10496,10.31893539428711
1532600183.5035415,10624,12.201138496398926
1532600385.0903425,10752,10.22010612487793
1532600779.138884,10880,9.588478088378906
1532600980.8014014,11008,11.152711868286133
1532601182.5064893,11136,10.46765422821045
1532601384.2453265,11264,10.09769058227539
1532601785.1492107,11392,10.291831970214844
1532601986.6316197,11520,11.489916801452637
1532602188.1495218,11648,10.793600082397461
1532602389.4241672,11776,11.759479522705078
1532602787.990411,11904,11.83091926574707
1532602989.5342445,12032,11.221406936645508
1532603191.114719,12160,12.467557907104492
1532603392.7272651,12288,9.485292434692383
1532603791.4209359,12416,10.068194389343262
1532603992.9818578,12544,10.556795120239258
1532604194.6487193,12672,11.040873527526855
1532604396.3391302,12800,9.436615943908691
1532604793.2463114,12928,10.23426342010498
1532604994.9154701,13056,9.947627067565918
1532605196.5378008,13184,9.941946983337402
1532605398.166033,13312,10.824797630310059
1532605795.8911753,13440,9.988656997680664
1532605997.3832498,13568,11.21107292175293
1532606198.9491858,13696,10.534582138061523
1532606400.62702,13824,9.901897430419922
1532606794.7003536,13952,10.499100685119629
1532606996.3096962,14080,10.701518058776855
1532607197.8605225,14208,12.044089317321777
1532607399.499053,14336,9.7269868850708
1532607796.2743373,14464,10.86241626739502
1532607997.6744576,14592,11.2321195602417
1532608199.0974853,14720,11.122539520263672
1532608400.6047132,14848,9.779057502746582
1532608795.381207,14976,9.594842910766602
1532608996.8650274,15104,10.435098648071289
1532609198.3623862,15232,9.701848983764648
1532609399.9164057,15360,9.54694652557373
1532609797.7501645,15488,9.432063102722168
1532609999.3701458,15616,9.897315979003906
1532610200.9750495,15744,9.593710899353027
1532610402.6410975,15872,10.057787895202637
1532610802.3548143,16000,9.383687019348145
1532611003.980324,16128,10.335028648376465
1532611205.645022,16256,9.703922271728516
1532611407.2836804,16384,10.663138389587402
1532611801.4853365,16512,9.807694435119629
1532612003.097436,16640,9.834996223449707
1532612204.6095243,16768,10.160131454467773
1532612406.2742777,16896,10.646689414978027
1532612804.2096088,17024,9.361869812011719
1532613005.7347593,17152,10.475303649902344
1532613207.2466292,17280,9.665755271911621
1532613408.883401,17408,10.131698608398438
1532613801.3042555,17536,10.25445556640625
1532614002.7514627,17664,10.11563777923584
1532614204.3000436,17792,10.262681007385254
1532614405.7465584,17920,9.535775184631348
1532614801.8969846,18048,10.025115013122559
1532615003.2213943,18176,9.714903831481934
1532615204.5803633,18304,10.342877388000488
1532615405.8099055,18432,9.546833992004395
1532615804.0834146,18560,10.817506790161133
1532616005.7022793,18688,10.144081115722656
1532616207.2722971,18816,10.301858901977539
1532616408.874668,18944,9.594097137451172
1532616808.4543242,19072,11.438104629516602
1532617010.0031059,19200,10.606559753417969
1532617211.5668948,19328,9.40169620513916
1532617413.1013665,19456,10.072809219360352
1532617810.751329,19584,10.979218482971191
1532618012.3134625,19712,10.087895393371582
1532618213.7881505,19840,9.847535133361816
1532618415.2564788,19968,9.767099380493164
1532618811.176625,20096,9.919955253601074
1532619012.5266933,20224,9.217682838439941
1532619213.8718352,20352,9.353941917419434
1532619415.2863271,20480,9.706225395202637
1532619810.192558,20608,9.757137298583984
1532620011.688606,20736,9.976853370666504
1532620213.320489,20864,9.978554725646973
1532620414.932207,20992,10.245121955871582
1532620811.342164,21120,10.0696439743042
1532621012.6636903,21248,9.323573112487793
1532621214.082845,21376,10.33768081665039
1532621415.6030483,21504,9.332818031311035
1532621814.2824867,21632,9.600439071655273
1532622015.8890157,21760,9.779802322387695
1532622217.4542766,21888,10.292905807495117
1532622419.0499632,22016,10.367531776428223
1532622820.3931627,22144,9.454619407653809
1532623021.9017828,22272,10.982340812683105
1532623223.4270458,22400,9.576651573181152
1532623425.0979078,22528,11.047929763793945
1532623822.669937,22656,9.526256561279297
1532624024.0034235,22784,11.293025970458984
1532624225.5537763,22912,9.999560356140137
1532624427.1487734,23040,9.3590087890625
1532624828.7599401,23168,10.492076873779297
1532625030.1938486,23296,9.961397171020508
1532625231.7195687,23424,8.964454650878906
1532625433.3873374,23552,9.574488639831543
1532625835.2484853,23680,9.521523475646973
1532626036.733622,23808,9.379608154296875
1532626238.2673411,23936,9.749532699584961
1532626439.6552055,24064,9.434170722961426
1532626840.808548,24192,9.825634956359863
1532627042.462877,24320,9.348134994506836
1532627244.1102276,24448,9.848320960998535
1532627445.74108,24576,10.316086769104004
1532627844.9785995,24704,10.136404991149902
1532628046.5502832,24832,10.58249568939209
1532628248.0723898,24960,9.379526138305664
1532628449.784464,25088,9.275735855102539
1532628849.566911,25216,9.784631729125977
1532629051.1508985,25344,10.316936492919922
1532629252.678294,25472,9.802630424499512
1532629454.2448454,25600,9.687531471252441
1532629855.039723,25728,9.770818710327148
1532630056.5569031,25856,10.549846649169922
1532630258.0931077,25984,10.198506355285645
1532630459.7300127,26112,9.748917579650879
1532630855.5707889,26240,9.844935417175293
1532631057.2041173,26368,9.607420921325684
1532631258.7391582,26496,9.675712585449219
1532631460.3648975,26624,9.827839851379395
1532631860.0864902,26752,9.642659187316895
1532632061.70327,26880,11.010624885559082
1532632263.219605,27008,9.83598518371582
1532632464.9661615,27136,9.619406700134277
1532632861.9117825,27264,9.247824668884277
1532633063.4871032,27392,9.788528442382812
1532633265.0745895,27520,9.6451416015625
1532633466.3922074,27648,9.890263557434082
1532633868.0556087,27776,9.740349769592285
1532634069.630144,27904,10.13743782043457
1532634271.2088358,28032,9.92795467376709
1532634472.8072345,28160,10.402138710021973
1532634870.7040777,28288,11.060408592224121
1532635072.1573281,28416,10.09953498840332
1532635273.7418823,28544,10.309343338012695
1532635475.3563485,28672,11.096631050109863
1532635877.1633139,28800,9.43212890625
1532636078.7995229,28928,10.225236892700195
1532636280.3229995,29056,10.031399726867676
1532636481.9380033,29184,10.252500534057617
1532636877.27461,29312,9.149316787719727
1532637078.881132,29440,9.56813907623291
1532637280.527748,29568,9.614252090454102
1532637482.0575674,29696,10.021710395812988
1532637879.6736736,29824,9.56467056274414
1532638081.3620932,29952,9.823197364807129
1532638283.056478,30080,9.664888381958008
1532638484.5880842,30208,9.971614837646484
1532638883.4027667,30336,9.789649963378906
1532639084.990173,30464,10.025660514831543
1532639286.5418725,30592,9.646777153015137
1532639488.1858668,30720,9.376596450805664
1532639892.0707738,30848,9.667980194091797
1532640093.712672,30976,9.33850383758545
1532640295.4108832,31104,9.877628326416016
1532640497.0263772,31232,9.993424415588379
1532640899.2443645,31360,10.111526489257812
1532641100.8229403,31488,9.613309860229492
1532641302.4655275,31616,9.607253074645996
1532641504.1459513,31744,12.616740226745605
1532641908.9752104,31872,10.305922508239746
1532642110.5816767,32000,9.725171089172363
1532642312.124265,32128,9.909494400024414
1532642513.6886983,32256,9.468729972839355
1532642915.294219,32384,10.583415985107422
1532643116.9234962,32512,11.062725067138672
1532643318.4834661,32640,9.809935569763184
1532643520.0729883,32768,10.03773307800293
1532643923.1151788,32896,9.763468742370605
1532644124.6667733,33024,9.481167793273926
1532644326.2232535,33152,9.5988187789917
1532644527.8277035,33280,9.536800384521484
1532644932.1972325,33408,9.438998222351074
1532645133.8061163,33536,9.906136512756348
1532645335.3239152,33664,9.734893798828125
1532645537.0615263,33792,10.305309295654297
1532793357.1326833,34048,9.289182662963867
1532793558.5598378,34176,9.677618026733398
1532793759.911272,34304,10.205913543701172
1532794155.780754,34432,10.169364929199219
1532794357.4344008,34560,10.226555824279785
1532794559.1004245,34688,9.849773406982422
1532794760.7271984,34816,9.42951488494873
1532795151.740436,34944,9.58697509765625
1532795353.4785397,35072,10.051209449768066
1532795555.0177245,35200,9.786072731018066
1532795756.5498843,35328,9.589841842651367
1532796146.0299206,35456,9.970900535583496
1532796347.4502754,35584,9.691038131713867
1532796549.0192316,35712,9.812298774719238
1532796750.557896,35840,10.06198501586914
1532797142.8679538,35968,9.658798217773438
1532797344.400008,36096,9.629633903503418
1532797545.9038155,36224,9.493121147155762
1532797747.3739026,36352,10.35920524597168
1532798138.0344486,36480,9.932202339172363
1532798339.66326,36608,9.875014305114746
1532798541.1886883,36736,10.529128074645996
1532798742.7449298,36864,11.193418502807617
1532799137.5395901,36992,11.357768058776855
1532799339.067391,37120,10.242743492126465
1532799540.4616997,37248,10.014796257019043
1532799742.0125024,37376,10.451265335083008
1532800134.4438956,37504,11.908392906188965
1532800336.1554,37632,9.768774032592773
1532800537.7434487,37760,10.139888763427734
1532800739.3955684,37888,10.494958877563477
1532801136.2601202,38016,9.40034008026123
1532801337.9643013,38144,9.564075469970703
1532801539.6659262,38272,10.200043678283691
1532801741.409884,38400,10.012227058410645
1532802137.1016707,38528,9.984170913696289
1532802338.7946959,38656,11.349023818969727
1532802540.4908211,38784,9.69596004486084
1532802742.0484667,38912,9.513421058654785
1532803138.036948,39040,9.94945240020752
1532803339.6404746,39168,11.156559944152832
1532803541.245646,39296,9.888699531555176
1532803742.913794,39424,10.297403335571289
1532804135.1957855,39552,10.100433349609375
1532804336.8767717,39680,9.559358596801758
1532804538.4704607,39808,10.852224349975586
1532804740.174765,39936,10.470673561096191
1532805135.0941222,40064,10.334399223327637
1532805336.7211869,40192,9.694877624511719
1532805538.3755183,40320,10.140311241149902
1532805739.9986475,40448,10.260848999023438
1532806131.4093046,40576,10.29329776763916
1532806332.8539035,40704,9.369282722473145
1532806534.6192255,40832,10.153746604919434
1532806736.331742,40960,9.492288589477539
1532807131.8087275,41088,9.826689720153809
1532807333.4054701,41216,9.733824729919434
1532807534.9599793,41344,9.845597267150879
1532807736.4737365,41472,9.914968490600586
1532808130.3960857,41600,9.920104026794434
1532808331.963186,41728,9.359573364257812
1532808533.5447178,41856,9.615364074707031
1532808735.1280274,41984,10.337753295898438
1532809129.6917331,42112,9.402901649475098
1532809331.293483,42240,10.238070487976074
1532809532.8167863,42368,9.706836700439453
1532809734.251679,42496,9.94532299041748
1532810123.2599971,42624,9.822245597839355
1532810324.9048116,42752,9.613937377929688
1532810526.3967936,42880,9.853180885314941
1532810728.0481594,43008,9.48526382446289
1532811122.7539551,43136,9.212342262268066
1532811324.3427792,43264,9.728404998779297
1532811525.9207761,43392,9.841544151306152
1532823442.9168026,43648,10.722384452819824
1532823650.5971603,43776,10.497198104858398
1532823858.3094664,43904,9.750041961669922
1532824066.0835176,44032,9.549688339233398
1532824462.6992383,44160,10.871975898742676
1532824664.3876069,44288,10.415224075317383
1532824866.0488126,44416,9.651479721069336
1532825067.7706234,44544,10.972246170043945
1532825459.93219,44672,10.122264862060547
1532825661.6560516,44800,9.695928573608398
1532825863.3622007,44928,10.587178230285645
1532826065.0551462,45056,9.62989330291748
1532826457.5391295,45184,9.986329078674316
1532826659.1855166,45312,9.673036575317383
1532826860.8320253,45440,9.703938484191895
1532827062.5126507,45568,10.343448638916016
1532827455.4571695,45696,9.761192321777344
1532827657.1603632,45824,9.221153259277344
1532827858.8166928,45952,9.757734298706055
1532828060.5079076,46080,10.7825345993042
1532828452.33807,46208,10.559395790100098
1532828653.8489003,46336,10.536170959472656
1532828855.3637497,46464,10.153459548950195
1532829056.9135687,46592,9.970287322998047
1532829450.5237617,46720,10.904751777648926
1532829652.0288448,46848,10.950122833251953
1532829853.594699,46976,10.700818061828613
1532830055.2219806,47104,9.337288856506348
1532830449.7658572,47232,9.517350196838379
1532830651.3299105,47360,10.479804039001465
1532830853.0341055,47488,9.463372230529785
1532831054.6995044,47616,9.62592601776123
1532831448.472102,47744,9.335160255432129
1532831650.2774653,47872,10.20090103149414
1532831851.953159,48000,9.458477020263672
1532832053.700833,48128,10.759002685546875
1532832447.5092611,48256,9.935591697692871
1532832649.2091882,48384,9.811210632324219
1532832850.9718478,48512,9.941755294799805
1532833052.7341287,48640,10.310340881347656
1532833445.2802145,48768,10.082954406738281
1532833647.0134108,48896,10.07593059539795
1532833848.713807,49024,11.457540512084961
1532834050.423706,49152,11.426989555358887
1532834445.7586877,49280,9.815882682800293
1532834647.542297,49408,9.82104206085205
1532834849.1777554,49536,10.185403823852539
1532835050.8108644,49664,9.038675308227539
1532835445.2558038,49792,11.614312171936035
1532835646.9713612,49920,9.522316932678223
1532835848.6424596,50048,10.854580879211426
1532836050.3333368,50176,9.793834686279297
1532836443.4063184,50304,9.60700511932373
1532836644.922661,50432,10.563689231872559
1532836846.482869,50560,10.06546688079834
1532837048.2130396,50688,9.634235382080078
1532837441.8643162,50816,10.13041877746582
1532837643.5348444,50944,10.791146278381348
1532837845.1506023,51072,10.472715377807617
1532838046.7065232,51200,10.651436805725098
1532838438.1874454,51328,9.679073333740234
1532838639.8521118,51456,9.718628883361816
1532838841.443099,51584,10.014644622802734
1532839043.1868963,51712,9.506654739379883
1532839438.070755,51840,11.050644874572754
1532839639.6435275,51968,9.866686820983887
1532839841.1807334,52096,10.34892749786377
1532840042.7774696,52224,9.715755462646484
1532840437.384203,52352,10.452126502990723
1532840638.985483,52480,9.975064277648926
1532840840.5974514,52608,9.528257369995117
1532841042.1436434,52736,9.648736000061035
1532841437.2752244,52864,10.550359725952148
1532841638.840293,52992,9.788549423217773
1532841840.3165822,53120,10.24976921081543
1532842042.0571513,53248,9.595926284790039
1532842436.729816,53376,9.665635108947754
1532842638.4655452,53504,10.151895523071289
1532842840.1479251,53632,9.487980842590332
1532843041.8597834,53760,9.95574951171875
1532843436.3345532,53888,9.937566757202148
1532843638.0459952,54016,9.969175338745117
1532843839.8583848,54144,9.460092544555664
1532844041.6080039,54272,11.891117095947266
1532844434.693459,54400,9.3297758102417
1532844636.2043889,54528,10.090728759765625
1532844837.8374212,54656,9.763497352600098
1532845039.4788322,54784,10.756295204162598
1532845437.153519,54912,9.528094291687012
1532845638.8764799,55040,9.372413635253906
1532845840.4556618,55168,10.069462776184082
1532846042.1475701,55296,9.558530807495117
1532846437.6662588,55424,10.123552322387695
1532846639.3989005,55552,10.469517707824707
1532846841.16095,55680,9.275263786315918
1532847042.9071877,55808,9.597105979919434
1532847437.7644222,55936,10.584467887878418
1532847639.420164,56064,9.749048233032227
1532847841.0197399,56192,10.86749267578125
1532848042.5790424,56320,9.473443984985352
1532848438.316229,56448,9.90985107421875
1532848639.9224675,56576,10.192977905273438
1532848841.6371732,56704,9.689553260803223
1532849043.4582589,56832,9.495311737060547
1532849438.8741024,56960,9.387215614318848
1532849640.3266711,57088,10.123658180236816
1532849841.6762173,57216,10.919342041015625
1532850043.2490764,57344,9.367085456848145
1532850438.0542653,57472,10.175509452819824
1532850639.714155,57600,11.213294982910156
1532850841.3546388,57728,9.979029655456543
1532851042.9632075,57856,9.9798002243042
1532851441.340394,57984,9.860920906066895
1532851643.1341724,58112,9.6354341506958
1532851844.6834004,58240,10.596738815307617
1532852046.4611852,58368,9.930693626403809
1532852443.37341,58496,11.263763427734375
1532852645.0137944,58624,9.861085891723633
1532852846.6612098,58752,9.56667423248291
1532853048.2478552,58880,10.12037181854248
1532853448.4170825,59008,9.81761360168457
1532853650.1663632,59136,10.19529914855957
1532853851.8449323,59264,10.415771484375
1532854053.476007,59392,10.280797958374023
1532854448.8965087,59520,10.523545265197754
1532854650.4760983,59648,9.380210876464844
1532854852.3447568,59776,9.878972053527832
1532855054.007661,59904,10.407525062561035
1532855448.114768,60032,10.169301986694336
1532855649.7037187,60160,9.405267715454102
1532855851.2685757,60288,9.79256534576416
1532856052.9557207,60416,9.916007041931152
1532856450.367719,60544,10.041509628295898
1532856651.886669,60672,10.492400169372559
1532856853.569956,60800,9.987321853637695
1532857055.2267108,60928,10.209017753601074
1532857451.7522671,61056,9.706130981445312
1532857653.4025855,61184,9.53160572052002
1532857854.9828682,61312,9.349082946777344
1532858056.626021,61440,11.593871116638184
1532858455.5936143,61568,9.947344779968262
1532858657.2093892,61696,9.693160057067871
1532858858.9306717,61824,10.561681747436523
1532859060.3780704,61952,9.38314151763916
1532859459.0595927,62080,11.94964599609375
1532859660.640018,62208,9.617818832397461
1532859862.279747,62336,9.963852882385254
1532860063.9984422,62464,9.79221248626709
1532860458.9411561,62592,9.640352249145508
1532860660.4905627,62720,9.704109191894531
1532860861.985276,62848,10.1202392578125
1532861063.5903676,62976,9.649347305297852
1532861462.6912463,63104,9.685768127441406
1532861664.2958467,63232,9.491497039794922
1532861865.9646108,63360,10.643460273742676
1532862067.5140748,63488,10.798271179199219
1532862467.0972226,63616,9.284964561462402
1532862668.731766,63744,9.797323226928711
1532862870.113242,63872,10.271924018859863
1532863071.7336414,64000,10.393898010253906
1532863467.2194664,64128,10.29875659942627
1532863669.04049,64256,9.064011573791504
1532863870.7991133,64384,10.140789985656738
1532864072.4670832,64512,11.183197021484375
1532864469.4121256,64640,9.903379440307617
1532864671.2763975,64768,9.904330253601074
1532864873.002783,64896,9.662016868591309
1532865074.6851804,65024,10.861464500427246
1532865476.7790616,65152,9.62259292602539
1532865678.4898472,65280,10.114299774169922
1532865880.3369215,65408,9.627256393432617
1532866082.1747816,65536,9.893628120422363
1532866482.4622662,65664,9.372187614440918
1532866684.0583053,65792,9.328189849853516
1532866885.4873254,65920,10.212935447692871
1532867086.851129,66048,10.036316871643066
1532867487.453797,66176,9.631728172302246
1532867689.0262215,66304,10.104758262634277
1532867890.9001527,66432,9.96314811706543
1532868092.653868,66560,9.650017738342285
1532868491.3242729,66688,9.239799499511719
1532868693.0096061,66816,10.587296485900879
1532868894.8215182,66944,9.755853652954102
1532869096.4942822,67072,10.037320137023926
1532869494.818423,67200,10.177797317504883
1532869696.5471625,67328,9.589268684387207
1532869898.3298929,67456,10.317673683166504
1532870100.1396556,67584,10.09501838684082
1532870498.7013323,67712,9.483779907226562
1532870700.3865821,67840,9.523059844970703
1532870902.0340614,67968,10.05029582977295
1532871103.690718,68096,9.521295547485352
1532871500.2975113,68224,9.733596801757812
1532871701.7075298,68352,10.143441200256348
1532871903.3998473,68480,9.991989135742188
1532872105.0203214,68608,10.721450805664062
1532872505.2536545,68736,9.738777160644531
1532872707.046304,68864,9.969480514526367
1532872908.8353372,68992,9.495158195495605
1532873110.5139458,69120,9.45689582824707
1532873510.2927928,69248,10.514415740966797
1532873712.0102282,69376,9.531258583068848
1532873913.567421,69504,9.50188159942627
1532874115.3115337,69632,10.209653854370117
1532874519.9743817,69760,10.684688568115234
1532874721.7068202,69888,9.222339630126953
1532874923.314389,70016,9.772107124328613
1532875125.0446415,70144,9.940938949584961
1532875526.2040794,70272,9.043838500976562
1532875727.979928,70400,11.497672080993652
1532875929.6614268,70528,9.853546142578125
1532876131.3351934,70656,9.299261093139648
1532876530.8155007,70784,9.934975624084473
1532876732.5251334,70912,9.700624465942383
1532876934.2407115,71040,9.531906127929688
1532877135.9086294,71168,9.601839065551758
1532877537.8547392,71296,9.967679023742676
1532877739.4511435,71424,10.78172779083252
1532877941.015148,71552,9.562505722045898
1532878142.617834,71680,9.418763160705566
1532878543.7073698,71808,9.624777793884277
1532878745.484772,71936,9.98641586303711
1532878947.1527016,72064,10.17092514038086
1532879148.7865407,72192,9.579033851623535
1532879545.7758756,72320,11.049525260925293
1532879747.4390492,72448,10.326180458068848
1532879948.9916909,72576,9.890390396118164
1532880150.7245057,72704,9.755043983459473
1532880549.7899652,72832,10.601253509521484
1532880751.5959356,72960,9.871136665344238
1532880953.3423083,73088,10.111659049987793
1532881155.1934392,73216,9.577866554260254
1532881553.5091288,73344,12.162455558776855
1532881755.1819131,73472,9.506601333618164
1532881956.7375715,73600,9.933463096618652
1532882158.4387867,73728,11.508563041687012
1532882557.7228525,73856,9.455353736877441
1532882759.46897,73984,9.591495513916016
1532882961.1733644,74112,9.396780014038086
1532883162.909549,74240,10.180074691772461
1532883563.1715627,74368,9.476495742797852
1532883764.7868586,74496,9.612981796264648
1532883966.3871176,74624,9.611581802368164
1532884167.835581,74752,9.660573959350586
1532884569.3726938,74880,11.360790252685547
1532884771.01809,75008,9.820609092712402
1532884972.800905,75136,10.131757736206055
1532885174.5023353,75264,10.314556121826172
1532885574.1522348,75392,10.00772762298584
1532885775.8209345,75520,9.653488159179688
1532885977.5953822,75648,9.972024917602539
1532886179.3160815,75776,10.264142990112305
1532886579.7648823,75904,9.653318405151367
1532886781.344731,76032,10.823044776916504
1532886983.0457485,76160,10.21153736114502
1532887184.8575847,76288,9.731649398803711
1532887584.7736173,76416,9.665152549743652
1532887786.4680796,76544,10.07042121887207
1532887988.2147145,76672,9.802908897399902
1532888189.6981344,76800,9.957951545715332
1532888586.516249,76928,9.90683650970459
1532888788.201974,77056,10.083102226257324
1532888989.9270384,77184,9.959915161132812
1532889191.6084185,77312,9.639491081237793
1532889588.790953,77440,9.487100601196289
1532889790.500452,77568,9.61696720123291
1532889992.1500733,77696,10.298258781433105
1532890193.8198712,77824,10.328662872314453
1532996809.9840279,77952,10.41111946105957
1532997017.4281623,78080,9.698050498962402
1532997225.0034244,78208,9.286016464233398
1532997432.6250093,78336,10.283060073852539
1532997835.5038984,78464,9.577470779418945
1532998037.0280337,78592,10.107118606567383
1532998238.4992356,78720,9.748784065246582
1532998439.947304,78848,9.000746726989746
1532998836.6663506,78976,9.917935371398926
1532999038.303291,79104,9.739118576049805
1532999239.8926475,79232,10.434233665466309
1532999441.5354714,79360,10.471199989318848
1532999840.072783,79488,9.750503540039062
1533000041.4895065,79616,9.636362075805664
1533000242.974665,79744,9.93126392364502
1533000444.4586287,79872,9.616851806640625
1533000844.0227056,80000,10.086750030517578
1533001045.4996815,80128,11.432785034179688
1533001246.955942,80256,9.769059181213379
1533001448.5127413,80384,10.062151908874512
1533001846.4971936,80512,11.674577713012695
1533002047.9427087,80640,9.842934608459473
1533002249.4747243,80768,12.119795799255371
1533002450.8797266,80896,9.795312881469727
1533002851.8013754,81024,9.564423561096191
1533003053.219422,81152,10.621474266052246
1533003254.6990416,81280,9.845871925354004
1533003456.1995316,81408,9.767731666564941
1533003857.673868,81536,10.104206085205078
1533004059.2918072,81664,9.483902931213379
1533004260.8446147,81792,10.755772590637207
1533004462.5161147,81920,11.19536304473877
1533004864.4446595,82048,10.751665115356445
1533005066.0176978,82176,10.26614761352539
1533005267.5012875,82304,10.721756935119629
1533005469.0242317,82432,10.126609802246094
1533005872.1550188,82560,10.010102272033691
1533006073.694348,82688,12.891084671020508
1533006275.3106205,82816,9.81106185913086
1533006476.881216,82944,9.345736503601074
1533006878.9026206,83072,10.113747596740723
1533007080.6191504,83200,9.714310646057129
1533007282.1328394,83328,9.473405838012695
1533007483.724825,83456,9.95227336883545
1533007881.2750328,83584,10.097370147705078
1533008082.8681288,83712,10.151362419128418
1533008284.5105786,83840,10.11174488067627
1533008485.9742765,83968,9.869872093200684
1533008885.6476085,84096,11.842155456542969
1533009087.2758968,84224,10.015410423278809
1533009288.7581015,84352,10.300036430358887
1533009490.3840191,84480,11.287090301513672
1533009892.8143625,84608,9.467303276062012
1533010094.4460585,84736,10.626093864440918
1533010295.9959204,84864,9.380826950073242
1533010497.5549324,84992,9.645851135253906
1533010895.6669936,85120,11.90092658996582
1533011097.247275,85248,10.702527046203613
1533011298.7633553,85376,11.60902214050293
1533011500.233234,85504,11.926488876342773
1533011902.5679348,85632,9.418028831481934
1533012103.8474283,85760,9.57563304901123
1533012305.0827713,85888,9.813013076782227
1533012506.4347715,86016,9.858916282653809
1533012905.6732469,86144,11.253435134887695
1533013107.094803,86272,10.254646301269531
1533013308.5929272,86400,9.780130386352539
1533013509.9556646,86528,9.88543701171875
1533013908.7096598,86656,10.183928489685059
1533014110.096889,86784,9.590521812438965
1533014311.5854597,86912,10.041444778442383
1533014513.0255187,87040,9.819828033447266
1533014909.4696531,87168,9.998286247253418
1533015111.0344348,87296,10.017756462097168
1533015312.5541413,87424,9.50625228881836
1533015514.2137613,87552,9.981392860412598
1533015914.5880482,87680,9.576642036437988
1533016116.070893,87808,10.545703887939453
1533016317.719169,87936,9.643712997436523
1533016519.321671,88064,9.760102272033691
1533016919.3962958,88192,10.37488842010498
1533017120.979127,88320,9.577642440795898
1533017322.5360942,88448,10.68696403503418
1533017523.9096656,88576,9.711414337158203
1533017924.9776716,88704,10.016338348388672
1533018126.2840407,88832,9.789997100830078
1533018327.693259,88960,9.678377151489258
1533018529.130738,89088,10.108268737792969
1533018927.5793297,89216,9.836726188659668
1533019129.1421854,89344,10.622775077819824
1533019330.6596313,89472,11.33707332611084
1533019532.3648448,89600,9.856106758117676
1533019933.1552508,89728,9.607736587524414
1533020134.6589038,89856,9.253925323486328
1533020336.2695158,89984,10.7750825881958
1533020537.8669934,90112,9.2794771194458
1533020935.0655985,90240,12.338159561157227
1533021136.624816,90368,9.27021598815918
1533021338.207829,90496,9.681073188781738
1533021539.8536022,90624,9.259638786315918
1533021942.0342247,90752,9.488332748413086
1533022143.7310894,90880,9.353933334350586
1533022345.1652403,91008,10.20320987701416
1533022546.835007,91136,10.470020294189453
1533022946.9150138,91264,11.137632369995117
1533023148.5174217,91392,9.315668106079102
1533023350.1495924,91520,10.065762519836426
1533023551.7841296,91648,10.660775184631348
1533023950.0126193,91776,10.988554954528809
1533024151.632283,91904,9.788134574890137
1533024353.2150338,92032,9.832695960998535
1533024554.6780086,92160,9.685118675231934
1533024957.6324713,92288,9.945262908935547
1533025159.2728841,92416,10.227331161499023
1533025360.9762223,92544,11.178560256958008
1533025562.5337017,92672,9.637140274047852
1533025963.048805,92800,10.069275856018066
1533026164.577205,92928,9.953547477722168
1533026366.0501642,93056,9.990900993347168
1533026567.4569976,93184,9.405734062194824
1533026967.8686006,93312,9.252188682556152
1533027169.460297,93440,10.450565338134766
1533027371.0739195,93568,10.216283798217773
1533027572.6498644,93696,9.128630638122559
1533027973.8916016,93824,10.70583438873291
1533028175.4117386,93952,9.703659057617188
1533028376.98372,94080,10.301469802856445
1533028578.4772286,94208,10.136999130249023
1533028980.6250658,94336,10.530673027038574
1533029182.1975248,94464,10.406275749206543
1533029383.6379914,94592,9.522100448608398
1533029585.0939238,94720,9.56507682800293
1533029987.960968,94848,10.9403657913208
1533030189.4834423,94976,9.320927619934082
1533030390.9339216,95104,11.234978675842285
1533030592.4313805,95232,9.897148132324219
1533030993.8147697,95360,10.80681037902832
1533031195.3656495,95488,9.58807373046875
1533031396.9578881,95616,9.410984992980957
1533031598.6004612,95744,9.791255950927734
1533032000.9630904,95872,9.423551559448242
1533032202.6485085,96000,9.364930152893066
1533032404.2527738,96128,9.45053768157959
1533032605.850503,96256,9.399115562438965
1533033008.5695782,96384,10.040937423706055
1533033209.7852414,96512,9.878652572631836
1533033411.3726258,96640,9.539941787719727
1533033612.8268428,96768,10.314872741699219
1533034015.0190656,96896,9.705768585205078
1533034216.5468323,97024,9.564311027526855
1533034418.212436,97152,9.455535888671875
1533034619.726318,97280,10.462311744689941
1533035019.571757,97408,10.437886238098145
1533035221.164953,97536,9.932207107543945
