wall_time,step,value
1530492560.0344515,512,381.5910339355469
1530492878.5347438,1024,333.1756896972656
1530493199.3420165,1536,318.9641418457031
1530493519.0754018,2048,296.4245300292969
1530493838.6078007,2560,282.00811767578125
1530494159.9452844,3072,272.80926513671875
1530494479.8879983,3584,266.13525390625
1530494800.8721068,4096,256.79522705078125
1530495120.4428203,4608,245.02886962890625
1530495439.490618,5120,228.72744750976562
1530495758.5495024,5632,226.1538848876953
1530496077.5543475,6144,215.67820739746094
1530496396.5227127,6656,213.3391571044922
1530496714.4753537,7168,208.30447387695312
1530497031.92399,7680,196.67230224609375
1530497348.2043476,8192,197.16087341308594
1530497665.5347698,8704,193.381103515625
1530782325.4462621,9728,183.166015625
1530782641.3260126,10240,181.90664672851562
1530782956.918376,10752,179.86851501464844
1530783270.8692522,11264,178.13600158691406
1530783584.9977636,11776,175.70045471191406
1530783899.1007495,12288,173.7653045654297
1530784212.7485487,12800,175.87396240234375
1530784527.2192302,13312,169.9349365234375
1530784842.2486427,13824,165.5430145263672
1530785157.103204,14336,164.90464782714844
1530785470.8019962,14848,163.24887084960938
1530785786.352177,15360,163.73321533203125
1530786100.6732419,15872,162.99488830566406
1530786413.8314369,16384,158.8651580810547
1530786729.9514012,16896,155.2859649658203
1530787044.9561253,17408,155.16653442382812
1530787360.0145392,17920,152.4734344482422
1530787674.1150358,18432,153.24124145507812
1530787989.5698345,18944,151.74539184570312
1530788303.5114102,19456,149.65704345703125
1530788617.2048428,19968,145.5305633544922
1530788930.7305262,20480,146.19793701171875
1530789245.3539598,20992,140.54441833496094
1530789559.3847826,21504,141.64283752441406
1530789875.1938274,22016,143.37086486816406
1530790190.2204683,22528,142.5081787109375
1530790505.4090784,23040,140.08343505859375
1530790821.1805818,23552,138.70797729492188
1530791137.9444218,24064,139.57020568847656
1530791453.2245052,24576,133.73330688476562
1530791768.1011202,25088,137.13755798339844
1530792085.5263636,25600,137.15194702148438
1530792401.3978956,26112,134.7160186767578
1530792718.328744,26624,136.7054901123047
1530793033.6039941,27136,132.83401489257812
1530793349.8513062,27648,131.9622344970703
1530793664.9510846,28160,135.3616943359375
1530793981.9738796,28672,131.22425842285156
1530794296.7587118,29184,132.00833129882812
1530794611.9105823,29696,131.184326171875
1530794927.1217308,30208,130.88967895507812
1530795242.6351764,30720,128.95545959472656
1530795559.414366,31232,131.0618133544922
1530795876.9466472,31744,130.86004638671875
1530796193.2908826,32256,129.5084991455078
1530796510.3173115,32768,125.09734344482422
1530796828.752195,33280,128.38011169433594
1530797146.2479436,33792,123.55120086669922
1530797464.1105254,34304,125.79547882080078
1530797780.4165246,34816,129.1446075439453
1530798097.1492958,35328,125.65269470214844
1530798414.5668252,35840,127.945556640625
1530798732.8247101,36352,124.88599395751953
1530799049.349006,36864,121.12384796142578
1530799366.428123,37376,121.60140991210938
1530799685.6471133,37888,120.22587585449219
1530800004.6162286,38400,120.38436889648438
1530800321.7409575,38912,123.15416717529297
1530800639.0639732,39424,119.23049926757812
1530800956.7934003,39936,120.75433349609375
1530801274.4736836,40448,121.19273376464844
1530801591.609232,40960,120.27761840820312
1530801909.0302553,41472,124.3272705078125
1530802226.8686292,41984,122.609375
1530802543.7707963,42496,122.76100158691406
1530802862.1801274,43008,121.71754455566406
1530803179.6753817,43520,118.51299285888672
1530803496.7849882,44032,123.41571807861328
1530803814.9192474,44544,119.76420593261719
1530804133.8375075,45056,118.15796661376953
1530804451.4025838,45568,118.74755096435547
1530804770.3387597,46080,120.82088470458984
1530805091.6178305,46592,118.5945816040039
1530805413.214007,47104,118.51657104492188
1530839224.486188,48128,116.195556640625
1530839540.6097767,48640,116.6604232788086
1530839858.0912547,49152,116.45262908935547
1530840173.9451215,49664,113.16902923583984
1530840490.361783,50176,116.38640594482422
1530840806.968161,50688,116.16050720214844
1530841122.630072,51200,115.77106475830078
1530841438.3754256,51712,111.85309600830078
1530841755.7991083,52224,112.68604278564453
1530842072.0811393,52736,115.4752197265625
1530842388.6307402,53248,113.21419525146484
1530842704.5279365,53760,113.9964370727539
1530843020.9256887,54272,111.48084259033203
1530843336.847135,54784,111.32355499267578
1530843653.6105344,55296,113.75104522705078
1530843968.8474498,55808,110.81073760986328
1530844284.8625278,56320,110.00406646728516
1530844602.044836,56832,109.5144271850586
1530844918.2172968,57344,115.84391021728516
1530845234.8393445,57856,114.2520523071289
1530845550.462822,58368,114.02205657958984
1530845867.402745,58880,112.64666748046875
1530846183.6578107,59392,114.08623504638672
1530846500.8585844,59904,110.5675277709961
1530846816.98874,60416,112.01051330566406
1530847133.4287431,60928,111.87188720703125
1530847450.5731947,61440,112.52698516845703
1530847766.2989092,61952,113.32054901123047
1530848082.613624,62464,113.58280181884766
1530848398.9182043,62976,111.13932037353516
1530848715.7765787,63488,110.31651306152344
1530849032.3877897,64000,110.34709930419922
1530849350.0554566,64512,108.2510757446289
1530849666.5578876,65024,110.74549102783203
1530849982.7974946,65536,110.17259216308594
1530850300.5656426,66048,106.98974609375
1530850617.1990242,66560,104.89551544189453
1530850934.3401744,67072,108.6324234008789
1530851251.5245814,67584,108.91670989990234
1530851569.7698784,68096,106.53084564208984
1530851888.3789086,68608,109.5702896118164
1530852204.6150157,69120,106.73186492919922
1530852523.5784934,69632,107.1851577758789
1530852840.6529744,70144,106.0137710571289
1530877730.053822,71168,104.10484313964844
1530878044.9855032,71680,102.76114654541016
1530878358.7204623,72192,103.13616180419922
1530878672.2789705,72704,100.61649322509766
1530878986.7289977,73216,103.09234619140625
1530879299.5198221,73728,104.50524139404297
1530879613.226383,74240,110.77714538574219
1530879926.165058,74752,109.59337615966797
1530886940.423737,75776,109.63636779785156
1530887255.1365094,76288,110.62012481689453
1530887569.83135,76800,110.74004364013672
1530887884.230404,77312,105.6037368774414
1530888199.7555091,77824,108.76044464111328
1530888515.6347601,78336,110.77116394042969
1530888831.7750072,78848,108.29293060302734
1530889147.1805773,79360,107.89163970947266
1530889462.0187545,79872,108.80323028564453
1530889777.9506774,80384,107.56671142578125
1530890094.2180116,80896,108.3438491821289
1530890409.650153,81408,108.6822509765625
1530890725.0589535,81920,105.83564758300781
1530891040.7483735,82432,105.57465362548828
1530891356.2010577,82944,104.18439483642578
1530891672.0065506,83456,103.146484375
1530891987.1827257,83968,104.75071716308594
1530892304.0154574,84480,105.9692153930664
1530892620.1824734,84992,103.66998291015625
1530892935.7971706,85504,100.96552276611328
1530893252.831931,86016,103.18419647216797
1530893569.9421642,86528,102.98190307617188
1530893886.9540298,87040,101.97466278076172
1530894202.543207,87552,103.25426483154297
1530894518.7978065,88064,100.33580017089844
1530894835.189171,88576,103.01177215576172
1530895152.0030088,89088,100.65887451171875
1530895468.498223,89600,98.597412109375
1530895785.1477928,90112,97.72998809814453
1530896101.4733932,90624,98.4548568725586
1530896417.0193434,91136,98.44660186767578
1530896733.407999,91648,97.51679229736328
1530897049.891458,92160,97.98653411865234
1530897365.934105,92672,96.7939682006836
1530897681.3579514,93184,96.12628173828125
1530897998.4503207,93696,95.6794662475586
1530898315.3906176,94208,95.8252182006836
1530898631.687224,94720,98.5937728881836
1530898947.4725986,95232,97.64945220947266
1530899264.526832,95744,99.28279113769531
1530904795.8330503,96768,96.79973602294922
1530905110.230365,97280,97.04582214355469
