wall_time,step,value
1531109755.7629657,128,0.9995290637016296
1531109828.015114,256,0.9995253086090088
1531109900.2714074,384,0.9995223879814148
1531109972.47959,512,0.9995172619819641
1531110111.1931155,640,0.9995182156562805
1531110183.6608195,768,0.99952232837677
1531110256.1056566,896,0.9995169639587402
1531110328.6027453,1024,0.9995181560516357
1531110466.5255735,1152,0.9995167255401611
1531110539.0367713,1280,0.9995163679122925
1531110611.347964,1408,0.9995183944702148
1531110683.682273,1536,0.9995195865631104
1531110822.2152028,1664,0.9995166063308716
1531110894.6826422,1792,0.9995155334472656
1531110967.0818436,1920,0.9995161890983582
1531111039.4882462,2048,0.9995161890983582
1531111178.354371,2176,0.9995155334472656
1531111250.6825435,2304,0.999516487121582
1531111323.118736,2432,0.9995191097259521
1531111395.5929463,2560,0.9995172619819641
1531111532.4506307,2688,0.9995160102844238
1531111604.8174984,2816,0.9995167851448059
1531111677.3264103,2944,0.9995152354240417
1531111749.7071521,3072,0.9995160698890686
1531111887.3392189,3200,0.9995156526565552
1531111959.6054988,3328,0.9995155930519104
1531112031.9824934,3456,0.9995160698890686
1531112104.3326173,3584,0.9995163679122925
1531112241.2856143,3712,0.9995168447494507
1531112313.6971598,3840,0.9995172023773193
1531112386.0419738,3968,0.999517023563385
1531112458.5054224,4096,0.9995177984237671
1531112593.44736,4224,0.9995177984237671
1531112665.8029475,4352,0.9995176792144775
1531112738.1642876,4480,0.9995185732841492
1531112810.5186846,4608,0.9995195865631104
1531112943.9646096,4736,0.9995202422142029
1531113016.1865578,4864,0.9995198845863342
1531113088.604093,4992,0.9995200037956238
1531113160.974846,5120,0.9995219111442566
1531113296.564611,5248,0.9995220303535461
1531113368.827091,5376,0.9995238184928894
1531113441.2841797,5504,0.9995239973068237
1531113513.6868749,5632,0.9995238184928894
1531113645.70576,5760,0.9995235800743103
1531113718.1497734,5888,0.9995220899581909
1531113790.5589743,6016,0.9995225667953491
1531113862.9340136,6144,0.9995226263999939
1531113994.951662,6272,0.9995222687721252
1531114067.2117565,6400,0.9995230436325073
1531114139.5612493,6528,0.9995232820510864
1531114211.8621135,6656,0.9995227456092834
1531114344.9115229,6784,0.9995225071907043
1531114417.182846,6912,0.9995213747024536
1531114489.5102022,7040,0.9995215535163879
1531114561.7683399,7168,0.9995211958885193
1531114696.3111315,7296,0.9995217323303223
1531114768.556037,7424,0.9995216727256775
1531114840.8861434,7552,0.9995220899581909
1531367695.465525,7808,0.9995233416557312
1531367767.0583377,7936,0.9995225071907043
1531367838.75763,8064,0.9995226860046387
1531367910.3268619,8192,0.9995229244232178
1531368040.960642,8320,0.9995220303535461
1531368112.6941924,8448,0.9995226263999939
1531368184.417953,8576,0.9995221495628357
1531368256.163929,8704,0.999522864818573
1531368385.9604647,8832,0.9995222687721252
1531368457.8446681,8960,0.9995219111442566
1531368529.608331,9088,0.9995223879814148
1531368601.4177628,9216,0.9995229840278625
1531368730.8132923,9344,0.9995228052139282
1531368802.662946,9472,0.9995238184928894
1531368874.341524,9600,0.999523401260376
1531368946.1304338,9728,0.9995240569114685
1531369075.3752646,9856,0.9995239973068237
1531369147.2050605,9984,0.9995235800743103
1531369218.9251235,10112,0.9995233416557312
1531369290.588295,10240,0.9995236396789551
1531369420.371774,10368,0.9995231628417969
1531369492.1823077,10496,0.9995228052139282
1531369563.8726838,10624,0.9995233416557312
1531369635.7296298,10752,0.999523937702179
1531369767.064619,10880,0.999524712562561
1531369838.937656,11008,0.9995237588882446
1531369910.7266042,11136,0.9995243549346924
1531369982.45121,11264,0.9995240569114685
1531370111.9438264,11392,0.9995239973068237
1531370183.6891897,11520,0.9995242357254028
1531370255.4736621,11648,0.9995239973068237
1531370327.2435825,11776,0.9995235204696655
1531370457.0991266,11904,0.9995238780975342
1531370528.736511,12032,0.9995243549346924
1531370600.1918385,12160,0.9995247721672058
1531370671.795359,12288,0.9995239973068237
1531370802.0549812,12416,0.9995242953300476
1531370873.6574378,12544,0.9995244145393372
1531370945.3029082,12672,0.9995246529579163
1531371017.0161717,12800,0.999525249004364
1531371148.1304045,12928,0.9995235800743103
1531371219.9011624,13056,0.9995244741439819
1531371291.547406,13184,0.9995248317718506
1531371363.2410269,13312,0.9995247721672058
1531371494.5775602,13440,0.9995253086090088
1531371566.4369047,13568,0.9995248913764954
1531371638.2166605,13696,0.9995254874229431
1531371709.8777785,13824,0.9995256066322327
1531371839.9739723,13952,0.999526858329773
1531371911.7400165,14080,0.9995262622833252
1531371983.6089623,14208,0.99952632188797
1531372055.219458,14336,0.9995273947715759
1531372186.9100509,14464,0.9995278120040894
1531372258.5506165,14592,0.9995265007019043
1531372330.1840844,14720,0.9995266199111938
1531372401.8135855,14848,0.999527096748352
1531372532.3025928,14976,0.9995272755622864
1531372604.1233735,15104,0.9995279312133789
1531372675.8173463,15232,0.9995267987251282
1531372747.6138368,15360,0.9995283484458923
1531372878.2149315,15488,0.9995284080505371
1531372950.0158634,15616,0.9995288252830505
1531373021.665573,15744,0.9995294213294983
1531373093.3646853,15872,0.9995293617248535
1531373223.5060205,16000,0.9995295405387878
1531373295.221181,16128,0.9995283484458923
1531373366.9268088,16256,0.9995309710502625
1531373438.7168906,16384,0.9995302557945251
1531373568.7174802,16512,0.999531090259552
1531373640.4006774,16640,0.9995309710502625
1531373712.1375449,16768,0.9995319247245789
1531373783.8200185,16896,0.9995315670967102
1531373914.2410772,17024,0.999531626701355
1531373985.924422,17152,0.9995311498641968
1531374057.741087,17280,0.9995344877243042
1531374129.373747,17408,0.9995322227478027
1531374259.598623,17536,0.999534010887146
1531374331.3132417,17664,0.9995338916778564
1531374403.0417116,17792,0.9995332360267639
1531374474.5909054,17920,0.9995326995849609
1531374606.6104796,18048,0.999535322189331
1531374678.1953998,18176,0.999535083770752
1531374750.0527687,18304,0.999535083770752
1531374821.6061296,18432,0.9995343089103699
1531374952.8663304,18560,0.999534547328949
1531375024.6154563,18688,0.9995357394218445
1531375096.5039735,18816,0.9995378851890564
1531375168.271973,18944,0.9995347261428833
1531375300.054508,19072,0.9995365142822266
1531375371.8501296,19200,0.9995355010032654
1531375443.5148659,19328,0.9995356798171997
1531375515.247628,19456,0.999535858631134
1531375646.8928447,19584,0.9995355606079102
1531375718.538945,19712,0.9995355010032654
1531375790.254578,19840,0.9995359778404236
1531375862.0279963,19968,0.9995356798171997
1531375994.609571,20096,0.9995343685150146
1531376066.366333,20224,0.9995352625846863
1531376138.06574,20352,0.9995362162590027
1531376209.675239,20480,0.9995338320732117
1531376341.0582104,20608,0.9995347261428833
1531376412.7776787,20736,0.9995344877243042
1531376484.4242795,20864,0.9995357394218445
1531376556.0466614,20992,0.9995360374450684
1531376686.8959043,21120,0.9995360970497131
1531376758.5991786,21248,0.9995351433753967
1531376830.449891,21376,0.9995359778404236
1531376902.2080216,21504,0.9995381236076355
1531377033.5254612,21632,0.9995362162590027
1531377105.2096364,21760,0.9995364546775818
1531377176.8478997,21888,0.9995347857475281
1531377248.5604308,22016,0.9995365738868713
1531377380.3189356,22144,0.9995347857475281
1531377452.0660458,22272,0.9995349049568176
1531377523.8251562,22400,0.9995357990264893
1531377595.4266992,22528,0.999535858631134
1531377726.15953,22656,0.9995344877243042
1531377797.882198,22784,0.9995336532592773
1531377869.6937366,22912,0.9995339512825012
1531377941.3922322,23040,0.9995334148406982
1531378073.230741,23168,0.9995328187942505
1531378144.9786384,23296,0.9995327591896057
1531378216.7296576,23424,0.999532163143158
1531378288.5172071,23552,0.9995328187942505
1531378420.0105338,23680,0.9995334148406982
1531378491.6936045,23808,0.9995338916778564
1531378563.4194658,23936,0.9995328187942505
1531378635.0925934,24064,0.9995357394218445
1531378765.632224,24192,0.9995357990264893
1531378837.3000169,24320,0.9995336532592773
1531378909.0065033,24448,0.9995368123054504
1531378980.6812813,24576,0.9995344877243042
1531379112.4244602,24704,0.9995375871658325
1531379184.2557979,24832,0.9995365142822266
1531379255.9708133,24960,0.9995357394218445
1531379327.6579533,25088,0.999536395072937
1531379458.8832867,25216,0.9995352029800415
1531379530.4702606,25344,0.9995368719100952
1531379602.1838658,25472,0.999535322189331
1531379673.6649106,25600,0.9995380640029907
1531379804.9690466,25728,0.9995349645614624
1531379876.6125448,25856,0.9995368719100952
1531379948.1594825,25984,0.9995363354682922
1531380019.7695632,26112,0.9995359778404236
1531380152.9462502,26240,0.9995380640029907
1531380224.4462166,26368,0.9995376467704773
1531380295.8513272,26496,0.9995370507240295
1531380367.3721976,26624,0.9995377659797668
1531380498.9585943,26752,0.9995390772819519
1531380570.5030453,26880,0.9995386004447937
1531380642.0083275,27008,0.9995378851890564
1531380713.4350536,27136,0.9995388388633728
1531380846.9031477,27264,0.9995407462120056
1531380918.4461854,27392,0.9995383024215698
1531380989.920722,27520,0.9995386004447937
1531381061.5135593,27648,0.9995403289794922
1531381193.1750379,27776,0.9995400309562683
1531381264.8037076,27904,0.9995403289794922
1531381336.3445292,28032,0.9995397329330444
1531381407.8047464,28160,0.9995409846305847
1531381540.413551,28288,0.9995391964912415
1531381611.8162727,28416,0.9995379447937012
1531381683.297542,28544,0.9995419979095459
1531381754.7540586,28672,0.9995403289794922
1531381886.7412834,28800,0.9995416402816772
1531381958.5413592,28928,0.9995410442352295
1531382030.2494667,29056,0.999539852142334
1531382101.9071617,29184,0.9995391368865967
1531382234.875855,29312,0.9995406270027161
1531382306.3943088,29440,0.999539315700531
1531382377.879283,29568,0.9995414614677429
1531382449.1747522,29696,0.9995392560958862
1531382581.1527317,29824,0.9995399117469788
1531382652.737825,29952,0.999541699886322
1531382724.4489114,30080,0.9995416402816772
1531382796.1443994,30208,0.9995400905609131
1531382928.9636526,30336,0.9995414614677429
1531383000.67383,30464,0.9995449781417847
1531383072.2817984,30592,0.9995441436767578
1531383143.884879,30720,0.9995436668395996
1531383278.1309278,30848,0.9995430111885071
1531383349.6115272,30976,0.9995435476303101
1531383421.13555,31104,0.9995449781417847
1531383492.5314672,31232,0.9995430707931519
1531383626.6413472,31360,0.9995449185371399
1531383698.2300003,31488,0.999543309211731
1531383769.8814857,31616,0.9995461106300354
1531383841.3781,31744,0.9995484352111816
1531383975.2129388,31872,0.9995473623275757
1531384046.9701118,32000,0.9995487332344055
1531384118.6720104,32128,0.9995496869087219
1531384190.286522,32256,0.9995495080947876
1531384323.3517547,32384,0.9995514154434204
1531384395.005125,32512,0.9995498061180115
1531384466.7099538,32640,0.9995504021644592
1531384538.2610617,32768,0.9995520114898682
1531384671.5906248,32896,0.9995483756065369
1531384743.1211567,33024,0.9995501041412354
1531384814.6808574,33152,0.9995505213737488
1531384886.1704574,33280,0.999553382396698
1531385019.8658717,33408,0.9995492100715637
1531385091.1780505,33536,0.999550998210907
1531385162.5876632,33664,0.9995543360710144
1531385234.0693893,33792,0.9995508193969727
1531385368.2310026,33920,0.9995599985122681
1531385439.5780275,34048,0.9995519518852234
1531385511.1476934,34176,0.9995567798614502
1531385582.617797,34304,0.999554455280304
1531385715.6565886,34432,0.9995551109313965
1531385787.246547,34560,0.9995541572570801
1531385858.919837,34688,0.9995567798614502
1531385930.492847,34816,0.9995526075363159
1531386063.787381,34944,0.9995531439781189
1531386135.5438275,35072,0.9995548725128174
1531386207.2914512,35200,0.9995566010475159
1531386278.840376,35328,0.9995602965354919
1531386412.5790088,35456,0.9995533227920532
1531386484.333517,35584,0.9995590448379517
1531386556.0429487,35712,0.9995538592338562
1531386627.6231065,35840,0.9995553493499756
1531386760.214674,35968,0.9995555877685547
1531386831.6426203,36096,0.9995535612106323
1531386903.00765,36224,0.9995612502098083
1531386974.4354787,36352,0.9995564818382263
1531387108.599583,36480,0.9995548725128174
1531387180.24089,36608,0.9995566606521606
1531387251.971564,36736,0.9995521903038025
1531387323.6187112,36864,0.9995636940002441
1531387457.165239,36992,0.9995554685592651
1531387528.4998662,37120,0.9995574951171875
1531387600.0383525,37248,0.9995573163032532
1531387671.5171509,37376,0.9995577931404114
1531387804.744946,37504,0.9995535612106323
1531387876.2054355,37632,0.9995560646057129
1531387947.6407664,37760,0.9995626211166382
1531388018.9974718,37888,0.9995592832565308
1531388153.0758655,38016,0.9995606541633606
1531388224.4875638,38144,0.9995598793029785
1531388295.754391,38272,0.9995624423027039
1531388367.172978,38400,0.9995629787445068
1531388500.3648322,38528,0.9995554089546204
1531388571.7667575,38656,0.9995582699775696
1531388643.0932703,38784,0.999556303024292
1531388714.4816682,38912,0.9995608329772949
1531388847.8171272,39040,0.9995605945587158
1531388919.272428,39168,0.9995638728141785
1531388990.9221983,39296,0.9995591044425964
1531389062.4662201,39424,0.9995611310005188
1531389196.7677011,39552,0.9995595812797546
1531389268.34955,39680,0.9995623230934143
1531389339.9033308,39808,0.9995657801628113
1531389411.4268785,39936,0.9995626211166382
1531389543.9262688,40064,0.9995629787445068
1531389615.4599528,40192,0.9995542168617249
1531389687.0749793,40320,0.9995644092559814
1531389758.6822236,40448,0.9995645880699158
1531389891.3428547,40576,0.9995647072792053
1531389962.7737954,40704,0.9995661377906799
1531390034.1921244,40832,0.9995652437210083
1531390105.583943,40960,0.9995630979537964
1531390239.578533,41088,0.9995678067207336
1531390310.834512,41216,0.9995612502098083
1531390382.1944926,41344,0.999565064907074
1531390453.4564574,41472,0.9995611310005188
1531390587.4772646,41600,0.999562680721283
1531390658.8464324,41728,0.9995651841163635
1531390730.2310593,41856,0.9995598793029785
1531390801.6668313,41984,0.999567449092865
1531390935.5365276,42112,0.9995652437210083
1531391006.916864,42240,0.9995663166046143
1531391078.2200868,42368,0.9995706081390381
1531391149.616153,42496,0.9995688796043396
1531391283.4327583,42624,0.9995625615119934
1531391354.732898,42752,0.9995683431625366
1531391426.054893,42880,0.9995615482330322
1531391497.302712,43008,0.9995648264884949
1531391631.0926678,43136,0.9995654821395874
1531391702.5937169,43264,0.9995668530464172
1531391773.908593,43392,0.9995638132095337
1531391845.291844,43520,0.9995648860931396
1531391979.1015503,43648,0.9995678067207336
1531392050.4640162,43776,0.999563992023468
1531392121.7474084,43904,0.9995637536048889
1531392193.0356722,44032,0.999570906162262
1531392328.3540757,44160,0.9995648264884949
1531392399.729781,44288,0.9995665550231934
1531392471.1060436,44416,0.999567985534668
1531392542.317347,44544,0.9995623230934143
1531392675.6756384,44672,0.9995672702789307
1531392747.14503,44800,0.9995662569999695
1531392818.51042,44928,0.9995688796043396
1531392889.8694754,45056,0.9995720982551575
1531393024.0003188,45184,0.9995724558830261
1531393095.1850183,45312,0.9995705485343933
1531393166.6792257,45440,0.9995772838592529
1531393238.0101933,45568,0.9995761513710022
1531393372.6590858,45696,0.9995772838592529
1531393444.0002072,45824,0.9995762705802917
1531393515.4401617,45952,0.9995712041854858
1531416503.406971,46208,0.9995719194412231
1531416574.5231774,46336,0.9995772838592529
1531416646.7303617,46464,0.9995734095573425
1531416719.1238694,46592,0.9995809197425842
1531416849.3509295,46720,0.9995719194412231
1531416920.6921675,46848,0.999581515789032
1531416992.0200922,46976,0.9995852112770081
1531417063.4578433,47104,0.9995860457420349
1531417193.1781583,47232,0.9995827078819275
1531417264.5963593,47360,0.9995788931846619
1531417335.884003,47488,0.9995836615562439
1531417407.3189955,47616,0.9995777606964111
1531417538.4251835,47744,0.9995725154876709
1531417609.782693,47872,0.9995822310447693
1531417681.1397066,48000,0.9995877742767334
1531417752.4568007,48128,0.9995849132537842
1531417882.1545115,48256,0.9995808601379395
1531417953.5525458,48384,0.9995760917663574
1531418024.998134,48512,0.9995836615562439
1531418096.4173737,48640,0.9995720982551575
1531418228.2111,48768,0.9995719194412231
1531418299.7241294,48896,0.9995771646499634
1531418371.185558,49024,0.9995699524879456
1531418442.5642872,49152,0.9995793700218201
1531418573.447223,49280,0.9995836019515991
1531418644.8425205,49408,0.9995753169059753
1531418716.259912,49536,0.9995763301849365
1531418787.7267435,49664,0.9995725154876709
1531418917.7435286,49792,0.9995862245559692
1531418989.0534797,49920,0.9995797276496887
1531419060.40358,50048,0.9995740056037903
1531419131.8640072,50176,0.9995793104171753
1531419264.4193435,50304,0.9995814561843872
1531419335.9492648,50432,0.9995771646499634
1531419407.3634322,50560,0.9995756149291992
1531419478.7440622,50688,0.9995852708816528
1531419609.5680308,50816,0.999580979347229
1531419681.0234256,50944,0.9995795488357544
1531419752.5162973,51072,0.9995832443237305
1531419823.8084803,51200,0.9995802044868469
1531419955.912209,51328,0.999581515789032
1531420027.428483,51456,0.999586284160614
1531420098.686575,51584,0.999578058719635
1531420170.0850844,51712,0.9995797872543335
1531420300.4703834,51840,0.9995830059051514
1531420371.8558865,51968,0.9995869994163513
1531420443.2361486,52096,0.9995837807655334
1531420514.7646973,52224,0.9995819330215454
1531420645.490908,52352,0.9995846748352051
1531420716.8838866,52480,0.9995813369750977
1531420788.3423724,52608,0.9995849132537842
1531420859.7093546,52736,0.9995845556259155
1531420991.8921638,52864,0.9995847940444946
1531421063.3192716,52992,0.9995778799057007
1531421134.8310227,53120,0.9995854496955872
1531421206.3655763,53248,0.9995815753936768
1531421337.8214648,53376,0.9995788335800171
1531421409.254355,53504,0.9995861053466797
1531421480.6251922,53632,0.999575138092041
1531421552.109018,53760,0.99958336353302
1531421682.3038387,53888,0.9995768666267395
1531421753.9612384,54016,0.999577522277832
1531421825.4269931,54144,0.9995814561843872
1531421896.7464273,54272,0.9995825290679932
1531422027.8133407,54400,0.9995771050453186
1531422099.329085,54528,0.9995791912078857
1531422170.8653536,54656,0.999579668045044
1531422242.4075465,54784,0.9995777010917664
1531422374.115948,54912,0.9995853900909424
1531422445.5358095,55040,0.9995843172073364
1531422517.15034,55168,0.9995808601379395
1531422588.6329653,55296,0.9995800256729126
1531422719.8340235,55424,0.9995761513710022
1531422791.3224847,55552,0.9995781779289246
1531422862.7163877,55680,0.999576985836029
1531422934.042322,55808,0.9995760321617126
1531423064.3472283,55936,0.9995778203010559
1531423135.6709094,56064,0.9995667338371277
1531423207.15117,56192,0.9995781183242798
1531423278.5269787,56320,0.9995741844177246
1531423409.87405,56448,0.9995761513710022
1531423481.4389806,56576,0.9995779395103455
1531423552.9509344,56704,0.9995689988136292
1531423624.4983606,56832,0.9995704889297485
1531423756.0499177,56960,0.9995697736740112
1531423827.5621555,57088,0.9995725750923157
1531423899.0729744,57216,0.9995741844177246
1531423970.4487844,57344,0.9995688796043396
1531424102.5558405,57472,0.9995670914649963
1531424174.2021677,57600,0.9995726346969604
1531424245.7440603,57728,0.9995721578598022
1531424317.249276,57856,0.9995720982551575
1531424448.544302,57984,0.9995723366737366
1531424520.148228,58112,0.9995771646499634
1531424591.5954754,58240,0.9995744228363037
1531424663.1038105,58368,0.9995844960212708
1531424793.9257705,58496,0.9995720982551575
1531424865.4322665,58624,0.9995693564414978
1531424936.8313413,58752,0.9995754957199097
1531425008.3451695,58880,0.9995783567428589
1531425139.9169583,59008,0.9995729923248291
1531425211.4509904,59136,0.9995680451393127
1531425282.950938,59264,0.9995742440223694
1531425354.4684372,59392,0.9995740056037903
1531425485.8568313,59520,0.999579131603241
1531425557.3257873,59648,0.999573826789856
1531425628.7483795,59776,0.9995772838592529
1531425700.1287885,59904,0.9995735287666321
1531425832.582452,60032,0.9995790719985962
1531425904.0480711,60160,0.9995782971382141
1531425975.6069438,60288,0.9995740652084351
1531426047.0820422,60416,0.9995797872543335
1531426178.3338776,60544,0.999570906162262
1531426249.926569,60672,0.9995747208595276
1531426321.3742998,60800,0.9995768070220947
1531426392.8089468,60928,0.9995740652084351
1531426524.9193432,61056,0.9995713233947754
1531426596.3363495,61184,0.9995762705802917
1531426667.9211354,61312,0.9995783567428589
1531426739.4022248,61440,0.9995607137680054
1531426870.1081672,61568,0.9995737671852112
1531426941.6669376,61696,0.9995718002319336
1531427013.1456172,61824,0.9995614886283875
1531427084.6283565,61952,0.9995755553245544
1531427216.9958847,62080,0.9995695948600769
1531427288.461372,62208,0.9995660781860352
1531427360.0603483,62336,0.9995723962783813
1531427431.5888135,62464,0.9995710253715515
1531427563.6647959,62592,0.9995653033256531
1531427635.3049767,62720,0.9995672702789307
1531427706.902085,62848,0.9995720982551575
1531427778.4762838,62976,0.9995677471160889
1531427912.0342312,63104,0.9995729327201843
1531427983.3586953,63232,0.9995697140693665
1531428054.6384869,63360,0.999566912651062
1531428125.957801,63488,0.9995774030685425
1531428258.2500389,63616,0.9995720386505127
1531428329.763644,63744,0.9995744228363037
1531428401.3417811,63872,0.9995669722557068
1531428472.8373997,64000,0.9995725154876709
1531428605.792177,64128,0.9995698928833008
1531428677.2447455,64256,0.99956876039505
1531428748.805186,64384,0.9995641112327576
1531428820.119346,64512,0.9995730519294739
1531428953.044009,64640,0.9995771050453186
1531429024.5204718,64768,0.9995693564414978
1531429096.1288311,64896,0.9995712041854858
1531429167.5613158,65024,0.9995731115341187
1531429300.926259,65152,0.9995690584182739
1531429372.46122,65280,0.999566912651062
1531429443.8611429,65408,0.9995709657669067
1531429515.4742315,65536,0.9995676279067993
1531429648.453806,65664,0.9995613694190979
1531429719.979408,65792,0.9995676279067993
1531429791.4829283,65920,0.9995617270469666
1531429862.9979205,66048,0.9995642900466919
1531429995.3194118,66176,0.9995744824409485
1531430066.9272969,66304,0.9995676279067993
1531430138.334958,66432,0.9995659589767456
1531430209.6876428,66560,0.9995645880699158
1531430342.323819,66688,0.9995595216751099
1531430413.7783008,66816,0.9995657205581665
1531430485.326955,66944,0.9995660185813904
1531430556.7539315,67072,0.9995604157447815
1531430688.9672008,67200,0.9995640516281128
1531430760.389557,67328,0.9995620846748352
1531430831.925071,67456,0.9995633363723755
1531430903.45575,67584,0.9995681643486023
1531431036.7962463,67712,0.9995608329772949
1531431108.2175374,67840,0.9995683431625366
1531431179.6234684,67968,0.999556303024292
1531431251.101667,68096,0.9995590448379517
1531431384.0829759,68224,0.99956876039505
1531431455.5826175,68352,0.9995617866516113
1531431527.00021,68480,0.9995597004890442
1531431598.5229006,68608,0.99955815076828
1531431731.4889243,68736,0.9995620250701904
1531431803.0187986,68864,0.9995626211166382
1531431874.6185153,68992,0.9995607137680054
1531431946.0577047,69120,0.999564528465271
1531432079.5244136,69248,0.9995586276054382
1531432151.0841303,69376,0.9995618462562561
1531432222.538498,69504,0.9995558261871338
1531432294.0929449,69632,0.9995567202568054
1531432427.233263,69760,0.9995584487915039
1531432498.7466354,69888,0.9995529651641846
1531432570.4576523,70016,0.9995583891868591
1531432641.9324977,70144,0.9995595812797546
1531432774.9343243,70272,0.9995603561401367
1531432846.4549074,70400,0.9995576739311218
1531432918.049872,70528,0.9995599389076233
1531432989.7479692,70656,0.999561607837677
1531433124.8641725,70784,0.9995596408843994
1531433196.2837002,70912,0.9995583295822144
1531433267.9641335,71040,0.9995625615119934
1531433339.530787,71168,0.9995625615119934
1531433473.2746758,71296,0.9995616674423218
1531433544.9341762,71424,0.9995623230934143
1531433616.5261304,71552,0.9995609521865845
1531433688.1587098,71680,0.9995654225349426
1531433823.5416136,71808,0.9995607137680054
1531433895.025056,71936,0.999563455581665
1531433966.6649237,72064,0.9995589256286621
1531434038.178732,72192,0.99956214427948
1531434170.7477076,72320,0.9995669722557068
1531434242.3824043,72448,0.9995620846748352
1531434313.9696069,72576,0.9995556473731995
1531434385.6178913,72704,0.9995604753494263
1531434521.1149065,72832,0.9995611310005188
1531434592.753963,72960,0.9995567202568054
1531434664.4146328,73088,0.9995629787445068
1531434736.0260985,73216,0.9995648264884949
1531434868.8913176,73344,0.9995609521865845
1531434940.6167934,73472,0.9995555281639099
1531435012.1788898,73600,0.9995660781860352
1531435083.8458695,73728,0.9995651245117188
1531435219.061841,73856,0.999559223651886
1531435290.6680274,73984,0.9995617866516113
1531435362.2499745,74112,0.9995598793029785
1531435433.964662,74240,0.999568521976471
1531435567.8392818,74368,0.9995611906051636
1531435639.5415633,74496,0.9995610117912292
1531435711.2918346,74624,0.9995585083961487
1531435782.975207,74752,0.9995618462562561
1531435917.3572335,74880,0.9995611906051636
1531435988.9670045,75008,0.9995603561401367
1531436060.6172554,75136,0.9995594620704651
1531436132.3005385,75264,0.9995608329772949
1531436267.7436266,75392,0.9995599985122681
1531436339.4396498,75520,0.9995648264884949
1531436411.2619872,75648,0.9995651841163635
1531436482.9348514,75776,0.9995598793029785
1531436616.1213744,75904,0.999559223651886
1531436687.8789756,76032,0.9995580911636353
1531436759.969365,76160,0.9995638132095337
1531436831.5262737,76288,0.9995639324188232
1531436965.5109098,76416,0.9995624423027039
1531437037.0362265,76544,0.9995614886283875
1531437108.5267856,76672,0.9995653629302979
1531437180.0797462,76800,0.9995594620704651
1531437314.165713,76928,0.9995627999305725
1531437385.7360458,77056,0.9995602965354919
1531437457.4019437,77184,0.9995682835578918
1531437528.8837636,77312,0.9995604157447815
1531437663.217361,77440,0.9995647072792053
1531437735.0479996,77568,0.9995588064193726
1531437807.018759,77696,0.9995632171630859
1531437878.8755968,77824,0.9995654225349426
1531438012.5395625,77952,0.9995617270469666
1531438084.1083286,78080,0.9995647072792053
1531438155.644544,78208,0.999563992023468
1531438227.2441154,78336,0.9995630383491516
1531438360.7583797,78464,0.9995644092559814
1531438432.4861438,78592,0.9995626211166382
1531438503.9692566,78720,0.9995636940002441
1531438575.6113245,78848,0.9995638132095337
1531438709.976026,78976,0.9995638132095337
1531438781.5475667,79104,0.9995627999305725
1531438853.228494,79232,0.9995647668838501
1531438924.9015956,79360,0.9995615482330322
1531439060.4128957,79488,0.9995661377906799
1531439132.156064,79616,0.9995665550231934
1531439203.9717731,79744,0.9995601773262024
1531439275.813802,79872,0.9995678663253784
1531439411.4044187,80000,0.9995644688606262
1531439483.0947466,80128,0.9995648264884949
1531439554.8513782,80256,0.9995609521865845
1531439626.5338073,80384,0.9995614290237427
1531439760.5053723,80512,0.9995612502098083
1531439832.3923235,80640,0.9995627999305725
1531439904.1743817,80768,0.9995590448379517
1531439975.9010663,80896,0.9995662569999695
1531440110.3768198,81024,0.999563455581665
1531440182.0420692,81152,0.9995604753494263
1531440253.738007,81280,0.9995635151863098
1531440325.4592252,81408,0.9995624423027039
1531440459.7833912,81536,0.9995643496513367
1531440531.5991428,81664,0.9995672106742859
1531440603.4169173,81792,0.9995665550231934
1531440675.0751202,81920,0.9995627999305725
1531440811.205468,82048,0.9995638728141785
1531440882.9271061,82176,0.9995625615119934
1531440954.7554004,82304,0.9995665550231934
1531441026.4445708,82432,0.9995701909065247
1531441161.9883661,82560,0.99956214427948
1531441233.6936574,82688,0.9995611906051636
1531441305.3977666,82816,0.9995654225349426
1531441377.1287665,82944,0.999567449092865
1531441511.6457942,83072,0.9995620250701904
1531441583.3705332,83200,0.9995651245117188
1531441655.089493,83328,0.9995664954185486
1531441726.896456,83456,0.9995632171630859
1531441863.5353365,83584,0.9995673298835754
1531441935.315132,83712,0.9995599985122681
1531442007.1045556,83840,0.9995623826980591
1531442078.783328,83968,0.9995661377906799
1531442215.3691056,84096,0.999565839767456
1531442287.0043695,84224,0.9995654225349426
1531442358.7267127,84352,0.9995660781860352
1531517259.5740294,84608,0.99956876039505
1531517439.6501102,84608,0.999565601348877
1531517512.0841591,84736,0.9995657801628113
1531517584.5166826,84864,0.9995636343955994
1531517657.0848384,84992,0.9995687007904053
1531517788.9255118,85120,0.999565839767456
1531517860.3495445,85248,0.9995660185813904
1531517931.8956776,85376,0.9995620250701904
1531518003.3936286,85504,0.999565601348877
1531518134.3059874,85632,0.9995595216751099
1531518205.7994673,85760,0.9995638728141785
1531518277.266937,85888,0.999558687210083
1531518348.7553537,86016,0.9995681643486023
1531518479.2918532,86144,0.999563455581665
1531518550.8311179,86272,0.9995627999305725
1531518622.392758,86400,0.9995672702789307
1531518693.9166965,86528,0.9995666742324829
1531518824.7807515,86656,0.9995663166046143
1531518896.4111059,86784,0.9995623230934143
1531518968.0156732,86912,0.9995666742324829
1531519039.6575394,87040,0.9995657205581665
1531519170.9694974,87168,0.9995629787445068
1531519242.6034882,87296,0.9995567202568054
1531519314.1787574,87424,0.9995625615119934
1531519385.8554552,87552,0.9995689988136292
1531519518.7738922,87680,0.9995707273483276
1531519590.5180185,87808,0.9995701313018799
1531519662.2315524,87936,0.9995628595352173
1531519733.8539026,88064,0.9995626211166382
1531519865.2057989,88192,0.999569296836853
1531519936.8865252,88320,0.9995660781860352
1531520008.5404255,88448,0.9995630979537964
1531520080.2301228,88576,0.9995700120925903
1531520212.252315,88704,0.999567449092865
1531520283.9613853,88832,0.9995666742324829
1531520355.6431725,88960,0.9995673298835754
1531520427.2515142,89088,0.9995666742324829
1531520558.9134896,89216,0.9995686411857605
1531520630.6021097,89344,0.9995627999305725
1531520702.3439274,89472,0.9995615482330322
1531520773.988047,89600,0.999568521976471
1531520905.8046174,89728,0.9995681047439575
1531520977.5112257,89856,0.9995706677436829
1531521049.2523527,89984,0.9995717406272888
1531521121.058954,90112,0.9995729327201843
1531521253.1180224,90240,0.9995697140693665
1531521324.8007672,90368,0.9995638132095337
1531521396.5912154,90496,0.9995719194412231
1531521468.4225492,90624,0.9995701909065247
1531521600.7596507,90752,0.9995723962783813
1531521672.4091935,90880,0.9995725750923157
1531521744.2825756,91008,0.9995728135108948
1531521816.0683174,91136,0.9995722770690918
1531521949.1231446,91264,0.9995699524879456
1531522021.0596824,91392,0.999570906162262
1531522092.8798597,91520,0.999568521976471
1531522164.77858,91648,0.999575674533844
1531522296.7866116,91776,0.9995725154876709
1531522368.6844058,91904,0.9995708465576172
1531522440.5739293,92032,0.9995646476745605
1531522512.3721573,92160,0.9995753765106201
1531522644.7150168,92288,0.9995726943016052
1531522716.4505832,92416,0.9995702505111694
1531522788.3113225,92544,0.9995812177658081
1531522860.255577,92672,0.9995693564414978
1531522992.724272,92800,0.9995749592781067
1531523064.5776036,92928,0.9995810985565186
1531523136.4731956,93056,0.9995816349983215
1531523208.2283397,93184,0.999573290348053
1531523340.0967734,93312,0.9995762705802917
1531523411.922799,93440,0.9995805621147156
1531523483.8860438,93568,0.9995779991149902
1531523555.6937115,93696,0.9995846152305603
1531523687.6245253,93824,0.9995818734169006
1531523759.4722269,93952,0.9995836615562439
1531523831.3739915,94080,0.9995787143707275
1531523903.2144942,94208,0.9995827078819275
1531524035.864866,94336,0.9995794296264648
1531524107.7896273,94464,0.9995818734169006
1531524179.8456662,94592,0.9995782375335693
1531524251.7677467,94720,0.9995812773704529
1531524383.915808,94848,0.9995834827423096
1531524455.7623909,94976,0.9995848536491394
1531524527.6184256,95104,0.9995847940444946
1531524599.4041338,95232,0.9995793700218201
1531524733.2441661,95360,0.9995830059051514
1531524805.3383849,95488,0.9995749592781067
1531524877.1003385,95616,0.999575138092041
1531524948.9382358,95744,0.9995811581611633
1531525082.0226076,95872,0.9995806813240051
1531525153.8026533,96000,0.9995800256729126
1531525225.8085935,96128,0.9995843172073364
1531525297.5795977,96256,0.9995853900909424
1531525430.1869462,96384,0.9995750784873962
1531525502.077077,96512,0.9995795488357544
1531525573.8103893,96640,0.9995836615562439
1531525645.5937464,96768,0.9995840787887573
1531525778.7806957,96896,0.9995826482772827
1531525850.7194533,97024,0.9995803833007812
1531525922.5921686,97152,0.9995773434638977
1531525994.42485,97280,0.9995825886726379
1531526126.8761334,97408,0.9995861649513245
1531526198.8588736,97536,0.9995760917663574
