wall_time,step,value
1533323626.659838,128,-26.409713745117188
1533324067.227284,256,-18.84370231628418
1533324507.7592478,384,-17.446958541870117
1533324948.3672218,512,-14.138941764831543
1533325994.1862884,640,-13.783767700195312
1533326435.2580185,768,-12.524274826049805
1533326876.294052,896,-12.534871101379395
1533327317.3145127,1024,-12.028005599975586
1533328402.2819755,1152,-11.183687210083008
1533328842.7128751,1280,-11.368951797485352
1533329283.165278,1408,-10.97589111328125
1533329723.4262178,1536,-11.116719245910645
1533330779.3936472,1664,-10.875272750854492
1533331220.0741844,1792,-10.478227615356445
1533331660.6649625,1920,-10.53643798828125
1533332101.2051024,2048,-10.477282524108887
1533333153.5876162,2176,-9.768390655517578
1533333594.2121491,2304,-9.49061393737793
1533334034.7086756,2432,-9.258455276489258
1533334475.3500917,2560,-8.520547866821289
1533335502.6375802,2688,-9.11812686920166
1533335943.0470333,2816,-8.258965492248535
1533336383.4066763,2944,-8.41374397277832
1533336823.8165336,3072,-8.38925552368164
1533337818.1680472,3200,-8.73814868927002
1533338258.5661073,3328,-8.427970886230469
1533338698.9870083,3456,-8.067293167114258
1533339139.406822,3584,-8.14240837097168
1533340121.8506103,3712,-7.629316806793213
1533340562.1788402,3840,-8.121294975280762
1533341002.4207964,3968,-7.826117515563965
1533341442.5743876,4096,-7.967661380767822
1533342412.6468308,4224,-7.689059734344482
1533342852.9530153,4352,-7.620985984802246
1533343293.31299,4480,-7.824142932891846
1533343733.6860292,4608,-7.040902137756348
1533344722.7849438,4736,-7.328645706176758
1533345162.9925187,4864,-8.17387580871582
1533345603.2759995,4992,-7.216972351074219
1533346043.368378,5120,-7.245090484619141
1533347044.8580186,5248,-7.588612079620361
1533347485.2031088,5376,-7.025386810302734
1533347925.4606247,5504,-7.032406806945801
1533348365.7581022,5632,-6.708678245544434
1533349369.857097,5760,-6.985755920410156
1533349810.4205692,5888,-6.8507399559021
1533350250.9536536,6016,-6.596794605255127
1533350691.5096285,6144,-6.438502788543701
1533351667.9904013,6272,-6.381046772003174
1533352108.370578,6400,-6.4131574630737305
1533352548.6977508,6528,-6.502181053161621
1533352989.0618284,6656,-6.8324127197265625
1533353984.3168228,6784,-6.577160835266113
1533354424.9450502,6912,-7.0503010749816895
1533354865.5946019,7040,-6.240442276000977
1533355306.322621,7168,-6.4187331199646
1533669523.966192,7296,-6.394758224487305
1533669963.783182,7424,-6.496710777282715
1533670403.5875523,7552,-6.529069900512695
1533670843.2300103,7680,-6.006362438201904
1533671837.724024,7808,-6.185260772705078
1533672278.0248904,7936,-6.171713352203369
1533672718.2416887,8064,-5.711398601531982
1533823094.5770187,7808,-6.10080623626709
1533823534.3001807,7936,-6.501687049865723
1533823973.9363496,8064,-6.14286994934082
1533824413.606839,8192,-6.223437309265137
1533825389.120333,8320,-6.218508720397949
1533825829.1257858,8448,-6.002666473388672
1533826269.1112714,8576,-5.847803592681885
1533826709.1941257,8704,-5.588910102844238
1533827677.9863,8832,-5.990087985992432
1533828118.0468037,8960,-5.816445350646973
1533828558.1347706,9088,-5.80726432800293
1533828998.369529,9216,-5.962364196777344
1533829965.9465175,9344,-5.693678855895996
1533830406.1489358,9472,-5.831723690032959
1533830846.20837,9600,-5.620924949645996
1533831286.32113,9728,-5.613631725311279
1533832263.3320842,9856,-5.373499393463135
1533832703.8070126,9984,-5.554959297180176
1533833144.3712394,10112,-5.883399963378906
1533833584.7868538,10240,-5.4382171630859375
1533834556.3920403,10368,-5.684880256652832
1533834996.693932,10496,-5.889032363891602
1533835436.979255,10624,-5.768908500671387
1533835877.1941195,10752,-5.321934223175049
1533836856.2139924,10880,-5.634891033172607
1533837296.6521907,11008,-5.414764404296875
1533837736.9599986,11136,-5.316086769104004
1533838177.5613692,11264,-5.486843585968018
1533839159.824318,11392,-5.229461193084717
1533839600.0786572,11520,-5.161061763763428
1533840040.2445383,11648,-5.251928806304932
1533840480.6267843,11776,-5.12532901763916
1533841467.4551384,11904,-5.064342498779297
1533841907.7162302,12032,-5.210275173187256
1533842348.0132666,12160,-5.384535312652588
1533842788.3119063,12288,-4.769062042236328
1533843766.2688851,12416,-5.031770706176758
1533844206.4780173,12544,-5.152468681335449
1533844646.8085833,12672,-5.217223167419434
1533845087.1538286,12800,-5.286154270172119
1533846082.0113418,12928,-5.123751163482666
1533846522.2045853,13056,-5.036899566650391
1533846962.435019,13184,-5.1212897300720215
1533847402.6710675,13312,-4.73703670501709
1533848378.8394158,13440,-4.8806939125061035
1533848819.2274187,13568,-4.813199043273926
1533849259.5105176,13696,-5.10243034362793
1533849699.8398948,13824,-4.6083245277404785
1533850686.062839,13952,-4.791549205780029
1533851126.2703786,14080,-4.771998882293701
1533851566.5007644,14208,-4.811069011688232
1533852006.7651222,14336,-4.54413366317749
1533852992.6586843,14464,-4.768391132354736
1533853432.8681545,14592,-5.133673191070557
1533853873.1138675,14720,-4.6681108474731445
1533854313.197703,14848,-4.884988307952881
1533855292.7937946,14976,-4.6722307205200195
1533855733.4377918,15104,-4.876779556274414
1533856174.0290806,15232,-4.874088287353516
1533856614.704749,15360,-4.51561164855957
1533857597.1802194,15488,-4.768559455871582
1533858037.7166624,15616,-4.575348854064941
1533858478.266853,15744,-4.648082733154297
1533858918.7096233,15872,-4.863053321838379
1533859912.5308847,16000,-4.664737701416016
1533860353.036544,16128,-4.597846031188965
1533860793.321313,16256,-4.4501447677612305
1533861233.735915,16384,-4.348631858825684
1533862237.103745,16512,-4.609316825866699
1533862677.3749318,16640,-4.515727519989014
1533863117.8662903,16768,-4.540863037109375
1533863558.6628485,16896,-4.162878036499023
1533864541.9349058,17024,-4.687882423400879
1533864982.344175,17152,-4.535079002380371
1533865422.74371,17280,-4.994827747344971
1533865863.046849,17408,-4.173582077026367
1533866859.670494,17536,-4.26383638381958
1533867300.2090771,17664,-4.434664726257324
1533867740.843185,17792,-4.527767658233643
1533868181.5122988,17920,-4.435204982757568
1533869182.4950936,18048,-4.4662699699401855
1533869622.9609194,18176,-4.558891296386719
1533870063.4681127,18304,-4.578426837921143
1533870504.094412,18432,-4.277900695800781
1533871493.715504,18560,-4.120212078094482
1533871934.20958,18688,-4.021701335906982
1533872374.711298,18816,-4.2529144287109375
1533872815.430356,18944,-4.281884670257568
1533873811.6932356,19072,-4.5162577629089355
1533874252.2158434,19200,-3.9863181114196777
1533874692.7546904,19328,-4.209963798522949
1533875133.2376435,19456,-4.107865810394287
1533876125.3787713,19584,-4.264535903930664
1533876565.6067085,19712,-4.380520820617676
1533877006.011465,19840,-4.00296688079834
1533877446.2928982,19968,-4.299910545349121
1533878435.6228461,20096,-4.427970886230469
1533878875.840073,20224,-4.533408164978027
1533879316.024608,20352,-4.10227632522583
1533879756.2430425,20480,-3.8168766498565674
1533880727.4247236,20608,-4.44892692565918
1533881167.887913,20736,-4.137292385101318
1533881608.2114136,20864,-4.21772575378418
1533882048.5326264,20992,-4.132109642028809
1533883019.8992293,21120,-4.270356178283691
1533883460.3182652,21248,-4.362726211547852
1533883900.8803363,21376,-4.017482280731201
1533884341.3080766,21504,-4.11494255065918
1533885313.7363386,21632,-4.171051979064941
1533885754.0383942,21760,-4.120353698730469
1533886194.3902364,21888,-3.734363555908203
1533886634.6301959,22016,-4.12361478805542
1533887611.9198155,22144,-4.184928894042969
1533888052.0946798,22272,-4.129817962646484
1533888492.348828,22400,-4.070326328277588
1533888932.6019256,22528,-4.006531238555908
1533889903.3401842,22656,-3.9937257766723633
1533890343.8050847,22784,-3.883429527282715
1533890784.1585474,22912,-3.835540533065796
1533891224.3998778,23040,-4.038298606872559
1533892213.5957334,23168,-3.854130268096924
1533892653.9265828,23296,-4.023428916931152
1533893094.4031374,23424,-4.155627250671387
1533893534.703796,23552,-3.837721586227417
1533894513.677301,23680,-3.94533634185791
1533894954.025056,23808,-3.9411580562591553
1533895394.220444,23936,-4.022431373596191
1533895834.4875164,24064,-4.149209499359131
1533896821.0647886,24192,-3.6854870319366455
1533897261.3109584,24320,-3.9342117309570312
1533897701.7422478,24448,-3.985255002975464
1533898142.1553688,24576,-3.5256800651550293
1533899117.199256,24704,-3.6578969955444336
1533899557.4059048,24832,-4.004541397094727
1533899997.6055624,24960,-3.748283863067627
1533900437.772297,25088,-3.871579647064209
1533901399.452784,25216,-4.114070892333984
1533901839.5563745,25344,-3.6267964839935303
1533902279.619512,25472,-3.819127082824707
1533902719.7219586,25600,-3.7633590698242188
1533903683.5124018,25728,-4.15154504776001
1533904123.458497,25856,-3.870310068130493
1533904563.4907417,25984,-3.874894857406616
1533905003.500061,26112,-3.9080610275268555
1533905987.9799697,26240,-4.12653112411499
1533906428.451121,26368,-4.0349931716918945
1533906868.9532642,26496,-3.7670350074768066
1533907309.4819994,26624,-3.8193278312683105
1533908282.361005,26752,-3.89713978767395
1533908722.7372897,26880,-3.7984557151794434
1533909163.1226552,27008,-3.6321144104003906
1533909603.3694654,27136,-3.942192316055298
1533910587.9412773,27264,-3.6539885997772217
1533911028.4883766,27392,-3.51954984664917
1533911468.9514487,27520,-3.865244150161743
1533911909.4729962,27648,-3.601475477218628
1533912875.0857317,27776,-3.732255458831787
1533913315.529506,27904,-3.854412078857422
1533913755.9177303,28032,-3.794057846069336
1533914196.1782122,28160,-3.3952138423919678
1533915057.8719618,28288,-3.53139328956604
1533915514.7357757,28416,-3.7257509231567383
1533915971.6439223,28544,-3.8910365104675293
1533916428.5952334,28672,-3.638812303543091
1533917414.181444,28800,-3.7472102642059326
1533917854.4636106,28928,-3.418877124786377
1533918294.7757134,29056,-3.5038318634033203
1533918735.1265032,29184,-3.5959415435791016
1533919714.3953397,29312,-3.737962484359741
1533920154.7173135,29440,-3.734912872314453
1533920595.0251594,29568,-3.574439764022827
1533921035.3275967,29696,-3.7280914783477783
1533922014.0441012,29824,-3.6218364238739014
1533922454.675966,29952,-3.4932749271392822
1533922895.2413702,30080,-3.4936442375183105
1533923335.8328822,30208,-3.6023151874542236
1533924326.333342,30336,-3.529653549194336
1533924766.813614,30464,-3.837864398956299
1533925207.2750401,30592,-3.5162768363952637
1533925647.581012,30720,-3.766360282897949
1533926626.8405938,30848,-3.302252769470215
1533927067.6143982,30976,-3.4958221912384033
1533927508.1787405,31104,-3.622135639190674
1533927948.8345547,31232,-3.3641560077667236
1533928938.8314886,31360,-3.3486275672912598
1533929379.594988,31488,-3.774214744567871
1533929820.5042825,31616,-3.4251036643981934
1533930261.3673418,31744,-3.276578426361084
1533931237.6552877,31872,-3.4031662940979004
1533931678.059938,32000,-3.28165864944458
1533932118.4253788,32128,-3.568364143371582
1533932558.7104344,32256,-3.6124138832092285
1533933551.749012,32384,-3.8050951957702637
1533933992.65968,32512,-3.9245152473449707
1533934433.5315447,32640,-3.7675769329071045
1533934874.2036638,32768,-3.4076740741729736
1533935866.377958,32896,-3.5604915618896484
1533936306.9789512,33024,-3.487940788269043
1533936747.6359606,33152,-3.466139793395996
1533937188.2826495,33280,-3.557480812072754
1533938186.5857935,33408,-3.6434178352355957
1533938626.7059517,33536,-3.290487289428711
1533939066.87416,33664,-3.4471089839935303
1533939507.186606,33792,-3.4661600589752197
1533940501.0185742,33920,-3.426177740097046
1533940941.7309148,34048,-3.435502529144287
1533941382.3938177,34176,-3.800227642059326
1533941823.103386,34304,-3.4571614265441895
1533942818.564149,34432,-3.246567964553833
1533943258.8232448,34560,-3.339015007019043
1533943699.226986,34688,-3.413517951965332
1533944139.5805736,34816,-3.325594663619995
1533945137.5539415,34944,-3.182530164718628
1533945578.0083208,35072,-3.390443801879883
1533946018.2402,35200,-3.2980329990386963
1533946458.682072,35328,-3.4460289478302
1533947453.0817776,35456,-3.35042142868042
1533947893.8698158,35584,-3.2844643592834473
1533948334.5965629,35712,-3.108818531036377
1533948775.3049603,35840,-3.3965303897857666
1533949774.0461464,35968,-3.253612995147705
1533950214.4754517,36096,-3.3659605979919434
1533950654.90474,36224,-3.0363409519195557
1533951095.5060203,36352,-3.213869333267212
1533952099.13566,36480,-3.3665270805358887
1533952539.5224931,36608,-3.3470146656036377
1533952979.8819783,36736,-3.6088249683380127
1533953420.386686,36864,-3.543525457382202
1533954419.7857015,36992,-3.3343358039855957
1533954860.3096902,37120,-3.3621182441711426
1533955300.7315335,37248,-3.6761252880096436
1533955741.3869376,37376,-3.6277501583099365
1533956725.1009269,37504,-3.361079216003418
1533957165.8937106,37632,-3.3264524936676025
1533957606.6637871,37760,-3.284099578857422
1533958047.355615,37888,-3.3458986282348633
1533959045.4809365,38016,-3.264147996902466
1533959486.3087797,38144,-3.46096134185791
1533959927.1130383,38272,-3.584141254425049
1533960367.9384434,38400,-3.2470970153808594
1533961366.51422,38528,-3.237806797027588
1533961807.1610184,38656,-3.376828670501709
1533962247.8933983,38784,-3.545316457748413
1533962688.4346607,38912,-3.322533369064331
1533963669.5261843,39040,-3.06400728225708
1533964110.1135116,39168,-2.917727470397949
1533964550.6639335,39296,-3.4658286571502686
1533964991.1667905,39424,-3.145284414291382
1533965982.1201296,39552,-3.5766844749450684
1533966422.6652427,39680,-3.46299409866333
1533966863.0219274,39808,-3.4002556800842285
1533967303.588236,39936,-2.9574837684631348
1533968298.5535867,40064,-3.0776891708374023
1533968739.1320062,40192,-3.1479809284210205
1533969179.7332091,40320,-3.280776023864746
1533969620.3639183,40448,-3.435264825820923
1533970618.8498797,40576,-3.118419885635376
1533971059.655969,40704,-3.286177158355713
1533971500.4585643,40832,-3.0429959297180176
1533971941.204292,40960,-3.2688498497009277
1533972948.533664,41088,-3.274787187576294
1533973389.129604,41216,-3.310027837753296
1533973829.582522,41344,-3.2022595405578613
1533974270.1355734,41472,-3.3133344650268555
1533975264.2240007,41600,-3.1693613529205322
1533975704.9926655,41728,-3.2345783710479736
1533976145.7710092,41856,-3.3598780632019043
1533976586.4906266,41984,-3.221665859222412
1533977576.4309459,42112,-3.0929079055786133
1533978016.4298854,42240,-3.510608196258545
1533978456.4823987,42368,-3.2779688835144043
1533978896.4156265,42496,-3.376481056213379
1533979905.5399,42624,-3.032308578491211
1533980345.9155407,42752,-2.902909755706787
1533980786.4403472,42880,-3.350221633911133
1533981226.8764377,43008,-3.1418581008911133
1533982230.317316,43136,-3.021796703338623
1533982670.96364,43264,-2.961716651916504
1533983111.6551588,43392,-3.1431686878204346
1533983552.3730526,43520,-3.278090476989746
1533984544.0452292,43648,-3.085676670074463
1533984984.6981843,43776,-3.15449857711792
1533985425.3578336,43904,-3.193453311920166
1533985865.8928285,44032,-2.979703187942505
1533986879.4287343,44160,-3.3695898056030273
1533987320.1561403,44288,-2.9878756999969482
1533987760.7311962,44416,-3.2043375968933105
1533988201.3529332,44544,-3.251943588256836
1533989204.117343,44672,-3.018167018890381
1533989644.461367,44800,-3.17734694480896
1533990084.7866845,44928,-3.0102226734161377
1533990525.0551927,45056,-3.2860400676727295
1533991514.8132179,45184,-3.247392177581787
1533991955.0681565,45312,-3.0162689685821533
1533992395.5039816,45440,-3.1376421451568604
1533992835.778072,45568,-2.9524223804473877
1533993838.0555263,45696,-2.8624162673950195
1533994278.4189718,45824,-3.025075912475586
1533994718.7881374,45952,-2.986010789871216
1533995159.1670508,46080,-3.33683705329895
1533996151.2936795,46208,-2.8906149864196777
1533996591.5832212,46336,-3.226332187652588
1533997031.965433,46464,-3.14467191696167
1533997472.2301142,46592,-2.791220188140869
1533998475.6786554,46720,-2.895792245864868
1533998916.3166397,46848,-2.9068117141723633
1533999357.01771,46976,-3.331939697265625
1533999797.618399,47104,-3.2136988639831543
1534000792.4353485,47232,-3.083387613296509
1534001233.1638668,47360,-3.20382022857666
1534001673.773233,47488,-3.162731409072876
1534002114.4492636,47616,-3.426694869995117
1534003112.713522,47744,-3.029895782470703
1534003553.3799307,47872,-3.0184497833251953
1534003993.9204354,48000,-3.00592041015625
1534004434.623235,48128,-2.9059298038482666
1534005433.7898564,48256,-3.128753423690796
1534005874.3756938,48384,-2.968449831008911
1534006314.9168847,48512,-3.0000522136688232
1534006755.1466448,48640,-2.725611925125122
1534007760.4750893,48768,-3.063312530517578
1534008201.1082172,48896,-2.9600188732147217
1534008641.7229247,49024,-3.0742528438568115
1534009082.360969,49152,-3.339421033859253
1534010077.2905102,49280,-2.591531753540039
1534010517.684124,49408,-3.1371991634368896
1534010957.9639246,49536,-3.0430002212524414
1534011398.3954523,49664,-3.034648895263672
1534012383.5983725,49792,-3.1524181365966797
1534012824.1292465,49920,-3.1565752029418945
1534013264.6916656,50048,-3.1886539459228516
1534013705.3976626,50176,-2.9258522987365723
1534014705.1553962,50304,-2.8124001026153564
1534015145.6707175,50432,-2.8778128623962402
1534015586.2528892,50560,-3.530869483947754
1534016026.6592643,50688,-2.897789716720581
1534017032.3044631,50816,-2.7501282691955566
1534017472.6950223,50944,-2.7821884155273438
1534017913.1928422,51072,-2.8919646739959717
1534018353.7599356,51200,-2.936227321624756
1534019357.0886242,51328,-3.1392910480499268
1534019797.680487,51456,-3.128024101257324
1534020238.4615438,51584,-2.9622325897216797
1534020679.0791745,51712,-2.908270835876465
1534021691.2535093,51840,-2.86510968208313
1534022131.958282,51968,-3.240091323852539
1534022572.9114764,52096,-2.7592544555664062
1534023013.7076523,52224,-2.7273240089416504
1534024010.2758985,52352,-3.0870163440704346
1534024450.7589576,52480,-3.0640225410461426
1534024891.3496017,52608,-2.8390109539031982
1534025331.828589,52736,-2.7125673294067383
1534026335.177576,52864,-2.9930033683776855
1534026775.5081785,52992,-2.8432774543762207
1534027215.8209352,53120,-2.844182252883911
1534027656.1109548,53248,-3.195830821990967
1534028643.192634,53376,-2.7909631729125977
1534029083.5389414,53504,-2.858626365661621
1534029523.8637707,53632,-2.9232940673828125
1534029964.2020974,53760,-2.9666028022766113
1534030973.7921011,53888,-2.8668978214263916
1534031414.4604414,54016,-3.0902884006500244
1534031855.0519545,54144,-2.655730724334717
1534032295.5077171,54272,-2.7493112087249756
1534033297.8504694,54400,-3.065249443054199
1534033738.735619,54528,-2.9652493000030518
1534034179.557576,54656,-2.6919426918029785
1534034620.38335,54784,-3.0854434967041016
1534035621.240405,54912,-3.1703076362609863
1534036061.7960334,55040,-2.8316657543182373
1534036502.3429396,55168,-2.9745635986328125
1534036943.048369,55296,-2.907696485519409
1534037940.6351657,55424,-2.581411361694336
1534038381.2059019,55552,-2.770397663116455
1534038821.8959973,55680,-2.982351303100586
1534039262.482523,55808,-2.8847548961639404
1534040266.7109506,55936,-2.919196605682373
1534040707.3561883,56064,-2.596174955368042
1534041148.0482404,56192,-2.95703125
1534041588.9073408,56320,-2.893505096435547
1534042592.5925446,56448,-2.6491987705230713
1534043032.730239,56576,-2.7806854248046875
1534043472.9057565,56704,-3.003410577774048
1534043913.0706933,56832,-2.9747586250305176
1534097417.1134386,56960,-2.5657126903533936
1534097856.7598574,57088,-2.907838821411133
1534098296.5641074,57216,-2.605161190032959
1534098736.3005261,57344,-3.0846095085144043
1534099734.2240317,57472,-3.0097603797912598
1534100174.6678946,57600,-2.7440459728240967
1534100614.9809105,57728,-2.928933620452881
1534101055.3659673,57856,-2.963984966278076
1534102042.3617733,57984,-2.6179239749908447
1534102482.734072,58112,-2.5958807468414307
1534102923.2804751,58240,-2.9840493202209473
1534103363.7538557,58368,-2.585271120071411
1534104371.3174236,58496,-3.0739963054656982
1534104811.6426458,58624,-2.7039847373962402
1534105252.0149229,58752,-3.001098155975342
1534105692.3616807,58880,-2.7108452320098877
1534106696.5745366,59008,-2.8008840084075928
1534107136.99663,59136,-2.724409818649292
1534107577.5143769,59264,-2.9471352100372314
1534108017.9325564,59392,-2.8256595134735107
1534109020.5688155,59520,-2.539830446243286
1534109460.9334912,59648,-2.8433780670166016
1534109901.3693287,59776,-2.862154960632324
1534110341.8451643,59904,-2.8308537006378174
1534111340.3143845,60032,-3.021402359008789
1534111780.8918898,60160,-2.77555513381958
1534112221.4385746,60288,-2.8596532344818115
1534112661.9038515,60416,-2.9360413551330566
1534113660.6232545,60544,-2.656332492828369
1534114101.0313497,60672,-2.9401533603668213
1534114541.3346741,60800,-2.732414484024048
1534114981.805735,60928,-2.6425209045410156
1534115993.1494122,61056,-3.1286869049072266
1534116433.5934432,61184,-3.125398874282837
1534116873.9965434,61312,-2.7186009883880615
1534117314.5408766,61440,-2.837423086166382
1534118318.5982308,61568,-2.919996976852417
1534118758.8461642,61696,-2.96822190284729
1534119199.0878775,61824,-2.812171220779419
1534119639.4183586,61952,-2.3949472904205322
1534120639.5049303,62080,-2.7117345333099365
1534121079.6943405,62208,-2.591984987258911
1534121519.8320262,62336,-2.8310086727142334
1534121960.0050967,62464,-2.6251351833343506
1534122975.275435,62592,-2.7290267944335938
1534123415.5066264,62720,-2.581024408340454
1534123856.0850492,62848,-2.7484710216522217
1534124296.5504148,62976,-2.776954412460327
1534125309.5377705,63104,-2.68731689453125
1534125749.936889,63232,-2.6198508739471436
1534126190.3762016,63360,-2.977733850479126
1534126630.737669,63488,-2.8437235355377197
1534127634.2822924,63616,-2.8303847312927246
1534128074.6452727,63744,-2.561565637588501
1534128515.0553434,63872,-2.8608286380767822
1534128955.3547544,64000,-2.8408169746398926
1534129957.4704914,64128,-2.7066659927368164
1534130398.21326,64256,-2.836132287979126
1534130838.8203275,64384,-2.910536527633667
1534131279.4925377,64512,-3.0955286026000977
1534132270.3792763,64640,-2.660464286804199
1534132710.9040935,64768,-2.6374011039733887
1534133151.4792597,64896,-2.6045210361480713
1534133591.9333308,65024,-2.798872470855713
1534134598.7139223,65152,-2.5588419437408447
1534135039.5215669,65280,-2.7853217124938965
1534135480.302204,65408,-2.807154655456543
1534135921.0884469,65536,-2.459798812866211
1534136934.3228576,65664,-2.894319534301758
1534137374.6480849,65792,-2.392078161239624
1534137814.9851174,65920,-2.6174988746643066
1534138255.3682725,66048,-2.674984931945801
1534139266.4597816,66176,-3.1910784244537354
1534139707.333746,66304,-2.9379959106445312
1534140148.0611172,66432,-2.646144151687622
1534140588.733018,66560,-2.860982894897461
1534141600.3972676,66688,-2.6796255111694336
1534142041.3369966,66816,-2.550431489944458
1534142482.1101015,66944,-3.0032804012298584
1534142922.8786602,67072,-2.3990297317504883
1534143942.9217124,67200,-2.824014902114868
1534144383.3103466,67328,-2.8029673099517822
1534144823.7065656,67456,-2.701505422592163
1534145264.0582426,67584,-2.5609309673309326
1534146281.5987277,67712,-2.5691659450531006
1534146722.2454374,67840,-2.8431830406188965
1534147162.9503176,67968,-3.0412983894348145
1534147603.6044624,68096,-2.807882308959961
1534148625.875557,68224,-2.892970561981201
1534149066.378732,68352,-2.6828243732452393
1534149506.8539908,68480,-2.7267425060272217
1534149947.2974782,68608,-2.670734405517578
1534150957.3784332,68736,-2.412851572036743
1534151397.9694943,68864,-2.845644950866699
1534151838.6021388,68992,-2.9177050590515137
1534152279.304905,69120,-2.609822988510132
1534153301.0198157,69248,-2.982825994491577
1534153741.559269,69376,-2.4188246726989746
1534154182.029482,69504,-3.091594934463501
1534154622.4420733,69632,-2.7149362564086914
1534155638.9180849,69760,-2.5528764724731445
1534156079.436176,69888,-2.588115930557251
1534156519.908019,70016,-2.7620415687561035
1534156960.182727,70144,-2.7753169536590576
1534157986.2738433,70272,-2.4182240962982178
1534158426.9107196,70400,-2.804879903793335
1534158867.4462721,70528,-2.8585219383239746
1534159308.1363509,70656,-2.8202037811279297
1534160318.3728223,70784,-2.5846471786499023
1534160759.1317654,70912,-2.387272834777832
1534161199.9526596,71040,-2.7196121215820312
1534161640.6770163,71168,-2.6718246936798096
1534162654.6189141,71296,-2.760225296020508
1534163095.178844,71424,-2.499821662902832
1534163535.8973866,71552,-2.563950777053833
1534163976.4619443,71680,-2.3146791458129883
1534164998.6512482,71808,-2.6565544605255127
1534165439.1449072,71936,-2.466383934020996
1534165879.6801276,72064,-2.6899638175964355
1534166320.1872892,72192,-2.759639024734497
1534167333.2000964,72320,-2.8416669368743896
1534167773.6933038,72448,-2.5387589931488037
1534168214.114764,72576,-3.0403189659118652
1534168654.5314412,72704,-2.66872239112854
1534169666.8465416,72832,-2.363485336303711
1534170107.2061884,72960,-2.7148261070251465
1534170547.625821,73088,-2.7726261615753174
1534170988.0542688,73216,-2.6487538814544678
1534172003.930337,73344,-2.6886487007141113
1534172444.2839804,73472,-2.563060760498047
1534172884.6676006,73600,-2.6108906269073486
1534173324.9437447,73728,-2.8365800380706787
1534174348.4538085,73856,-2.565253257751465
1534174788.7052457,73984,-2.5433189868927
1534175228.8891804,74112,-2.649946451187134
1534175669.3893807,74240,-2.4031357765197754
1534176691.561944,74368,-2.8350911140441895
1534177131.656566,74496,-2.6987392902374268
1534177571.8593543,74624,-2.6281373500823975
1534178012.021897,74752,-2.8880789279937744
1534179032.4982245,74880,-2.3705172538757324
1534179472.693279,75008,-2.496095895767212
1534179913.0269732,75136,-2.6059203147888184
1534180353.2568297,75264,-2.767723321914673
1534181374.2269995,75392,-2.767073392868042
1534181814.904388,75520,-2.7442939281463623
1534182255.5946681,75648,-2.7922420501708984
1534182696.1829565,75776,-2.6180243492126465
1534183295.2291183,75904,-1.9173367023468018
1534183751.9130173,76032,-2.628474235534668
1534184208.5387201,76160,-2.3497118949890137
1534184665.2853775,76288,-2.9748616218566895
1534185680.629453,76416,-2.534778594970703
1534186120.8659177,76544,-2.5430614948272705
1534186561.1319716,76672,-2.307804822921753
1534187001.36351,76800,-2.5658388137817383
1534188013.01412,76928,-2.5506436824798584
1534188453.6095328,77056,-2.441450357437134
1534188894.0995655,77184,-2.6376333236694336
1534189334.797579,77312,-2.641568422317505
1534190366.1628878,77440,-2.422863006591797
1534190806.6069148,77568,-2.321866273880005
1534191247.1513722,77696,-2.3759989738464355
1534191687.5927854,77824,-2.546381950378418
1534192713.665033,77952,-2.8683221340179443
1534193154.324662,78080,-2.706516981124878
1534193595.0771823,78208,-2.4868879318237305
1534194035.8086896,78336,-2.440382719039917
1534195056.3898642,78464,-2.761582612991333
1534195496.5959265,78592,-2.8768177032470703
1534195936.7515273,78720,-2.701850175857544
1534196377.2068486,78848,-2.5864670276641846
1534197401.893679,78976,-2.776144504547119
1534197842.102511,79104,-2.8035736083984375
