wall_time,step,value
1530415869.710416,512,33.862483978271484
1530416146.771396,1024,34.594234466552734
1530416423.3221145,1536,1.2154622077941895
1530416697.9514103,2048,8.641637802124023
1530416972.9431076,2560,-1.0798630714416504
1530417245.568259,3072,-3.4756667613983154
1530417517.3135922,3584,-9.182929039001465
1530417789.021648,4096,-11.056819915771484
1530418061.1612582,4608,-22.433761596679688
1530418334.7667015,5120,-13.828271865844727
1530418607.8448062,5632,-11.565380096435547
1530418881.3739789,6144,-2.0365829467773438
1530419155.5507402,6656,-5.848101615905762
1530419428.7297118,7168,-9.774740219116211
1530419703.5326154,7680,-4.703176975250244
1530419978.5414739,8192,-6.604492664337158
1530420251.0015752,8704,-5.702048301696777
1530420524.2703779,9216,-7.712553977966309
1530420797.55022,9728,-5.253201484680176
1530421070.7669325,10240,-6.351110935211182
1530421343.9333432,10752,-1.3436992168426514
1530421618.059493,11264,-6.230154037475586
1530421890.0031915,11776,-5.776233196258545
1530422162.6062346,12288,-5.163019180297852
1530422436.8292427,12800,-8.995841979980469
1530422711.6173549,13312,-5.441266059875488
1530422984.6528902,13824,-6.612422943115234
1530423256.7948778,14336,-9.485757827758789
1530423529.1405456,14848,-9.156118392944336
1530423802.6906753,15360,-11.023164749145508
1530424075.724699,15872,-13.278636932373047
1530424350.0124567,16384,-9.328153610229492
1530424623.602681,16896,-8.62565803527832
1530424897.7073653,17408,-4.7471466064453125
1530425171.2799034,17920,-7.384364604949951
1530425446.62862,18432,-10.927236557006836
1530425721.0166032,18944,-11.467911720275879
1530425995.9981909,19456,-8.820292472839355
1530426270.8021312,19968,-9.046781539916992
1530426545.47941,20480,-10.93818473815918
1530426819.4991481,20992,-7.1219587326049805
1530427094.6247454,21504,-11.040534019470215
1530427368.9301898,22016,-12.691174507141113
1530427645.1029923,22528,-9.32692813873291
1530427919.875394,23040,-7.33967924118042
1530428194.6358979,23552,-11.53714370727539
1530428470.8935924,24064,-10.627775192260742
1530428746.3009171,24576,-11.546796798706055
1530429021.144959,25088,-9.538501739501953
1530429296.668968,25600,-7.284780979156494
1530429573.2149935,26112,-6.212613582611084
1530429850.1982117,26624,-8.954809188842773
1530430126.0508387,27136,-9.013266563415527
1530430402.200323,27648,-6.801137447357178
1530430677.1107836,28160,-7.852438449859619
1530430953.5145276,28672,-9.08298397064209
1530431228.9673944,29184,-5.946016311645508
1530431506.3006356,29696,-9.013140678405762
1530431782.4879007,30208,-8.01768684387207
1530432058.6708102,30720,-10.090609550476074
1530432335.6569734,31232,-10.239234924316406
1530432612.143319,31744,-4.487290859222412
1530432888.5070224,32256,-6.603198051452637
1530433165.2371535,32768,-7.897565841674805
1530433441.6744518,33280,-5.590865135192871
1530433717.1855118,33792,-5.999645709991455
1530433992.8176584,34304,-2.952117681503296
1530434270.5821488,34816,-7.86669397354126
1530434546.3469298,35328,-6.168548583984375
1530434823.0213532,35840,-7.0991621017456055
1530435099.0735536,36352,-6.719513893127441
1530435375.4757056,36864,-5.019258975982666
1530435652.3305023,37376,-7.305509567260742
1530435930.1505718,37888,-5.053189754486084
1530565481.549836,38912,-6.025605201721191
1530565757.597293,39424,-7.679713249206543
1530566032.6341252,39936,-4.518003940582275
1530566308.9225655,40448,-5.416884899139404
1530566584.0172105,40960,-5.701581954956055
1530566859.0840843,41472,-6.480127334594727
1530567134.7667933,41984,-7.599160194396973
1530567409.6569874,42496,-10.217325210571289
1530567684.9481955,43008,-6.8667826652526855
1530567960.1450279,43520,-8.595529556274414
1530568236.4709141,44032,-8.64584732055664
1530568511.1734114,44544,-8.89522933959961
1530568786.4263322,45056,-8.636544227600098
1530569061.0990036,45568,-8.209558486938477
1530569336.7019687,46080,-10.709366798400879
1530569612.4152603,46592,-7.39389705657959
1530569887.934073,47104,-8.765792846679688
1530570163.9528604,47616,-7.197037696838379
1530570439.4180176,48128,-7.74865198135376
1530570714.4763923,48640,-9.757450103759766
1530570991.4994667,49152,-11.526235580444336
1530571267.0782099,49664,-10.881440162658691
1530571542.2503102,50176,-8.69070816040039
1530571817.967734,50688,-8.320544242858887
1530572093.9056885,51200,-8.898613929748535
1530572370.4876492,51712,-10.861818313598633
1530572644.4395826,52224,-8.207467079162598
1530572921.056635,52736,-9.103071212768555
1530573197.2514515,53248,-9.331121444702148
1530573473.2568974,53760,-11.433088302612305
1530573748.9993348,54272,-9.139747619628906
1530574023.779227,54784,-8.49854564666748
1530574299.3813128,55296,-4.882407188415527
1530574574.6678305,55808,-7.012331008911133
1530574849.6705246,56320,-9.16447639465332
1530575124.9047725,56832,-7.433523178100586
1530575399.9469094,57344,-7.3454742431640625
1530575676.2315488,57856,-4.8592939376831055
1530575951.5675042,58368,-7.750495910644531
1530576228.3378792,58880,-7.7901387214660645
1530576504.112747,59392,-8.686356544494629
1530576780.3106256,59904,-9.576995849609375
1530577054.8719296,60416,-9.796562194824219
1530577330.6216424,60928,-10.134102821350098
1530577605.5854409,61440,-9.818781852722168
1530577882.503427,61952,-8.013564109802246
1530578158.6961305,62464,-6.294112205505371
1530578434.8693469,62976,-6.655386447906494
1530578711.0485682,63488,-2.9528679847717285
1530578988.4192362,64000,-5.31883430480957
1530579265.9053354,64512,-6.319133758544922
1530579542.2853785,65024,-4.649511337280273
1530579819.9938982,65536,-3.022012710571289
1530580096.217672,66048,-2.9176697731018066
1530580372.8267097,66560,-2.0270087718963623
1530580650.2328336,67072,-2.6931111812591553
1530580925.727484,67584,-1.9132359027862549
1530581203.2051618,68096,-3.2385358810424805
1530581481.429221,68608,-4.740383148193359
1530581758.2666187,69120,-0.502539873123169
1530582035.4103692,69632,-2.307141065597534
1530582311.8704932,70144,0.2996690571308136
1530582588.7528493,70656,-3.654066562652588
1530582865.377319,71168,-4.1318159103393555
1530583142.4966722,71680,1.221056342124939
1530583420.1588614,72192,-0.2492048442363739
1530583697.0853744,72704,-1.4049158096313477
1530583973.364985,73216,-2.293177604675293
1530584250.2476854,73728,-2.4593091011047363
1530584527.4198053,74240,-2.2513322830200195
1530584805.1998084,74752,-3.8889527320861816
1530585082.538957,75264,-0.7633531093597412
1530585360.4864016,75776,-2.6812920570373535
1530585640.5068383,76288,-5.403162479400635
1530660955.5672944,77312,-2.0682625770568848
1530661229.8904023,77824,-4.1681928634643555
1530661503.9879053,78336,-1.9511224031448364
1530661779.6893525,78848,-4.878175258636475
1530662055.0078263,79360,-3.2117841243743896
1530662329.0505385,79872,-5.957704067230225
1530662602.6823542,80384,-4.3471784591674805
1530662878.213278,80896,-7.590442180633545
1530663152.7869728,81408,-3.528851270675659
1530663427.233999,81920,-5.09027099609375
1530663702.1188998,82432,-5.425840377807617
1530663978.1767528,82944,-10.385259628295898
1530664253.0021112,83456,-8.536530494689941
1530664528.0441477,83968,-1.2949479818344116
1530664802.6117594,84480,-7.791611671447754
1530665077.550287,84992,-5.829410552978516
1530665353.0826335,85504,-5.915414810180664
1530665628.6239772,86016,-9.584325790405273
1530665903.7015467,86528,-4.333782196044922
1530666179.3063736,87040,-5.961280345916748
1530666454.484085,87552,-3.823537826538086
1530666729.1725638,88064,-0.23754997551441193
1530667004.7484255,88576,-4.567299842834473
1530667279.5662065,89088,-1.6696126461029053
1530667554.4325814,89600,-5.361049175262451
1530667830.1468549,90112,-3.6108479499816895
1530668104.426194,90624,-2.7005553245544434
1530668380.9963999,91136,-3.433159828186035
1530668655.6745243,91648,-1.9785914421081543
1530668930.5224445,92160,-1.5001249313354492
1530669205.6435487,92672,-1.6296916007995605
1530669482.4712021,93184,-2.6906819343566895
1530669757.738526,93696,-3.3886003494262695
1530670033.3135486,94208,0.6082528829574585
1530670308.0902767,94720,-3.4972445964813232
1530670583.6920314,95232,0.1858692467212677
1530670858.855964,95744,-3.2386512756347656
1530671134.8414931,96256,-2.2096991539001465
1530671410.178059,96768,-6.159158706665039
1530671688.0665545,97280,-1.719406247138977
