wall_time,step,value
1531836366.956615,512,178.87611389160156
1531836817.1862016,1024,135.221923828125
1531837268.9408624,1536,194.2371826171875
1531837719.846361,2048,184.43798828125
1531838169.4866264,2560,140.30442810058594
1531838619.9778345,3072,125.86872863769531
1531839069.5828702,3584,101.20248413085938
1531839520.0566678,4096,95.07806396484375
1531839967.7763486,4608,82.62147521972656
1531840418.1266956,5120,81.45877838134766
1531840868.0093904,5632,76.11547088623047
1531841318.2906625,6144,56.23566818237305
1531841767.367894,6656,48.18867874145508
1531842216.597513,7168,35.4261474609375
1531842665.9441803,7680,28.877866744995117
1531843116.7223608,8192,12.762625694274902
1531843565.0428383,8704,5.494365692138672
1531844013.603856,9216,10.024016380310059
1531844462.3387313,9728,5.254443168640137
1531844910.5501647,10240,0.5551170110702515
1531845360.72905,10752,2.4729747772216797
1531845810.519302,11264,6.40339994430542
1531846258.884332,11776,3.456033229827881
1531846708.6498177,12288,7.121817588806152
1531847158.9506788,12800,3.5114612579345703
1531847608.2451768,13312,1.832943081855774
1531848058.4813175,13824,8.723480224609375
1531848506.7487547,14336,6.339900970458984
1531848956.0160546,14848,5.380175590515137
1531849404.0305874,15360,2.7661781311035156
1531849854.396659,15872,1.398108720779419
1531850303.1985822,16384,0.08259354531764984
1531850752.1086278,16896,-3.979367256164551
1531851201.657699,17408,1.1628247499465942
1531851650.1666052,17920,-5.041825294494629
1531852098.8543668,18432,-0.6563263535499573
1531852549.3145797,18944,2.5498151779174805
1531852998.3249102,19456,0.2069208323955536
1531853446.601098,19968,5.732165336608887
1531853896.2416084,20480,-5.135328769683838
1531854346.238841,20992,4.427286148071289
1531854795.8059874,21504,0.8488116264343262
1531855246.1053908,22016,-3.543797731399536
1531855696.6792939,22528,3.166799783706665
1531856146.0008984,23040,4.781959056854248
1531856597.7976649,23552,-0.4314960539340973
1531857047.9372797,24064,0.8606963157653809
1531857500.3250484,24576,-6.173959255218506
1531857950.3150892,25088,-1.9617853164672852
1531858401.0952716,25600,1.6738531589508057
1531858850.9496334,26112,-1.1377747058868408
1531859303.3225272,26624,2.589578151702881
1531859754.4848669,27136,1.250277042388916
1531860205.320567,27648,9.698719024658203
1531860656.8681674,28160,-2.8920891284942627
1531861108.9659922,28672,0.05093976855278015
1531861560.626869,29184,1.7255109548568726
1531862010.6903183,29696,1.2220630645751953
1531862461.0855632,30208,5.8686842918396
1531862911.2463126,30720,-0.18961122632026672
1531863363.1567402,31232,-1.3204724788665771
1531863813.8411279,31744,-0.835006594657898
1531864265.245577,32256,9.932021141052246
1531864716.145219,32768,-0.7687320113182068
1531865167.2310128,33280,-1.5150259733200073
1531865617.7316723,33792,-3.335284948348999
1531866068.2948837,34304,2.571775436401367
1531866520.613232,34816,-4.995000839233398
1531866971.8653598,35328,5.595254898071289
1531867424.0974565,35840,1.3703298568725586
1531867875.609033,36352,-3.6577484607696533
1531868328.2702308,36864,5.128176689147949
1531868781.0663881,37376,-5.025595188140869
1531952893.7055027,38400,-0.8924741744995117
1531953341.5481896,38912,-10.88387680053711
1531953790.4151053,39424,-4.662697792053223
1531954237.1567914,39936,-11.485922813415527
1531954685.719457,40448,-1.14778470993042
1531955134.863761,40960,-1.0762639045715332
1531955582.3916874,41472,-3.0247085094451904
1531956030.7705696,41984,1.2751743793487549
1531956479.0266294,42496,-16.12454605102539
1531956927.5783706,43008,-5.532230854034424
1531957376.2203932,43520,-12.862958908081055
1531957825.1417375,44032,-17.408504486083984
1531958273.2273593,44544,21.031240463256836
1531958720.9720752,45056,-152.96316528320312
1531959169.1039777,45568,-70.8990478515625
1531959618.2314398,46080,-140.10211181640625
1531960066.7549787,46592,103.53569030761719
1531960520.3332863,47104,224.0363006591797
1531960976.3167045,47616,-92.66497802734375
1531961429.7629426,48128,79.89447021484375
1531961882.9937227,48640,-26.148265838623047
1531962336.4272459,49152,53.47358703613281
1531962789.773354,49664,-13.166921615600586
1531963243.7630708,50176,50.7388916015625
1531963697.227793,50688,-25.27324104309082
1531964151.330405,51200,-56.15484619140625
1531964605.226133,51712,-59.205650329589844
1531965057.1408687,52224,-71.58415985107422
1531965510.5045838,52736,-57.50235366821289
1531965963.2842038,53248,31.956220626831055
1531966415.3337288,53760,-20.781841278076172
1531966867.4497752,54272,70.64614868164062
1531967318.312266,54784,114.22959899902344
1531967769.4902546,55296,-18.039382934570312
1531968222.5992105,55808,101.49809265136719
1531968677.0352018,56320,-94.59120178222656
1531969129.6320143,56832,81.54835510253906
1531969583.0013838,57344,-47.702213287353516
1531970036.1670737,57856,-151.51564025878906
1531970489.4273362,58368,-83.18926239013672
1531970942.926294,58880,-120.49758911132812
1531971396.9268823,59392,-99.71247863769531
1531971850.6197255,59904,50.48622512817383
1531972305.4889534,60416,103.83650207519531
1531972759.978302,60928,16.228248596191406
1531973215.1533058,61440,73.60759735107422
1531973670.6022663,61952,111.74848937988281
1531974126.4510183,62464,-96.12911987304688
1531974582.2735288,62976,139.0350341796875
1531975036.948272,63488,31.62626075744629
1531975492.1676953,64000,33.6500129699707
1531975946.7318633,64512,-82.62812805175781
1531976402.634386,65024,8.03927993774414
1531976857.2992668,65536,193.2249755859375
1531977311.942081,66048,-1.8237301111221313
1531977767.0084271,66560,-250.433837890625
1531978221.2745655,67072,-53.72041702270508
1531978675.1949599,67584,11.074911117553711
1531979128.6521604,68096,94.27983856201172
1531979584.135609,68608,28.587749481201172
1531980039.491723,69120,-18.356794357299805
1531980494.3860629,69632,-26.15665054321289
1531980948.7415078,70144,-29.55648422241211
1531981404.720406,70656,31.530330657958984
1531981860.9228077,71168,18.846223831176758
1532019770.7173905,72192,-42.179969787597656
1532020221.6924233,72704,-7.6237897872924805
1532020673.7183368,73216,-17.921302795410156
1532021125.3915825,73728,-53.603580474853516
1532021578.2660198,74240,145.32366943359375
1532022031.4954963,74752,115.43800354003906
1532022484.1106377,75264,51.04048156738281
1532022936.2637637,75776,170.3573455810547
1532023388.477363,76288,0.023616433143615723
1532023842.1128702,76800,-125.21549987792969
1532024295.6545124,77312,37.75617980957031
1532024748.9000487,77824,-228.92425537109375
1532025201.9717736,78336,50.34265899658203
1532025655.827729,78848,-35.242210388183594
1532026109.6491203,79360,16.779346466064453
1532026565.924515,79872,60.65935134887695
1532027020.044652,80384,-101.40579986572266
1532027473.4651117,80896,-33.766319274902344
1532027927.9782345,81408,-41.04130935668945
1532028383.1854832,81920,30.43891716003418
1532028836.5100012,82432,-80.99122619628906
1532029290.447755,82944,137.67108154296875
1532029743.592774,83456,-121.9257583618164
1532030198.2154782,83968,-23.380008697509766
1532030651.866148,84480,-132.33432006835938
1532031106.099978,84992,221.69589233398438
1532031558.614498,85504,87.46125793457031
1532032011.2039742,86016,206.8417205810547
1532032464.3972034,86528,123.28718566894531
1532032919.6155632,87040,-36.904747009277344
1532033373.9301355,87552,-165.95742797851562
1532033828.701615,88064,-167.12344360351562
1532034282.2025568,88576,-204.3399658203125
1532034735.921111,89088,-259.53564453125
1532035190.1273727,89600,53.13456726074219
1532035644.3205757,90112,39.457759857177734
1532036100.03359,90624,-138.5137939453125
1532036554.9413328,91136,26.64937973022461
1532037009.282165,91648,-172.50958251953125
1532037463.7821956,92160,188.38372802734375
1532037918.7425292,92672,195.90032958984375
1532038372.5878015,93184,-119.72027587890625
1532038827.1430929,93696,-36.11294937133789
1532039282.1170819,94208,5.543593406677246
1532039737.1942906,94720,-86.14097595214844
1532040190.3947096,95232,-13.315401077270508
1532040643.3998554,95744,21.25033950805664
1532074479.9851208,96768,-53.392051696777344
1532074932.1371543,97280,-110.64964294433594
