wall_time,step,value
1530492301.7227178,128,193.22860717773438
1530492365.6412406,256,205.7205810546875
1530492429.6051579,384,165.57313537597656
1530492493.6457996,512,119.85600280761719
1530492621.8752189,640,84.91455841064453
1530492685.938898,768,66.14247131347656
1530492749.9840589,896,57.32086181640625
1530492814.0945642,1024,77.32192993164062
1530492940.6092837,1152,45.164485931396484
1530493004.7751207,1280,53.26301956176758
1530493068.8713677,1408,55.315547943115234
1530493132.9546854,1536,47.544551849365234
1530493261.117357,1664,49.16105270385742
1530493325.084117,1792,56.92930603027344
1530493389.076472,1920,43.045570373535156
1530493453.0795538,2048,48.502803802490234
1530493580.9677038,2176,46.58547592163086
1530493645.1190124,2304,47.2129020690918
1530493709.2468226,2432,51.20511245727539
1530493773.2953043,2560,39.5675163269043
1530493900.2986207,2688,44.104373931884766
1530493964.400824,2816,42.28836441040039
1530494028.4037552,2944,40.07505798339844
1530494092.5484736,3072,29.456567764282227
1530494221.6816106,3200,29.770305633544922
1530494285.680654,3328,28.04151725769043
1530494349.6547413,3456,28.385908126831055
1530494413.8148358,3584,26.059791564941406
1530494541.6362975,3712,25.166122436523438
1530494605.7636945,3840,23.18690299987793
1530494669.828545,3968,23.84222412109375
1530494733.926479,4096,22.52102279663086
1530494862.5177417,4224,23.55535125732422
1530494926.5472074,4352,21.933536529541016
1530494990.5923738,4480,23.186458587646484
1530495054.671806,4608,21.28165054321289
1530495182.2296233,4736,21.36492347717285
1530495246.2400625,4864,21.404808044433594
1530495310.303402,4992,21.486679077148438
1530495374.4942284,5120,22.57653045654297
1530495501.2712593,5248,24.002840042114258
1530495565.2044985,5376,21.703950881958008
1530495629.2973573,5504,21.07512664794922
1530495693.4681666,5632,21.280670166015625
1530495820.2736697,5760,20.756145477294922
1530495884.491135,5888,20.775638580322266
1530495948.54002,6016,22.181324005126953
1530496012.5159926,6144,21.374534606933594
1530496139.3491948,6272,21.08454704284668
1530496203.4569614,6400,21.94467544555664
1530496267.5129306,6528,23.16378402709961
1530496331.4425735,6656,22.729368209838867
1530496458.2439628,6784,21.967580795288086
1530496522.3455124,6912,22.64024543762207
1530496586.3502614,7040,21.144275665283203
1530496650.3050978,7168,21.441347122192383
1530496776.273011,7296,21.178098678588867
1530496840.2032049,7424,22.5771541595459
1530496904.3952036,7552,22.591352462768555
1530496968.5613549,7680,23.89137077331543
1530497093.7994983,7808,22.424026489257812
1530497157.861512,7936,22.754432678222656
1530497221.8839464,8064,22.363468170166016
1530497285.921427,8192,21.74449348449707
1530497410.0920327,8320,22.946014404296875
1530497474.0955698,8448,22.31104850769043
1530497538.3201966,8576,22.44873046875
1530497602.273865,8704,23.140247344970703
1530497727.2613974,8832,21.61637306213379
1530497791.1914346,8960,21.26751136779785
1530782071.1536312,9344,23.612247467041016
1530782134.8475888,9472,22.564327239990234
1530782198.4177482,9600,22.388561248779297
1530782262.2791557,9728,22.161739349365234
1530782386.8772702,9856,21.79582977294922
1530782450.6724114,9984,23.107627868652344
1530782514.5888317,10112,23.25360107421875
1530782578.4492068,10240,22.82709312438965
1530782702.9893963,10368,22.615562438964844
1530782766.8457732,10496,23.691722869873047
1530782830.7148242,10624,22.586753845214844
1530782894.5904243,10752,22.851173400878906
1530783018.3600566,10880,23.553665161132812
1530783082.293114,11008,23.078128814697266
1530783146.1317203,11136,22.124614715576172
1530783209.8328009,11264,22.7438907623291
1530783332.457735,11392,22.665058135986328
1530783396.3521194,11520,22.177528381347656
1530783460.2106826,11648,22.280128479003906
1530783524.0292208,11776,23.081785202026367
1530783646.558373,11904,22.94501304626465
1530783710.514438,12032,23.58926773071289
1530783774.5132997,12160,22.362472534179688
1530783838.402195,12288,23.151865005493164
1530783960.8242667,12416,22.74803924560547
1530784024.5666332,12544,22.563817977905273
1530784088.361544,12672,23.255475997924805
1530784152.2538579,12800,23.235275268554688
1530784274.4402585,12928,23.90245246887207
1530784338.2857409,13056,23.064327239990234
1530784402.1567574,13184,23.233417510986328
1530784465.8874714,13312,22.69900131225586
1530784588.8055692,13440,22.462480545043945
1530784652.743791,13568,21.605369567871094
1530784716.7371838,13696,22.84514808654785
1530784780.5545256,13824,23.453838348388672
1530784903.9045525,13952,22.40195083618164
1530784967.836471,14080,22.33818817138672
1530785031.670352,14208,21.33631706237793
1530785095.4933207,14336,22.488903045654297
1530785218.7542229,14464,20.714323043823242
1530785282.5620236,14592,21.98259162902832
1530785346.2761686,14720,22.78512191772461
1530785410.1958723,14848,22.25311851501465
1530785532.4026504,14976,22.109760284423828
1530785596.2874572,15104,22.47500991821289
1530785659.9778154,15232,21.846920013427734
1530785723.788245,15360,22.666791915893555
1530785848.0101159,15488,23.527986526489258
1530785911.842366,15616,22.420042037963867
1530785975.700022,15744,22.21347999572754
1530786039.392615,15872,22.745569229125977
1530786162.2776792,16000,22.952564239501953
1530786225.9433854,16128,22.09420394897461
1530786289.6649754,16256,22.218454360961914
1530786353.3695662,16384,21.77093505859375
1530786475.523464,16512,22.36450958251953
1530786539.4360683,16640,21.820945739746094
1530786603.2896824,16768,20.709274291992188
1530786667.137314,16896,21.212732315063477
1530786791.4856265,17024,21.17575454711914
1530786855.2673795,17152,20.448150634765625
1530786919.0053532,17280,20.148574829101562
1530786982.8809712,17408,21.072734832763672
1530787106.4826725,17536,21.418581008911133
1530787170.2858255,17664,20.221635818481445
1530787234.2277489,17792,20.607437133789062
1530787297.9005811,17920,20.553842544555664
1530787421.5648851,18048,20.721851348876953
1530787485.3462026,18176,20.31609344482422
1530787549.1321487,18304,19.801918029785156
1530787612.9370368,18432,20.460460662841797
1530787735.6646178,18560,20.448009490966797
1530787799.41528,18688,19.257062911987305
1530787863.2586515,18816,20.33376121520996
1530787927.1152067,18944,19.424484252929688
1530788051.0027463,19072,19.77926254272461
1530788114.802319,19200,19.96902084350586
1530788178.5540147,19328,20.003292083740234
1530788242.4273703,19456,19.472238540649414
1530788365.0419984,19584,20.09341049194336
1530788428.9178534,19712,20.073152542114258
1530788492.861586,19840,20.237197875976562
1530788556.755555,19968,20.100452423095703
1530788678.745091,20096,19.697128295898438
1530788742.578577,20224,18.984664916992188
1530788806.3340285,20352,19.91762924194336
1530788870.0876033,20480,19.599842071533203
1530788992.3263426,20608,19.66350746154785
1530789056.008633,20736,19.16371726989746
1530789119.777105,20864,19.461336135864258
1530789183.585562,20992,19.18377685546875
1530789306.8505588,21120,18.86855125427246
1530789370.5331318,21248,19.616317749023438
1530789434.4788017,21376,19.237262725830078
1530789498.285896,21504,19.746679306030273
1530789620.877745,21632,18.931028366088867
1530789684.576932,21760,19.121490478515625
1530789748.2119477,21888,19.739721298217773
1530789812.0588348,22016,19.669822692871094
1530789936.6262906,22144,19.590938568115234
1530790000.3936157,22272,19.150436401367188
1530790064.1316378,22400,19.65584945678711
1530790127.8352184,22528,19.60686492919922
1530790251.7492623,22656,19.169719696044922
1530790315.4349332,22784,19.174989700317383
1530790379.241323,22912,19.40994644165039
1530790443.1503792,23040,19.404542922973633
1530790566.959231,23168,19.144084930419922
1530790630.7012956,23296,19.461977005004883
1530790694.503188,23424,20.0350284576416
1530790758.2143984,23552,19.568126678466797
1530790882.686219,23680,19.638038635253906
1530790946.3332036,23808,20.014171600341797
1530791010.0253758,23936,19.195613861083984
1530791073.6783166,24064,19.515850067138672
1530791199.4855633,24192,20.06397247314453
1530791263.1194813,24320,19.384990692138672
1530791326.8535786,24448,19.386322021484375
1530791390.5761344,24576,19.688339233398438
1530791514.738437,24704,20.131933212280273
1530791578.4176686,24832,18.998035430908203
1530791642.1344209,24960,20.048524856567383
1530791705.8444834,25088,19.12284278869629
1530791829.681393,25216,19.487272262573242
1530791893.5463476,25344,18.670700073242188
1530791957.3164978,25472,18.635154724121094
1530792021.2037385,25600,18.705413818359375
1530792147.0484192,25728,18.745861053466797
1530792210.7610657,25856,18.97735595703125
1530792274.6328914,25984,19.291580200195312
1530792338.333443,26112,18.684865951538086
1530792463.0292356,26240,19.224876403808594
1530792526.7090883,26368,18.996850967407227
1530792590.5574985,26496,19.505887985229492
1530792654.2081852,26624,19.067140579223633
1530792779.8481052,26752,19.452409744262695
1530792843.476953,26880,18.827072143554688
1530792907.4469173,27008,19.13504409790039
1530792971.062048,27136,19.036813735961914
1530793095.126626,27264,18.72003173828125
1530793158.8339267,27392,19.93482780456543
1530793222.8067396,27520,19.620187759399414
1530793286.593983,27648,19.074329376220703
1530793411.3662293,27776,19.174589157104492
1530793474.7368011,27904,19.42992401123047
1530793538.244061,28032,19.443492889404297
1530793601.7974815,28160,19.38605308532715
1530793726.4915664,28288,19.584930419921875
1530793790.1332264,28416,20.333845138549805
1530793853.9742186,28544,18.869625091552734
1530793917.8911593,28672,18.930904388427734
1530794043.2867355,28800,19.199182510375977
1530794106.864062,28928,19.067903518676758
1530794170.5055516,29056,18.980836868286133
1530794234.3125305,29184,19.580293655395508
1530794358.1653922,29312,19.338733673095703
1530794421.5482996,29440,19.70068359375
1530794485.02715,29568,18.764320373535156
1530794548.48274,29696,19.298765182495117
1530794673.2308404,29824,19.308212280273438
1530794736.7475226,29952,18.982500076293945
1530794800.1638882,30080,19.550983428955078
1530794863.7684836,30208,18.78265380859375
1530794988.453075,30336,18.82809829711914
1530795051.8575864,30464,18.431835174560547
1530795115.3447247,30592,19.231979370117188
1530795178.8560734,30720,18.669885635375977
1530795304.1510277,30848,18.48152732849121
1530795367.7749307,30976,18.6318416595459
1530795431.4693282,31104,18.714826583862305
1530795495.1917303,31232,18.323448181152344
1530795620.801047,31360,19.02501106262207
1530795684.4783533,31488,19.957504272460938
1530795748.1597865,31616,19.331832885742188
1530795811.7394476,31744,19.36302375793457
1530795938.4263194,31872,18.317989349365234
1530796002.0604753,32000,18.712478637695312
1530796065.7752519,32128,19.446809768676758
1530796129.5054584,32256,19.307275772094727
1530796254.9782214,32384,19.080907821655273
1530796318.492802,32512,19.47224235534668
1530796382.249329,32640,19.21856689453125
1530796445.8383193,32768,19.099138259887695
1530796571.865143,32896,18.863786697387695
1530796635.5927525,33024,19.009014129638672
1530796699.303641,33152,18.66710090637207
1530796762.994078,33280,18.937280654907227
1530796890.1611652,33408,19.764781951904297
1530796953.8466601,33536,19.068588256835938
1530797017.549554,33664,19.258529663085938
1530797081.4752545,33792,19.445039749145508
1530797207.7403615,33920,19.48744010925293
1530797271.4955728,34048,18.976425170898438
1530797335.1901193,34176,19.24765396118164
1530797398.9336224,34304,19.746891021728516
1530797525.4981506,34432,19.34601402282715
1530797589.4309323,34560,18.868101119995117
1530797653.3209705,34688,19.193912506103516
1530797717.117145,34816,19.104841232299805
1530797842.0032916,34944,19.053119659423828
1530797905.6653202,35072,19.34182357788086
1530797969.4475121,35200,19.839284896850586
1530798033.2946746,35328,19.999347686767578
1530798158.7576413,35456,19.36298179626465
1530798222.4800856,35584,19.331178665161133
1530798286.3272808,35712,19.30536651611328
1530798350.078643,35840,19.095399856567383
1530798476.034278,35968,19.237632751464844
1530798539.89921,36096,19.331377029418945
1530798603.7660143,36224,19.267635345458984
1530798667.5962636,36352,19.34626007080078
1530798794.3135436,36480,18.621103286743164
1530798858.0273015,36608,18.974029541015625
1530798921.7406635,36736,18.591699600219727
1530798985.4902706,36864,19.30533790588379
1530799111.008897,36992,19.078411102294922
1530799174.6935642,37120,18.939430236816406
1530799238.6375117,37248,19.254396438598633
1530799302.4987133,37376,18.530113220214844
1530799427.8419979,37504,19.061046600341797
1530799491.692604,37632,18.319480895996094
1530799555.4427063,37760,19.338525772094727
1530799619.4350133,37888,18.762311935424805
1530799747.1555562,38016,19.14024543762207
1530799811.0192935,38144,19.12334632873535
1530799874.8478293,38272,18.51575469970703
1530799938.613334,38400,18.819265365600586
1530800066.1159961,38528,19.376981735229492
1530800130.1328735,38656,19.208683013916016
1530800193.81443,38784,18.935161590576172
1530800257.593966,38912,19.13513946533203
1530800383.4177814,39040,19.05266761779785
1530800447.1297781,39168,18.9296875
1530800510.8161786,39296,19.271745681762695
1530800574.5719948,39424,18.073949813842773
1530800700.6742349,39552,19.348125457763672
1530800764.48375,39680,18.763208389282227
1530800828.2187693,39808,18.716419219970703
1530800891.9897125,39936,18.93696403503418
1530801018.3129997,40064,18.84550666809082
1530801082.1834118,40192,18.94071388244629
1530801145.9742782,40320,18.299850463867188
1530801209.7417996,40448,18.3533935546875
1530801335.980031,40576,18.72467613220215
1530801399.700667,40704,18.448856353759766
1530801463.7174184,40832,18.570693969726562
1530801527.355094,40960,17.936237335205078
1530801653.0509474,41088,18.754064559936523
1530801716.6376064,41216,17.894359588623047
1530801780.4094748,41344,18.40955352783203
1530801844.1188703,41472,18.544269561767578
1530801970.5276473,41600,17.95319366455078
1530802034.2982259,41728,18.708494186401367
1530802098.1166236,41856,18.356937408447266
1530802161.848504,41984,17.888412475585938
1530802288.4596581,42112,18.46660614013672
1530802352.254904,42240,18.757118225097656
1530802416.0393698,42368,18.23711395263672
1530802479.7970414,42496,18.375152587890625
1530802605.3703763,42624,18.80770492553711
1530802669.235429,42752,18.249004364013672
1530802733.1299474,42880,18.904218673706055
1530802796.8956668,43008,18.409984588623047
1530802923.7730188,43136,18.810117721557617
1530802987.5162165,43264,18.404386520385742
1530803051.3117533,43392,18.304035186767578
1530803115.1076717,43520,18.66800308227539
1530803241.2718217,43648,18.240924835205078
1530803305.031602,43776,18.6678466796875
1530803368.8490505,43904,18.477622985839844
1530803432.6245031,44032,17.91495132446289
1530803558.339917,44160,18.07707977294922
1530803622.1859531,44288,18.067188262939453
1530803686.0787635,44416,18.785964965820312
1530803749.898788,44544,17.63290023803711
1530803876.5557632,44672,17.91981315612793
1530803940.3946648,44800,18.443117141723633
1530804004.260513,44928,18.44234275817871
1530804067.9326572,45056,18.500741958618164
1530804195.381681,45184,18.093564987182617
1530804259.249909,45312,18.510454177856445
1530804323.1790888,45440,18.610300064086914
1530804387.1706448,45568,18.595232009887695
1530804513.098225,45696,18.54275894165039
1530804576.9226098,45824,18.1593074798584
1530804640.8651104,45952,18.556175231933594
1530804704.6144369,46080,18.697542190551758
1530804831.8907416,46208,18.088842391967773
1530804895.6599913,46336,18.723913192749023
1530804959.620945,46464,18.530641555786133
1530805023.5633101,46592,18.0693416595459
1530805153.1285987,46720,18.034021377563477
1530805217.015225,46848,17.581600189208984
1530805280.9589837,46976,18.321149826049805
1530805344.8975163,47104,18.653968811035156
1530805474.7253242,47232,18.519691467285156
1530805538.5046368,47360,18.60681915283203
1530805602.375017,47488,18.815624237060547
1530838968.5971267,47744,18.418561935424805
1530839031.271071,47872,18.715612411499023
1530839095.7867343,48000,18.350326538085938
1530839160.6695583,48128,18.128185272216797
1530839286.3191109,48256,18.332386016845703
1530839350.1101508,48384,18.330232620239258
1530839414.1291242,48512,18.346580505371094
1530839477.9749365,48640,18.302440643310547
1530839602.5569434,48768,18.332422256469727
1530839666.7077363,48896,17.979833602905273
1530839730.8368256,49024,18.371383666992188
1530839794.9557269,49152,18.757492065429688
1530839920.030238,49280,18.95395278930664
1530839984.0133522,49408,18.742233276367188
1530840047.9732096,49536,18.34955596923828
1530840111.9496934,49664,18.990158081054688
1530840235.9207525,49792,18.763452529907227
1530840299.7704895,49920,18.394468307495117
1530840363.806831,50048,18.14706039428711
1530840427.9844728,50176,18.837575912475586
1530840552.137466,50304,18.724889755249023
1530840616.2710347,50432,18.376609802246094
1530840680.3426247,50560,18.48690414428711
1530840744.2911985,50688,18.35723876953125
1530840868.8058996,50816,18.770578384399414
1530840932.843037,50944,18.268463134765625
1530840996.864597,51072,17.70334243774414
1530841060.7028017,51200,18.148157119750977
1530841184.5462453,51328,18.519149780273438
1530841248.5666645,51456,18.380470275878906
1530841312.5183792,51584,18.511335372924805
1530841376.5026138,51712,18.976795196533203
1530841500.3237855,51840,17.76999282836914
1530841564.2444515,51968,18.175901412963867
1530841628.1968842,52096,18.22151756286621
1530841692.2132573,52224,18.635574340820312
1530841817.602891,52352,18.459627151489258
1530841881.566794,52480,18.841121673583984
1530841945.503551,52608,18.186954498291016
1530842009.42809,52736,18.812314987182617
1530842134.0592844,52864,19.119171142578125
1530842198.075462,52992,19.15982437133789
1530842262.232083,53120,19.092201232910156
1530842326.1930494,53248,18.959758758544922
1530842450.5722363,53376,18.35846710205078
1530842514.6014428,53504,19.112346649169922
1530842578.5928009,53632,19.026805877685547
1530842642.644074,53760,18.244150161743164
1530842766.4290116,53888,19.202571868896484
1530842830.4607098,54016,19.200016021728516
1530842894.447813,54144,19.26447105407715
1530842958.4489822,54272,18.481868743896484
1530843082.9288793,54400,18.754484176635742
1530843147.096601,54528,18.8542423248291
1530843211.1381133,54656,18.28799057006836
1530843275.1389434,54784,18.779090881347656
1530843398.8448694,54912,19.015213012695312
1530843462.749893,55040,18.75528335571289
1530843526.866757,55168,18.568071365356445
1530843590.8908026,55296,18.729990005493164
1530843715.5961576,55424,19.013635635375977
1530843779.5413828,55552,18.453472137451172
1530843843.5117352,55680,19.090784072875977
1530843907.5146322,55808,18.185407638549805
1530844030.8073263,55936,19.25246810913086
1530844094.8262346,56064,18.587711334228516
1530844159.0027566,56192,18.492149353027344
1530844222.9433098,56320,18.829099655151367
1530844346.8546865,56448,19.066551208496094
1530844410.8167057,56576,18.8052921295166
1530844474.9157012,56704,18.215530395507812
1530844538.8832417,56832,18.257568359375
1530844663.9127321,56960,18.18745994567871
1530844727.9926815,57088,17.374204635620117
1530844792.1065004,57216,17.92082405090332
1530844856.173761,57344,17.779224395751953
1530844980.2228706,57472,17.696857452392578
1530845044.175023,57600,17.845609664916992
1530845108.3081684,57728,18.108461380004883
1530845172.3884275,57856,17.52669906616211
1530845296.701713,57984,17.801048278808594
1530845360.737673,58112,17.349653244018555
1530845424.7128327,58240,17.36632537841797
1530845488.565152,58368,17.640140533447266
1530845612.3681984,58496,17.498870849609375
1530845676.5409677,58624,17.65176773071289
1530845740.6379287,58752,18.173683166503906
1530845804.6244602,58880,17.54108238220215
1530845929.3543463,59008,17.460420608520508
1530845993.4755454,59136,17.877334594726562
1530846057.5290859,59264,17.747465133666992
1530846121.5162532,59392,17.165685653686523
1530846245.5830076,59520,17.555095672607422
1530846309.607659,59648,17.4505558013916
1530846373.6174595,59776,17.496105194091797
1530846437.6483927,59904,17.164888381958008
1530846562.8439317,60032,17.65979766845703
1530846626.7999275,60160,17.260665893554688
1530846690.8780172,60288,17.389341354370117
1530846754.9222262,60416,17.53191375732422
1530846878.8548903,60544,17.155155181884766
1530846942.895093,60672,17.23872184753418
1530847006.8430278,60800,16.9431209564209
1530847070.8167417,60928,16.919513702392578
1530847195.3365319,61056,17.088184356689453
1530847259.3802261,61184,17.54981803894043
1530847323.3938282,61312,17.148311614990234
1530847387.3011448,61440,17.1240234375
1530847512.4412668,61568,17.289249420166016
1530847576.5023324,61696,17.079452514648438
1530847640.5731542,61824,17.111709594726562
1530847704.5988312,61952,17.53197479248047
1530847828.295756,62080,17.213624954223633
1530847892.3499117,62208,16.678327560424805
1530847956.2649066,62336,17.151458740234375
1530848020.295365,62464,17.184589385986328
1530848144.5122714,62592,17.32239532470703
1530848208.570175,62720,17.26205062866211
1530848272.5973604,62848,17.285987854003906
1530848336.6100307,62976,17.064640045166016
1530848460.8828936,63104,17.59038543701172
1530848524.9127882,63232,16.74171257019043
1530848588.7743137,63360,17.243389129638672
1530848652.8877614,63488,17.32900619506836
1530848777.6480043,63616,17.020540237426758
1530848841.7602577,63744,17.33880043029785
1530848905.7286878,63872,17.49725341796875
1530848969.7552483,64000,16.773000717163086
1530849094.4248502,64128,17.193506240844727
1530849158.4901707,64256,17.4680118560791
1530849222.5161648,64384,17.14944076538086
1530849286.3728309,64512,16.700971603393555
1530849411.9510849,64640,17.341588973999023
1530849475.9849122,64768,17.33841896057129
1530849539.9442608,64896,16.87262535095215
1530849603.9984276,65024,17.194137573242188
1530849728.4101841,65152,17.30879020690918
1530849792.3150053,65280,17.1010684967041
1530849856.341259,65408,16.915691375732422
1530849920.540631,65536,17.69426918029785
1530850044.7242904,65664,16.81148338317871
1530850108.5847487,65792,17.230422973632812
1530850172.6084278,65920,17.671180725097656
1530850236.5991907,66048,17.456363677978516
1530850362.4645543,66176,17.253276824951172
1530850426.545787,66304,17.277746200561523
1530850490.504495,66432,17.225914001464844
1530850554.3918254,66560,17.520658493041992
1530850679.1199346,66688,17.15937614440918
1530850743.2130365,66816,17.394142150878906
1530850807.1336403,66944,17.396507263183594
1530850871.1645386,67072,17.721162796020508
1530850996.2351687,67200,17.24538803100586
1530851060.148588,67328,17.40069580078125
1530851124.1133327,67456,17.369707107543945
1530851188.142971,67584,17.33073616027832
1530851313.4209652,67712,17.121871948242188
1530851377.3977582,67840,17.661636352539062
1530851441.3530853,67968,17.159503936767578
1530851505.3553064,68096,18.13100814819336
1530851631.5937781,68224,17.592805862426758
1530851695.5763383,68352,17.31588363647461
1530851759.9771762,68480,17.02535629272461
1530851824.0471861,68608,17.620920181274414
1530851950.3476455,68736,17.465900421142578
1530852014.3536513,68864,17.342866897583008
1530852078.222308,68992,17.493627548217773
1530852142.2316287,69120,16.99049949645996
1530852266.518288,69248,17.67852783203125
1530852330.690962,69376,17.545949935913086
1530852394.9871984,69504,17.470022201538086
1530852459.3175056,69632,16.942180633544922
1530852585.3751645,69760,17.47366714477539
1530852649.252112,69888,17.127687454223633
1530852713.139835,70016,17.031476974487305
1530852776.9651942,70144,17.597469329833984
1530852902.5629046,70272,17.00421905517578
1530852966.5968423,70400,17.333057403564453
1530853030.4361188,70528,17.165363311767578
1530877477.3923686,70784,17.681257247924805
1530877539.685416,70912,17.492307662963867
1530877603.901387,71040,17.078723907470703
1530877668.3087351,71168,17.579925537109375
1530877791.6715076,71296,17.6106014251709
1530877855.231934,71424,17.101892471313477
1530877918.9587476,71552,17.086889266967773
1530877982.4985893,71680,17.18837547302246
1530878106.5488515,71808,17.367733001708984
1530878170.2957597,71936,17.176536560058594
1530878233.9929783,72064,16.964176177978516
1530878297.6644678,72192,17.43170928955078
1530878420.3916302,72320,17.42456817626953
1530878483.9685605,72448,17.41516876220703
1530878547.6095188,72576,17.123891830444336
1530878611.1269603,72704,16.882274627685547
1530878733.9328184,72832,16.98457908630371
1530878797.7919073,72960,17.051706314086914
1530878861.4440734,73088,17.643444061279297
1530878925.1757765,73216,17.550540924072266
1530879048.3591113,73344,17.354106903076172
1530879111.9863482,73472,17.09945297241211
1530879175.6406436,73600,16.90349769592285
1530879239.265786,73728,16.59128761291504
1530879361.2714965,73856,17.45992660522461
1530879425.0624025,73984,16.61834716796875
1530879488.6957061,74112,16.9304256439209
1530879552.3676236,74240,17.337873458862305
1530879674.9627779,74368,17.33704948425293
1530879738.5793793,74496,16.462867736816406
1530879802.2348213,74624,17.46664047241211
1530879865.9068892,74752,17.19536781311035
1530879987.8297975,74880,16.850603103637695
1530880051.506026,75008,17.321121215820312
1530880115.2726426,75136,16.893980026245117
1530886686.3171415,75392,16.803194046020508
1530886748.8329413,75520,16.93111801147461
1530886813.2741435,75648,17.401901245117188
1530886877.9105268,75776,17.078235626220703
1530887002.1361265,75904,17.225624084472656
1530887065.9536452,76032,17.06185531616211
1530887129.5940669,76160,16.900514602661133
1530887193.4253037,76288,17.04341697692871
1530887316.973373,76416,16.466838836669922
1530887380.8340268,76544,17.236486434936523
1530887444.7379358,76672,17.00718116760254
1530887508.6001406,76800,16.61628532409668
1530887631.7949502,76928,16.95036506652832
1530887695.4083884,77056,16.88793182373047
1530887759.255475,77184,16.389982223510742
1530887822.9421973,77312,16.56957244873047
1530887946.137899,77440,16.921005249023438
1530888009.9851177,77568,17.025480270385742
1530888073.922044,77696,16.866764068603516
1530888137.727085,77824,16.523927688598633
1530888261.5902116,77952,16.973466873168945
1530888325.4482567,78080,16.800657272338867
1530888389.3036673,78208,16.860313415527344
1530888453.3654633,78336,16.909875869750977
1530888577.424846,78464,16.476451873779297
1530888641.1926484,78592,16.909358978271484
1530888705.0087888,78720,16.696880340576172
1530888768.8694646,78848,16.908870697021484
1530888893.5748985,78976,17.236839294433594
1530888957.5666635,79104,17.15886878967285
1530889021.5329306,79232,16.933828353881836
1530889085.473524,79360,16.87332534790039
1530889209.0202236,79488,17.23065185546875
1530889272.8930576,79616,17.03367805480957
1530889336.824705,79744,17.075836181640625
1530889400.5105612,79872,16.909765243530273
1530889523.9184394,80000,17.70215606689453
1530889587.693991,80128,17.08904457092285
1530889651.680317,80256,16.83350944519043
1530889715.4479556,80384,17.519603729248047
1530889839.9141548,80512,17.8452091217041
1530889903.7630851,80640,17.198917388916016
1530889967.6753201,80768,17.79112434387207
1530890031.6052513,80896,16.788782119750977
1530890155.9734738,81024,17.011924743652344
1530890219.6845837,81152,17.32114028930664
1530890283.6566403,81280,17.563377380371094
1530890347.5149755,81408,16.89805793762207
1530890471.2329202,81536,17.762216567993164
1530890535.092517,81664,17.47500228881836
1530890599.0968983,81792,17.431480407714844
1530890662.9711242,81920,17.27169418334961
1530890786.885157,82048,17.470218658447266
1530890850.7499118,82176,17.784061431884766
1530890914.6769907,82304,17.49498176574707
1530890978.6040673,82432,17.47324562072754
1530891102.4816844,82560,16.983810424804688
1530891166.4283645,82688,17.206584930419922
1530891230.3234882,82816,18.14104461669922
1530891294.229023,82944,17.865541458129883
1530891417.8377209,83072,17.698192596435547
1530891481.7105963,83200,17.347248077392578
1530891545.720364,83328,17.659658432006836
1530891609.7448287,83456,17.80738639831543
1530891733.8442075,83584,18.035797119140625
1530891797.593407,83712,17.684085845947266
1530891861.640298,83840,17.581315994262695
1530891925.492955,83968,17.311588287353516
1530892048.995153,84096,17.48592185974121
1530892112.9603567,84224,17.235567092895508
1530892177.0831368,84352,17.699487686157227
1530892240.985671,84480,17.579776763916016
1530892365.8524418,84608,17.721479415893555
1530892429.826102,84736,17.642044067382812
1530892493.7765017,84864,17.458477020263672
1530892557.6519294,84992,17.766460418701172
1530892681.9776807,85120,17.876628875732422
1530892746.0309048,85248,17.645057678222656
1530892810.0854006,85376,18.02181053161621
1530892873.959771,85504,17.84383773803711
1530892997.5325453,85632,17.78510093688965
1530893061.3086002,85760,17.632715225219727
1530893125.1695716,85888,17.794538497924805
1530893189.2744226,86016,17.918357849121094
1530893314.5268974,86144,17.37135124206543
1530893378.413654,86272,18.203598022460938
1530893442.3181174,86400,17.8203182220459
1530893506.4416773,86528,18.050724029541016
1530893631.644374,86656,17.798778533935547
1530893695.4991035,86784,18.20427703857422
1530893759.4408216,86912,18.164386749267578
1530893823.3673913,87040,18.11563491821289
1530893948.6026514,87168,18.29156494140625
1530894012.5328743,87296,18.132598876953125
1530894076.4332485,87424,17.769210815429688
1530894140.3115213,87552,18.267242431640625
1530894264.268117,87680,18.351367950439453
1530894328.2527356,87808,17.807010650634766
1530894392.167015,87936,18.246570587158203
1530894456.0987768,88064,18.14765167236328
1530894580.4921715,88192,17.966455459594727
1530894644.5090117,88320,18.373844146728516
1530894708.4847927,88448,18.495391845703125
1530894772.442145,88576,18.27834701538086
1530894896.9407473,88704,18.13263511657715
1530894960.7860644,88832,18.387971878051758
1530895024.8030567,88960,18.51483917236328
1530895088.8793352,89088,18.188371658325195
1530895213.7771742,89216,18.227903366088867
1530895277.877622,89344,19.244380950927734
1530895342.1111996,89472,18.018218994140625
1530895406.1243894,89600,18.659255981445312
1530895530.1527116,89728,18.43454933166504
1530895594.2723467,89856,17.908042907714844
1530895658.2602112,89984,17.960201263427734
1530895722.2086227,90112,18.208396911621094
1530895846.8852017,90240,18.411880493164062
1530895911.0059125,90368,18.194595336914062
1530895974.926173,90496,18.584836959838867
1530896038.933833,90624,18.33566665649414
1530896163.245449,90752,18.938749313354492
1530896227.2244859,90880,18.193084716796875
1530896291.2300358,91008,18.29439926147461
1530896355.3212717,91136,18.306764602661133
1530896478.9043133,91264,18.219818115234375
1530896542.8519554,91392,18.49977684020996
1530896606.8385732,91520,18.72801971435547
1530896670.8210812,91648,18.310997009277344
1530896795.2133112,91776,18.09734535217285
1530896859.2245204,91904,18.260662078857422
1530896923.4062154,92032,17.880903244018555
1530896987.2886884,92160,18.11195945739746
1530897111.636919,92288,17.748699188232422
1530897175.6180804,92416,18.407119750976562
1530897239.5358076,92544,17.891754150390625
1530897303.5546634,92672,18.04595184326172
1530897427.677859,92800,17.578195571899414
1530897491.7164807,92928,18.068012237548828
1530897555.6589966,93056,18.27178192138672
1530897619.7019503,93184,18.225021362304688
1530897743.2282326,93312,17.610736846923828
1530897807.3442638,93440,17.991313934326172
1530897871.2323186,93568,17.835769653320312
1530897935.325785,93696,17.934114456176758
1530898060.2176056,93824,17.75936508178711
1530898124.1955671,93952,18.172901153564453
1530898188.3053217,94080,17.749061584472656
1530898252.3883085,94208,18.27081871032715
1530898377.1589801,94336,18.406513214111328
1530898441.1737232,94464,17.838491439819336
1530898505.2264163,94592,17.915843963623047
1530898569.228369,94720,18.723037719726562
1530898693.4266832,94848,18.348236083984375
1530898757.1198306,94976,18.05577850341797
1530898820.8691823,95104,18.014938354492188
1530898884.654256,95232,17.868328094482422
1530899009.2854605,95360,18.051713943481445
1530899073.1488204,95488,17.791309356689453
1530899137.3923914,95616,18.297653198242188
1530899201.3858135,95744,18.315284729003906
1530899326.2177725,95872,17.8900203704834
1530899389.9752104,96000,17.928062438964844
1530899453.8574424,96128,17.855501174926758
1530904542.4863987,96384,17.83055877685547
1530904604.707159,96512,17.930721282958984
1530904668.9510489,96640,17.384321212768555
1530904733.710815,96768,17.6324405670166
1530904857.4722118,96896,17.80611228942871
1530904921.1739337,97024,17.650129318237305
1530904985.005984,97152,17.823284149169922
1530905048.8668559,97280,18.192737579345703
1530905172.029864,97408,17.670989990234375
