wall_time,step,value
1533212796.449367,512,7.610703468322754
1533214824.6456563,1024,5.243283271789551
1533216826.8857713,1536,4.9951491355896
1533218820.3358092,2048,4.709007263183594
1533220818.060023,2560,3.326354742050171
1533222805.0247858,3072,3.4239041805267334
1533224787.762482,3584,3.590080499649048
1533226775.4434364,4096,3.686399459838867
1533228765.5093424,4608,2.8614120483398438
1533230740.339518,5120,3.352140188217163
1533232709.4672327,5632,3.4555418491363525
1533234677.2134252,6144,2.9558370113372803
1533236648.8312542,6656,3.0783941745758057
1533238609.4886713,7168,2.3836615085601807
1533240572.0989091,7680,2.862973213195801
1533242547.7199135,8192,2.306309223175049
1533244508.2588525,8704,2.422800302505493
1533246474.1681678,9216,2.1600310802459717
1533248448.816484,9728,2.9093167781829834
1533250419.8258305,10240,2.1830644607543945
1533252388.2829719,10752,2.608903408050537
1533254365.9934337,11264,2.288123369216919
1533256335.116483,11776,3.410743474960327
1533258320.1428127,12288,2.3411991596221924
1533260298.6937337,12800,2.5742037296295166
1533262272.3450456,13312,2.147033214569092
1533264252.9618814,13824,2.575043201446533
1533266229.6465995,14336,2.523045063018799
1533268177.9979212,14848,1.914401888847351
1533270145.1055055,15360,2.601945638656616
1533272106.1328464,15872,2.5321056842803955
1533274081.901246,16384,2.3702540397644043
1533276050.2692306,16896,2.272035598754883
1533278002.908245,17408,2.4279568195343018
1533279964.2658918,17920,2.106410026550293
1533281926.6794636,18432,2.799506425857544
1533283881.5742583,18944,2.079768419265747
1533285837.598998,19456,1.8372266292572021
1533287806.5418484,19968,1.9651215076446533
1533289767.8676248,20480,2.0817275047302246
1533291723.4467177,20992,2.0020294189453125
1533293681.9855456,21504,2.05250883102417
1533295649.4312794,22016,1.8153547048568726
1533297602.1588097,22528,1.924582600593567
1533299544.0947063,23040,2.1307430267333984
1533301515.5447595,23552,2.188551187515259
1533303484.2890065,24064,1.9777287244796753
1533305452.309137,24576,2.075382947921753
1533307415.1426337,25088,1.9565752744674683
1533309384.5787392,25600,2.1745784282684326
1533311351.8251648,26112,2.0437984466552734
1533313311.2533705,26624,2.2156777381896973
1533315284.7470565,27136,2.039762020111084
1533317254.096836,27648,1.9280434846878052
1533319223.846703,28160,2.393784284591675
1533321190.0618663,28672,2.006570816040039
1533323153.0210433,29184,2.123591423034668
1533554396.506481,29696,2.2614917755126953
1533556361.665478,30208,2.055913209915161
1533558320.8213027,30720,2.0956063270568848
1533560290.6047468,31232,1.8235352039337158
1533562245.3904808,31744,1.8169291019439697
1533564216.2818916,32256,2.226206064224243
1533566173.4954147,32768,2.3005447387695312
1533568159.2467487,33280,1.8475723266601562
1533570123.1743832,33792,1.7793045043945312
1533572093.2761436,34304,2.0397539138793945
1533574066.392062,34816,2.0568056106567383
1533576044.192788,35328,1.9259454011917114
1533578021.8124728,35840,2.5180745124816895
1533579995.9957871,36352,1.7522401809692383
1533581979.8741734,36864,1.594205379486084
1533583951.1937006,37376,2.1503140926361084
1533585918.8872142,37888,2.1079983711242676
1533587887.6737309,38400,2.954664468765259
1533589867.459809,38912,1.4573109149932861
1533591824.565324,39424,1.5816532373428345
1533593789.283474,39936,1.7897454500198364
1533595754.0955145,40448,1.9761265516281128
1533597732.3798265,40960,1.6125520467758179
1533599699.6688526,41472,2.116288661956787
1533601665.8389554,41984,1.7619811296463013
1533603635.4503012,42496,1.6968971490859985
1533605611.6526468,43008,1.8258863687515259
1533607592.8647416,43520,2.205723524093628
1533609560.5184894,44032,1.9266345500946045
1533611548.6716936,44544,1.5020009279251099
1533613536.2932906,45056,1.5654056072235107
1533615511.8000922,45568,1.7247517108917236
1533617490.168922,46080,1.6862338781356812
1533619468.8528798,46592,1.6854791641235352
1533621435.2243218,47104,2.4634501934051514
1533623412.0239663,47616,2.0743908882141113
1533625393.816323,48128,1.677598237991333
1533627372.2480094,48640,1.4862194061279297
1533629349.6202464,49152,2.051382064819336
1533631318.398708,49664,1.8881068229675293
1533633296.1728992,50176,1.6295056343078613
1533635270.0834684,50688,1.7129056453704834
1533637248.23607,51200,1.634071946144104
1533639242.940351,51712,1.9479079246520996
1533641219.7583234,52224,1.803615927696228
1533643215.1910279,52736,1.7072066068649292
1533645198.203406,53248,1.621579647064209
1533647179.6989179,53760,1.4606537818908691
1533649168.3853278,54272,1.986384391784668
1533651156.5491366,54784,1.831770420074463
1533653146.5143971,55296,1.9162904024124146
1533655136.624362,55808,1.9835220575332642
1533657112.7772465,56320,1.9066956043243408
1533659097.9129927,56832,2.2260165214538574
1533661077.1685855,57344,1.6746923923492432
1533663054.1393712,57856,1.871513843536377
1533665054.3965757,58368,1.708327293395996
1533667064.5437093,58880,2.043583869934082
1533669054.414259,59392,1.8174656629562378
1533674857.961803,59904,1.781632661819458
1533676842.340533,60416,2.1234524250030518
1533678821.041347,60928,1.9048032760620117
1533680799.384216,61440,1.5408713817596436
1533682793.2466738,61952,3.319598913192749
1533684797.2575667,62464,2.9482197761535645
1533686784.547214,62976,1.5625849962234497
1533688771.7180622,63488,1.9869331121444702
1533690769.4899502,64000,2.276393413543701
1533692752.53319,64512,1.5946333408355713
1533694737.0588028,65024,1.9091079235076904
1533696722.1378467,65536,1.8623099327087402
1533698706.3940153,66048,1.8039393424987793
1533700703.476041,66560,2.521211862564087
1533702701.4588752,67072,1.6124615669250488
1533704689.4860728,67584,1.7025588750839233
1533706674.585381,68096,1.6976126432418823
1533708675.1520371,68608,1.7959321737289429
1533710685.195701,69120,1.645403504371643
1533712687.4271429,69632,1.495185136795044
1533714697.4559076,70144,1.9448697566986084
1533716692.9908762,70656,1.993154525756836
1533718706.386825,71168,1.2656376361846924
1533720708.0795884,71680,1.5018599033355713
1533722708.352975,72192,1.6417970657348633
1533724700.6201572,72704,1.8635634183883667
1533726706.5550244,73216,1.4605224132537842
1533728701.113203,73728,1.7253987789154053
1533730692.413796,74240,1.57829749584198
1533732678.7063115,74752,1.9043632745742798
1533734661.6436784,75264,1.5714404582977295
1533736664.1814399,75776,1.3418898582458496
1533738667.018401,76288,1.96528160572052
1533740671.6717937,76800,1.6221569776535034
1533742691.891209,77312,1.890709400177002
1533745706.3184562,77824,1.767688512802124
1533747702.6456387,78336,1.5132533311843872
1533749699.9375064,78848,1.7343722581863403
1533751690.5869486,79360,1.4485169649124146
1533753694.8686109,79872,1.733818531036377
1533755684.2017379,80384,2.929795980453491
1533757675.0681689,80896,1.8981207609176636
1533759661.664325,81408,2.2852942943573
1533761648.7827501,81920,2.2859792709350586
1533763647.0610273,82432,1.644052267074585
1533765643.6541512,82944,1.6753493547439575
1533767626.532945,83456,1.411607027053833
1533769626.4541566,83968,2.1865108013153076
1533771620.0464816,84480,2.583636999130249
1533773628.775876,84992,2.3381261825561523
1533775625.6155822,85504,1.9389464855194092
1533777625.0466058,86016,2.120781183242798
1533779628.8605776,86528,1.6377596855163574
1533781625.3338728,87040,1.6015517711639404
1533783632.4599638,87552,1.498782753944397
1533785627.1878762,88064,1.737992286682129
1533787632.7221262,88576,2.0025970935821533
1533789623.3432858,89088,1.6429691314697266
1533791615.336812,89600,1.6955692768096924
1533793612.2790065,90112,2.4929001331329346
1533795612.834658,90624,1.8897417783737183
1533797600.4981678,91136,2.8293209075927734
1533799591.990699,91648,1.4535858631134033
1533801580.0597074,92160,1.6766451597213745
1533803571.0897775,92672,2.2188122272491455
1533805559.2621589,93184,1.9571011066436768
1533807544.4035683,93696,2.157045364379883
1533809542.6250796,94208,1.6327239274978638
1533811536.6099198,94720,2.5353434085845947
1533813526.1306925,95232,1.4393709897994995
1533815519.8802567,95744,2.353142023086548
1533817504.941701,96256,2.274935483932495
1533819500.9567194,96768,1.9250952005386353
1533821498.5036402,97280,2.097750186920166
