wall_time,step,value
1531051263.548378,512,342.5291442871094
1531051790.0386732,1024,405.8535461425781
1531052305.950537,1536,260.698974609375
1531052824.4005413,2048,155.29298400878906
1531053338.704078,2560,154.8558807373047
1531053859.692829,3072,138.01512145996094
1531054377.8688557,3584,116.9278564453125
1531054895.2410152,4096,155.2913360595703
1531055411.0586748,4608,146.18878173828125
1531055927.9782515,5120,115.58702087402344
1531056443.6437182,5632,153.73855590820312
1531056959.5571098,6144,110.66461181640625
1531057474.1925433,6656,112.70353698730469
1531057987.3323479,7168,90.37090301513672
1531058501.5678313,7680,115.97074127197266
1531059012.9780562,8192,96.88530731201172
1531059525.6159837,8704,112.23267364501953
1531060037.918529,9216,110.0283432006836
1531060551.1775568,9728,97.57747650146484
1531061064.4688828,10240,97.8757095336914
1531061576.9953573,10752,90.56083679199219
1531062088.818426,11264,89.1709976196289
1531062602.2846086,11776,93.24309539794922
1531063114.4728932,12288,87.81859588623047
1531063628.300708,12800,94.9908447265625
1531064141.2981331,13312,93.86327362060547
1531064653.8946579,13824,99.40672302246094
1531065166.7206705,14336,97.970703125
1531065678.8419993,14848,103.78570556640625
1531066194.366839,15360,113.40985107421875
1531066706.949469,15872,109.1125259399414
1531067221.9546604,16384,111.24781036376953
1531067734.8299427,16896,105.31529998779297
1531068247.1872633,17408,102.89712524414062
1531068758.8034213,17920,112.20849609375
1531069271.8661876,18432,107.81095886230469
1531069785.0879169,18944,115.87673950195312
1531070299.3491588,19456,103.63044738769531
1531070812.636676,19968,101.43429565429688
1531071325.6840973,20480,100.73810577392578
1531071838.9899826,20992,113.95570373535156
1531072354.2758508,21504,110.469970703125
1531072868.7212355,22016,108.02584838867188
1531073383.957851,22528,103.20711517333984
1531073898.5018916,23040,111.02351379394531
1531074412.847621,23552,114.76734161376953
1531074927.338089,24064,103.05903625488281
1531075441.7996514,24576,121.33457946777344
1531075958.005535,25088,109.33430480957031
1531076473.8660383,25600,110.41146850585938
1531076988.6510763,26112,107.45109558105469
1531077503.088054,26624,109.1009750366211
1531078016.9264872,27136,110.08935546875
1531078531.914009,27648,114.8948974609375
1531079045.57602,28160,118.06118774414062
1531079561.7421649,28672,120.56214141845703
1531080078.2919188,29184,123.4665298461914
1531080592.775905,29696,123.08411407470703
1531081107.1875784,30208,135.65789794921875
1531081624.0193658,30720,147.8623046875
1531082140.7427475,31232,131.5505828857422
1531082658.020686,31744,125.61113739013672
1531083172.3216755,32256,124.29896545410156
1531083688.0538902,32768,131.95169067382812
1531084203.541118,33280,143.90892028808594
1531084721.523051,33792,134.70367431640625
1531085239.5727913,34304,127.80496978759766
1531085755.4421353,34816,144.90292358398438
1531086271.5386262,35328,136.30892944335938
1531086786.7078586,35840,152.49929809570312
1531087302.16138,36352,134.92239379882812
1531087820.5338643,36864,146.03465270996094
1531223285.6297247,37888,142.76979064941406
1531223794.6967247,38400,137.51742553710938
1531224305.7429526,38912,143.4134521484375
1531224817.3378105,39424,138.1322021484375
1531225329.4261816,39936,142.13153076171875
1531277565.6306372,40960,152.404052734375
1531278075.6295974,41472,144.00877380371094
1531278584.883706,41984,156.79005432128906
1531279094.9758954,42496,146.3868408203125
1531279605.057875,43008,161.07879638671875
1531280115.4351115,43520,145.85398864746094
1531280625.6599195,44032,142.1221160888672
1531281136.5537822,44544,151.93603515625
1531281646.9072204,45056,153.6622772216797
1531282158.643948,45568,150.9055633544922
1531282671.6189249,46080,148.90516662597656
1531283183.7173727,46592,157.04397583007812
1531283695.3252974,47104,155.02337646484375
1531284205.75679,47616,160.63388061523438
1531284717.1682022,48128,158.57437133789062
1531285229.260137,48640,158.396484375
1531285741.65209,49152,164.58343505859375
1531286255.5033464,49664,157.7098388671875
1531286765.9253907,50176,157.0779266357422
1531287277.8238845,50688,160.7921142578125
1531287790.2272093,51200,155.79458618164062
1531288300.6625657,51712,156.49400329589844
1531288813.2783155,52224,166.9275360107422
1531289325.1717813,52736,160.27786254882812
1531289835.0515664,53248,156.09164428710938
1531290345.9427607,53760,155.9757843017578
1531290859.1431167,54272,165.35948181152344
1531291371.8902676,54784,163.53819274902344
1531291885.08826,55296,167.94107055664062
1531292398.722666,55808,181.1952362060547
1531292912.4190762,56320,181.0985870361328
1531293426.770502,56832,169.6728973388672
1531293939.2120924,57344,170.8697967529297
1531294454.1881409,57856,188.7266845703125
1531294967.8592117,58368,179.8992156982422
1531295483.6528604,58880,184.2400360107422
1531295998.9630573,59392,183.16551208496094
1531296512.7790425,59904,192.52671813964844
1531297025.9367378,60416,188.64271545410156
1531297539.4258847,60928,189.15614318847656
1531298052.4647453,61440,192.73785400390625
1531298565.8033836,61952,183.71885681152344
1531299078.154588,62464,173.8473663330078
1531299591.6767356,62976,182.06338500976562
1531300106.1258147,63488,187.8670654296875
1531300620.43604,64000,202.55653381347656
1531301134.1359837,64512,189.1116180419922
1531301648.353987,65024,204.0520477294922
1531302163.9244974,65536,186.58407592773438
1531302678.4354503,66048,193.77590942382812
1531303191.281497,66560,184.07269287109375
1531303706.6054542,67072,196.3211212158203
1531304220.5409384,67584,204.76559448242188
1531304735.106189,68096,210.7255096435547
1531305248.7075832,68608,210.71363830566406
1531305761.699141,69120,210.5184326171875
1531306274.5110104,69632,204.80738830566406
1531306787.8155096,70144,197.34385681152344
1531307300.7088807,70656,203.73121643066406
1531307813.9070425,71168,206.20233154296875
1531308326.6649928,71680,211.99224853515625
1531308839.6164603,72192,211.0852813720703
1531309352.8405478,72704,210.27110290527344
1531309865.2856648,73216,209.47415161132812
1531310380.6211863,73728,216.6482696533203
1531310894.5251844,74240,215.04684448242188
1531311406.5942738,74752,225.2750244140625
1531311920.9088492,75264,220.91445922851562
1531312433.9859672,75776,219.2381134033203
1531312947.8184433,76288,226.11279296875
1531313462.5114372,76800,228.40625
1531313977.4670672,77312,230.70956420898438
1531322261.277771,78336,230.07432556152344
1531322771.1807663,78848,227.37232971191406
1531323279.9605122,79360,229.6016845703125
1531323789.6441638,79872,226.6343231201172
1531324298.3601913,80384,231.6842041015625
1531324806.6854825,80896,233.7285919189453
1531325314.5252278,81408,247.50115966796875
1531325823.5708842,81920,231.89144897460938
1531326333.13347,82432,225.7971954345703
1531326841.8562486,82944,241.39549255371094
1531327351.55747,83456,232.8603973388672
1531327861.03993,83968,243.73666381835938
1531328370.5081394,84480,242.70718383789062
1531328880.6213558,84992,240.95111083984375
1531329390.718446,85504,245.921630859375
1531329900.7359667,86016,247.226318359375
1531330410.2223017,86528,237.4010772705078
1531330920.5111887,87040,250.54360961914062
1531331430.0311732,87552,240.22457885742188
1531331941.1882493,88064,257.22088623046875
1531332451.2106154,88576,258.42950439453125
1531332959.6987064,89088,249.5597686767578
1531333470.322137,89600,266.1579895019531
1531333980.1757736,90112,260.111328125
1531334489.2412179,90624,257.6845703125
1531334999.8741744,91136,283.09942626953125
1531335510.037744,91648,259.74652099609375
1531336022.4701152,92160,279.93072509765625
1531336532.3742633,92672,251.4598846435547
1531337044.34446,93184,269.8004150390625
1531337555.7609253,93696,268.78668212890625
1531338067.1267972,94208,265.42596435546875
1531338576.6414104,94720,283.8476257324219
1531339088.4049034,95232,303.15313720703125
1531339599.9075902,95744,281.05621337890625
1531340111.4919336,96256,276.6552429199219
1531340620.7217815,96768,273.5906982421875
1531341133.0832446,97280,284.5086669921875
