wall_time,step,value
1531869889.401331,512,0.07686839252710342
1531870584.2399592,1024,0.05850505083799362
1531871271.9843578,1536,0.06708833575248718
1531871957.261264,2048,0.07160419225692749
1531872642.7379777,2560,0.07805486768484116
1531873323.3335328,3072,0.06825120747089386
1531874000.967335,3584,0.09533453732728958
1531874676.6139534,4096,0.10583347082138062
1531875349.2297087,4608,0.09966705739498138
1531876019.5985427,5120,0.08498832583427429
1531876688.6562774,5632,0.09557075798511505
1531877358.756263,6144,0.09276270866394043
1531878029.474209,6656,0.0960291251540184
1531878699.3389535,7168,0.11189241707324982
1531879369.4400382,7680,0.1330626755952835
1531880038.8386538,8192,0.12744194269180298
1531880710.251758,8704,0.10533611476421356
1531881383.306302,9216,0.09547257423400879
1531882058.3355765,9728,0.08761559426784515
1531882733.7045524,10240,0.11084922403097153
1531883409.0314817,10752,0.1325855702161789
1531884081.2211437,11264,0.10236505419015884
1531884756.3731003,11776,0.10779576003551483
1531885429.4411228,12288,0.10197775810956955
1531886102.1355283,12800,0.14719104766845703
1531886775.2285082,13312,0.1119183748960495
1531887449.6866689,13824,0.13800549507141113
1531888124.3594272,14336,0.1227601021528244
1531888797.5946693,14848,0.12280791252851486
1531889470.0128603,15360,0.14406760036945343
1531890144.508676,15872,0.17162057757377625
1531890817.6799908,16384,0.17955966293811798
1531891491.6521332,16896,0.13631205260753632
1531892164.2674935,17408,0.11570139974355698
1531892838.5887027,17920,0.1378130316734314
1531893512.0177445,18432,0.12725701928138733
1531894185.8748791,18944,0.14584165811538696
1531894859.819924,19456,0.16913315653800964
1531895533.6614344,19968,0.12405239790678024
1532075897.7287314,20992,0.13708369433879852
1532076568.9628286,21504,0.14829817414283752
1532077241.0052898,22016,0.11227470636367798
1532077911.947427,22528,0.10314669460058212
1532081986.655432,23552,0.10565768927335739
1532082657.3716817,24064,0.1563202440738678
1532083330.1444645,24576,0.08081035315990448
1532084001.2074897,25088,0.08961732685565948
1532084672.912178,25600,0.11888892203569412
1532085343.8051357,26112,0.14523839950561523
1532086014.7227874,26624,0.1318758726119995
1532086687.8187711,27136,0.0713931992650032
1532087359.4639063,27648,0.07479839026927948
1532088030.3433976,28160,0.0998663604259491
1532088704.2977316,28672,0.11426462978124619
1532089379.12678,29184,0.17262694239616394
1532090049.839936,29696,0.11783576756715775
1532090724.7640796,30208,0.11527468264102936
1532091399.53687,30720,0.08806195110082626
1532092071.0765698,31232,0.11065796762704849
1532092746.1715293,31744,0.13655203580856323
1532093420.8979018,32256,0.10097451508045197
1532094095.6791432,32768,0.12535235285758972
1532094770.7641783,33280,0.12827976047992706
1532095443.3326232,33792,0.09417479485273361
1532096118.4719052,34304,0.13129976391792297
1532096792.636127,34816,0.16768410801887512
1532097466.775904,35328,0.17201121151447296
1532098143.7502577,35840,0.08065729588270187
1532098822.235455,36352,0.09430261701345444
1532099497.620249,36864,0.11062919348478317
1532100173.121967,37376,0.09873146563768387
1532100849.0456994,37888,0.08533104509115219
1532101525.6525495,38400,0.11421208083629608
1532102200.7329483,38912,0.11107513308525085
1532102877.1911995,39424,0.11885491013526917
1532111234.1433856,40448,0.08904453366994858
1532111908.7004871,40960,0.14057795703411102
1532112584.859149,41472,0.07436147332191467
1532113261.2035127,41984,0.08203984797000885
1532113941.8269038,42496,0.11272857338190079
1532114621.3239882,43008,0.10976224392652512
1532115297.9857976,43520,0.10255923867225647
1532115977.0510752,44032,0.08283146470785141
1532116652.9122584,44544,0.12135127931833267
1532117331.491092,45056,0.13283757865428925
1532118009.3417435,45568,0.1436113715171814
1532118685.890392,46080,0.12359372526407242
1532119363.1451926,46592,0.07570701837539673
1532120039.9127495,47104,0.09154649823904037
1532120717.7266932,47616,0.1254437267780304
1532121397.378278,48128,0.08730573207139969
1532122076.9269395,48640,0.14813609421253204
1532122754.6727576,49152,0.10138886421918869
1532123434.6454315,49664,0.14699335396289825
1532124112.5825148,50176,0.1359393298625946
1532124790.6290398,50688,0.10737354308366776
1532125470.2062273,51200,0.06833620369434357
1532126151.9811895,51712,0.08597030490636826
1532126832.4058893,52224,0.1204565167427063
1532127511.3572779,52736,0.1419520229101181
1532128191.6926534,53248,0.08195550739765167
1532128871.5775423,53760,0.13458815217018127
1532129551.534645,54272,0.11111754179000854
1532130230.7969997,54784,0.064473457634449
1532130912.006969,55296,0.09636998176574707
1532131593.813886,55808,0.14737200736999512
1532132273.247851,56320,0.13231779634952545
1532132953.9550266,56832,0.09380153566598892
1532133634.6245944,57344,0.13467752933502197
1532134312.3418422,57856,0.1657661646604538
1532134995.2204704,58368,0.06713506579399109
1532135673.807605,58880,0.11177888512611389
1532136354.6343963,59392,0.10337754338979721
1532137036.5252233,59904,0.15413013100624084
1532137715.3275788,60416,0.11651553213596344
1532138397.402779,60928,0.1357618272304535
1532139077.8442268,61440,0.12295310944318771
1532139758.7723331,61952,0.13074658811092377
1532164888.690111,62976,0.07015141099691391
1532165565.638039,63488,0.09217913448810577
1532166239.6948035,64000,0.09091043472290039
1532166916.9622827,64512,0.12500514090061188
1532167594.5655935,65024,0.11167885363101959
1532168273.0578847,65536,0.1645800918340683
1532168946.8521805,66048,0.09623438864946365
1532169624.780513,66560,0.1002035066485405
1532170302.8219311,67072,0.11294740438461304
1532170978.1696086,67584,0.074212945997715
1532171654.0665622,68096,0.1342894285917282
1532172333.8018658,68608,0.1243956908583641
1532173010.2487385,69120,0.13938258588314056
1532173688.1675375,69632,0.1094307005405426
1532174366.7873607,70144,0.17206637561321259
1532175045.3024216,70656,0.07678481936454773
1532175721.5036457,71168,0.08468860387802124
1532176399.0971768,71680,0.08845352381467819
1532177075.5335193,72192,0.11221866309642792
1532177751.484754,72704,0.1275397390127182
1532178430.8299592,73216,0.07235436886548996
1532179109.265568,73728,0.16210424900054932
1532179786.7980208,74240,0.10815693438053131
1532180467.9709272,74752,0.12172511219978333
1532181146.0088992,75264,0.08657418936491013
1532181821.494418,75776,0.11416354030370712
1532182502.401234,76288,0.10270373523235321
1532183183.2147713,76800,0.05820728465914726
1532183862.0569477,77312,0.10359591245651245
1532184538.4854794,77824,0.09650609642267227
1532185213.3266835,78336,0.10322614759206772
1532185893.0378125,78848,0.12542961537837982
1532186570.6407092,79360,0.12451621890068054
1532187250.495856,79872,0.10631578415632248
1532187929.31321,80384,0.09305788576602936
1532188606.9131205,80896,0.11061859875917435
1532189285.102261,81408,0.10397924482822418
1532189966.0355978,81920,0.12889285385608673
1532190646.278001,82432,0.1430508941411972
1532191325.8870654,82944,0.08947820961475372
1532192005.545035,83456,0.1372377574443817
1532192682.9831917,83968,0.1056625097990036
1532193360.16532,84480,0.16254952549934387
1532194038.7728102,84992,0.12308944016695023
1532194720.6234775,85504,0.14187680184841156
1532195402.5012963,86016,0.06887135654687881
1532196084.4597185,86528,0.12665535509586334
1532196774.8831728,87040,0.10740292817354202
1532197464.3621435,87552,0.13190481066703796
1532198153.0471425,88064,0.10467061400413513
1532198833.8997371,88576,0.13018664717674255
1532199521.8683133,89088,0.138813778758049
1532200197.6839104,89600,0.13812291622161865
1532200877.020183,90112,0.09453460574150085
1532201557.8142576,90624,0.12839561700820923
1532202237.450996,91136,0.12138226628303528
1532202920.407149,91648,0.12013137340545654
1532203601.7975245,92160,0.12779365479946136
1532204278.7419412,92672,0.13676324486732483
1532204957.844375,93184,0.18595752120018005
1532205642.8650146,93696,0.15231770277023315
1532206321.4217615,94208,0.1628006398677826
1532207006.6047196,94720,0.15631328523159027
1532207677.8252077,95232,0.1401311308145523
1532208343.784629,95744,0.1718282401561737
1532209005.106512,96256,0.16246585547924042
1532209672.9756129,96768,0.09806326776742935
1532210334.7083323,97280,0.2070903331041336
