wall_time,step,value
1534048144.710948,512,300.01934814453125
1534051830.2988784,1024,272.9615478515625
1534055577.401489,1536,246.48524475097656
1534059303.0738213,2048,222.81312561035156
1534062935.9647648,2560,206.73008728027344
1534066599.7854245,3072,194.137451171875
1534070276.9273846,3584,186.5097198486328
1534073937.028177,4096,178.0997314453125
1534077575.9274988,4608,171.1073760986328
1534081199.2830088,5120,161.4416046142578
1534084837.275096,5632,154.5130157470703
1534088460.8937876,6144,149.23770141601562
1534092090.4793425,6656,143.4430389404297
1534095709.5032864,7168,140.59361267089844
