wall_time,step,value
1530398025.8339906,512,0.011943868361413479
1530398258.01199,1024,0.05051016807556152
1530398490.4195235,1536,0.047427739948034286
1530398722.6608987,2048,0.026092685759067535
1530398955.9782104,2560,0.04082448408007622
1530399188.2644997,3072,0.045134287327528
1530399421.8964229,3584,0.07008596509695053
1530399655.2184372,4096,0.05758035182952881
1530399888.6418061,4608,0.09309253841638565
1530400122.061654,5120,0.056856658309698105
1530400355.519236,5632,0.08127271384000778
1530400589.2210917,6144,0.07075441628694534
1530400825.5773559,6656,0.054802872240543365
1530401060.2858827,7168,0.09123586863279343
1530401294.6248913,7680,0.08968880027532578
1530401528.4167159,8192,0.05994866043329239
1530401763.4900546,8704,0.057172976434230804
1530401997.1838357,9216,0.07357163727283478
1530402231.6536708,9728,0.03866834565997124
1530402466.2149513,10240,0.04112798720598221
1530402701.2394428,10752,0.0701494812965393
1530402935.4794953,11264,0.15111495554447174
1530403170.5932477,11776,0.06401895731687546
1530403406.276572,12288,0.08493458479642868
1530403640.5659306,12800,0.08242595940828323
1530403874.1714652,13312,0.07387743145227432
1530404108.7242446,13824,0.08072935044765472
1530404343.768279,14336,0.10696635395288467
1530404577.8692374,14848,0.06081632524728775
1530404812.3290615,15360,0.07386411726474762
1530405046.4100466,15872,0.0837012305855751
1530405281.4289815,16384,0.08748334646224976
1530405516.84372,16896,0.07316094636917114
1530405751.5436854,17408,0.07515023648738861
1530405985.4042547,17920,0.08682842552661896
1530406219.9496112,18432,0.07274182885885239
1530406454.3433673,18944,0.06735940277576447
1530406688.8408515,19456,0.0930197536945343
1530406924.1615858,19968,0.06665127724409103
1530407158.928863,20480,0.08110906928777695
1530407393.3065035,20992,0.08357067406177521
1530407627.8176239,21504,0.08516902476549149
1530407862.2248964,22016,0.10371439903974533
1530408097.5406916,22528,0.09550395607948303
1530408331.7245374,23040,0.10727424174547195
1530408566.2284238,23552,0.05047937110066414
1530408800.645579,24064,0.08658406138420105
1530409036.442162,24576,0.1499096304178238
1530409271.1222637,25088,0.12350061535835266
1530409506.6929822,25600,0.0505174919962883
1530409740.2819123,26112,0.07522397488355637
1530409974.8750012,26624,0.09762023389339447
1530410208.5259643,27136,0.12260576337575912
1530410444.8412762,27648,0.0993625745177269
1530410679.6439393,28160,0.08973287045955658
1530410913.9357474,28672,0.09566427767276764
1530411148.5608761,29184,0.07201940566301346
1530411382.673757,29696,0.11804518848657608
1530411618.9751527,30208,0.1066691055893898
1530411852.9524398,30720,0.09610439091920853
1530412088.599708,31232,0.12280645221471786
1530412324.5933182,31744,0.1200994998216629
1530412559.9119117,32256,0.08353649824857712
1530412795.1843462,32768,0.08691678941249847
1530413029.9506953,33280,0.14489516615867615
1530413266.3475208,33792,0.0942966416478157
1530413501.5283773,34304,0.099124014377594
1530413736.7795386,34816,0.07933131605386734
1530413973.593424,35328,0.0730370506644249
1530414209.076052,35840,0.14295007288455963
1530414444.6523702,36352,0.07592329382896423
1530414680.6528597,36864,0.11881855875253677
1530414917.444051,37376,0.08584222942590714
1530415153.2760818,37888,0.07931382954120636
1530415389.6419876,38400,0.08187917619943619
1530547740.9506204,39424,0.08644680678844452
1530547972.734069,39936,0.06902758777141571
1530548203.3606021,40448,0.08684813976287842
1530548435.7542553,40960,0.07610226422548294
1530548666.9176495,41472,0.11344944685697556
1530548897.6331272,41984,0.12851791083812714
1530549129.0173948,42496,0.11101465672254562
1530549361.3646464,43008,0.0664370059967041
1530549592.938155,43520,0.1151343360543251
1530549822.7384722,44032,0.12443278729915619
1530550054.0920684,44544,0.09301614761352539
1530550285.2315152,45056,0.06320647150278091
1530550517.5133014,45568,0.12022077292203903
1530550747.6597173,46080,0.119655080139637
1530550980.0068367,46592,0.10285714268684387
1530551210.9106328,47104,0.09234518557786942
1530551442.7406945,47616,0.08401942998170853
1530551674.5803926,48128,0.09320323914289474
1530551905.9299786,48640,0.13543380796909332
1530552138.9139888,49152,0.11223041266202927
1530552371.1508143,49664,0.115882009267807
1530552604.1646738,50176,0.08245614916086197
1530552837.3019137,50688,0.13237930834293365
1530553070.5405934,51200,0.13658520579338074
1530553302.6064615,51712,0.1404663771390915
1530553534.9432914,52224,0.06082552671432495
1530553766.3851166,52736,0.07520708441734314
1530553998.7298377,53248,0.07089907675981522
1530554230.9879937,53760,0.11597426980733871
1530554464.1776414,54272,0.08458789438009262
1530554695.9037464,54784,0.09099316596984863
1530554929.6856706,55296,0.11329378932714462
1530555162.0259163,55808,0.11465343087911606
1530555394.294117,56320,0.11658166348934174
1530555627.813118,56832,0.14080050587654114
1530555859.8460624,57344,0.07731184363365173
1530556094.002983,57856,0.07032807916402817
1530556327.8868783,58368,0.09993290901184082
1530556561.1053457,58880,0.08287379145622253
1530556794.301049,59392,0.17002111673355103
1530557027.1118674,59904,0.08770535886287689
1530557259.8822615,60416,0.10615147650241852
1530557493.6597638,60928,0.13639630377292633
1530557726.4632409,61440,0.10451630502939224
1530557960.6140068,61952,0.1285085827112198
1530558193.8638113,62464,0.05867812782526016
1530558426.7536502,62976,0.13229122757911682
1530558661.4874003,63488,0.09483855962753296
1530558896.3746328,64000,0.07254587113857269
1530559130.9462247,64512,0.09853126108646393
1530559365.1149683,65024,0.11904457956552505
1530559600.0283997,65536,0.1132267564535141
1530559834.418373,66048,0.12194277346134186
1530560068.111097,66560,0.06797895580530167
1530560303.2127779,67072,0.15017426013946533
1530560536.797211,67584,0.1480952799320221
1530560771.2447364,68096,0.12871399521827698
1530561005.6182692,68608,0.15363380312919617
1530561239.4175792,69120,0.10804726183414459
1530561473.7896626,69632,0.08972320705652237
1530561709.2272854,70144,0.08447623997926712
1530561945.3044183,70656,0.11200221627950668
1530562179.0054626,71168,0.12590135633945465
1530562414.7834196,71680,0.05576382204890251
1530562649.0961783,72192,0.1411639004945755
1530562884.5279083,72704,0.07687611132860184
1530563118.8531113,73216,0.1333630383014679
1530563354.630333,73728,0.1548321545124054
1530563588.2363987,74240,0.08299696445465088
1530563823.3396282,74752,0.11696144193410873
1530564059.4466264,75264,0.10206691175699234
1530564294.7681427,75776,0.08332370221614838
1530564531.6452863,76288,0.08158359676599503
1530564767.557984,76800,0.12511126697063446
1530565004.5798364,77312,0.14733462035655975
1530651917.8341389,78336,0.10683364421129227
1530652149.5574787,78848,0.10852310806512833
1530652380.7883422,79360,0.17008788883686066
1530652613.692008,79872,0.10293234884738922
1530652845.122345,80384,0.029730655252933502
1530653076.4451842,80896,0.17031531035900116
1530653307.4998367,81408,0.11389698833227158
1530653539.0484483,81920,0.04180710017681122
1530653770.7084792,82432,0.146236389875412
1530654002.8327038,82944,0.16630326211452484
1530654234.457797,83456,0.10793528705835342
1530654467.193318,83968,0.08741031587123871
1530654699.9950445,84480,0.1336270421743393
1530654933.5665898,84992,0.06852161139249802
1530655167.2146344,85504,0.09095679223537445
1530655399.5340724,86016,0.1042744368314743
1530655632.0013235,86528,0.13115902245044708
1530655864.752724,87040,0.13063940405845642
1530656098.3135326,87552,0.09358933568000793
1530656332.5054553,88064,0.0820477157831192
1530656565.203909,88576,0.0950484350323677
1530656798.1283484,89088,0.11112310737371445
1530657031.031172,89600,0.12436486035585403
1530657264.063356,90112,0.1152106449007988
1530657498.8270845,90624,0.13200485706329346
1530657732.2045686,91136,0.13458260893821716
1530657965.9855177,91648,0.07100685685873032
1530658199.9459062,92160,0.07727349549531937
1530658432.5937605,92672,0.07666689902544022
1530658666.2701209,93184,0.11561843007802963
1530658900.059378,93696,0.11298565566539764
1530659133.7259526,94208,0.09212688356637955
1530659367.6822057,94720,0.09581346064805984
1530659602.2680986,95232,0.0963522344827652
1530659837.3291993,95744,0.09379186481237411
1530660072.15909,96256,0.18275272846221924
1530660306.9783928,96768,0.10536683350801468
1530660540.405438,97280,0.13252027332782745
