wall_time,step,value
1533212796.449367,512,0.04789196699857712
1533214824.6456563,1024,0.041063424199819565
1533216826.8857713,1536,0.07813871651887894
1533218820.3358092,2048,0.07421199232339859
1533220818.060023,2560,0.06554453819990158
1533222805.0247858,3072,0.06923864036798477
1533224787.762482,3584,0.08842611312866211
1533226775.4434364,4096,0.1325971484184265
1533228765.5093424,4608,0.12329274415969849
1533230740.339518,5120,0.09662694483995438
1533232709.4672327,5632,0.13268165290355682
1533234677.2134252,6144,0.11423351615667343
1533236648.8312542,6656,0.09001128375530243
1533238609.4886713,7168,0.14210902154445648
1533240572.0989091,7680,0.12089771032333374
1533242547.7199135,8192,0.1644153743982315
1533244508.2588525,8704,0.12064945697784424
1533246474.1681678,9216,0.12584799528121948
1533248448.816484,9728,0.15835218131542206
1533250419.8258305,10240,0.16141648590564728
1533252388.2829719,10752,0.14879004657268524
1533254365.9934337,11264,0.08730433881282806
1533256335.116483,11776,0.16226822137832642
1533258320.1428127,12288,0.19311994314193726
1533260298.6937337,12800,0.10489677637815475
1533262272.3450456,13312,0.12717345356941223
1533264252.9618814,13824,0.1469072699546814
1533266229.6465995,14336,0.15012502670288086
1533268177.9979212,14848,0.1396787166595459
1533270145.1055055,15360,0.14845187962055206
1533272106.1328464,15872,0.08277028053998947
1533274081.901246,16384,0.1470506191253662
1533276050.2692306,16896,0.11569463461637497
1533278002.908245,17408,0.13958950340747833
1533279964.2658918,17920,0.117452472448349
1533281926.6794636,18432,0.14706242084503174
1533283881.5742583,18944,0.1513543725013733
1533285837.598998,19456,0.16693401336669922
1533287806.5418484,19968,0.14970126748085022
1533289767.8676248,20480,0.18155962228775024
1533291723.4467177,20992,0.14935509860515594
1533293681.9855456,21504,0.1233125627040863
1533295649.4312794,22016,0.08217455446720123
1533297602.1588097,22528,0.12569084763526917
1533299544.0947063,23040,0.1359461098909378
1533301515.5447595,23552,0.13260518014431
1533303484.2890065,24064,0.1417248547077179
1533305452.309137,24576,0.08860853314399719
1533307415.1426337,25088,0.17578645050525665
1533309384.5787392,25600,0.14445437490940094
1533311351.8251648,26112,0.10892114788293839
1533313311.2533705,26624,0.1098780632019043
1533315284.7470565,27136,0.10991634428501129
1533317254.096836,27648,0.1714285910129547
1533319223.846703,28160,0.12178169935941696
1533321190.0618663,28672,0.17795659601688385
1533323153.0210433,29184,0.12351733446121216
1533554396.506481,29696,0.0735253393650055
1533556361.665478,30208,0.10358328372240067
1533558320.8213027,30720,0.11613857001066208
1533560290.6047468,31232,0.13576939702033997
1533562245.3904808,31744,0.10956894606351852
1533564216.2818916,32256,0.07476070523262024
1533566173.4954147,32768,0.12298569083213806
1533568159.2467487,33280,0.13858196139335632
1533570123.1743832,33792,0.12719941139221191
1533572093.2761436,34304,0.0886814147233963
1533574066.392062,34816,0.1300509124994278
1533576044.192788,35328,0.1373969465494156
1533578021.8124728,35840,0.10967393219470978
1533579995.9957871,36352,0.06539010256528854
1533581979.8741734,36864,0.11090442538261414
1533583951.1937006,37376,0.14401862025260925
1533585918.8872142,37888,0.10734517872333527
1533587887.6737309,38400,0.12004508823156357
1533589867.459809,38912,0.10026971995830536
1533591824.565324,39424,0.13289374113082886
1533593789.283474,39936,0.10544382035732269
1533595754.0955145,40448,0.06863229721784592
1533597732.3798265,40960,0.13005948066711426
1533599699.6688526,41472,0.10721180588006973
1533601665.8389554,41984,0.15988051891326904
1533603635.4503012,42496,0.0703459233045578
1533605611.6526468,43008,0.112151600420475
1533607592.8647416,43520,0.20075470209121704
1533609560.5184894,44032,0.10622096061706543
1533611548.6716936,44544,0.17575588822364807
1533613536.2932906,45056,0.143136128783226
1533615511.8000922,45568,0.09438081085681915
1533617490.168922,46080,0.16365082561969757
1533619468.8528798,46592,0.10859991610050201
1533621435.2243218,47104,0.13878576457500458
1533623412.0239663,47616,0.11052986979484558
1533625393.816323,48128,0.08519566059112549
1533627372.2480094,48640,0.10780297964811325
1533629349.6202464,49152,0.11313411593437195
1533631318.398708,49664,0.13724961876869202
1533633296.1728992,50176,0.08422550559043884
1533635270.0834684,50688,0.07434020936489105
1533637248.23607,51200,0.14902952313423157
1533639242.940351,51712,0.10748185217380524
1533641219.7583234,52224,0.11583676189184189
1533643215.1910279,52736,0.10701093077659607
1533645198.203406,53248,0.12545934319496155
1533647179.6989179,53760,0.1032446026802063
1533649168.3853278,54272,0.08788956701755524
1533651156.5491366,54784,0.13049158453941345
1533653146.5143971,55296,0.11367073655128479
1533655136.624362,55808,0.1341114491224289
1533657112.7772465,56320,0.17736852169036865
1533659097.9129927,56832,0.12263526022434235
1533661077.1685855,57344,0.1547347754240036
1533663054.1393712,57856,0.13934488594532013
1533665054.3965757,58368,0.10060059279203415
1533667064.5437093,58880,0.12350809574127197
1533669054.414259,59392,0.18482087552547455
1533674857.961803,59904,0.12639470398426056
1533676842.340533,60416,0.0994609147310257
1533678821.041347,60928,0.15519846975803375
1533680799.384216,61440,0.10377819836139679
1533682793.2466738,61952,0.12019173055887222
1533684797.2575667,62464,0.1476525515317917
1533686784.547214,62976,0.09266287088394165
1533688771.7180622,63488,0.10701081156730652
1533690769.4899502,64000,0.11402523517608643
1533692752.53319,64512,0.13204056024551392
1533694737.0588028,65024,0.10647396743297577
1533696722.1378467,65536,0.14159080386161804
1533698706.3940153,66048,0.12269756942987442
1533700703.476041,66560,0.10750716179609299
1533702701.4588752,67072,0.11192850768566132
1533704689.4860728,67584,0.11223992705345154
1533706674.585381,68096,0.1603853851556778
1533708675.1520371,68608,0.10836894810199738
1533710685.195701,69120,0.12355036288499832
1533712687.4271429,69632,0.10529860109090805
1533714697.4559076,70144,0.12053777277469635
1533716692.9908762,70656,0.06662203371524811
1533718706.386825,71168,0.0752318948507309
1533720708.0795884,71680,0.0717143565416336
1533722708.352975,72192,0.0932319238781929
1533724700.6201572,72704,0.10200601816177368
1533726706.5550244,73216,0.15807610750198364
1533728701.113203,73728,0.08029498159885406
1533730692.413796,74240,0.11550477147102356
1533732678.7063115,74752,0.15247958898544312
1533734661.6436784,75264,0.10734438896179199
1533736664.1814399,75776,0.12525314092636108
1533738667.018401,76288,0.07830566167831421
1533740671.6717937,76800,0.10981342941522598
1533742691.891209,77312,0.1147703230381012
1533745706.3184562,77824,0.0701267421245575
1533747702.6456387,78336,0.1104469820857048
1533749699.9375064,78848,0.11494870483875275
1533751690.5869486,79360,0.07263164967298508
1533753694.8686109,79872,0.07987852394580841
1533755684.2017379,80384,0.14454835653305054
1533757675.0681689,80896,0.07005178183317184
1533759661.664325,81408,0.0746457502245903
1533761648.7827501,81920,0.06983314454555511
1533763647.0610273,82432,0.07404375821352005
1533765643.6541512,82944,0.162286639213562
1533767626.532945,83456,0.09161339700222015
1533769626.4541566,83968,0.12055336683988571
1533771620.0464816,84480,0.15245743095874786
1533773628.775876,84992,0.06692500412464142
1533775625.6155822,85504,0.08844955265522003
1533777625.0466058,86016,0.08985036611557007
1533779628.8605776,86528,0.10532886534929276
1533781625.3338728,87040,0.10565110296010971
1533783632.4599638,87552,0.08097891509532928
1533785627.1878762,88064,0.07396277785301208
1533787632.7221262,88576,0.11023364216089249
1533789623.3432858,89088,0.11195696890354156
1533791615.336812,89600,0.1308746188879013
1533793612.2790065,90112,0.09113206714391708
1533795612.834658,90624,0.13921231031417847
1533797600.4981678,91136,0.19479306042194366
1533799591.990699,91648,0.10318096727132797
1533801580.0597074,92160,0.11617127805948257
1533803571.0897775,92672,0.09355255216360092
1533805559.2621589,93184,0.10332801938056946
1533807544.4035683,93696,0.09734848886728287
1533809542.6250796,94208,0.10679430514574051
1533811536.6099198,94720,0.07195382565259933
1533813526.1306925,95232,0.14216254651546478
1533815519.8802567,95744,0.09660325944423676
1533817504.941701,96256,0.11403270810842514
1533819500.9567194,96768,0.11497504264116287
1533821498.5036402,97280,0.11479861289262772
