wall_time,step,value
1531476825.6901577,512,2.6841838359832764
1531477611.0738492,1024,2.2296760082244873
1531478391.8030934,1536,1.4083361625671387
1531479166.401405,2048,1.8300995826721191
1531479933.6611457,2560,2.01002836227417
1531480704.9289942,3072,1.5189405679702759
1531481471.3180304,3584,1.1926079988479614
1531482233.8849187,4096,1.3936980962753296
1531482996.5583878,4608,1.2761266231536865
1531483758.5110393,5120,1.3250524997711182
1531484519.4148118,5632,1.0679458379745483
1531485279.1816683,6144,1.331432580947876
1531486042.0135107,6656,1.5818095207214355
1531486804.3290827,7168,1.2381768226623535
1531487566.1615896,7680,1.220171332359314
1531488330.1923745,8192,1.0887919664382935
1531489092.798935,8704,1.7271819114685059
1531489857.9704354,9216,1.3443334102630615
1531490622.0090058,9728,1.376269817352295
1531491386.071643,10240,1.6099141836166382
1531492152.0472171,10752,1.3434585332870483
1531492916.707979,11264,1.0822678804397583
1531493681.4707894,11776,1.1514235734939575
1531494444.9234865,12288,1.1297119855880737
1531495210.6451352,12800,1.33233642578125
1531495973.3563533,13312,1.4057470560073853
1531496739.1170146,13824,1.223924160003662
1531497504.7647488,14336,1.3228074312210083
1531498268.442311,14848,1.4825502634048462
1531499032.4111574,15360,1.2075936794281006
1531499796.4777255,15872,1.2778253555297852
1531500560.5040777,16384,1.3775259256362915
1531501320.493338,16896,1.4618403911590576
1531502082.4886665,17408,1.1367316246032715
1531502842.643936,17920,1.3380364179611206
1531503603.2162926,18432,1.1688215732574463
1531504366.5661976,18944,1.2126730680465698
1531505127.577292,19456,1.1320432424545288
1531505887.371993,19968,1.3075963258743286
1531506650.0560021,20480,1.188553810119629
1531507412.9726338,20992,1.2977690696716309
1531508178.0882082,21504,1.2530542612075806
1531508944.0402987,22016,1.0213935375213623
1531509708.4809918,22528,1.3988531827926636
1531510469.4569635,23040,1.2401460409164429
1531511237.3634076,23552,1.8133994340896606
1531511998.8174918,24064,1.0813493728637695
1531512761.5094204,24576,1.3140759468078613
1531513523.1131577,25088,1.1863127946853638
1531557718.754156,26112,1.1823714971542358
1531558479.23819,26624,1.5229371786117554
1531559238.2386925,27136,1.298193335533142
1531560000.7268124,27648,1.241615653038025
1531560762.42764,28160,1.0264605283737183
1531561525.989695,28672,1.6253808736801147
1531562289.8579786,29184,1.2794256210327148
1531563053.415123,29696,1.0450923442840576
1531563816.916356,30208,1.1558066606521606
1531564577.9782329,30720,1.1483179330825806
1531565341.2603045,31232,0.9218301177024841
1531566101.8426697,31744,1.7835400104522705
1531566865.8845348,32256,1.536519169807434
1531567629.5658612,32768,1.0393344163894653
1531568391.3667762,33280,1.2882829904556274
1531569153.8871672,33792,1.1986193656921387
1531569918.9379392,34304,1.046561598777771
1531570682.5759065,34816,1.2722541093826294
1531571445.4419248,35328,1.2058643102645874
1531572210.2478695,35840,1.5415966510772705
1531572975.6408865,36352,1.61699640750885
1531573738.246715,36864,1.2253934144973755
1531574501.3185976,37376,1.18776535987854
1531575266.1953306,37888,1.6577885150909424
1531576031.5279841,38400,1.1707913875579834
1531576795.9272804,38912,1.872732400894165
1531577560.3910227,39424,1.3766148090362549
1531578324.0376093,39936,1.3075976371765137
1531579089.9216843,40448,1.3948655128479004
1531579853.3045466,40960,0.9353450536727905
1531580618.381915,41472,1.5000131130218506
1531581384.6715891,41984,1.067385196685791
1531582152.3634796,42496,1.8209233283996582
1531582918.8291023,43008,1.2351899147033691
1531583686.1146774,43520,1.9380543231964111
1531584452.853522,44032,0.9759767651557922
1531585220.282581,44544,1.1734625101089478
1531585985.8373055,45056,1.036582112312317
1531586754.6397803,45568,1.273187279701233
1531587523.8691115,46080,1.019802212715149
1531588290.5679626,46592,1.1846646070480347
1531589060.7569115,47104,0.9104713201522827
1531589831.0970643,47616,1.2150700092315674
1531590599.493182,48128,0.8765451908111572
1531591366.3287494,48640,0.9844233393669128
1531592136.0017748,49152,1.2070097923278809
1531592902.617077,49664,1.505157709121704
1531593667.3933144,50176,1.1484466791152954
1531594434.2832825,50688,1.0729621648788452
1531595199.4247549,51200,1.7550904750823975
1531595964.043379,51712,1.061503291130066
1531596728.9060597,52224,0.9995245337486267
1531597497.14965,52736,0.9693828821182251
1531598265.2009258,53248,1.1110684871673584
1531599034.2197626,53760,1.1808050870895386
1531599798.8013062,54272,1.1785064935684204
1531600564.6821487,54784,1.077398419380188
1531601330.9789028,55296,1.1748545169830322
1531602096.7021086,55808,1.7294291257858276
1531602864.372658,56320,1.078450083732605
1531603633.6393576,56832,1.1698682308197021
1531604400.2415326,57344,1.0922307968139648
1531605169.5769176,57856,1.2932548522949219
1531605938.273773,58368,1.784482717514038
1531606705.9095404,58880,1.038515329360962
1531607474.5626943,59392,1.1673674583435059
1531608241.0323987,59904,1.1532593965530396
1531609008.0940585,60416,1.3799169063568115
1531609778.619261,60928,1.1819815635681152
1531617848.7533443,61440,1.2090952396392822
1531618613.2680106,61952,0.956685483455658
1531619382.963509,62464,0.9959372282028198
1531620149.5583704,62976,1.6421481370925903
1531620916.8995636,63488,1.0428156852722168
1531621687.8728087,64000,1.2640190124511719
1531622455.1718016,64512,1.1817408800125122
1531623228.4773939,65024,0.9755374789237976
1531623998.6287248,65536,1.3214678764343262
1531624769.41916,66048,1.3738230466842651
1531625537.0399437,66560,1.1826881170272827
1531626304.6561728,67072,1.0557395219802856
1531627075.6582658,67584,1.9222437143325806
1531627845.6598413,68096,1.4919439554214478
1531628617.2845366,68608,1.037980318069458
1531629385.8540585,69120,1.343680500984192
1531630153.2867653,69632,1.0872302055358887
1531630922.870461,70144,1.2523084878921509
1531631688.7607412,70656,1.0803192853927612
1531632460.1472943,71168,1.1129751205444336
1531633229.3462677,71680,1.0092849731445312
1531634000.4500203,72192,1.271883487701416
1531634769.2521818,72704,1.013648509979248
1531635540.709036,73216,1.296346664428711
1531636307.85363,73728,0.9315482974052429
1531637078.475665,74240,1.6517894268035889
1531637849.882102,74752,1.0271490812301636
1531638615.5974166,75264,1.1244826316833496
1531639382.8521938,75776,1.1935086250305176
1531640150.9539115,76288,0.9922317266464233
1531640922.347065,76800,1.1304395198822021
1531641689.608165,77312,1.1094329357147217
1531642457.846665,77824,1.2511234283447266
1531643229.486633,78336,1.6674799919128418
1531643998.3323903,78848,1.2227206230163574
1531644770.879333,79360,0.9575775265693665
1531645540.2564802,79872,0.9273383617401123
1531646308.827291,80384,1.4583567380905151
1531647074.9524662,80896,1.3537442684173584
1531647843.702927,81408,1.0981734991073608
1531648612.0463295,81920,0.8773330450057983
1531649381.1828995,82432,1.0608916282653809
1531650147.740885,82944,1.2139627933502197
1531650915.6226537,83456,1.067551612854004
1531651684.906298,83968,1.1425366401672363
1531652456.917117,84480,1.4217158555984497
1531653227.717071,84992,1.2315150499343872
1531653996.599523,85504,1.0267466306686401
1531654763.8381224,86016,1.0475276708602905
1531655533.7434266,86528,1.1927186250686646
1531656305.8723395,87040,0.8354683518409729
1531657074.4978764,87552,1.1043866872787476
1531657846.6682959,88064,1.1784021854400635
1531658617.5102394,88576,1.4754077196121216
1531659391.901024,89088,0.9957759380340576
1531660161.414587,89600,2.008394718170166
1531660929.7841635,90112,0.924350380897522
1531661700.5398092,90624,1.1558663845062256
1531662469.9467814,91136,1.45748770236969
1531663240.3850377,91648,1.3735368251800537
1531664012.8389118,92160,1.1509764194488525
1531664782.9726284,92672,1.3372009992599487
1531665553.8298533,93184,1.2761293649673462
1531666324.8000014,93696,0.7960019111633301
1531667098.4778898,94208,1.0486923456192017
1531667867.4449213,94720,1.2320082187652588
1531668639.0166478,95232,1.2948375940322876
1531669410.389527,95744,1.3171977996826172
1531670185.716027,96256,1.007541537284851
1531699917.241282,96768,1.0154080390930176
1531700688.7503011,97280,1.0383085012435913
