wall_time,step,value
1532727873.025725,512,0.3686712086200714
1532974028.0123553,1024,0.32285407185554504
1532975648.2493548,1536,0.2834213674068451
1532977249.8557856,2048,0.2425033301115036
1532978843.5908518,2560,0.22422237694263458
1532980429.2213318,3072,0.2094649225473404
1532982000.0881495,3584,0.20500944554805756
1532983575.8892922,4096,0.2000855654478073
1532985141.5077748,4608,0.1926581710577011
1532986714.3149593,5120,0.17828868329524994
1532988296.6866233,5632,0.17925861477851868
1533118631.770854,6656,0.1605435460805893
1533120196.1918707,7168,0.1538737416267395
1533121760.0876086,7680,0.15321733057498932
1533123304.786411,8192,0.15302333235740662
1533124857.3621283,8704,0.1440517157316208
1533126412.051692,9216,0.1467275768518448
1533127963.9889421,9728,0.14406482875347137
1533129525.4507792,10240,0.13790138065814972
1533131077.0405912,10752,0.13883501291275024
1533132632.7710893,11264,0.13115842640399933
1533134189.3235471,11776,0.12476105242967606
1533135742.528078,12288,0.12260477244853973
1533137299.7274737,12800,0.12386977672576904
1533138863.220942,13312,0.11932679265737534
1533140416.3213263,13824,0.11971314251422882
1533141950.3061185,14336,0.11499866098165512
1533143495.9799652,14848,0.10743458569049835
1533145046.6871817,15360,0.11169999092817307
1533146579.8408709,15872,0.11187749356031418
1533148121.9379554,16384,0.108999103307724
1533149656.212383,16896,0.10224201530218124
1533151204.508658,17408,0.10299187153577805
1533152730.7943513,17920,0.10457336157560349
1533154259.0979695,18432,0.10121136903762817
1533155775.1266284,18944,0.10378666967153549
1533157301.6519053,19456,0.09683755040168762
1533158822.2922323,19968,0.09306550770998001
1533160361.207407,20480,0.09502378851175308
1533161884.7103703,20992,0.09165127575397491
1533163403.8361256,21504,0.08847689628601074
1533164924.8653522,22016,0.08691485226154327
1533166443.8080497,22528,0.08870100975036621
1533167967.9253426,23040,0.0877736508846283
1533169489.241166,23552,0.08020052313804626
1533171008.0937204,24064,0.08387359231710434
1533172523.0509923,24576,0.08067650347948074
1533174045.7677178,25088,0.08830080181360245
1533175559.6719632,25600,0.08197757601737976
1533177085.142062,26112,0.07643979787826538
1533178596.2613516,26624,0.0771876648068428
1533180119.7682166,27136,0.07394362986087799
1533181638.6103323,27648,0.07904918491840363
1533183162.7528574,28160,0.07360909879207611
1533184677.1080005,28672,0.07612793147563934
1533186190.5529044,29184,0.0733603835105896
1533187717.399395,29696,0.07410001754760742
1533189257.0185108,30208,0.071214959025383
1533190779.581168,30720,0.07086950540542603
1533192304.680181,31232,0.06906679272651672
1533193844.6444714,31744,0.07083482295274734
1533195373.771242,32256,0.06944599747657776
1533196901.5337834,32768,0.07040798664093018
1533198422.8264997,33280,0.06805672496557236
1533199959.392927,33792,0.06440471112728119
1533201500.7554276,34304,0.06825617700815201
1533203037.9614012,34816,0.06930002570152283
1533204583.7616727,35328,0.06797420233488083
1533206126.202625,35840,0.06476709246635437
1533207671.2566118,36352,0.06347724050283432
1533209215.262439,36864,0.06366103887557983
1533210753.27874,37376,0.06299145519733429
1533357202.8410609,37888,0.06346634775400162
1533358724.9400105,38400,0.06120750680565834
1533360261.6652918,38912,0.06008639931678772
1533361792.417981,39424,0.05946449935436249
1533363322.1279414,39936,0.06282419711351395
1533364860.5340543,40448,0.06224152818322182
1533366386.792084,40960,0.05755392462015152
1533367930.2326028,41472,0.05854281783103943
1533369467.8766932,41984,0.06201355531811714
1533370999.024454,42496,0.05908116325736046
1533372544.8943157,43008,0.05892941355705261
1533374073.3184035,43520,0.05944688245654106
1533375616.5049267,44032,0.05841614305973053
1533377149.077523,44544,0.05496387928724289
1533378692.1539335,45056,0.05741434916853905
1533380235.0082893,45568,0.05567905679345131
1533381776.543394,46080,0.05690936744213104
1533383315.848588,46592,0.05888499692082405
1533384858.903854,47104,0.05820296332240105
1533386410.9903395,47616,0.05305591598153114
1533402134.0012486,48640,0.053947217762470245
1533403675.6634698,49152,0.054060425609350204
1533405232.2746627,49664,0.05284985154867172
1533406774.0976508,50176,0.05343266576528549
1533408326.5092542,50688,0.05343100056052208
1533409889.6030812,51200,0.05096058547496796
1533411438.5050118,51712,0.0489901527762413
1533412985.6799028,52224,0.05214385688304901
1533414534.6655774,52736,0.05208609253168106
1533416096.2480452,53248,0.05148433893918991
1533417662.3681257,53760,0.05077759176492691
1533419226.6636953,54272,0.05353621765971184
1533420803.0216658,54784,0.05263318493962288
1533422359.4504056,55296,0.04856444150209427
1533423916.0816505,55808,0.051989492028951645
1533425469.547238,56320,0.04887738451361656
1533427050.2797716,56832,0.05062754824757576
1533428619.4680367,57344,0.04933641105890274
1533430184.4272058,57856,0.05296938866376877
1533431764.1202977,58368,0.04858734458684921
1533433332.3283124,58880,0.051145829260349274
1533434894.9625142,59392,0.049179352819919586
1533436454.2142835,59904,0.05005403980612755
1533438029.9264526,60416,0.049804504960775375
1533439601.0879762,60928,0.0477190725505352
1533441175.3292737,61440,0.046912290155887604
1533442758.4343193,61952,0.0482761450111866
1533444327.5719635,62464,0.04975654557347298
1533445900.1292756,62976,0.045570190995931625
1533447468.8561661,63488,0.04670839384198189
1533449035.256149,64000,0.04787161573767662
1533450609.9538739,64512,0.04866492375731468
1533452173.843457,65024,0.0421399362385273
1533453758.4014785,65536,0.04615451395511627
1533455327.8259864,66048,0.04419528320431709
1533456918.280106,66560,0.045286014676094055
1533458485.2757547,67072,0.04484732821583748
1533460044.9217095,67584,0.04619342461228371
1533461627.6301236,68096,0.045058757066726685
1533463193.545901,68608,0.043657086789608
1533464769.9959538,69120,0.04648509621620178
1533466355.4452198,69632,0.046372734010219574
1533467931.9506226,70144,0.044780511409044266
1533469502.5458968,70656,0.0446968600153923
1533471086.4816225,71168,0.04697364941239357
1533472674.8053856,71680,0.043959781527519226
1533474258.2294793,72192,0.042105916887521744
1533475839.816751,72704,0.043737709522247314
1533477421.4980156,73216,0.04376092180609703
1533479003.5107095,73728,0.04401450231671333
1533480596.4914367,74240,0.04405598342418671
1533483602.1613064,75264,0.04281365126371384
1533485182.2206044,75776,0.04348750039935112
1533486753.3133256,76288,0.04137175530195236
1533488331.024488,76800,0.04411546140909195
1533489905.2079222,77312,0.04372439906001091
1533491483.3052142,77824,0.04386603459715843
1533493051.6226008,78336,0.04021032154560089
1533494628.0518093,78848,0.044501494616270065
1533496203.018099,79360,0.04400976747274399
1533497770.2591746,79872,0.044468920677900314
1533499341.2524211,80384,0.04069114476442337
1533500922.8669014,80896,0.041723694652318954
1533502506.8405151,81408,0.040749579668045044
1533504085.1436772,81920,0.04061264544725418
1533505649.4069176,82432,0.04145919531583786
1533507242.202135,82944,0.03995613008737564
1533508812.6638696,83456,0.04236849769949913
1533510394.982515,83968,0.04215418919920921
1533511978.685158,84480,0.04245297610759735
1533513562.951989,84992,0.04277951270341873
1533515143.7438064,85504,0.03934306651353836
1533516733.6264985,86016,0.0389651358127594
1533518318.075294,86528,0.0437440387904644
1533519897.7144697,87040,0.04046008735895157
1533521484.7570584,87552,0.04418860748410225
1533523058.4035604,88064,0.04192637652158737
1533524640.2443554,88576,0.03982415050268173
1533526229.651842,89088,0.04217527434229851
1533527812.3377717,89600,0.03907649219036102
1533529401.531082,90112,0.039102841168642044
1533530986.9990373,90624,0.03860609605908394
1533532567.648527,91136,0.04296911135315895
1533534151.599791,91648,0.03710459917783737
1533535733.0237179,92160,0.039917901158332825
1533537310.4063106,92672,0.03876073285937309
1533538891.3360472,93184,0.03908097743988037
1533540460.1678216,93696,0.03905326500535011
1533542039.2755096,94208,0.038878846913576126
1533543620.8641832,94720,0.04063311964273453
1533545212.7516987,95232,0.039827845990657806
1533546789.424457,95744,0.04036456719040871
1533548375.5525734,96256,0.03860814496874809
1533549965.6756475,96768,0.03992712125182152
1533551547.3087347,97280,0.039831314235925674
