wall_time,step,value
1532726564.200681,128,0.9998807311058044
1532726861.1530466,256,0.9998794198036194
1532727158.0862885,384,0.9998795986175537
1532727454.8552186,512,0.9998820424079895
1532972675.8924546,640,0.9998841881752014
1532972972.7573946,768,0.9998847842216492
1532973269.6383336,896,0.999884843826294
1532973566.564967,1024,0.9998859763145447
1532974322.265107,1152,0.9998860359191895
1532974619.1527593,1280,0.9998853802680969
1532974916.083715,1408,0.9998859763145447
1532975212.985536,1536,0.9998854398727417
1532975942.6253357,1664,0.999885618686676
1532976239.6019657,1792,0.999885618686676
1532976536.526984,1920,0.9998856782913208
1532976833.6057148,2048,0.9998849034309387
1532977544.0708463,2176,0.999885082244873
1532977841.011278,2304,0.9998849034309387
1532978137.9605742,2432,0.9998852014541626
1532978434.8913574,2560,0.9998855590820312
1532979138.340972,2688,0.9998859763145447
1532979435.5280428,2816,0.9998859167098999
1532979732.718992,2944,0.9998855590820312
1532980029.9135385,3072,0.999886155128479
1532980723.7485514,3200,0.9998862743377686
1532981020.901099,3328,0.9998856782913208
1532981318.1266992,3456,0.9998859763145447
1532981615.3707786,3584,0.9998866319656372
1532982294.8840997,3712,0.9998870491981506
1532982592.2201998,3840,0.999887228012085
1532982889.4964497,3968,0.9998868107795715
1532983186.7582734,4096,0.9998869895935059
1532983870.5617208,4224,0.9998866319656372
1532984167.779014,4352,0.9998867511749268
1532984464.8880079,4480,0.999887228012085
1532984762.036741,4608,0.9998875856399536
1532985436.1748989,4736,0.9998870491981506
1532985733.180884,4864,0.999888002872467
1532986030.5270252,4992,0.9998878836631775
1532986327.9044776,5120,0.999887228012085
1532987008.7279794,5248,0.9998877644538879
1532987305.9179797,5376,0.9998878240585327
1532987602.9473252,5504,0.999887228012085
1532987900.0763679,5632,0.9998886585235596
1532988591.4450839,5760,0.9998887777328491
1532988888.4749885,5888,0.9998888969421387
1532989185.6365247,6016,0.9998884797096252
1533117365.1937177,6272,0.9998891353607178
1533117661.8656025,6400,0.9998895525932312
1533117958.406523,6528,0.9998893141746521
1533118254.8585558,6656,0.9998893141746521
1533118925.5831804,6784,0.9998897910118103
1533119222.063632,6912,0.9998893737792969
1533119518.7886794,7040,0.9998888373374939
1533119815.412752,7168,0.99988853931427
1533120489.9242098,7296,0.9998891949653625
1533120786.7891355,7424,0.9998894333839417
1533121083.4686859,7552,0.999889075756073
1533121380.2141593,7680,0.9998889565467834
1533122053.879142,7808,0.9998883008956909
1533122350.5282683,7936,0.9998883605003357
1533122647.1432261,8064,0.9998887181282043
1533122943.7302577,8192,0.9998887181282043
1533123598.7988896,8320,0.9998887777328491
1533123895.5428357,8448,0.9998886585235596
1533124192.4767525,8576,0.9998888969421387
1533124489.4479935,8704,0.9998893141746521
1533125151.5318558,8832,0.9998890161514282
1533125448.3820612,8960,0.9998887777328491
1533125745.3015373,9088,0.9998891949653625
1533126042.1635864,9216,0.9998897910118103
1533126706.11962,9344,0.9998902082443237
1533127003.089681,9472,0.9998905062675476
1533127300.0548093,9600,0.999890148639679
1533127597.0741606,9728,0.9998903870582581
1533128258.1301184,9856,0.999890923500061
1533128555.0839965,9984,0.9998911023139954
1533128851.7977242,10112,0.999891459941864
1533129148.5768778,10240,0.9998918175697327
1533129819.5498965,10368,0.9998898506164551
1533130116.3868306,10496,0.9998918175697327
1533130413.2865105,10624,0.9998908638954163
1533130710.2242742,10752,0.9998902678489685
1533131371.0485423,10880,0.9998902678489685
1533131667.8203878,11008,0.9998906254768372
1533131964.6028917,11136,0.9998900890350342
1533132261.3777034,11264,0.9998895525932312
1533132926.7317882,11392,0.9998916387557983
1533133223.561719,11520,0.9998911023139954
1533133520.4111009,11648,0.999890148639679
1533133817.2631814,11776,0.9998902082443237
1533134483.205294,11904,0.9998906850814819
1533134779.980005,12032,0.9998911619186401
1533135076.7184942,12160,0.9998908638954163
1533135373.3974748,12288,0.9998907446861267
1533136036.4134276,12416,0.9998906254768372
1533136333.0497475,12544,0.9998923540115356
1533136629.7218742,12672,0.9998913407325745
1533136926.5065777,12800,0.9998910427093506
1533137593.6685088,12928,0.9998903870582581
1533137890.3991587,13056,0.9998913407325745
1533138187.215875,13184,0.9998911619186401
1533138483.80779,13312,0.9998924732208252
1533139157.1789353,13440,0.999890923500061
1533139453.912784,13568,0.9998912215232849
1533139750.5586734,13696,0.9998916983604431
1533140047.341175,13824,0.9998911619186401
1533140710.3711581,13952,0.9998918175697327
1533141007.1858747,14080,0.9998933672904968
1533141304.0700414,14208,0.9998911619186401
1533141600.796716,14336,0.9998927712440491
1533142244.3157995,14464,0.9998924136161804
1533142541.060267,14592,0.99989253282547
1533142837.910692,14720,0.99989253282547
1533143134.733824,14848,0.9998927116394043
1533143790.0378153,14976,0.9998922944068909
1533144086.8004158,15104,0.9998909831047058
1533144383.4653924,15232,0.9998927712440491
1533144680.1225445,15360,0.9998927116394043
1533145340.6720705,15488,0.9998919367790222
1533145637.4132016,15616,0.9998927712440491
1533145934.1548815,15744,0.9998936653137207
1533146230.785156,15872,0.9998924732208252
1533146873.9275231,16000,0.9998939037322998
1533147170.6113887,16128,0.9998927116394043
1533147467.273397,16256,0.9998934864997864
1533147763.9357474,16384,0.9998924136161804
1533148416.115698,16512,0.9998928308486938
1533148712.8803098,16640,0.9998915195465088
1533149009.6935263,16768,0.9998918771743774
1533149306.269199,16896,0.9998920559883118
1533149950.4829876,17024,0.9998920559883118
1533150247.4052138,17152,0.9998924732208252
1533150544.21527,17280,0.9998916387557983
1533150841.0290887,17408,0.9998931288719177
1533151498.677954,17536,0.9998918771743774
1533151795.4438028,17664,0.9998915195465088
1533152092.2564194,17792,0.9998924136161804
1533152389.0994241,17920,0.9998919367790222
1533153025.0514147,18048,0.9998924732208252
1533153321.8777757,18176,0.9998916983604431
1533153618.7655046,18304,0.9998922944068909
1533153915.6372375,18432,0.9998916983604431
1533154553.27729,18560,0.9998922348022461
1533154850.0171309,18688,0.9998923540115356
1533155146.743931,18816,0.9998916387557983
1533155443.42916,18944,0.9998916983604431
1533156069.3101501,19072,0.9998923540115356
1533156366.1317472,19200,0.999891459941864
1533156663.0321465,19328,0.9998927116394043
1533156959.9748156,19456,0.9998918771743774
1533157595.7166142,19584,0.9998921751976013
1533157892.516033,19712,0.9998923540115356
1533158189.3419127,19840,0.9998922944068909
1533158486.2718353,19968,0.9998916983604431
1533159116.4604328,20096,0.9998924136161804
1533159413.2041295,20224,0.9998926520347595
1533159710.0031486,20352,0.9998916387557983
1533160006.8182173,20480,0.9998934268951416
1533160655.4368703,20608,0.9998923540115356
1533160952.2208297,20736,0.9998923540115356
1533161248.8129241,20864,0.9998932480812073
1533161545.5660367,20992,0.9998939037322998
1533162179.0705845,21120,0.999894917011261
1533162475.8979974,21248,0.9998929500579834
1533162772.635922,21376,0.9998927116394043
1533163069.4643042,21504,0.9998931884765625
1533163698.069183,21632,0.99989253282547
1533163994.701365,21760,0.9998928904533386
1533164291.3318117,21888,0.9998934268951416
1533164588.0725834,22016,0.9998922348022461
1533165219.0739744,22144,0.9998930096626282
1533165515.7341652,22272,0.9998947978019714
1533165812.4874501,22400,0.9998924136161804
1533166109.0873742,22528,0.9998941421508789
1533166738.0768259,22656,0.9998945593833923
1533167034.9188313,22784,0.9998933672904968
1533167331.7025075,22912,0.9998942613601685
1533167628.554191,23040,0.9998940825462341
1533168262.1661375,23168,0.9998942613601685
1533168558.8264804,23296,0.9998942613601685
1533168855.5278418,23424,0.9998926520347595
1533169152.1317203,23552,0.9998933672904968
1533169783.3043947,23680,0.999893069267273
1533170079.9803593,23808,0.9998950958251953
1533170376.6063216,23936,0.9998937845230103
1533170673.194719,24064,0.9998945593833923
1533171302.2462015,24192,0.9998928904533386
1533171599.0079894,24320,0.999894380569458
1533171895.4763887,24448,0.9998946785926819
1533172192.3895407,24576,0.9998937249183655
1533172817.2644222,24704,0.9998950362205505
1533173113.8935435,24832,0.9998939633369446
1533173410.6657317,24960,0.999894380569458
1533173707.396016,25088,0.9998950958251953
1533174339.8147097,25216,0.9998955726623535
1533174636.5612779,25344,0.9998961687088013
1533174933.1098952,25472,0.9998933672904968
1533175229.7235944,25600,0.9998947381973267
1533175854.1122077,25728,0.9998964667320251
1533176151.0186994,25856,0.9998953938484192
1533176447.8178437,25984,0.999895453453064
1533176744.7820928,26112,0.9998952746391296
1533177379.4863722,26240,0.9998965263366699
1533177676.2826703,26368,0.999896764755249
1533177973.1302803,26496,0.9998950362205505
1533178269.9079926,26624,0.9998952150344849
1533178890.5378497,26752,0.9998957514762878
1533179187.3729832,26880,0.9998951554298401
1533179484.1175225,27008,0.999894380569458
1533179780.8648787,27136,0.9998953342437744
1533180414.1770782,27264,0.9998957514762878
1533180711.1142101,27392,0.9998956918716431
1533181007.9660342,27520,0.9998953342437744
1533181304.8874547,27648,0.9998961091041565
1533181932.9535356,27776,0.9998946785926819
1533182229.861245,27904,0.9998970031738281
1533182526.788602,28032,0.9998955726623535
1533182823.8963106,28160,0.999894380569458
1533183457.2352164,28288,0.9998944997787476
1533183754.1610937,28416,0.9998952746391296
1533184051.131852,28544,0.9998942017555237
1533184348.1981366,28672,0.9998958110809326
1533184971.4394865,28800,0.9998944401741028
1533185268.3097012,28928,0.999894917011261
1533185565.132483,29056,0.9998960494995117
1533185861.943258,29184,0.9998950362205505
1533186484.828205,29312,0.9998955726623535
1533186781.7301,29440,0.9998975396156311
1533187078.5744164,29568,0.9998958110809326
1533187375.486822,29696,0.9998965263366699
1533188011.722254,29824,0.9998955726623535
1533188308.7735195,29952,0.9998981952667236
1533188605.7912898,30080,0.9998948574066162
1533188902.8099833,30208,0.9998968839645386
1533189551.494157,30336,0.999897837638855
1533189848.5237727,30464,0.9998965263366699
1533190145.5402746,30592,0.9998958706855774
1533190442.568861,30720,0.9998958110809326
1533191073.9870815,30848,0.9998976588249207
1533191370.8055649,30976,0.9998970031738281
1533191667.7330952,31104,0.9998977184295654
1533191964.6710727,31232,0.9998964071273804
1533192598.5582922,31360,0.9998948574066162
1533192895.479014,31488,0.9998975992202759
1533193192.345635,31616,0.9998974204063416
1533193489.207397,31744,0.9998981952667236
1533194138.8468883,31872,0.9998969435691833
1533194435.6450472,32000,0.999898374080658
1533194732.3330693,32128,0.9998994469642639
1533195029.1143932,32256,0.999896764755249
1533195668.134584,32384,0.999898374080658
1533195965.125341,32512,0.9998968839645386
1533196261.9897673,32640,0.9998987317085266
1533196558.8422081,32768,0.999898374080658
1533197195.7061958,32896,0.9998981952667236
1533197492.592535,33024,0.9998970031738281
1533197789.4736588,33152,0.9998980164527893
1533198086.3404558,33280,0.9998956322669983
1533198717.0985773,33408,0.999897301197052
1533199013.8957732,33536,0.9998966455459595
1533199310.831849,33664,0.9998988509178162
1533199607.386629,33792,0.9998977780342102
1533200253.7697513,33920,0.9998985528945923
1533200550.6276972,34048,0.9998981356620789
1533200847.499279,34176,0.9998985528945923
1533201144.401794,34304,0.9998993873596191
1533201794.9114556,34432,0.9998993873596191
1533202091.860289,34560,0.9998974800109863
1533202388.7666237,34688,0.9998974800109863
1533202685.4768455,34816,0.99989914894104
1533203332.1200948,34944,0.99989914894104
1533203628.9700913,35072,0.9998970627784729
1533203925.8676283,35200,0.9998992085456848
1533204222.6943424,35328,0.9998984932899475
1533204877.8666198,35456,0.9998989701271057
1533205174.5681427,35584,0.9998984932899475
1533205471.34883,35712,0.9998985528945923
1533205767.9429364,35840,0.9998998641967773
1533206420.4178581,35968,0.9999008178710938
1533206717.257909,36096,0.9998981356620789
1533207014.0227182,36224,0.9998987317085266
1533207310.936001,36352,0.9998990297317505
1533207965.3959816,36480,0.9999001622200012
1533208262.0696352,36608,0.9998993873596191
1533208558.830022,36736,0.9998994469642639
1533208855.5842211,36864,0.999901294708252
1533209509.1784618,36992,0.9998990893363953
1533209805.9339073,37120,0.999901294708252
1533210102.6605296,37248,0.9998982548713684
1533210399.4625018,37376,0.9999005198478699
1533355941.3386214,37504,0.9998995661735535
1533356248.528489,37632,0.9999009370803833
1533356555.8918655,37760,0.9998986721038818
1533356863.0332448,37888,0.9998980760574341
1533357497.177537,38016,0.9998985528945923
1533357794.0249956,38144,0.9998976588249207
1533358091.1318269,38272,0.999901533126831
1533358388.093738,38400,0.999900221824646
1533359019.5898015,38528,0.9998984932899475
1533359316.6391616,38656,0.9999014139175415
1533359613.5424721,38784,0.9998977780342102
1533359910.5032113,38912,0.9999004602432251
1533360556.204149,39040,0.9998992085456848
1533360853.1352355,39168,0.9998998641967773
1533361149.937039,39296,0.9999019503593445
1533361446.8842773,39424,0.9998997449874878
1533362087.1688285,39552,0.9998998045921326
1533362384.1350355,39680,0.9998995661735535
1533362681.1391866,39808,0.9999026656150818
1533362978.2195187,39936,0.999899685382843
1533363616.6641474,40064,0.9999017715454102
1533363913.711686,40192,0.9999006986618042
1533364210.850259,40320,0.9999017119407654
1533364507.882206,40448,0.9999034404754639
1533365155.213457,40576,0.9999021887779236
1533365452.2947202,40704,0.9999021887779236
1533365749.431365,40832,0.9999008774757385
1533366046.6185358,40960,0.9998993873596191
1533366681.4998562,41088,0.9999009370803833
1533366978.4361494,41216,0.999898374080658
1533367275.5051446,41344,0.9999004602432251
1533367572.6290188,41472,0.9999025464057922
1533368224.906484,41600,0.9999017119407654
1533368521.8449986,41728,0.9999024868011475
1533368818.8776462,41856,0.9999006390571594
1533369115.8870568,41984,0.999903678894043
1533369762.519773,42112,0.9999022483825684
1533370059.542674,42240,0.9999003410339355
1533370356.410966,42368,0.9999020099639893
1533370653.4393687,42496,0.9999004602432251
1533371293.670659,42624,0.9999013543128967
1533371590.609699,42752,0.9999011754989624
1533371887.7833598,42880,0.9999027848243713
1533372184.770231,43008,0.9999023079872131
1533372839.4784641,43136,0.9999003410339355
1533373136.4262865,43264,0.9998993277549744
1533373433.302516,43392,0.999901294708252
1533373730.230683,43520,0.9999014735221863
1533374367.8931403,43648,0.999899685382843
1533374664.7892315,43776,0.9999009966850281
1533374961.7723484,43904,0.9999033212661743
1533375258.695053,44032,0.9999025464057922
1533375910.7744908,44160,0.9999010562896729
1533376207.6411767,44288,0.9998999834060669
1533376504.5704012,44416,0.9999029636383057
1533376801.4082172,44544,0.9999023675918579
1533377443.5533752,44672,0.999903678894043
1533377740.4547768,44800,0.999902069568634
1533378037.2896724,44928,0.9999024271965027
1533378334.0761278,45056,0.9999026656150818
1533378986.7863798,45184,0.999901533126831
1533379283.9713497,45312,0.9999037981033325
1533379581.101627,45440,0.9999018311500549
1533379878.1864083,45568,0.9999029040336609
1533380529.8404355,45696,0.9999029040336609
1533380826.9816337,45824,0.9999023675918579
1533381124.0635192,45952,0.9999023675918579
1533381421.0993922,46080,0.9999015927314758
1533382071.3135388,46208,0.9999004006385803
1533382368.3749347,46336,0.9999025464057922
1533382665.5662365,46464,0.9999010562896729
1533382962.756474,46592,0.9999019503593445
1533383610.5586827,46720,0.9999033808708191
1533383907.5764594,46848,0.9999006986618042
1533384204.733189,46976,0.9999037384986877
1533384501.877934,47104,0.9999024271965027
1533385153.7554982,47232,0.9999029040336609
1533385451.3410935,47360,0.9999010562896729
1533385749.077044,47488,0.9999013543128967
1533386046.6562095,47616,0.9999021291732788
1533386705.639116,47744,0.9999024868011475
1533387002.6403062,47872,0.9999026656150818
1533387299.5999258,48000,0.9999028444290161
1533400854.3302152,48256,0.9999006986618042
1533401161.3136752,48384,0.9999018311500549
1533401468.3301246,48512,0.9999023079872131
1533401775.3969417,48640,0.9999009966850281
1533402428.1334968,48768,0.9999022483825684
1533402724.555506,48896,0.9999022483825684
1533403021.1386995,49024,0.9999025464057922
1533403317.5509443,49152,0.9998992085456848
1533403969.8519702,49280,0.9999027848243713
1533404266.448269,49408,0.999902606010437
1533404563.009815,49536,0.999902606010437
1533404859.5204277,49664,0.9999023675918579
1533405526.385939,49792,0.9999047517776489
1533405822.9249487,49920,0.99990314245224
1533406119.3915691,50048,0.9999035596847534
1533406415.9135127,50176,0.9999021887779236
1533407068.2652693,50304,0.9999032020568848
1533407364.89091,50432,0.9999025464057922
1533407661.4983945,50560,0.9999035596847534
1533407958.117616,50688,0.9999018311500549
1533408620.8799865,50816,0.9999009966850281
1533408917.4283924,50944,0.9999036192893982
1533409213.9465082,51072,0.9999024868011475
1533409510.6491222,51200,0.999904215335846
1533410183.856133,51328,0.9999011158943176
1533410480.4368732,51456,0.9999047517776489
1533410776.8736894,51584,0.9999034404754639
1533411073.573344,51712,0.9999009370803833
1533411732.7270873,51840,0.9999036192893982
1533412029.376233,51968,0.9999046325683594
1533412325.9852977,52096,0.999902606010437
1533412622.5455477,52224,0.9999030828475952
1533413279.9082325,52352,0.999902606010437
1533413576.3875537,52480,0.9999037384986877
1533413872.909015,52608,0.999904990196228
1533414169.503279,52736,0.9999027848243713
1533414828.9217305,52864,0.9999043941497803
1533415125.4208844,52992,0.9999036192893982
1533415421.9857547,53120,0.999904990196228
1533415718.5828376,53248,0.9999038577079773
1533416390.3007205,53376,0.9999043941497803
1533416686.8867197,53504,0.9999043941497803
1533416983.336471,53632,0.9999028444290161
1533417279.71977,53760,0.9999035000801086
1533417956.533496,53888,0.9999034404754639
1533418253.069,54016,0.9999030828475952
1533418549.5473528,54144,0.9999041557312012
1533418846.0916688,54272,0.9999030232429504
1533419520.737288,54400,0.9999030232429504
1533419817.1895623,54528,0.9999037981033325
1533420113.683938,54656,0.9999054670333862
1533420410.1072989,54784,0.999904453754425
1533421097.1577435,54912,0.9999043345451355
1533421393.6511185,55040,0.9999050498008728
1533421690.1935048,55168,0.9999035596847534
1533421986.7191083,55296,0.9999035596847534
1533422653.5030477,55424,0.9999036192893982
1533422949.9369977,55552,0.9999043345451355
1533423246.3551028,55680,0.9999059438705444
1533423542.9140754,55808,0.9999029040336609
1533424210.2501519,55936,0.9999039173126221
1533424506.8646204,56064,0.9999056458473206
1533424803.4346306,56192,0.9999032616615295
1533425100.040765,56320,0.9999034404754639
1533425764.1504643,56448,0.9999058246612549
1533426061.0568151,56576,0.9999039173126221
1533426357.9013414,56704,0.9999032020568848
1533426654.6400728,56832,0.9999048113822937
1533427344.8852205,56960,0.9999033212661743
1533427641.7913337,57088,0.9999057054519653
1533427938.559872,57216,0.9999057054519653
1533428235.4106748,57344,0.9999053478240967
1533428914.0805802,57472,0.9999051690101624
1533429210.9150448,57600,0.9999042749404907
1533429507.8411958,57728,0.9999059438705444
1533429804.7075858,57856,0.9999052286148071
1533430478.9475942,57984,0.9999050498008728
1533430775.9283106,58112,0.9999046921730042
1533431072.751833,58240,0.9999041557312012
1533431369.610917,58368,0.9999040365219116
1533432058.6455998,58496,0.999904453754425
1533432355.379021,58624,0.9999042749404907
1533432652.1044402,58752,0.9999057054519653
1533432948.7938707,58880,0.9999055862426758
1533433626.7912724,59008,0.9999064803123474
1533433923.585267,59136,0.9999046325683594
1533434220.4092636,59264,0.9999069571495056
1533434517.2406113,59392,0.9999035596847534
1533435189.4731202,59520,0.999906063079834
1533435486.3886666,59648,0.9999055862426758
1533435783.3537438,59776,0.9999049305915833
1533436080.323511,59904,0.9999056458473206
1533436748.7120495,60032,0.9999053478240967
1533437045.5594356,60160,0.9999045729637146
1533437342.4365966,60288,0.999905526638031
1533437639.2667503,60416,0.9999035000801086
1533438324.4697177,60544,0.9999061822891235
1533438621.4148757,60672,0.9999033808708191
1533438918.2684233,60800,0.9999034404754639
1533439215.0796053,60928,0.9999041557312012
1533439895.53214,61056,0.9999046325683594
1533440192.4595168,61184,0.9999023675918579
1533440489.138095,61312,0.999904990196228
1533440785.699762,61440,0.9999034404754639
1533441469.8092637,61568,0.9999037981033325
1533441766.7777145,61696,0.9999064207077026
1533442063.7317848,61824,0.9999041557312012
1533442360.6024647,61952,0.9999060034751892
1533443052.8786767,62080,0.9999063611030579
1533443349.697135,62208,0.9999058246612549
1533443646.4212923,62336,0.9999068975448608
1533443943.2639542,62464,0.9999071955680847
1533444622.017063,62592,0.9999067783355713
1533444918.9613872,62720,0.9999051094055176
1533445215.618406,62848,0.9999054074287415
1533445512.2820516,62976,0.9999075531959534
1533446194.5928624,63104,0.9999067187309265
1533446491.4771757,63232,0.9999057054519653
1533446788.263364,63360,0.9999064207077026
1533447084.9238298,63488,0.9999048113822937
1533447763.1190157,63616,0.9999050498008728
1533448059.8147867,63744,0.9999068379402161
1533448356.4713266,63872,0.9999051094055176
1533448653.1707523,64000,0.9999052882194519
1533449329.440031,64128,0.9999046921730042
1533449626.074844,64256,0.9999076128005981
1533449922.8664377,64384,0.9999059438705444
1533450219.5496588,64512,0.9999057054519653
1533450904.1809275,64640,0.9999057054519653
1533451200.7628486,64768,0.9999043941497803
1533451497.3676267,64896,0.9999076724052429
1533451793.9289129,65024,0.999904453754425
1533452468.1432416,65152,0.9999075531959534
1533452764.7312613,65280,0.9999079704284668
1533453061.2742555,65408,0.9999063611030579
1533453357.9161756,65536,0.9999068379402161
1533454052.4999716,65664,0.9999066591262817
1533454349.1099153,65792,0.999904215335846
1533454645.8702574,65920,0.9999065399169922
1533454942.4336302,66048,0.9999060034751892
1533455621.9671607,66176,0.9999064803123474
1533455918.6591418,66304,0.999907374382019
1533456215.13823,66432,0.9999051094055176
1533456511.477124,66560,0.9999085664749146
1533457212.2706156,66688,0.9999070167541504
1533457508.8024042,66816,0.9999054670333862
1533457805.2663453,66944,0.9999076128005981
1533458101.832128,67072,0.9999056458473206
1533458779.3123834,67200,0.9999077320098877
1533459075.7767246,67328,0.9999069571495056
1533459372.0606892,67456,0.9999064207077026
1533459668.4018505,67584,0.9999069571495056
1533460339.1844735,67712,0.9999068975448608
1533460635.8723545,67840,0.9999045729637146
1533460932.5480747,67968,0.9999079704284668
1533461229.0593803,68096,0.9999082088470459
1533461922.0516071,68224,0.9999056458473206
1533462218.8464851,68352,0.9999088644981384
1533462515.75841,68480,0.9999077320098877
1533462812.5760949,68608,0.9999043345451355
1533463487.9393916,68736,0.9999052286148071
1533463784.7388735,68864,0.9999050498008728
1533464081.4874299,68992,0.9999072551727295
1533464378.2567887,69120,0.9999055862426758
1533465064.2217891,69248,0.9999061226844788
1533465360.9972377,69376,0.9999052286148071
1533465657.6959217,69504,0.9999065399169922
1533465954.4699192,69632,0.999907374382019
1533466649.6655493,69760,0.9999066591262817
1533466946.418054,69888,0.9999070167541504
1533467243.2706685,70016,0.9999073147773743
1533467540.0294588,70144,0.9999050498008728
1533468226.306269,70272,0.9999081492424011
1533468523.1360743,70400,0.9999058842658997
1533468819.875114,70528,0.9999063014984131
1533469116.7818763,70656,0.9999067187309265
1533469796.8116078,70784,0.9999067187309265
1533470093.5621395,70912,0.9999048709869385
1533470390.4564724,71040,0.9999048113822937
1533470687.2818346,71168,0.9999075531959534
1533471380.7237556,71296,0.9999069571495056
1533471677.5988216,71424,0.9999072551727295
1533471974.4253263,71552,0.9999071359634399
1533472271.1281853,71680,0.999908447265625
1533472969.1024137,71808,0.9999067783355713
1533473265.9157689,71936,0.9999067187309265
1533473562.7607605,72064,0.9999059438705444
1533473859.4677534,72192,0.9999076128005981
1533474552.4844637,72320,0.9999066591262817
1533474849.1850507,72448,0.9999054074287415
1533475146.0276093,72576,0.9999081492424011
1533475442.883737,72704,0.9999073147773743
1533476134.1067307,72832,0.9999070763587952
1533476430.9642308,72960,0.9999082684516907
1533476727.842617,73088,0.999906063079834
1533477024.6409264,73216,0.9999050498008728
1533477715.920997,73344,0.9999071955680847
1533478012.7351377,73472,0.9999068975448608
1533478309.5536873,73600,0.9999048709869385
1533478606.1999457,73728,0.9999088048934937
1533479297.8912728,73856,0.9999059438705444
1533479594.7467706,73984,0.9999091029167175
1533479891.5241437,74112,0.9999078512191772
1533480188.0924175,74240,0.9999082684516907
1533480890.6696746,74368,0.9999074339866638
1533481187.4834957,74496,0.9999074339866638
1533481484.2626805,74624,0.9999076128005981
1533482310.8391879,74880,0.9999095797538757
1533482617.7522008,75008,0.9999078512191772
1533482924.7816346,75136,0.9999080896377563
1533483231.8830655,75264,0.9999048113822937
1533483896.4049747,75392,0.9999092221260071
1533484192.927629,75520,0.9999083876609802
1533484489.7314138,75648,0.9999085068702698
1533484786.446344,75776,0.9999086856842041
1533485476.5256941,75904,0.9999099969863892
1533485773.276605,76032,0.9999095797538757
1533486069.8710492,76160,0.9999061822891235
1533486366.5320916,76288,0.9999091625213623
1533487047.6007397,76416,0.9999063611030579
1533487344.2560172,76544,0.9999085068702698
1533487640.9282682,76672,0.9999070763587952
1533487937.6688476,76800,0.9999059438705444
1533488625.265424,76928,0.999909520149231
1533488921.953328,77056,0.9999091029167175
1533489218.787231,77184,0.999906599521637
1533489515.493816,77312,0.9999085068702698
1533490199.4818864,77440,0.9999098181724548
1533490496.2929993,77568,0.9999058246612549
1533490793.139945,77696,0.9999092817306519
1533491089.9855251,77824,0.9999095797538757
1533491777.8040335,77952,0.9999074339866638
1533492074.7983015,78080,0.9999097585678101
1533492371.8367243,78208,0.9999092817306519
1533492668.767647,78336,0.9999094009399414
1533493346.0177114,78464,0.9999073147773743
1533493642.87232,78592,0.9999068975448608
1533493939.7439978,78720,0.9999086856842041
1533494236.7201371,78848,0.9999099969863892
1533494922.343983,78976,0.9999101161956787
1533495219.2265031,79104,0.9999106526374817
1533495516.050076,79232,0.9999099373817444
1533495812.8763628,79360,0.9999092221260071
1533496497.247041,79488,0.9999092221260071
1533496794.054496,79616,0.9999091029167175
1533497090.7984436,79744,0.9999096393585205
1533497387.5997593,79872,0.9999093413352966
1533498064.5057733,80000,0.9999098777770996
1533498361.2532043,80128,0.9999079704284668
1533498658.0000284,80256,0.9999087452888489
1533498954.6099544,80384,0.9999074935913086
1533499635.4693575,80512,0.9999088048934937
1533499932.1617036,80640,0.999907910823822
1533500228.921574,80768,0.9999092221260071
1533500525.5727549,80896,0.9999099373817444
1533501217.1666303,81024,0.9999089241027832
1533501513.8203456,81152,0.9999096393585205
1533501810.5137358,81280,0.9999094009399414
1533502107.307089,81408,0.9999103546142578
1533502801.023791,81536,0.9999098777770996
1533503097.8332531,81664,0.9999092221260071
1533503394.6990743,81792,0.9999106526374817
1533503691.4217925,81920,0.9999100565910339
1533504379.3246975,82048,0.9999096393585205
1533504676.0344596,82176,0.9999106526374817
1533504972.7367222,82304,0.9999107718467712
1533505269.43864,82432,0.9999092221260071
1533505943.6216843,82560,0.999910831451416
1533506240.253648,82688,0.9999092817306519
1533506536.9642475,82816,0.999910831451416
1533506833.6954772,82944,0.9999113082885742
1533507536.7580743,83072,0.9999093413352966
1533507833.880332,83200,0.9999070763587952
1533508130.9417691,83328,0.9999080300331116
1533508428.01014,83456,0.9999099373817444
1533509107.3228412,83584,0.9999094605445862
1533509404.3060846,83712,0.9999111890792847
1533509701.367651,83840,0.9999113082885742
1533509998.2786143,83968,0.9999099969863892
1533510689.6006794,84096,0.9999107122421265
1533510986.5811083,84224,0.9999093413352966
1533511283.6114726,84352,0.9999115467071533
1533511580.5124397,84480,0.9999103546142578
1533512273.3065112,84608,0.9999107718467712
1533512570.323319,84736,0.9999112486839294
1533512867.1304123,84864,0.9999107122421265
1533513164.0499628,84992,0.9999088048934937
1533513857.5392065,85120,0.9999114871025085
1533514154.623472,85248,0.9999108910560608
1533514451.6091604,85376,0.9999105334281921
1533514748.6179085,85504,0.9999128580093384
1533515438.3942575,85632,0.9999127388000488
1533515735.404367,85760,0.999911904335022
1533516032.3711596,85888,0.999911367893219
1533516329.3345923,86016,0.9999112486839294
1533517028.1288621,86144,0.9999114274978638
1533517325.1061308,86272,0.9999110102653503
1533517622.162688,86400,0.9999110102653503
1533517919.2188191,86528,0.9999107122421265
1533518612.7985966,86656,0.9999103546142578
1533518909.8578506,86784,0.999911367893219
1533519206.8347144,86912,0.9999096989631653
1533519503.999143,87040,0.999909520149231
1533520192.3299615,87168,0.9999099373817444
1533520489.402033,87296,0.9999104142189026
1533520786.424151,87424,0.9999116063117981
1533521083.4836416,87552,0.9999116063117981
1533521779.6033087,87680,0.999910831451416
1533522076.785729,87808,0.9999101758003235
1533522373.7602112,87936,0.9999125003814697
1533522670.8418179,88064,0.999911904335022
1533523353.177536,88192,0.9999129772186279
1533523650.3130312,88320,0.999912679195404
1533523947.4082832,88448,0.9999110698699951
1533524244.5138917,88576,0.9999123811721802
1533524934.8485641,88704,0.9999116063117981
1533525231.8833842,88832,0.999912440776825
1533525528.7626429,88960,0.9999123811721802
1533525825.8297687,89088,0.9999125599861145
1533526524.436332,89216,0.9999113082885742
1533526821.461895,89344,0.999912679195404
1533527118.3760533,89472,0.9999116063117981
1533527415.3748217,89600,0.9999116659164429
1533528106.8479714,89728,0.9999132752418518
1533528403.913728,89856,0.9999113082885742
1533528700.8983986,89984,0.9999125003814697
1533528997.8542135,90112,0.9999129176139832
1533529696.1282687,90240,0.9999125003814697
1533529992.9366312,90368,0.9999133348464966
1533530289.7483168,90496,0.9999138712882996
1533530587.12298,90624,0.9999120831489563
1533531281.5620847,90752,0.9999077916145325
1533531578.4486504,90880,0.9999141693115234
1533531875.3978922,91008,0.9999123811721802
1533532172.279618,91136,0.9999117255210876
1533532862.157493,91264,0.999914824962616
1533533158.9182649,91392,0.9999128580093384
1533533455.8863606,91520,0.9999114274978638
1533533752.8559484,91648,0.9999134540557861
1533534445.9937506,91776,0.9999129176139832
1533534742.8564756,91904,0.9999136924743652
1533535039.7233803,92032,0.9999133944511414
1533535336.667876,92160,0.9999129772186279
1533536027.5852444,92288,0.9999133944511414
1533536324.428148,92416,0.9999130368232727
1533536621.2499826,92544,0.99991375207901
1533536918.020524,92672,0.9999122619628906
1533537604.8221045,92800,0.9999121427536011
1533537901.6757376,92928,0.9999138116836548
1533538198.474571,93056,0.9999119639396667
1533538495.3076198,93184,0.9999141097068787
1533539185.6654139,93312,0.9999108910560608
1533539482.343759,93440,0.999912440776825
1533539778.9522238,93568,0.9999114274978638
1533540075.750261,93696,0.9999107718467712
1533540754.4050455,93824,0.9999125599861145
1533541051.1612372,93952,0.9999122023582458
1533541347.9891987,94080,0.9999092817306519
1533541644.7417066,94208,0.9999122619628906
1533542333.8615167,94336,0.9999135136604309
1533542630.663027,94464,0.9999097585678101
1533542927.678686,94592,0.999912679195404
1533543224.5911295,94720,0.9999147057533264
1533543915.2075863,94848,0.9999134540557861
1533544212.0116408,94976,0.9999115467071533
1533544508.918673,95104,0.9999121427536011
1533544805.8250642,95232,0.9999122619628906
1533545507.2321677,95360,0.9999133348464966
1533545804.081403,95488,0.999912440776825
1533546101.0466645,95616,0.9999128580093384
1533546398.0287719,95744,0.9999128580093384
1533547083.9396966,95872,0.9999129772186279
1533547380.8223457,96000,0.9999126195907593
1533547677.799233,96128,0.999911904335022
1533547974.6640036,96256,0.9999136924743652
1533548669.968023,96384,0.9999138116836548
1533548966.9041245,96512,0.9999139308929443
1533549263.8429627,96640,0.9999107122421265
1533549560.86068,96768,0.9999132752418518
1533550260.1609466,96896,0.9999114274978638
1533550557.2151418,97024,0.9999129772186279
1533550854.22517,97152,0.9999123811721802
1533551151.1971235,97280,0.999911904335022
1533551841.7897518,97408,0.999912440776825
1533552138.622158,97536,0.9999099373817444
