wall_time,step,value
1532279691.5996478,128,29.696502685546875
1532279855.4585378,256,19.22724723815918
1532280019.43902,384,15.653185844421387
1532280183.398579,512,13.966323852539062
1532280489.918477,640,12.34958553314209
1532280653.8079197,768,14.274643898010254
1532280817.7860231,896,10.2155179977417
1532280981.6406364,1024,11.354449272155762
1532281296.3502831,1152,11.245685577392578
1532281460.252536,1280,10.663768768310547
1532281624.1890504,1408,12.124239921569824
1532281788.231603,1536,12.05892562866211
1532282100.2972722,1664,11.554677963256836
1532282264.03892,1792,11.720866203308105
1532282427.9165006,1920,10.496663093566895
1532282591.7705004,2048,11.234580039978027
1532282899.1452265,2176,11.615196228027344
1532283062.8868065,2304,11.7554292678833
1532283226.5545032,2432,11.610953330993652
1532283390.2241998,2560,12.611601829528809
1532283692.402141,2688,10.423138618469238
1532283856.2855577,2816,10.994547843933105
1532284020.211518,2944,11.971678733825684
1532284183.9716797,3072,10.478507995605469
1532284484.4822638,3200,11.54082202911377
1532284648.2859325,3328,10.525166511535645
1532284812.1518352,3456,11.648512840270996
1532284976.0234833,3584,11.21327018737793
1532285273.9510343,3712,10.390600204467773
1532285437.7163436,3840,12.278149604797363
1532285601.6621218,3968,12.379233360290527
1532285765.4818654,4096,11.667492866516113
1532286058.4415436,4224,10.865647315979004
1532286222.302596,4352,12.228389739990234
1532286386.3535943,4480,10.921075820922852
1532286550.3079593,4608,11.940169334411621
1532286841.2971458,4736,11.08554458618164
1532287005.1835518,4864,11.286931991577148
1532287169.1759026,4992,10.275737762451172
1532287333.091779,5120,11.395426750183105
1532287624.1080503,5248,10.631522178649902
1532287787.9487908,5376,10.691268920898438
1532287951.9151523,5504,10.075194358825684
1532288115.8587677,5632,12.277114868164062
1532288408.451793,5760,10.543245315551758
1532288572.0546591,5888,11.307482719421387
1532288735.6693695,6016,10.407184600830078
1532288899.4481847,6144,10.595105171203613
1532289194.1891952,6272,10.68323802947998
1532289357.9431646,6400,11.104894638061523
1532289521.8209863,6528,10.341787338256836
1532289685.5791216,6656,10.837830543518066
1532289983.1416984,6784,10.666662216186523
1532290146.9257388,6912,10.118391990661621
1532290310.6923473,7040,11.087158203125
1532290474.4210737,7168,10.626152992248535
1532290767.8066378,7296,9.507899284362793
1532290931.7380004,7424,10.176105499267578
1532291095.6394775,7552,10.255936622619629
1532291259.547413,7680,11.292305946350098
1532291552.6769254,7808,9.93653392791748
1532291716.6460483,7936,9.975495338439941
1532291880.4923403,8064,10.126355171203613
1532292044.443409,8192,11.802971839904785
1532292340.5649502,8320,11.07686996459961
1532292504.4481173,8448,10.17099380493164
1532292668.3652425,8576,9.41161060333252
1532292832.3486881,8704,9.866515159606934
1532293127.4388943,8832,9.972613334655762
1532293291.2726624,8960,9.97747802734375
1532293455.0955598,9088,9.948528289794922
1532293619.086564,9216,11.58502197265625
1532293915.6997173,9344,12.022757530212402
1532294079.5945668,9472,11.28232479095459
1532294243.4300234,9600,10.705774307250977
1532294407.2680278,9728,9.911384582519531
1532294709.1573436,9856,10.592110633850098
1532294873.0124965,9984,10.021210670471191
1532295036.9891293,10112,10.665334701538086
1532295200.747978,10240,10.161468505859375
1532295500.736965,10368,10.412646293640137
1532295664.709572,10496,10.00112533569336
1532295828.6064615,10624,11.063300132751465
1532295992.602276,10752,9.266536712646484
1532296289.7262008,10880,9.90002727508545
1532296453.6388102,11008,9.774869918823242
1532296617.4741786,11136,10.484062194824219
1532296781.382587,11264,9.364696502685547
1532297076.864735,11392,10.282957077026367
1532297240.85574,11520,9.911523818969727
1532297404.7748048,11648,10.186150550842285
1532297568.6576886,11776,9.446402549743652
1532297862.2337878,11904,10.189987182617188
1532298025.9266968,12032,10.549641609191895
1532298189.7399995,12160,9.828734397888184
1532298353.4591522,12288,10.611512184143066
1532298650.063438,12416,10.34269905090332
1532298813.7631958,12544,10.029611587524414
1532298977.5905259,12672,9.950639724731445
1532299141.2400756,12800,9.253619194030762
1532299437.8570092,12928,9.738936424255371
1532299601.5325296,13056,9.666709899902344
1532299765.145272,13184,9.873699188232422
1532299928.9204736,13312,9.566164016723633
1532300224.4502158,13440,10.52356243133545
1532300388.5087729,13568,10.433151245117188
1532300552.4040017,13696,10.074227333068848
1532300716.3528345,13824,9.942861557006836
1532301008.803459,13952,9.633010864257812
1532301172.728876,14080,9.832990646362305
1532301336.7004154,14208,9.945205688476562
1532301500.6348674,14336,9.61319637298584
1532301794.027687,14464,10.40635871887207
1532301957.776879,14592,10.295257568359375
1532302121.6664712,14720,9.606444358825684
1532302285.520631,14848,11.73753547668457
1532302579.7980483,14976,9.9951171875
1532302743.7231286,15104,10.056814193725586
1532302907.6805882,15232,10.238481521606445
1532303071.5386364,15360,9.339146614074707
1532303365.8177528,15488,10.512567520141602
1532303529.7068722,15616,9.845510482788086
1532303693.6601124,15744,10.569665908813477
1532454115.7731113,16000,10.066154479980469
1532454279.761305,16128,9.126880645751953
1532454443.6320906,16256,10.44536018371582
1532454607.5575576,16384,10.176812171936035
1532454900.4723666,16512,10.30480670928955
1532455064.3239489,16640,10.399163246154785
1532455228.0577345,16768,9.254676818847656
1532455391.8416078,16896,10.707703590393066
1532455685.4681008,17024,9.719032287597656
1532455849.4691455,17152,9.693571090698242
1532456013.585496,17280,9.844192504882812
1532456177.627254,17408,10.655628204345703
1532456472.5322788,17536,9.20105266571045
1532456636.5967531,17664,9.80512809753418
1532456800.4475284,17792,9.803689002990723
1532456964.1837742,17920,9.930669784545898
1532457258.2730486,18048,10.635934829711914
1532457422.2937207,18176,9.263260841369629
1532457586.2677298,18304,10.338253021240234
1532457750.298297,18432,9.536510467529297
1532458042.6448412,18560,10.087520599365234
1532458206.8387563,18688,10.23651123046875
1532458370.8319442,18816,9.982648849487305
1532458534.9510329,18944,9.972257614135742
1532458830.682812,19072,10.521349906921387
1532458994.728249,19200,11.414151191711426
1532459158.71682,19328,9.80527114868164
1532459322.7277682,19456,10.049385070800781
1532459613.381642,19584,10.240880966186523
1532459777.4323363,19712,10.510719299316406
1532459941.3099632,19840,9.9637451171875
1532460105.3401148,19968,9.382221221923828
1532460402.229885,20096,9.52880573272705
1532460566.038595,20224,9.867347717285156
1532460730.1284423,20352,10.341920852661133
1532460894.176179,20480,9.628790855407715
1532461189.4643857,20608,10.645573616027832
1532461353.513522,20736,9.255105972290039
1532461517.5991673,20864,9.358499526977539
1532461681.6846368,20992,8.992058753967285
1532461975.3980231,21120,9.639410018920898
1532462139.5744355,21248,9.235608100891113
1532462303.7575684,21376,9.758489608764648
1532462467.987072,21504,10.675089836120605
1532462761.7203915,21632,10.964457511901855
1532462925.7899048,21760,9.32811164855957
1532463089.8436313,21888,9.702157974243164
1532463253.4877715,22016,10.046300888061523
1532463546.114737,22144,9.505304336547852
1532463710.0789866,22272,10.524362564086914
1532463874.1004477,22400,9.56340217590332
1532464037.9569411,22528,10.900652885437012
1532464330.1480865,22656,9.287367820739746
1532464494.0413244,22784,9.726506233215332
1532464657.8826346,22912,9.545231819152832
1532464821.9056218,23040,10.171640396118164
1532465116.2527962,23168,10.28093147277832
1532465280.2647252,23296,10.598114967346191
1532465444.472437,23424,9.593497276306152
1532525364.0511358,23680,9.471488952636719
1532525527.9268286,23808,9.120841979980469
1532525691.7962928,23936,11.069543838500977
1532525855.7439556,24064,9.316377639770508
1532526147.7126596,24192,10.044974327087402
1532526311.7017019,24320,10.189888954162598
1532526475.5892923,24448,9.577093124389648
1532526639.7141,24576,10.487406730651855
1532526933.052798,24704,9.667051315307617
1532527097.0775704,24832,9.9076509475708
1532527260.9375994,24960,9.513453483581543
1532527424.888971,25088,10.063295364379883
1532527719.152363,25216,9.943814277648926
1532527883.1492546,25344,9.868831634521484
1532528047.170865,25472,9.719016075134277
1532528211.2141008,25600,9.844388961791992
1532528503.7803488,25728,9.61608600616455
1532528667.8129675,25856,9.411670684814453
1532528831.8747342,25984,10.287912368774414
1532528996.0311582,26112,9.670083045959473
1532529289.063185,26240,9.609038352966309
1532529453.039415,26368,11.616872787475586
1532529617.1099665,26496,10.247669219970703
1532529781.1343734,26624,10.179902076721191
1532530074.419606,26752,9.36044692993164
1532530238.4208164,26880,10.662969589233398
1532530402.3519814,27008,9.964295387268066
1532530566.373052,27136,9.558014869689941
1532530857.3560543,27264,9.409650802612305
1532531021.1768208,27392,9.391582489013672
1532531184.9791439,27520,10.811051368713379
1532531348.7517595,27648,10.440505027770996
1532531641.885289,27776,9.339223861694336
1532531805.8129687,27904,9.533519744873047
1532531969.874853,28032,9.875567436218262
1532532133.7584355,28160,10.760906219482422
1532532426.5548499,28288,9.515436172485352
1532532590.5316064,28416,10.46843147277832
1532532754.4893475,28544,10.515880584716797
1532532918.3537261,28672,9.878901481628418
1532533214.0427787,28800,9.980215072631836
1532533378.0091531,28928,9.250250816345215
1532533542.0298846,29056,10.07291030883789
1532533705.8873754,29184,9.6395263671875
1532533998.6943147,29312,9.29687786102295
1532534162.5779274,29440,9.157184600830078
1532534326.7428741,29568,10.516196250915527
1532534490.713516,29696,10.768683433532715
1532534781.1089134,29824,9.788313865661621
1532534945.1709054,29952,9.897913932800293
1532535109.1899614,30080,10.441082000732422
1532535273.2358344,30208,9.770441055297852
1532535564.9943829,30336,10.100116729736328
1532535728.9080708,30464,9.754033088684082
1532535892.8933022,30592,9.598957061767578
1532536056.7624395,30720,10.556229591369629
1532536349.3192945,30848,9.759554862976074
1532536513.2066634,30976,9.437871932983398
1532536677.3126411,31104,10.355056762695312
1532536841.4443703,31232,9.722917556762695
1532537134.182128,31360,10.100706100463867
1532537298.1639545,31488,9.71113109588623
1532537462.1705346,31616,9.872295379638672
1532537626.1430311,31744,10.336451530456543
1532537918.8795352,31872,9.387650489807129
1532538082.861985,32000,9.342966079711914
1532538246.7651823,32128,9.89163875579834
1532538410.7983978,32256,10.063002586364746
1532538703.6681688,32384,9.622946739196777
1532538867.496437,32512,9.596217155456543
1532539031.5961585,32640,9.638395309448242
1532539195.5488029,32768,10.201173782348633
1532539488.7569883,32896,9.878933906555176
1532539652.7422159,33024,9.76585865020752
1532539816.7295368,33152,10.415806770324707
1532539980.6104815,33280,11.37398910522461
1532540268.9318154,33408,9.05933666229248
1532540432.8867946,33536,9.881739616394043
1532540596.8353398,33664,10.073870658874512
1532540760.8871522,33792,9.782039642333984
1532541054.8004782,33920,9.043566703796387
1532541218.929691,34048,9.555863380432129
1532541383.0918186,34176,9.563761711120605
1532541547.1518242,34304,10.005810737609863
1532541842.0883443,34432,10.679092407226562
1532542006.0331986,34560,9.178396224975586
1532542170.0215852,34688,9.637249946594238
1532542334.0247118,34816,9.929330825805664
1532542626.3878078,34944,10.008036613464355
1532542790.0130353,35072,10.211999893188477
1532542953.9025176,35200,9.412593841552734
1532543117.676139,35328,9.573986053466797
1532543408.057443,35456,9.09857177734375
1532543571.781307,35584,10.552021026611328
1532543735.5117273,35712,10.654252052307129
1532543899.1875865,35840,10.253849029541016
1532544193.4589086,35968,10.151695251464844
1532544357.4252522,36096,10.203425407409668
1532544521.5482745,36224,10.09532642364502
1532544685.6786964,36352,10.035922050476074
1532544977.4290068,36480,9.36864948272705
1532545141.4120443,36608,9.880919456481934
1532545305.5267406,36736,9.84536075592041
1532545469.6733494,36864,10.013166427612305
1532545762.075322,36992,9.917531967163086
1532545926.0138943,37120,10.28695011138916
1532546089.9874313,37248,9.431541442871094
1532546253.991372,37376,9.412972450256348
1532546545.953791,37504,9.386674880981445
1532546709.9122727,37632,10.282492637634277
1532546873.9283652,37760,9.252281188964844
1532547037.9574368,37888,10.186187744140625
1532547330.0514193,38016,9.860922813415527
1532547494.0487216,38144,9.879593849182129
1532547658.1122718,38272,10.834214210510254
1532547822.0277038,38400,9.558093070983887
1532548114.7166862,38528,10.223139762878418
1532548278.9455326,38656,9.504920959472656
1532548443.2161818,38784,9.621991157531738
1532548607.4425528,38912,9.772951126098633
1532548900.996483,39040,10.285543441772461
1532549065.0695183,39168,9.600988388061523
1532549229.0131638,39296,10.204015731811523
1532549392.9750628,39424,10.12796401977539
1532549684.1014817,39552,9.436450004577637
1532549848.1024518,39680,9.846556663513184
1532550012.077258,39808,9.84664249420166
1532550176.086633,39936,9.64161205291748
1532550469.4819453,40064,9.321911811828613
1532550633.432613,40192,10.077787399291992
1532550797.367061,40320,9.321094512939453
1532550961.4629786,40448,10.466764450073242
1532551256.6883235,40576,9.404400825500488
1532551420.6150043,40704,9.018404960632324
1532551584.4697912,40832,10.056753158569336
1532551748.4357588,40960,9.940410614013672
1532552044.3506734,41088,10.304222106933594
1532552208.2754357,41216,9.938615798950195
1532552372.3153923,41344,9.44519329071045
1532552536.4173884,41472,9.883941650390625
1532552832.966072,41600,9.535357475280762
1532552996.7910883,41728,9.473925590515137
1532553160.6090446,41856,9.91427230834961
1532553324.289294,41984,9.854681968688965
1532553618.7595093,42112,9.855412483215332
1532553782.549785,42240,9.760820388793945
1532553946.4034684,42368,9.188089370727539
1532554110.2799547,42496,9.599254608154297
1532554403.521578,42624,9.387927055358887
1532554567.3141208,42752,9.557088851928711
1532554731.192725,42880,10.331409454345703
1532554894.9504137,43008,10.38786506652832
1532555187.6561887,43136,9.480074882507324
1532555351.629821,43264,9.8062162399292
1532555515.3492353,43392,10.431217193603516
1532555679.3258622,43520,9.955012321472168
1532555975.14418,43648,10.578685760498047
1532556139.0707066,43776,10.014107704162598
1532556302.9691296,43904,10.717270851135254
1532556467.00867,44032,10.237101554870605
1532556763.6658332,44160,9.74792766571045
1532556927.6137383,44288,9.849786758422852
1532557091.4527655,44416,10.23946475982666
1532557255.382254,44544,10.39887809753418
1532557550.7467723,44672,9.945343017578125
1532557714.8407905,44800,9.669732093811035
1532557879.0244083,44928,9.680526733398438
1532558043.049647,45056,9.85275936126709
1532558338.353832,45184,10.973045349121094
1532558502.4070573,45312,10.073674201965332
1532558666.2765079,45440,9.26114559173584
1532558830.207121,45568,9.921273231506348
1532559127.1364274,45696,9.610193252563477
1532559291.055804,45824,10.130518913269043
1532559454.9645312,45952,9.401233673095703
1532559618.9391372,46080,10.445512771606445
1532559914.3273637,46208,10.667349815368652
1532560078.3394728,46336,10.235116958618164
1532560242.2657897,46464,10.490005493164062
1532560406.2386112,46592,9.712733268737793
1532560703.0995057,46720,10.100711822509766
1532560867.1235151,46848,10.203147888183594
1532561031.1376183,46976,9.789924621582031
1532561195.0868797,47104,11.780779838562012
1532561493.8793876,47232,9.732317924499512
1532561658.1162176,47360,9.969352722167969
1532561822.3444428,47488,10.785754203796387
1532561986.6040955,47616,11.236265182495117
1532562285.5352187,47744,10.293676376342773
1532562449.4427497,47872,10.470511436462402
1532562613.3605106,48000,10.891854286193848
1532562777.4053364,48128,9.521112442016602
1532563076.6507444,48256,9.869241714477539
1532563240.475172,48384,9.996819496154785
1532563404.4830635,48512,11.349529266357422
1532563568.4261098,48640,10.2318115234375
1532563867.067587,48768,10.248294830322266
1532564031.1529663,48896,11.113784790039062
1532564195.2017078,49024,9.97461223602295
1532564359.265842,49152,9.680418968200684
1532564660.1671813,49280,9.943634986877441
1532564824.3641222,49408,10.578733444213867
1532564988.6818461,49536,9.709985733032227
1532565152.8369632,49664,10.676005363464355
1532565453.1807775,49792,11.52289867401123
1532565617.271802,49920,10.360143661499023
1532565781.5061157,50048,9.625905990600586
1532565945.633666,50176,9.997915267944336
1532566241.4284914,50304,10.387388229370117
1532566405.5542858,50432,9.384381294250488
1532566569.5274684,50560,9.479171752929688
1532566733.499018,50688,10.080643653869629
1532567033.922437,50816,9.80815601348877
1532567197.9255168,50944,9.668251991271973
1532567362.042979,51072,9.664386749267578
1532567525.9630394,51200,9.456884384155273
1532567823.1482675,51328,9.680082321166992
1532567987.1318939,51456,11.055243492126465
1532568151.1568892,51584,9.504748344421387
1532568315.0789373,51712,10.07483196258545
1532568613.48611,51840,9.837444305419922
1532568777.5463707,51968,10.073485374450684
1532568941.6248114,52096,9.599858283996582
1532569105.7599766,52224,10.153749465942383
1532569403.0470576,52352,12.05776596069336
1532569566.968795,52480,10.6531982421875
1532569730.774966,52608,10.905061721801758
1532569894.7797644,52736,11.255951881408691
1532570194.7312865,52864,9.896592140197754
1532570358.7203689,52992,10.088679313659668
1532570522.6461394,53120,9.963141441345215
1532570686.6408117,53248,9.161641120910645
1532570987.8184056,53376,9.313493728637695
1532571151.9364429,53504,11.511457443237305
1532571315.9539695,53632,10.03735065460205
1532571479.8538766,53760,9.150604248046875
1532571781.1802979,53888,10.357945442199707
1532571945.152416,54016,9.826197624206543
1532572109.0982692,54144,10.976142883300781
1532572273.0861132,54272,9.946405410766602
1532572574.2418377,54400,9.765342712402344
1532572738.3787768,54528,10.199124336242676
1532572902.5586886,54656,9.802639961242676
1532573066.6220858,54784,9.831506729125977
1532573368.625763,54912,9.535847663879395
1532573532.6509717,55040,11.00733470916748
1532573696.5804217,55168,10.775789260864258
1532573860.618021,55296,9.702655792236328
1532574161.8730223,55424,9.556360244750977
1532574325.9138358,55552,10.28487777709961
1532574489.9505317,55680,9.05270004272461
1532574653.880875,55808,9.28940486907959
1532574955.8547604,55936,9.637789726257324
1532575119.8101075,56064,9.598454475402832
1532575283.8751047,56192,10.446614265441895
1532575447.9012263,56320,11.132050514221191
1532575744.7587242,56448,10.142754554748535
1532575908.747707,56576,10.690326690673828
1532576072.670945,56704,9.375996589660645
1532576236.5909772,56832,10.49978256225586
1532576535.1212523,56960,9.24521255493164
1532576699.3249934,57088,10.577104568481445
1532576863.5825303,57216,9.326323509216309
1532577027.7364278,57344,9.559179306030273
1532577330.223596,57472,9.807835578918457
1532577494.260513,57600,11.681212425231934
1532577658.3431582,57728,10.350118637084961
1532577822.4636083,57856,9.425817489624023
1532578124.5158286,57984,9.600922584533691
1532578288.468716,58112,9.979738235473633
1532578452.4855647,58240,9.736719131469727
1532578616.3192797,58368,11.000373840332031
1532578917.3803065,58496,10.416631698608398
1532579081.3304658,58624,10.024683952331543
1532579245.212399,58752,10.079812049865723
1532579409.1587868,58880,9.570384979248047
1532728632.5069149,59136,10.27649974822998
1532728796.1030722,59264,9.782666206359863
1532728959.948722,59392,10.272664070129395
1532729257.7397046,59520,9.413384437561035
1532729421.4421782,59648,10.222432136535645
1532729585.373014,59776,9.180181503295898
1532729749.2413468,59904,9.125356674194336
1532730047.5580137,60032,9.607645988464355
1532730211.5128355,60160,9.492422103881836
1532730375.4488282,60288,10.505110740661621
1532730539.438495,60416,10.227272987365723
1532730839.1221182,60544,9.445900917053223
1532731002.8980289,60672,9.45124340057373
1532731166.6971986,60800,9.773149490356445
1532731330.6474943,60928,10.184222221374512
1532731631.7383664,61056,9.617959976196289
1532731795.6361148,61184,9.708460807800293
1532731959.4661758,61312,9.636303901672363
1532732123.2700655,61440,9.920286178588867
1532732420.573727,61568,9.303812026977539
1532732584.4110847,61696,9.967473030090332
1532732748.3143833,61824,9.761802673339844
1532732912.155634,61952,10.141948699951172
1532733211.217441,62080,9.454056739807129
1532733375.069351,62208,9.541352272033691
1532733538.909953,62336,9.481047630310059
1532733702.662868,62464,9.894585609436035
1532734005.6130238,62592,10.054327011108398
1532734169.4213865,62720,9.543593406677246
1532734333.1742718,62848,10.04318904876709
1532734497.0353324,62976,9.785749435424805
1532734797.0069153,63104,9.845795631408691
1532734960.838909,63232,10.131847381591797
1532735124.7277534,63360,9.447751998901367
1532735288.5249047,63488,10.70931625366211
1532735587.3346667,63616,10.576933860778809
1532735751.2594502,63744,9.654674530029297
1532735915.1859188,63872,9.799368858337402
1532736079.1034245,64000,9.629639625549316
1532736380.4734519,64128,9.880484580993652
1532736544.4807851,64256,10.647294044494629
1532736708.510266,64384,9.598905563354492
1532736872.5110857,64512,10.01497745513916
1532737172.0328512,64640,10.012898445129395
1532737335.9794297,64768,9.680593490600586
1532737500.0263188,64896,9.23360824584961
1532737664.0294876,65024,10.327558517456055
1532737963.1468687,65152,9.926874160766602
1532738127.0214245,65280,10.235416412353516
1532738291.001706,65408,10.299464225769043
1532738454.6786757,65536,10.191350936889648
1532738755.1827297,65664,9.163626670837402
1532738919.0888076,65792,9.459205627441406
1532739082.9176087,65920,9.515198707580566
1532739246.7172203,66048,9.994816780090332
1532739549.8635676,66176,9.462766647338867
1532739713.706132,66304,9.941263198852539
1532739877.5778463,66432,10.337696075439453
1532740041.5358748,66560,9.43870735168457
1532740341.4869149,66688,9.936054229736328
1532740505.2470882,66816,9.728517532348633
1532740669.0548346,66944,9.345132827758789
1532740833.0143604,67072,10.948591232299805
1532741128.8364234,67200,9.410820960998535
1532741292.68231,67328,9.611598014831543
1532741456.5495474,67456,10.156377792358398
1532741620.4754183,67584,10.01032543182373
1532741921.8885694,67712,9.67500114440918
1532742085.7780461,67840,9.460053443908691
1532742249.6567798,67968,10.553304672241211
1532742413.5677993,68096,10.57966136932373
1532742710.6924183,68224,9.782029151916504
1532742874.4065173,68352,9.990638732910156
1532743038.297268,68480,9.713594436645508
1532743202.075991,68608,9.276731491088867
1532743501.2666454,68736,9.826560020446777
1532743665.32986,68864,9.99510383605957
1532743829.4009767,68992,9.016396522521973
1532743993.3147194,69120,10.564647674560547
1532744291.3790865,69248,9.296795845031738
1532744455.2843733,69376,9.558248519897461
1532744619.2424104,69504,11.103814125061035
1532744783.1036358,69632,9.365327835083008
1532745082.0712907,69760,9.961832046508789
1532745246.0047944,69888,9.701904296875
1532745410.0197587,70016,10.986722946166992
1532745573.9082031,70144,9.850997924804688
1532745871.4278386,70272,9.457226753234863
1532746035.275306,70400,10.127120018005371
1532746199.1161985,70528,10.078059196472168
1532746362.9748895,70656,9.71870231628418
1532746662.1472511,70784,9.701303482055664
1532746826.1979625,70912,10.915345191955566
1532746990.139957,71040,9.68674373626709
1532747154.1831524,71168,10.279586791992188
1532747450.333978,71296,9.520333290100098
1532747614.3386807,71424,10.238637924194336
1532747778.24034,71552,9.350186347961426
1532747942.1941512,71680,10.132716178894043
1532748243.5686643,71808,9.110058784484863
1532748407.455601,71936,9.978231430053711
1532748571.0247345,72064,9.232133865356445
1532748734.9029162,72192,10.209999084472656
1532749033.5145848,72320,9.698713302612305
1532749197.4906197,72448,9.329170227050781
1532749361.4008958,72576,9.415767669677734
1532749525.2248735,72704,10.49650764465332
1532749824.082071,72832,9.387372970581055
1532749988.0362875,72960,11.358250617980957
1532750151.907618,73088,11.060694694519043
1532750315.7368755,73216,10.09208869934082
1532750620.2618423,73344,9.556112289428711
1532750784.2105482,73472,10.653251647949219
1532750948.2626662,73600,10.807038307189941
1532751112.2997687,73728,10.523756980895996
1532751409.396202,73856,10.262566566467285
1532751573.3252077,73984,9.296996116638184
1532751737.3051789,74112,9.485757827758789
1532751901.2872047,74240,9.39887809753418
1532752200.5609868,74368,9.5656099319458
1532752364.4346313,74496,10.318512916564941
1532752528.1166945,74624,11.321182250976562
1532752692.0415857,74752,10.825163841247559
1532752993.372454,74880,9.590156555175781
1532753157.1347973,75008,9.26484489440918
1532753321.043377,75136,9.690316200256348
1532753484.892393,75264,9.764348030090332
1532753784.0835705,75392,9.990806579589844
1532753947.994649,75520,9.805702209472656
1532754111.8486447,75648,9.776141166687012
1532754275.632373,75776,9.269540786743164
1532754574.6992953,75904,9.54304313659668
1532754738.4973974,76032,9.68061637878418
1532754902.4193978,76160,10.472257614135742
1532755066.1984584,76288,9.455510139465332
1532755367.5949755,76416,9.384122848510742
1532755531.3542001,76544,10.367273330688477
1532755695.218751,76672,9.929966926574707
1532755858.9845653,76800,9.50684928894043
1532756159.1619346,76928,9.791064262390137
1532756323.027727,77056,9.24505615234375
1532756486.8808072,77184,10.99409294128418
1532756650.8536568,77312,10.976454734802246
1532756950.1588962,77440,10.894603729248047
1532757114.0539587,77568,9.792426109313965
1532757277.9818716,77696,9.485146522521973
1532757441.82832,77824,9.982439994812012
1532757744.0229876,77952,10.06039810180664
1532757907.9303591,78080,9.218473434448242
1532758071.7919934,78208,10.107110977172852
1532758235.6737573,78336,9.515494346618652
1532758535.8041441,78464,9.863292694091797
1532758699.7525501,78592,9.772224426269531
1532758863.6812296,78720,10.453011512756348
1532759027.5061572,78848,10.409706115722656
1532759329.03913,78976,9.698698997497559
1532759492.9678142,79104,9.854493141174316
1532759656.8120136,79232,10.126306533813477
1532759820.784744,79360,9.868310928344727
1532760123.5350168,79488,10.174338340759277
1532760287.238703,79616,9.82668685913086
1532760451.0218263,79744,9.892804145812988
1532760614.7834663,79872,9.639383316040039
1532760913.756288,80000,10.029046058654785
1532761077.7096486,80128,9.504627227783203
1532761241.7572482,80256,9.566938400268555
1532761405.7181625,80384,10.477386474609375
1532761704.9002533,80512,9.376104354858398
1532761868.8412125,80640,9.438974380493164
1532762032.7520657,80768,9.996443748474121
1532762196.694484,80896,9.356588363647461
1532762499.0869367,81024,10.849977493286133
1532762663.0480592,81152,9.372117042541504
1532762826.891845,81280,9.220725059509277
1532762990.7148328,81408,9.827265739440918
1532763293.1290457,81536,10.03495979309082
1532763457.1121278,81664,9.828943252563477
1532763620.944945,81792,9.854236602783203
1532763784.5809646,81920,9.77846622467041
1532764089.9423804,82048,10.580327987670898
1532764254.0543587,82176,9.544022560119629
1532764418.0368373,82304,9.196545600891113
1532764582.2109604,82432,9.827879905700684
1532764882.0535884,82560,9.729935646057129
1532765046.138449,82688,10.529379844665527
1532765210.2421262,82816,9.383566856384277
1532765374.2249138,82944,9.72191333770752
1532765678.2583747,83072,9.137212753295898
1532765842.249806,83200,9.69879150390625
1532766006.1593297,83328,10.271177291870117
1532766170.1423917,83456,9.89261245727539
1532766471.3944616,83584,10.484400749206543
1532766635.2622552,83712,10.309860229492188
1532766799.2123158,83840,10.247252464294434
1532766963.077408,83968,10.458511352539062
1532767263.510028,84096,9.482540130615234
1532767427.2853668,84224,9.39257526397705
1532767591.0930252,84352,9.522263526916504
1532767755.001087,84480,10.10693073272705
1532768058.1278431,84608,10.10044002532959
1532768222.0855324,84736,10.74491024017334
1532768385.9046352,84864,10.159326553344727
1532773812.5058188,85120,9.857365608215332
1532773980.5954988,85248,9.487241744995117
1532774148.6588194,85376,10.42846393585205
1532774316.766949,85504,10.083796501159668
1532774616.4801152,85632,10.903985023498535
1532774780.2987285,85760,10.129982948303223
1532774943.8995786,85888,10.219721794128418
1532775107.692634,86016,10.756800651550293
1532775407.9657845,86144,9.92278003692627
1532775571.87259,86272,10.961356163024902
1532775735.8001852,86400,9.767412185668945
1532775899.5726306,86528,10.768007278442383
1532776198.3623111,86656,9.338759422302246
1532776362.1367793,86784,10.317066192626953
1532776525.9719887,86912,9.58539867401123
1532776689.8116841,87040,9.624155044555664
1532776988.4355707,87168,9.442972183227539
1532777152.0931,87296,9.58760929107666
1532777315.7506256,87424,10.194136619567871
1532777479.2593648,87552,9.40747356414795
1532777777.8148096,87680,10.040654182434082
1532777941.5091724,87808,10.408385276794434
1532778105.3347847,87936,10.57193374633789
1532778269.1050982,88064,10.2349271774292
1532778568.900466,88192,10.528617858886719
1532778732.7282872,88320,10.150317192077637
1532778896.628302,88448,10.279583930969238
1532779060.5147882,88576,11.233314514160156
1532779362.835565,88704,9.250656127929688
1532779526.66543,88832,10.196704864501953
1532779690.5000103,88960,9.534650802612305
1532779854.2712913,89088,9.944388389587402
1532780151.0464993,89216,9.409425735473633
1532780314.890553,89344,9.982987403869629
1532780478.756326,89472,9.612017631530762
1532780642.6463475,89600,9.467841148376465
1532780944.5061076,89728,9.67509651184082
1532781108.33577,89856,9.776138305664062
1532781272.1709938,89984,9.813800811767578
1532781435.7953124,90112,10.220746994018555
1532781733.85329,90240,9.74874496459961
1532781897.7665663,90368,9.40114688873291
1532782061.505867,90496,9.948564529418945
1532782225.388577,90624,10.036401748657227
1532782523.6177382,90752,10.029631614685059
1532782687.5350025,90880,9.760981559753418
1532782851.4245975,91008,10.12844181060791
1532783015.2877443,91136,9.767239570617676
1532783312.7967644,91264,9.881845474243164
1532783476.6752744,91392,9.218462944030762
1532783640.4322278,91520,9.544280052185059
1532783804.2514346,91648,9.49428653717041
1532784103.0399444,91776,9.825343132019043
1532784266.9092112,91904,9.578505516052246
1532784430.778148,92032,9.959693908691406
1532784594.6962175,92160,9.57638931274414
1532784897.8470802,92288,9.807796478271484
1532785061.670997,92416,10.363654136657715
1532785225.4605618,92544,9.991500854492188
1532785389.3206437,92672,9.77968978881836
1532785686.8542824,92800,9.474815368652344
1532785850.4206913,92928,9.534884452819824
1532786014.0462,93056,9.88028335571289
1532786177.5991216,93184,9.763108253479004
1532786478.0961177,93312,9.586490631103516
1532786641.888176,93440,9.867183685302734
1532786805.6329818,93568,9.808643341064453
1532786969.2660048,93696,9.741260528564453
1532787268.8443747,93824,9.264236450195312
1532787432.5884492,93952,10.18761157989502
1532787596.3087194,94080,10.4193754196167
1532787760.0190735,94208,10.115128517150879
1532788062.5265737,94336,9.368264198303223
1532788226.4483147,94464,10.784671783447266
1532788390.2025344,94592,10.071287155151367
1532788554.040683,94720,9.382473945617676
1532788854.5304644,94848,9.454313278198242
1532789018.5990705,94976,10.790827751159668
1532789182.6714919,95104,9.893149375915527
1532789346.7011077,95232,9.484228134155273
1532789646.2336361,95360,9.567697525024414
1532789810.0719376,95488,9.83432674407959
1532789973.9272466,95616,9.608845710754395
1532790137.8016772,95744,9.713220596313477
1532790440.5293112,95872,10.706595420837402
1532790604.3666027,96000,9.96070671081543
1532790768.4235284,96128,10.048643112182617
1532790932.3822775,96256,9.297861099243164
1532791234.0684538,96384,9.838848114013672
1532791397.9478955,96512,9.764116287231445
1532791561.7282708,96640,9.679032325744629
1532791725.6674137,96768,10.162470817565918
1532792026.3964963,96896,9.558384895324707
1532792190.0930972,97024,9.858407974243164
1532792353.7947187,97152,9.776766777038574
1532792517.4540124,97280,9.523930549621582
1532792818.8762443,97408,10.247980117797852
1532792982.6881366,97536,10.161685943603516
