wall_time,step,value
1530805770.00337,128,0.9996315240859985
1530805850.009312,256,0.9996207356452942
1530805930.239109,384,0.9996167421340942
1530806010.51522,512,0.9996176362037659
1530806161.5049677,640,0.99961918592453
1530806241.8514411,768,0.9996190071105957
1530806322.1152818,896,0.9996193647384644
1530806402.2929838,1024,0.9996206760406494
1530806554.6104898,1152,0.9996213912963867
1530806634.72473,1280,0.9996220469474792
1530806714.660798,1408,0.9996225833892822
1530806794.7073455,1536,0.9996219873428345
1530806943.870438,1664,0.9996230006217957
1530807023.901162,1792,0.9996210932731628
1530807103.8575613,1920,0.9996224641799927
1530807183.7842174,2048,0.9996216297149658
1530807334.6076884,2176,0.9996234774589539
1530807414.6558063,2304,0.9996223449707031
1530807494.8765216,2432,0.9996230602264404
1530807575.0289805,2560,0.9996236562728882
1530807725.6365614,2688,0.9996246695518494
1530807805.727129,2816,0.9996249079704285
1530807885.7418578,2944,0.9996254444122314
1530807965.7364821,3072,0.9996253848075867
1530808114.2560601,3200,0.9996241927146912
1530808194.3329737,3328,0.9996244311332703
1530808274.3517098,3456,0.9996243119239807
1530808354.3871665,3584,0.9996247887611389
1530808501.4468713,3712,0.9996243715286255
1530808581.60159,3840,0.9996249675750732
1530808661.6635048,3968,0.9996242523193359
1530808741.6506522,4096,0.9996245503425598
1530808888.4492767,4224,0.9996253252029419
1530808968.6405513,4352,0.9996249675750732
1530809048.6731834,4480,0.9996244311332703
1530809128.7489984,4608,0.9996243715286255
1530809273.851232,4736,0.9996263384819031
1530809353.9651744,4864,0.9996261596679688
1530809434.1818995,4992,0.9996265172958374
1530809514.337239,5120,0.9996263980865479
1530809659.3005784,5248,0.9996275901794434
1530809739.4527729,5376,0.999626100063324
1530809819.6294067,5504,0.9996267557144165
1530809899.6685257,5632,0.9996283054351807
1530810044.1553109,5760,0.9996266961097717
1530810124.3483791,5888,0.9996271133422852
1530810204.4922643,6016,0.999627947807312
1530810284.6783123,6144,0.9996287226676941
1530810430.312731,6272,0.9996285438537598
1530810510.324716,6400,0.9996290802955627
1530810590.6419067,6528,0.9996294975280762
1530810670.7066011,6656,0.9996301531791687
1530810815.828322,6784,0.9996307492256165
1530810895.8995159,6912,0.9996301531791687
1530810976.0871341,7040,0.999630331993103
1530811056.1281338,7168,0.9996300339698792
1530811199.5321434,7296,0.9996299743652344
1530811279.6498563,7424,0.9996310472488403
1530811359.8312984,7552,0.9996302127838135
1530811439.9074917,7680,0.9996297955513
1530811583.458659,7808,0.9996312856674194
1530811663.6177094,7936,0.9996329545974731
1530811743.7579043,8064,0.9996335506439209
1530811823.9296699,8192,0.9996329545974731
1530811968.2815897,8320,0.9996331930160522
1530812048.3961759,8448,0.9996330142021179
1530812128.5167868,8576,0.9996340870857239
1530812208.5670931,8704,0.9996342062950134
1530812353.846246,8832,0.9996336698532104
1530812434.14835,8960,0.9996325969696045
1530812514.2512562,9088,0.9996330142021179
1530812594.5221434,9216,0.9996330738067627
1530812738.307104,9344,0.9996333718299866
1530812818.3530664,9472,0.9996323585510254
1530812898.5340836,9600,0.9996327757835388
1530812978.546514,9728,0.9996317625045776
1530813123.438173,9856,0.9996329545974731
1530813203.5290601,9984,0.9996325373649597
1530813283.693021,10112,0.9996330738067627
1530813363.7910686,10240,0.9996333718299866
1530813509.6281135,10368,0.9996336698532104
1530813589.8400726,10496,0.9996342658996582
1530813669.9597523,10624,0.9996346235275269
1530813750.2195377,10752,0.9996351003646851
1530813894.6812944,10880,0.9996340870857239
1530813975.0293293,11008,0.9996343851089478
1530814055.2743986,11136,0.9996345043182373
1530814135.4726286,11264,0.9996383786201477
1530814279.4212086,11392,0.9996352195739746
1530814359.6694613,11520,0.9996359944343567
1530814439.9878075,11648,0.9996368885040283
1530814520.0962164,11776,0.999635636806488
1530814663.527769,11904,0.9996380805969238
1530814743.8913944,12032,0.9996349215507507
1530814824.277196,12160,0.999638020992279
1530814904.5617566,12288,0.9996381998062134
1530815049.334557,12416,0.9996376037597656
1530815129.6549444,12544,0.9996380805969238
1530815210.0737333,12672,0.9996395707130432
1530815290.3156328,12800,0.9996395111083984
1530815435.0072913,12928,0.9996398091316223
1530815515.285622,13056,0.9996408224105835
1530815595.571538,13184,0.9996412396430969
1530815675.8483121,13312,0.9996405839920044
1530815821.1627145,13440,0.9996412992477417
1530815901.4597995,13568,0.9996419548988342
1530815981.614137,13696,0.9996398687362671
1530816061.8141963,13824,0.999639630317688
1530816206.8919182,13952,0.9996418356895447
1530816287.2359674,14080,0.9996429085731506
1530816367.4121652,14208,0.9996419548988342
1530816447.708166,14336,0.9996405839920044
1530816592.5552092,14464,0.999643087387085
1530816672.91126,14592,0.9996414184570312
1530816753.2250187,14720,0.9996422529220581
1530816833.5122075,14848,0.9996414184570312
1530816979.8906558,14976,0.9996438026428223
1530817060.243701,15104,0.999642014503479
1530817140.5381055,15232,0.9996435642242432
1530817220.8158538,15360,0.9996429085731506
1530817366.7416918,15488,0.9996418952941895
1530817447.1474674,15616,0.9996455311775208
1530817527.5981581,15744,0.9996458888053894
1530817608.0477617,15872,0.9996431469917297
1530817754.137222,16000,0.9996475577354431
1530817834.6046093,16128,0.9996461868286133
1530817914.926619,16256,0.9996472001075745
1530817995.2100356,16384,0.9996457695960999
1530818141.5740218,16512,0.9996467232704163
1530818222.0823905,16640,0.999644935131073
1530818302.3522544,16768,0.9996448755264282
1530818382.7565181,16896,0.9996441602706909
1530818529.526695,17024,0.9996448159217834
1530818609.9556773,17152,0.9996452927589417
1530818690.4945738,17280,0.9996465444564819
1530818770.9581952,17408,0.9996446967124939
1530818917.9422388,17536,0.9996455311775208
1530818998.402293,17664,0.9996458888053894
1530819078.7375617,17792,0.9996470808982849
1530819159.1093106,17920,0.9996462464332581
1530819305.238877,18048,0.9996455907821655
1530819385.6397734,18176,0.9996446371078491
1530819466.1432524,18304,0.9996439218521118
1530819546.4638433,18432,0.9996458888053894
1530819694.0624623,18560,0.9996471405029297
1530819774.3599515,18688,0.9996424913406372
1530819854.8082979,18816,0.9996475577354431
1530819935.286493,18944,0.9996434450149536
1530820082.4633822,19072,0.9996448159217834
1530820162.8158271,19200,0.9996452331542969
1530820243.2438843,19328,0.9996463656425476
1530820323.5670848,19456,0.9996469020843506
1530820470.4161887,19584,0.9996467232704163
1530820550.8369567,19712,0.9996445775032043
1530820631.2419596,19840,0.9996455907821655
1530820711.697151,19968,0.99964439868927
1530820859.111608,20096,0.9996444582939148
1530820939.5306592,20224,0.999648928642273
1530821019.8527427,20352,0.9996482133865356
1530821100.1218352,20480,0.9996461868286133
1530821248.0257099,20608,0.9996463656425476
1530821328.398968,20736,0.9996464848518372
1530821408.8085537,20864,0.9996446967124939
1530821488.9876053,20992,0.9996489882469177
1530821636.0948489,21120,0.9996454119682312
1530821716.4811063,21248,0.9996458292007446
1530821796.9315255,21376,0.9996461868286133
1530821877.2010834,21504,0.9996460676193237
1530822025.1089725,21632,0.9996438026428223
1530822105.5016022,21760,0.9996447563171387
1530822185.8962827,21888,0.9996455907821655
1530822266.0174615,22016,0.9996464848518372
1530822412.086788,22144,0.9996477365493774
1530822492.5340998,22272,0.9996471405029297
1530822572.9233103,22400,0.9996464252471924
1530822653.1083467,22528,0.9996470212936401
1530822798.9459054,22656,0.9996472001075745
1530822879.2922673,22784,0.9996473789215088
1530822959.5954547,22912,0.9996492862701416
1530823040.0303087,23040,0.9996479153633118
1530823186.894398,23168,0.9996472597122192
1530823267.4147434,23296,0.9996465444564819
1530823347.8466115,23424,0.9996468424797058
1530823428.1607573,23552,0.9996475577354431
1530823575.461857,23680,0.9996489882469177
1530823655.8649375,23808,0.999646782875061
1530823736.2885094,23936,0.9996476769447327
1530823816.6582332,24064,0.9996477365493774
1530823963.2015119,24192,0.9996533393859863
1530824043.5673819,24320,0.9996509552001953
1530824124.0881565,24448,0.9996471405029297
1530824204.4618318,24576,0.99964839220047
1530824351.5206454,24704,0.9996514916419983
1530824431.9706724,24832,0.9996492862701416
1530824512.3557217,24960,0.9996495246887207
1530824592.7184808,25088,0.9996533989906311
1530824740.7178044,25216,0.9996495246887207
1530824821.1435475,25344,0.9996492862701416
1530824901.5295725,25472,0.9996492266654968
1530824981.9412153,25600,0.9996506571769714
1530825129.9893675,25728,0.9996492862701416
1530825210.5056288,25856,0.999650776386261
1530825291.1133015,25984,0.9996513724327087
1530825371.7101777,26112,0.9996506571769714
1530825519.285332,26240,0.9996519088745117
1530825599.84602,26368,0.9996522068977356
1530825680.2805526,26496,0.9996513724327087
1530825760.6239328,26624,0.9996529221534729
1530825909.5433478,26752,0.9996493458747864
1530825990.0507054,26880,0.9996514916419983
1530826070.6743343,27008,0.999652087688446
1530826151.1892316,27136,0.9996503591537476
1530826298.8395562,27264,0.9996534585952759
1530826379.3597147,27392,0.9996489882469177
1530826459.8163133,27520,0.9996487498283386
1530826540.2281034,27648,0.9996533989906311
1530826689.3439143,27776,0.9996506571769714
1530826769.8116357,27904,0.9996529221534729
1530826850.4790118,28032,0.9996508359909058
1530826930.8709905,28160,0.9996512532234192
1530827079.1269686,28288,0.9996488094329834
1530827159.653166,28416,0.999651312828064
1530827240.095358,28544,0.9996516108512878
1530827320.5589478,28672,0.9996518492698669
1530827467.5524423,28800,0.9996513724327087
1530827548.0529823,28928,0.9996500611305237
1530827628.5143998,29056,0.999651312828064
1530827709.058112,29184,0.9996539354324341
1530827858.0171254,29312,0.9996523261070251
1530827938.464292,29440,0.9996508359909058
1530828018.943608,29568,0.9996527433395386
1530828099.5613952,29696,0.9996536374092102
1530828247.9911997,29824,0.999651312828064
1530828328.5182056,29952,0.9996510744094849
1530828409.0100849,30080,0.999651312828064
1530828489.5202637,30208,0.9996507167816162
1530828637.5123067,30336,0.9996538162231445
1530828717.9229887,30464,0.9996513724327087
1530828798.477111,30592,0.9996525049209595
1530828879.1250722,30720,0.9996490478515625
1530829027.0260165,30848,0.9996505975723267
1530829107.6322334,30976,0.9996495842933655
1530829188.232712,31104,0.999653697013855
1530829268.8907204,31232,0.9996516108512878
1530829417.4701176,31360,0.999652087688446
1530829497.912454,31488,0.9996529817581177
1530829578.5980313,31616,0.9996524453163147
1530829659.0298116,31744,0.9996526837348938
1530829807.1874375,31872,0.999656081199646
1530829887.7086077,32000,0.9996538758277893
1530829968.1406598,32128,0.9996525049209595
1530830048.489535,32256,0.9996546506881714
1530830195.7503538,32384,0.9996547698974609
1530830276.2306256,32512,0.9996526837348938
1530830356.6962872,32640,0.9996519088745117
1530830436.9287002,32768,0.9996530413627625
1530830587.1124227,32896,0.9996519088745117
1530830667.483562,33024,0.9996564984321594
1530830748.1196437,33152,0.99965500831604
1530830828.704974,33280,0.9996562004089355
1530830976.2855117,33408,0.9996532797813416
1530831056.5931766,33536,0.9996538758277893
1530831137.1362185,33664,0.9996543526649475
1530831217.7387002,33792,0.9996556639671326
1530831366.0627568,33920,0.9996552467346191
1530831446.7729802,34048,0.9996566772460938
1530831527.553245,34176,0.9996547698974609
1530831608.323255,34304,0.9996554851531982
1530831756.9079573,34432,0.9996554255485535
1530831837.6785538,34560,0.9996545314788818
1530831918.4058063,34688,0.9996573328971863
1530831999.017702,34816,0.9996540546417236
1530832147.162124,34944,0.999657928943634
1530832227.6850693,35072,0.9996592998504639
1530832308.2514844,35200,0.9996564388275146
1530832388.7373927,35328,0.9996547698974609
1530832536.9279606,35456,0.9996588230133057
1530832617.558734,35584,0.9996569752693176
1530832698.2886214,35712,0.9996579885482788
1530832778.8482118,35840,0.999657392501831
1530832926.2853587,35968,0.9996578097343445
1530833006.7534833,36096,0.9996574521064758
1530833087.1743286,36224,0.9996592402458191
1530833167.7320611,36352,0.9996605515480042
1530833315.7123508,36480,0.9996588826179504
1530833396.1593168,36608,0.9996575713157654
1530833476.5499542,36736,0.9996575713157654
1530833557.0266824,36864,0.9996561408042908
1530833705.6303966,36992,0.9996601939201355
1530833786.0378044,37120,0.9996559619903564
1530833866.5630522,37248,0.999657928943634
1530833947.0373733,37376,0.9996602535247803
1530834096.7866635,37504,0.9996618032455444
1530834177.294591,37632,0.9996582269668579
1530905383.2936301,38016,0.9996612071990967
1530905463.2853837,38144,0.9996595978736877
1530905543.3029404,38272,0.999660849571228
1530905623.087464,38400,0.999661386013031
1530905767.994372,38528,0.9996599555015564
1530905848.053071,38656,0.9996621608734131
1530905928.1050189,38784,0.9996594190597534
1530906008.1804862,38912,0.9996615648269653
1530906154.3746,39040,0.9996601343154907
1530906234.678798,39168,0.999660313129425
1530906314.693357,39296,0.9996631145477295
1530906394.7978036,39424,0.9996592998504639
1530906538.2689188,39552,0.9996627569198608
1530906618.2901022,39680,0.9996625781059265
1530906698.530637,39808,0.9996600151062012
1530906778.5817282,39936,0.999663233757019
1530906923.2765856,40064,0.9996621608734131
1530907003.6592093,40192,0.9996629357337952
1530907084.0472493,40320,0.999661922454834
1530907164.2470722,40448,0.9996616244316101
1530907308.8256676,40576,0.999664843082428
1530907389.1362705,40704,0.9996651411056519
1530907469.5108309,40832,0.9996643662452698
1530907549.8180113,40960,0.9996626377105713
1530907695.472771,41088,0.999665379524231
1530907775.6489758,41216,0.9996662139892578
1530907855.8366537,41344,0.9996628165245056
1530907936.0539875,41472,0.9996630549430847
1530908082.7640557,41600,0.9996631145477295
1530908163.0387678,41728,0.9996626973152161
1530908243.3951316,41856,0.9996643662452698
1530908323.6426773,41984,0.9996671676635742
1530908469.0403216,42112,0.999664306640625
1530908549.2487,42240,0.9996655583381653
1530908629.4015057,42368,0.9996630549430847
1530908709.6042018,42496,0.9996655583381653
1530908855.407646,42624,0.9996663331985474
1530908935.723824,42752,0.9996618628501892
1530909016.2060108,42880,0.999668300151825
1530909096.3354702,43008,0.9996621608734131
1530909242.8917217,43136,0.999664843082428
1530909323.1777904,43264,0.9996651411056519
1530909403.3857265,43392,0.9996659755706787
1530909483.714457,43520,0.9996674060821533
1530909629.4007473,43648,0.9996697902679443
1530909709.5351157,43776,0.9996685981750488
1530909790.0403569,43904,0.999669075012207
1530909870.3767347,44032,0.9996684789657593
1530910016.1447072,44160,0.9996659755706787
1530910096.5094016,44288,0.9996700286865234
1530910176.8325968,44416,0.9996685981750488
1530910257.1588662,44544,0.9996734857559204
1530910403.35075,44672,0.999667763710022
1530910483.6633635,44800,0.9996729493141174
1530910563.9936056,44928,0.9996713399887085
1530910644.2187045,45056,0.9996694326400757
1530910790.5065503,45184,0.9996764659881592
1530910870.8371234,45312,0.9996744394302368
1530910951.1993592,45440,0.9996750950813293
1530911031.7666714,45568,0.9996766448020935
1530911178.970939,45696,0.9996798038482666
1530911259.3566544,45824,0.9996817111968994
1530911339.7985814,45952,0.9996813535690308
1530911420.1548865,46080,0.9996806979179382
1530911566.545147,46208,0.9996805787086487
1530911646.8090985,46336,0.9996867775917053
1530911727.2249434,46464,0.9996872544288635
1530911807.7194474,46592,0.9996806383132935
1530911955.36582,46720,0.999686598777771
1530912035.8493748,46848,0.9996834397315979
1530912116.340954,46976,0.9996824860572815
1530912196.6930883,47104,0.9996829628944397
1530912343.644865,47232,0.9996858239173889
1530912424.0700262,47360,0.9996846318244934
1530912504.6170194,47488,0.9996832609176636
1530912584.9089334,47616,0.9996876120567322
1530912731.5816176,47744,0.9996861815452576
1530912812.114848,47872,0.9996873736381531
1530912892.528009,48000,0.9996878504753113
1530912972.9957902,48128,0.9996848702430725
1530913121.183648,48256,0.999683678150177
1530913201.6909344,48384,0.9996894001960754
1530913282.2336342,48512,0.9996917843818665
1530913362.4997158,48640,0.999687671661377
1530913510.237981,48768,0.9996901750564575
1530913590.8660526,48896,0.9996854066848755
1530913671.3806126,49024,0.9996839761734009
1530913751.8982296,49152,0.9996848702430725
1530913897.9622836,49280,0.9996907114982605
1530913978.7980287,49408,0.9996851682662964
1530914059.2196395,49536,0.9996883273124695
1530914139.7571003,49664,0.999688982963562
1530914285.98612,49792,0.999686062335968
1530914366.5336056,49920,0.9996921420097351
1530914447.097844,50048,0.9996927380561829
1530914527.5339184,50176,0.9996951818466187
1530914673.4538548,50304,0.999692976474762
1530914753.9116113,50432,0.9996946454048157
1530914834.607832,50560,0.9996991753578186
1530914915.2258763,50688,0.9996943473815918
1530915061.07615,50816,0.9997000098228455
1530915141.6640804,50944,0.9996957778930664
1530915222.330498,51072,0.9996947050094604
1530915303.0200887,51200,0.9996917247772217
1530915450.7445443,51328,0.9996923208236694
1530915531.5566838,51456,0.9996930956840515
1530915612.2708342,51584,0.9996969699859619
1530915692.925142,51712,0.9996939897537231
1530915840.485531,51840,0.9996938705444336
1530915921.2047596,51968,0.9996923208236694
1530916001.9217799,52096,0.9996943473815918
1530916082.5837617,52224,0.9996969699859619
1530916229.6021225,52352,0.9996963143348694
1530916310.2762282,52480,0.9996969699859619
1530916390.906128,52608,0.9996975660324097
1530916471.4589832,52736,0.9996962547302246
1530916619.1593897,52864,0.9996984004974365
1530916699.8189676,52992,0.9996968507766724
1530916780.6433263,53120,0.99969881772995
1530916861.280926,53248,0.9996986389160156
1530917007.1971343,53376,0.9997026920318604
1530917087.946848,53504,0.999701738357544
1530917168.8628647,53632,0.9997010827064514
1530917249.503602,53760,0.9996993541717529
1530917396.2265394,53888,0.9996961355209351
1530917476.982212,54016,0.9996941685676575
1530917557.8191621,54144,0.9996936917304993
1530917638.5018754,54272,0.9996916055679321
1530917786.836956,54400,0.9996878504753113
1530917867.6903856,54528,0.999689519405365
1530917948.3358486,54656,0.9996885061264038
1530918029.0178847,54784,0.9996883273124695
1530918175.203219,54912,0.9996897578239441
1530918256.0501838,55040,0.9996881484985352
1530918336.761039,55168,0.9996870160102844
1530918417.4963176,55296,0.9996873736381531
1530918563.3257847,55424,0.9996912479400635
1530918644.211276,55552,0.9996899962425232
1530918725.0975173,55680,0.9996874928474426
1530918805.7674332,55808,0.9996877312660217
1530918952.644266,55936,0.9996821284294128
1530919033.3467183,56064,0.9996867775917053
1530919114.2732625,56192,0.9996848702430725
1530919195.0878894,56320,0.9996834397315979
1530919341.9058156,56448,0.9996877908706665
1530919422.745492,56576,0.9996869564056396
1530919503.3629298,56704,0.9996851086616516
1530919584.1221097,56832,0.9996849894523621
1530919731.730916,56960,0.9996846914291382
1530919812.6255105,57088,0.9996848106384277
1530919893.5013552,57216,0.999681293964386
1530919974.229485,57344,0.999685525894165
1530920121.5326042,57472,0.9996830821037292
1530920202.3951426,57600,0.9996873736381531
1530920283.3017855,57728,0.9996854066848755
1530920363.8473666,57856,0.9996858835220337
1530920511.4277177,57984,0.999686062335968
1530920592.1286821,58112,0.9996890425682068
1530920672.881805,58240,0.9996849298477173
1530920753.7423573,58368,0.9996860027313232
1530920900.8167167,58496,0.9996830224990845
1530920981.6935308,58624,0.9996886849403381
1530921062.5268335,58752,0.9996857047080994
1530921143.3103125,58880,0.9996880292892456
1530921290.2744865,59008,0.9996889233589172
1530921370.985461,59136,0.9996882081031799
1530921451.7277422,59264,0.9996840953826904
1530921532.429338,59392,0.9996864199638367
1530921679.546291,59520,0.9996882081031799
1530921760.3173509,59648,0.9996845722198486
1530921840.9917314,59776,0.9996833205223083
1530921921.7267342,59904,0.9996860027313232
1530922068.7960613,60032,0.9996882677078247
1530922149.526839,60160,0.9996867179870605
1530922230.176845,60288,0.999685525894165
1530922311.005178,60416,0.9996848702430725
1530922460.3242037,60544,0.9996891021728516
1530922541.105122,60672,0.9996839761734009
1530922621.8937109,60800,0.9996864795684814
1530922702.6124308,60928,0.9996857643127441
1530922850.8549032,61056,0.9996883273124695
1530922931.5975943,61184,0.9996879696846008
1530923012.3184083,61312,0.9996885657310486
1530923093.0015156,61440,0.9996911287307739
1530923240.9764233,61568,0.9996948838233948
1530923321.7895882,61696,0.999687671661377
1530923402.5747757,61824,0.999685525894165
1530923483.3036191,61952,0.9996830821037292
1530923630.3532484,62080,0.9996821880340576
1530923711.164562,62208,0.9996850490570068
1530923792.1001859,62336,0.9996827244758606
1530923872.787504,62464,0.9996828436851501
1530924020.563964,62592,0.999681830406189
1530924101.2671387,62720,0.9996843934059143
1530924181.8291767,62848,0.99968421459198
1530924262.4304597,62976,0.9996818900108337
1530924410.333061,63104,0.9996810555458069
1530924491.14512,63232,0.9996859431266785
1530924571.914701,63360,0.9996833801269531
1530924652.61964,63488,0.99968421459198
1530924801.9173841,63616,0.9996824860572815
1530924882.5998957,63744,0.9996827244758606
1530924963.3136098,63872,0.9996857643127441
1530925044.1979892,64000,0.9996852874755859
1530925192.8950825,64128,0.9996899366378784
1530925273.8435378,64256,0.99968421459198
1530925354.5061905,64384,0.9996880292892456
1530925435.3347018,64512,0.9996863603591919
1530925582.933408,64640,0.9996891617774963
1530925663.6417732,64768,0.9996871948242188
1530925744.5053668,64896,0.9996845126152039
1530925825.2396848,65024,0.9996846914291382
1530925975.7705472,65152,0.9996882677078247
1530926056.5822322,65280,0.99969083070755
1530926137.3880773,65408,0.9996811151504517
1530926218.226982,65536,0.9996850490570068
1530926368.5684369,65664,0.999690592288971
1530926449.3001173,65792,0.9996930360794067
1530926530.1401486,65920,0.9996927976608276
1530926610.9379797,66048,0.9996939301490784
1530926759.0846703,66176,0.999692976474762
1530926839.8562553,66304,0.9996914863586426
1530926920.6644545,66432,0.9996927380561829
1530927001.4895608,66560,0.9996850490570068
1530927149.8412838,66688,0.9996910095214844
1530927230.599074,66816,0.9996880888938904
1530927311.444247,66944,0.9996874928474426
1530927392.218587,67072,0.9996870160102844
1530927540.449226,67200,0.9996845722198486
1530927621.3663929,67328,0.9996832013130188
1530927702.072206,67456,0.9996824860572815
1530927782.8437564,67584,0.9996833205223083
1530927932.9082391,67712,0.9996832609176636
1530928013.6312387,67840,0.9996822476387024
1530928094.3803296,67968,0.9996806383132935
1530928175.1585362,68096,0.9996784329414368
1530928324.877838,68224,0.9996804594993591
1530928405.8074653,68352,0.99968022108078
1530928486.72146,68480,0.9996771216392517
1530928567.5069516,68608,0.9996756315231323
1530928715.3242066,68736,0.9996802806854248
1530928795.890907,68864,0.9996799230575562
1530928876.4334986,68992,0.99968421459198
1530928956.9539273,69120,0.9996832013130188
1530929106.1450849,69248,0.9996851682662964
1530929187.0537035,69376,0.9996823668479919
1530929267.7115257,69504,0.9996827840805054
1530929348.523372,69632,0.9996821880340576
1530929497.8861284,69760,0.9996832013130188
1530929578.7903168,69888,0.9996815919876099
1530929659.486056,70016,0.9996821284294128
1530929740.347669,70144,0.9996898174285889
1530929889.1466815,70272,0.9996857047080994
1530929970.065093,70400,0.99968421459198
1530930050.85085,70528,0.9996840953826904
1530930131.7407098,70656,0.9996827840805054
1530930280.7248142,70784,0.9996877908706665
1530930361.5154362,70912,0.9996902346611023
1530930442.3592813,71040,0.9996868968009949
1530930523.1222274,71168,0.9996864795684814
1530930672.0544858,71296,0.9996858835220337
1530930752.8750277,71424,0.9996822476387024
1530930833.646435,71552,0.9996811151504517
1530930914.601278,71680,0.9996835589408875
1530931064.6575334,71808,0.9996809959411621
1530931145.4960063,71936,0.9996837377548218
1530931226.4683926,72064,0.9996850490570068
1530931307.4157445,72192,0.9996854662895203
1530931456.7354383,72320,0.9996832013130188
1530931537.2654526,72448,0.9996837973594666
1530931618.07705,72576,0.999685525894165
1530931698.7094517,72704,0.9996844530105591
1530931849.348229,72832,0.9996888041496277
1530931930.3845913,72960,0.9996869564056396
1530932011.328747,73088,0.9996880888938904
1530932092.0939372,73216,0.999688446521759
1530932243.079595,73344,0.9996904134750366
1530932324.0520353,73472,0.9996896982192993
1530932404.8075979,73600,0.9996888041496277
1530932485.645078,73728,0.9996880292892456
1530932635.1944087,73856,0.999696671962738
1530932715.992186,73984,0.9996911883354187
1530932796.9507282,74112,0.9996896982192993
1530932877.7863941,74240,0.9996984601020813
1530933028.7580826,74368,0.9997000098228455
1530933109.3718276,74496,0.9996938705444336
1530958015.4310718,74880,0.999701201915741
1530958095.2642722,75008,0.9997102618217468
1530958176.7227066,75136,0.9997161626815796
1530958258.1024582,75264,0.9997215270996094
1530958404.027326,75392,0.9997159838676453
1530958484.3757172,75520,0.9997255206108093
1530958564.6305718,75648,0.9997262358665466
1530958644.7108116,75776,0.999724805355072
1530958790.070387,75904,0.9997287392616272
1530958870.3489542,76032,0.9997252821922302
1530958950.5179393,76160,0.9997333884239197
1530959030.685771,76288,0.9997394680976868
1530959175.6915185,76416,0.9997341632843018
1530959255.8213043,76544,0.9997275471687317
1530959336.1011093,76672,0.9997329711914062
1530959416.3767545,76800,0.999730110168457
1530959562.2179334,76928,0.9997309446334839
1530959642.5528245,77056,0.9997277855873108
1530959722.8319898,77184,0.9997255206108093
1530959802.944063,77312,0.999732255935669
1530959948.8739097,77440,0.9997316598892212
1530960029.062055,77568,0.9997308850288391
1530960109.2358434,77696,0.9997357726097107
1530960189.241371,77824,0.9997307062149048
1530960335.3691678,77952,0.9997321367263794
1530960415.7995024,78080,0.9997302293777466
1530960495.965524,78208,0.9997368454933167
1530960576.256391,78336,0.9997302889823914
1530960722.2917852,78464,0.9997305870056152
1530960802.4073453,78592,0.9997297525405884
1530960882.4334147,78720,0.9997329711914062
1530960962.6004262,78848,0.9997323155403137
1530961108.585444,78976,0.9997286796569824
1530961188.9883275,79104,0.9997277855873108
1530961269.2260656,79232,0.9997278451919556
1530961349.3226726,79360,0.999731719493866
1530961495.542484,79488,0.999730110168457
1530961575.9250252,79616,0.9997280240058899
1530961656.308112,79744,0.9997279047966003
1530961736.7104406,79872,0.9997279644012451
1530961882.6966906,80000,0.9997274875640869
1530961962.9226844,80128,0.99973064661026
1530962042.9936464,80256,0.9997270107269287
1530962123.1529233,80384,0.9997299313545227
1530962269.9703834,80512,0.999730110168457
1530962350.1743562,80640,0.9997339844703674
1530962430.01967,80768,0.9997329115867615
1530962510.2159855,80896,0.999728262424469
1530962657.3061333,81024,0.9997310042381287
1530962737.3144603,81152,0.9997305870056152
1530962817.3593023,81280,0.999731719493866
1530962897.4055703,81408,0.9997297525405884
1530963042.457899,81536,0.9997366666793823
1530963122.5140953,81664,0.9997323751449585
1530963202.6186235,81792,0.9997269511222839
1530963282.626183,81920,0.9997277855873108
1530963429.9052496,82048,0.9997336268424988
1530963509.9039237,82176,0.9997349381446838
1530963590.0673172,82304,0.9997325539588928
1530963670.0847108,82432,0.9997314810752869
1530963815.4832885,82560,0.999737024307251
1530963895.7834668,82688,0.9997333288192749
1530963975.9772866,82816,0.9997365474700928
1530964056.17229,82944,0.9997250437736511
1530964202.3776233,83072,0.9997294545173645
1530964282.689398,83200,0.9997330904006958
1530964362.9267745,83328,0.9997341632843018
1530964443.2299657,83456,0.9997247457504272
1530964589.4148264,83584,0.9997314214706421
1530964669.7124176,83712,0.9997262358665466
1530964750.1269124,83840,0.999730110168457
1530964830.3026657,83968,0.9997249841690063
1530964976.6913958,84096,0.9997305870056152
1530965056.9945443,84224,0.9997275471687317
1530965137.2985613,84352,0.9997236728668213
1530965217.4588013,84480,0.9997206330299377
1530965362.989796,84608,0.9997218251228333
1530965443.3001819,84736,0.9997208714485168
1530965523.496368,84864,0.9997208118438721
1530965603.653318,84992,0.9997183680534363
1530965749.7782674,85120,0.9997209310531616
1530965829.9374883,85248,0.9997261166572571
1530965910.0792675,85376,0.9997130036354065
1530967659.5304604,85632,0.9997265338897705
1530967738.9701014,85760,0.9997260570526123
1530967820.1892765,85888,0.9997308254241943
1530967901.6996124,86016,0.9997270107269287
1530968048.7904189,86144,0.9997260570526123
1530968128.9346888,86272,0.9997331500053406
1530968208.977163,86400,0.9997283220291138
1530968289.1934144,86528,0.9997215867042542
1530968434.8612099,86656,0.9997349381446838
1530968514.977835,86784,0.9997220039367676
1530968594.9064503,86912,0.9997260570526123
1530968674.8193698,87040,0.999732494354248
1530968819.2529445,87168,0.9997324347496033
1530968899.1068628,87296,0.999729573726654
1530968979.2694528,87424,0.9997304081916809
1530969059.3707604,87552,0.9997267723083496
1530969204.4793756,87680,0.9997318387031555
1530969284.5836775,87808,0.999731719493866
1530969364.6557705,87936,0.9997333288192749
1530969444.7022598,88064,0.99973464012146
1530969590.054801,88192,0.9997320175170898
1530969670.2245247,88320,0.9997309446334839
1530969750.3814323,88448,0.9997352957725525
1530969830.2773287,88576,0.9997321963310242
1530969974.7162213,88704,0.9997367858886719
1530970054.8392801,88832,0.9997336864471436
1530970134.9053006,88960,0.9997338652610779
1530970214.818542,89088,0.9997326731681824
1530970360.1596122,89216,0.9997329711914062
1530970440.1144478,89344,0.9997337460517883
1530970520.2118511,89472,0.9997363686561584
1530970600.218605,89600,0.9997362494468689
1530970747.2011425,89728,0.9997316002845764
1530970827.2364392,89856,0.9997283816337585
1530970907.3102622,89984,0.999727725982666
1530970987.4343061,90112,0.9997275471687317
1530971132.1814945,90240,0.9997307658195496
1530971212.4106967,90368,0.9997310638427734
1530971292.566406,90496,0.9997314810752869
1530971372.7177093,90624,0.999724805355072
1530971517.0416346,90752,0.9997358322143555
1530971597.2158978,90880,0.9997254014015198
1530971677.3524072,91008,0.9997280836105347
1530971757.3275733,91136,0.9997309446334839
1530971902.3716292,91264,0.9997220039367676
1530971982.4396842,91392,0.9997252225875854
1530972062.7154403,91520,0.9997323751449585
1530972142.7488,91648,0.999725341796875
1530972288.4975646,91776,0.9997274279594421
1530972368.7148716,91904,0.9997232556343079
1530972448.9839325,92032,0.9997341632843018
1530972529.1651325,92160,0.9997327923774719
1530972674.3099027,92288,0.9997345209121704
1530972754.5285926,92416,0.999732494354248
1530972834.7213573,92544,0.9997360110282898
1530972914.7775228,92672,0.9997330904006958
1530973060.0634334,92800,0.9997378587722778
1530973140.311235,92928,0.9997249245643616
1530973220.5581245,93056,0.9997395873069763
1530973300.8372922,93184,0.9997286200523376
1530973446.5581906,93312,0.9997329711914062
1530973526.5565188,93440,0.9997279047966003
1530973606.6772552,93568,0.9997354745864868
1530973686.7820187,93696,0.9997345209121704
1530973833.5219297,93824,0.9997365474700928
1530973913.71192,93952,0.9997403621673584
1530973993.8188477,94080,0.9997403025627136
1530974073.9387145,94208,0.9997367858886719
1530974220.1022289,94336,0.9997385740280151
1530974300.1617186,94464,0.9997327327728271
1530974380.328815,94592,0.9997318387031555
1530974460.3389666,94720,0.9997339844703674
1530974606.3062332,94848,0.9997392296791077
1530974686.5983882,94976,0.9997325539588928
1530974766.8354638,95104,0.9997357726097107
1530974847.1239696,95232,0.9997299313545227
1530974994.7305593,95360,0.9997319579124451
1530975075.0303144,95488,0.9997327327728271
1530975155.503101,95616,0.9997308254241943
1530975235.8961248,95744,0.9997304081916809
1530975381.7130454,95872,0.9997318983078003
1530975462.143765,96000,0.9997377395629883
1530975542.4393175,96128,0.9997360110282898
1530975622.8326972,96256,0.9997395277023315
1530975769.1946554,96384,0.9997344017028809
1530975849.6125731,96512,0.9997319579124451
1530975929.9855127,96640,0.9997339248657227
1530976010.3637211,96768,0.999737024307251
1530976158.0520067,96896,0.9997329711914062
1530976238.4199646,97024,0.9997381567955017
1530976318.6878657,97152,0.9997358322143555
1530976399.1545506,97280,0.9997338056564331
1530976545.7974327,97408,0.9997291564941406
1530976626.0669749,97536,0.9997402429580688
