wall_time,step,value
1530452723.8358614,512,65.947265625
1530452967.0335352,1024,93.88045501708984
1530453208.8576767,1536,83.63661193847656
1530453451.0262678,2048,57.074745178222656
1530453694.8964186,2560,52.13304138183594
1530453938.5349457,3072,75.15916442871094
1530454182.4679353,3584,67.16686248779297
1530454424.1719415,4096,43.999114990234375
1530454667.051792,4608,44.181434631347656
1530454909.5933373,5120,42.45924377441406
1530455151.0324738,5632,36.02085494995117
1530455395.0566373,6144,30.912527084350586
1530455639.513079,6656,30.099029541015625
1530455882.5570579,7168,19.650325775146484
1530456126.178036,7680,17.730850219726562
1530456369.76289,8192,15.363149642944336
1530456613.8762915,8704,13.915740966796875
1530456857.6022177,9216,8.954068183898926
1530457102.2196405,9728,9.605308532714844
1530457345.6335115,10240,14.200662612915039
1530457588.7475176,10752,6.865832805633545
1530457831.8220606,11264,13.676241874694824
1530458075.315277,11776,3.4738194942474365
1530458319.2125583,12288,2.736727237701416
1530458562.282402,12800,10.614107131958008
1530458804.968775,13312,10.617486953735352
1530459050.192898,13824,14.65567398071289
1530459294.9345686,14336,8.271163940429688
1530459538.9192288,14848,12.0287446975708
1530459784.3832452,15360,15.3444242477417
1530460029.854736,15872,6.570981979370117
1530460274.6551514,16384,17.49933624267578
1530460519.6204054,16896,16.63176918029785
1530460763.7345722,17408,15.347689628601074
1530461008.1484318,17920,7.855255603790283
1530461252.0873857,18432,7.709299087524414
1530461496.0164661,18944,10.542825698852539
1530461740.187712,19456,6.970114231109619
1530461983.1875281,19968,8.591483116149902
1530462227.35621,20480,14.26363754272461
1530462471.8380811,20992,12.894991874694824
1530462716.8831692,21504,6.807205677032471
1530462961.2485769,22016,9.115991592407227
1530463207.5378883,22528,13.548704147338867
1530463452.7019694,23040,11.841214179992676
1530463697.1148255,23552,10.91417121887207
1530463942.0878332,24064,9.268575668334961
1530464187.5069404,24576,13.362776756286621
1530464432.3286784,25088,15.906575202941895
1530464677.4016032,25600,13.311549186706543
1530464922.7569463,26112,13.99551010131836
1530465169.285734,26624,13.106180191040039
1530465414.0993793,27136,0.8369542956352234
1530465659.6348805,27648,8.879351615905762
1530465905.1624289,28160,10.927661895751953
1530466150.6440253,28672,5.330079078674316
1530466397.0270257,29184,3.6523489952087402
1530466644.0859468,29696,9.165826797485352
1530466889.8827164,30208,7.6006317138671875
1530467135.6778033,30720,2.7139358520507812
1530467381.72052,31232,5.890838623046875
1530467629.250111,31744,4.816261291503906
1530467875.7761712,32256,6.199114799499512
1530468121.7804472,32768,2.4499740600585938
1530468368.6109192,33280,11.820202827453613
1530468615.067486,33792,8.027313232421875
1530468861.0469594,34304,4.8003082275390625
1530469108.3658013,34816,0.8871919512748718
1530469355.8960917,35328,24.637691497802734
1530469602.3119035,35840,23.317642211914062
1530469848.9672134,36352,-45.39672088623047
1530470098.090486,36864,-59.42493438720703
1530470345.4272788,37376,-189.6368408203125
1530470594.2498415,37888,189.1287384033203
1530470843.077238,38400,-121.23526000976562
1530721432.862867,39424,74.1547622680664
1530721675.5062864,39936,75.91068267822266
1530721918.6988463,40448,193.05531311035156
1530722162.0473082,40960,31.947967529296875
1530722406.1984053,41472,-61.59008026123047
1530722649.0698085,41984,-144.46728515625
1530722892.488791,42496,120.58969116210938
1530723136.2231896,43008,101.1676025390625
1530723380.3337913,43520,-179.2626495361328
1530723625.4916477,44032,-42.942161560058594
1530723868.1166034,44544,-261.1383056640625
1530724111.6883676,45056,-155.4353790283203
1530724355.1472814,45568,136.08302307128906
1530724598.2980828,46080,-72.15442657470703
1530724841.0871081,46592,-4.437379837036133
1530725084.179339,47104,69.86351013183594
1530725327.5175724,47616,-9.95754623413086
1530725571.3048487,48128,25.07004165649414
1530725816.3029203,48640,-199.5625762939453
1530726061.5160248,49152,-245.13714599609375
1530726307.0217788,49664,165.00875854492188
1530726552.7417676,50176,231.460693359375
1530726797.9550972,50688,189.3225555419922
1530727042.0816607,51200,-63.39695739746094
1530727287.3257406,51712,243.4678955078125
1530727532.8206198,52224,53.58403778076172
1530727778.2268045,52736,151.51478576660156
1530728023.9183605,53248,-172.09866333007812
1530728268.536613,53760,59.107688903808594
1530728512.976359,54272,-89.06809997558594
1530728757.5051725,54784,58.60410690307617
1530729002.673817,55296,-185.44921875
1530729249.0133798,55808,-100.49610137939453
1530729495.5656765,56320,-324.4202880859375
1530729743.0195897,56832,274.7165832519531
1530729989.5194151,57344,-248.6239013671875
1530730235.2087402,57856,-91.0779037475586
1530730481.6151028,58368,153.64352416992188
1530730729.0840604,58880,293.0189208984375
1530730974.748625,59392,39.98854446411133
1530731221.583299,59904,318.7776184082031
1530731468.3256752,60416,158.0911407470703
1530731714.4120183,60928,78.05636596679688
1530731960.914773,61440,-290.46392822265625
1530732207.4106243,61952,-111.883056640625
1530732453.2421737,62464,-217.00848388671875
1530732701.052972,62976,119.15536499023438
1530732947.7128017,63488,130.35076904296875
1530733193.7019844,64000,214.85617065429688
1530733441.249323,64512,158.48243713378906
1530733688.220291,65024,312.46893310546875
1530733936.7219012,65536,-191.20516967773438
1530734183.2688873,66048,423.764892578125
1530734430.5622036,66560,-344.99652099609375
1530734677.4080641,67072,96.29908752441406
1530734924.2521017,67584,366.5924987792969
1530735171.0079622,68096,-135.6961669921875
1530735418.295033,68608,-304.6116943359375
1530735664.978195,69120,-161.5067138671875
1530735911.8795793,69632,-156.35218811035156
1530736158.8028114,70144,163.24200439453125
1530736405.89806,70656,120.98822021484375
1530736652.7146387,71168,-307.1736145019531
1530736900.3900292,71680,268.54827880859375
1530737148.0276139,72192,137.2460479736328
1530737397.5013793,72704,6.055385589599609
1530737644.9795065,73216,294.9285888671875
1530737893.1068697,73728,176.8645477294922
1530738140.096872,74240,-121.45025634765625
1530738387.3360338,74752,90.36927795410156
1530738635.7638922,75264,58.221004486083984
1530738885.5259342,75776,-200.6306610107422
1530739133.7725735,76288,219.23678588867188
1530739382.8497918,76800,-14.86474323272705
1530739631.9973054,77312,-131.06723022460938
1530760499.1332412,78336,-115.45913696289062
1530760744.9516995,78848,-170.56817626953125
1530760989.5168304,79360,6.836788654327393
1530761235.7321846,79872,55.6190071105957
1530761480.9440699,80384,-88.15084838867188
1530761726.4328961,80896,152.11334228515625
1530761972.0874631,81408,-48.97441101074219
1530762218.5989327,81920,-27.75421142578125
1530762464.2176914,82432,269.30157470703125
1530762709.7717278,82944,-264.23828125
1530762956.2113068,83456,-154.54165649414062
1530763201.280589,83968,-231.16741943359375
1530763445.9455655,84480,-235.29122924804688
1530763690.533991,84992,107.37896728515625
1530763935.3121684,85504,-383.75506591796875
1530764180.9440837,86016,54.49616241455078
1530764426.229559,86528,-180.66571044921875
1530764671.5233302,87040,75.84041595458984
1530764917.3051517,87552,-113.50238037109375
1530765162.1632156,88064,-108.7458267211914
1530765409.1526952,88576,326.3028564453125
1530765655.762147,89088,-223.94967651367188
1530765902.3666594,89600,-287.07720947265625
1530766149.6643987,90112,106.55809783935547
1530766395.7918682,90624,383.1806335449219
1530766643.328019,91136,-59.55705261230469
1530766888.3139315,91648,-181.87811279296875
1530767136.045735,92160,123.63920593261719
1530767381.9575484,92672,256.03497314453125
1530767629.1952207,93184,185.024169921875
1530767875.0284994,93696,-93.22618865966797
1530768122.2145035,94208,-314.3782958984375
1530768368.4224951,94720,-216.35223388671875
1530768616.5402815,95232,-75.99966430664062
1530768862.8817334,95744,193.30886840820312
1530769110.172784,96256,-167.9276123046875
1530769356.715799,96768,-99.44837951660156
1530769603.4437082,97280,169.74758911132812
