wall_time,step,value
1533211177.336903,128,0.8675780296325684
1533211558.7430384,256,0.5451024770736694
1533211940.2320356,384,0.426734983921051
1533212321.9739237,512,0.3024638295173645
1533213175.2787104,640,0.2982558608055115
1533213556.7451327,768,0.25229987502098083
1533213938.1974084,896,0.26601988077163696
1533214319.6407263,1024,0.18112051486968994
1533215203.3043678,1152,0.21382230520248413
1533215584.9344807,1280,0.20854772627353668
1533215966.5116253,1408,0.1914488971233368
1533216348.0909765,1536,0.19439804553985596
1533217205.7623522,1664,0.1812581866979599
1533217587.606955,1792,0.1639142781496048
1533217969.4757724,1920,0.19123829901218414
1533218351.4148512,2048,0.16308581829071045
1533219198.9446018,2176,0.18203870952129364
1533219580.4030352,2304,0.1567188799381256
1533219961.985543,2432,0.14074485003948212
1533220343.5028327,2560,0.13287264108657837
1533221197.0835018,2688,0.14994680881500244
1533221578.6577246,2816,0.1394396722316742
1533221960.2844124,2944,0.12194109708070755
1533222341.9787407,3072,0.14193281531333923
1533223183.695659,3200,0.12686127424240112
1533223565.3703675,3328,0.11041444540023804
1533223947.1425145,3456,0.14705786108970642
1533224328.7163804,3584,0.1117069274187088
1533225166.5953505,3712,0.1175193339586258
1533225548.2614815,3840,0.11437466740608215
1533225929.9599392,3968,0.1255924105644226
1533226311.5272298,4096,0.11300765722990036
1533227154.1810799,4224,0.11042119562625885
1533227535.6860278,4352,0.11452264338731766
1533227917.2951097,4480,0.1244882270693779
1533228298.9095,4608,0.1101861298084259
1533229144.1224287,4736,0.09210296720266342
1533229525.3158464,4864,0.09688842296600342
1533229906.7886064,4992,0.1070748120546341
1533230288.3323977,5120,0.08492293208837509
1533231118.9277797,5248,0.10142894834280014
1533231500.273833,5376,0.10185426473617554
1533231881.6456199,5504,0.09314608573913574
1533232263.2171042,5632,0.08467911183834076
1533233088.38295,5760,0.0815512090921402
1533233470.068612,5888,0.0789642408490181
1533233851.674437,6016,0.0947839692234993
1533234233.107751,6144,0.09387364238500595
1533235055.9810703,6272,0.07675381004810333
1533235437.60411,6400,0.08050846308469772
1533235819.1812263,6528,0.08300666511058807
1533236200.764109,6656,0.07996855676174164
1533237027.879082,6784,0.07524081319570541
1533237409.4962811,6912,0.0773695856332779
1533237791.2415268,7040,0.07931399345397949
1533238172.8202345,7168,0.07696380466222763
1533238988.442727,7296,0.06676662713289261
1533239370.285022,7424,0.08588162809610367
1533239752.0883515,7552,0.07618808001279831
1533240134.067826,7680,0.08198188245296478
1533240951.2346416,7808,0.07143870741128922
1533241332.8576868,7936,0.07110495865345001
1533241714.5422807,8064,0.09176262468099594
1533242096.4026818,8192,0.06518290936946869
1533242926.6920962,8320,0.06515060365200043
1533243308.4708445,8448,0.08246763050556183
1533243690.2747436,8576,0.06982308626174927
1533244072.1428623,8704,0.06656557321548462
1533244887.4024394,8832,0.05796816572546959
1533245269.1298912,8960,0.07195046544075012
1533245651.0689347,9088,0.06700710952281952
1533246032.9939466,9216,0.06255242228507996
1533246853.3333993,9344,0.0648554116487503
1533247235.173615,9472,0.06891880929470062
1533247617.0152085,9600,0.07142314314842224
1533247998.853074,9728,0.05667676776647568
1533248828.0649226,9856,0.06468749046325684
1533249209.8985357,9984,0.06433240324258804
1533249591.7931907,10112,0.05659990757703781
1533249973.6068902,10240,0.06145321577787399
1533250798.9957564,10368,0.05471797659993172
1533251180.814131,10496,0.06625675410032272
1533251562.564879,10624,0.057982560247182846
1533251944.389474,10752,0.056708790361881256
1533252767.5699983,10880,0.05473481863737106
1533253149.330416,11008,0.048815950751304626
1533253531.0089622,11136,0.05007147789001465
1533253912.7644508,11264,0.05037081986665726
1533254745.1078992,11392,0.057864267379045486
1533255126.8929462,11520,0.0589570589363575
1533255508.6941264,11648,0.05376094579696655
1533255890.3842602,11776,0.059408970177173615
1533256714.1164796,11904,0.05511991307139397
1533257095.876889,12032,0.06585370749235153
1533257477.7185657,12160,0.05521784722805023
1533257859.5060687,12288,0.049839265644550323
1533258699.4092324,12416,0.04498452693223953
1533259081.3236024,12544,0.056467942893505096
1533259463.2585242,12672,0.0544622540473938
1533259845.1372707,12800,0.05601556971669197
1533260677.9108512,12928,0.04684682935476303
1533261059.7866187,13056,0.05311455577611923
1533261441.6665924,13184,0.054419513791799545
1533261823.4357145,13312,0.049042344093322754
1533262651.4256325,13440,0.046641092747449875
1533263033.1600416,13568,0.037478864192962646
1533263414.779703,13696,0.041067272424697876
1533263796.445513,13824,0.040964823216199875
1533264632.0791817,13952,0.044053900986909866
1533265013.7436528,14080,0.05400121957063675
1533265395.3195562,14208,0.0496932789683342
1533265777.0113122,14336,0.05606982856988907
1533266608.4265778,14464,0.050585098564624786
1533266989.779536,14592,0.06107994541525841
1533267371.0873263,14720,0.05541197955608368
1533267752.2586102,14848,0.045053429901599884
1533268557.1080809,14976,0.043371040374040604
1533268938.7097945,15104,0.026749655604362488
1533269320.2805927,15232,0.051669348031282425
1533269701.9719095,15360,0.04877077788114548
1533270524.234317,15488,0.05740959569811821
1533270905.8297539,15616,0.05077064037322998
1533271287.388048,15744,0.04464026167988777
1533271668.9991338,15872,0.043887894600629807
1533272485.2898386,16000,0.055684398859739304
1533272867.0956016,16128,0.03856336697936058
1533273248.9961936,16256,0.05274438485503197
1533273630.7257845,16384,0.04898334667086601
1533274460.9956498,16512,0.053814344108104706
1533274842.3899202,16640,0.042754072695970535
1533275223.961376,16768,0.058164529502391815
1533275605.45986,16896,0.04561730846762657
1533276429.1979384,17024,0.0505111999809742
1533276810.7717075,17152,0.04161088913679123
1533277192.270569,17280,0.046668604016304016
1533277573.9033942,17408,0.04167100414633751
1533278382.0081809,17536,0.04263928532600403
1533278763.4982777,17664,0.05287327989935875
1533279145.0006888,17792,0.03336841240525246
1533279526.3476837,17920,0.045075614005327225
1533280343.1766694,18048,0.03175727277994156
1533280724.8450558,18176,0.04066484048962593
1533281106.54879,18304,0.050396744161844254
1533281488.3743644,18432,0.03853624314069748
1533282306.2708561,18560,0.04278740659356117
1533282688.2404132,18688,0.03549176827073097
1533283070.1402845,18816,0.04156484827399254
1533283452.02998,18944,0.03588847815990448
1533284260.8896525,19072,0.03594109043478966
1533284642.6634529,19200,0.04333114251494408
1533285024.5963864,19328,0.037013258785009384
1533285406.4632845,19456,0.045988332480192184
1533286216.7591398,19584,0.03808388113975525
1533286598.6809442,19712,0.03674374148249626
1533286980.779672,19840,0.037113506346940994
1533287362.7776256,19968,0.03579290211200714
1533288186.042842,20096,0.04177422448992729
1533288567.842224,20224,0.0377730056643486
1533288949.9178567,20352,0.047982484102249146
1533289331.7789085,20480,0.03975127637386322
1533290147.3214736,20608,0.038859643042087555
1533290529.278277,20736,0.03252153471112251
1533290911.1108804,20864,0.04287893697619438
1533291292.8859825,20992,0.03688179701566696
1533292102.8128972,21120,0.035076990723609924
1533292484.7524297,21248,0.03265373408794403
1533292866.746374,21376,0.038294464349746704
1533293248.7349875,21504,0.02996019460260868
1533294061.2501502,21632,0.03448722884058952
1533294443.1787655,21760,0.027973918244242668
1533294824.9298892,21888,0.031234409660100937
1533295206.813763,22016,0.031213276088237762
1533296028.485439,22144,0.032653793692588806
1533296410.2384503,22272,0.04219011217355728
1533296791.8604517,22400,0.03778274357318878
1533297173.6097975,22528,0.03817139193415642
1533297981.0764186,22656,0.03918595239520073
1533298362.6577408,22784,0.032278746366500854
1533298744.232076,22912,0.03605026379227638
1533299125.7887473,23040,0.038698188960552216
1533299923.2125766,23168,0.03348522633314133
1533300304.8015118,23296,0.03414430841803551
1533300686.4424238,23424,0.03951621055603027
1533301068.0781903,23552,0.04049146920442581
1533301894.522269,23680,0.025539962574839592
1533302276.3032732,23808,0.035670895129442215
1533302658.127041,23936,0.041786279529333115
1533303039.7293284,24064,0.03450733423233032
1533303863.4296236,24192,0.027158431708812714
1533304245.2996352,24320,0.038520731031894684
1533304627.2678921,24448,0.035888444632291794
1533305009.1141,24576,0.03246529772877693
1533305831.5409465,24704,0.038009557873010635
1533306213.2580152,24832,0.030716922134160995
1533306595.1112664,24960,0.03292513266205788
1533306976.9144027,25088,0.032403066754341125
1533307794.3330338,25216,0.032457076013088226
1533308176.3267102,25344,0.043543022125959396
1533308558.1561556,25472,0.037857551127672195
1533308940.0565245,25600,0.036151785403490067
1533309763.8722844,25728,0.031166762113571167
1533310145.6899745,25856,0.053336843848228455
1533310527.525667,25984,0.03382508456707001
1533310909.451044,26112,0.037390463054180145
1533311731.3588867,26240,0.03521674871444702
1533312113.4740849,26368,0.03960669785737991
1533312495.4442225,26496,0.030162565410137177
1533312877.3673687,26624,0.03899959474802017
1533313690.62417,26752,0.031130632385611534
1533314072.4569497,26880,0.03978120535612106
1533314454.294186,27008,0.03396730124950409
1533314835.9908834,27136,0.028449997305870056
1533315664.259461,27264,0.03445344418287277
1533316046.329087,27392,0.04228898137807846
1533316428.2685473,27520,0.03419874235987663
1533316810.2664907,27648,0.03303810581564903
1533317633.4752135,27776,0.03366699814796448
1533318015.4160056,27904,0.029186854138970375
1533318397.222437,28032,0.03590499609708786
1533318779.0009272,28160,0.036012232303619385
1533319603.138014,28288,0.03765912353992462
1533319984.8647869,28416,0.02294546365737915
1533320366.6411686,28544,0.03367193788290024
1533320748.384307,28672,0.025672081857919693
1533321569.697179,28800,0.03505289927124977
1533321951.6613452,28928,0.03287120163440704
1533322333.5047526,29056,0.02984536439180374
1533322715.4457893,29184,0.03294157236814499
1533552826.206753,29312,0.03750886768102646
1533553207.7451694,29440,0.032536305487155914
1533553589.2813456,29568,0.027697347104549408
1533553970.816218,29696,0.034914594143629074
1533554775.6512473,29824,0.025815822184085846
1533555157.1390975,29952,0.025078509002923965
1533555538.5917,30080,0.0344545841217041
1533555920.2194107,30208,0.03041834384202957
1533556740.725743,30336,0.038088373839855194
1533557122.1743755,30464,0.03385178744792938
1533557503.4796758,30592,0.03777936473488808
1533557885.239148,30720,0.029446428641676903
1533558699.738285,30848,0.024943921715021133
1533559081.1831048,30976,0.036754269152879715
1533559462.615561,31104,0.03267529606819153
1533559843.8745358,31232,0.025675149634480476
1533560669.9176707,31360,0.025296038016676903
1533561051.7345245,31488,0.025470461696386337
1533561433.3917456,31616,0.027017617598176003
1533561815.2139857,31744,0.03166283667087555
1533562624.650763,31872,0.026210442185401917
1533563006.2872686,32000,0.031305257230997086
1533563387.9593842,32128,0.031189724802970886
1533563769.7129755,32256,0.02679012343287468
1533564595.3834593,32384,0.03178520128130913
1533564977.121661,32512,0.02454896830022335
1533565358.5978608,32640,0.023413388058543205
1533565740.2308815,32768,0.036620788276195526
1533566552.6766362,32896,0.02327967993915081
1533566934.3883474,33024,0.025356682017445564
1533567316.0369654,33152,0.030997201800346375
1533567697.7066271,33280,0.029222242534160614
1533568538.5144677,33408,0.031115896999835968
1533568920.2635832,33536,0.03912868723273277
1533569301.790668,33664,0.02839049883186817
1533569683.4243672,33792,0.02323850803077221
1533570502.3353777,33920,0.024875778704881668
1533570884.0225031,34048,0.03188633918762207
1533571265.671182,34176,0.03140775486826897
1533571647.1409893,34304,0.03259389102458954
1533572472.581232,34432,0.030809415504336357
1533572854.2760262,34560,0.035697758197784424
1533573235.946805,34688,0.023043818771839142
1533573617.613706,34816,0.027417708188295364
1533574445.5405595,34944,0.03157566860318184
1533574827.063491,35072,0.027267102152109146
1533575208.6190524,35200,0.037303172051906586
1533575590.1888351,35328,0.022596318274736404
1533576423.185947,35456,0.03161275014281273
1533576804.5121522,35584,0.02681940235197544
1533577186.1443722,35712,0.032482899725437164
1533577567.5183697,35840,0.03135322779417038
1533578400.8999448,35968,0.027099106460809708
1533578782.6730106,36096,0.026532365009188652
1533579164.494925,36224,0.03215832635760307
1533579546.2687955,36352,0.03090577758848667
1533580375.0922632,36480,0.027766596525907516
1533580756.4995565,36608,0.024168644100427628
1533581138.0474231,36736,0.03627299517393112
1533581519.5312848,36864,0.02886948175728321
1533582359.2187364,36992,0.024775376543402672
1533582741.050211,37120,0.023325590416789055
1533583122.9225008,37248,0.025857992470264435
1533583504.6346974,37376,0.02786652371287346
1533584330.82326,37504,0.033522650599479675
1533584712.7728746,37632,0.027817130088806152
1533585094.7187095,37760,0.029326817020773888
1533585476.6472633,37888,0.030290231108665466
1533586298.3661819,38016,0.025499727576971054
1533586680.2144856,38144,0.03045603260397911
1533587062.0521235,38272,0.026766393333673477
1533587443.985503,38400,0.04715006798505783
1533588267.1785772,38528,0.03341351076960564
1533588648.8094933,38656,0.03036772832274437
1533589030.4951713,38784,0.027251623570919037
1533589412.3178487,38912,0.02791643515229225
1533590247.0132527,39040,0.03550850600004196
1533590628.9601712,39168,0.02958112396299839
1533591010.8341856,39296,0.024181261658668518
1533591392.718948,39424,0.027701709419488907
1533592204.1445787,39552,0.028778240084648132
1533592585.9679968,39680,0.03381181135773659
1533592967.7642272,39808,0.023380063474178314
1533593349.6876457,39936,0.03402268886566162
1533594168.6997945,40064,0.028721189126372337
1533594550.340924,40192,0.027760721743106842
1533594932.1571293,40320,0.0267645251005888
1533595313.8562121,40448,0.023616021499037743
1533596133.7133892,40576,0.02133103832602501
1533596515.5915525,40704,0.027342841029167175
1533596897.3001323,40832,0.03478597477078438
1533597279.0496716,40960,0.031173963099718094
1533598111.8486154,41088,0.02281116507947445
1533598493.6724474,41216,0.022828957065939903
1533598875.5019784,41344,0.02815045788884163
1533599257.3138442,41472,0.030651677399873734
1533600079.1969192,41600,0.020737631246447563
1533600460.8672006,41728,0.032415032386779785
1533600842.7298489,41856,0.026456179097294807
1533601224.5630653,41984,0.028849143534898758
1533602045.3340082,42112,0.024496864527463913
1533602427.139828,42240,0.029606033116579056
1533602808.8194745,42368,0.01988445408642292
1533603190.716648,42496,0.019419390708208084
1533604014.9711394,42624,0.018955547362565994
1533604396.6576738,42752,0.03820911794900894
1533604778.505802,42880,0.021743882447481155
1533605160.3051674,43008,0.023736964911222458
1533605991.1128862,43136,0.022700633853673935
1533606373.1659775,43264,0.036334410309791565
1533606755.1184812,43392,0.019510019570589066
1533607137.055129,43520,0.02307792566716671
1533607972.350866,43648,0.027223210781812668
1533608354.0119379,43776,0.022775553166866302
1533608735.7960415,43904,0.01925400272011757
1533609117.564006,44032,0.026822282001376152
1533609940.0470812,44160,0.020206475630402565
1533610321.6942348,44288,0.040381234139204025
1533610703.6276147,44416,0.025639452040195465
1533611085.553017,44544,0.016811680048704147
1533611928.0151565,44672,0.02086000144481659
1533612309.8139935,44800,0.027735821902751923
1533612691.5533152,44928,0.023824648931622505
1533613073.282905,45056,0.021275434643030167
1533613915.6679265,45184,0.021984506398439407
1533614297.4143908,45312,0.019684573635458946
1533614679.0757897,45440,0.019257385283708572
1533615060.8058581,45568,0.020687520503997803
1533615891.2324555,45696,0.02702050656080246
1533616273.1274395,45824,0.01886940933763981
1533616655.2684693,45952,0.020735079422593117
1533617037.2313306,46080,0.022559266537427902
1533617869.3859174,46208,0.022284476086497307
1533618250.9883657,46336,0.019885484129190445
1533618632.6400206,46464,0.03257255256175995
1533619014.1924293,46592,0.025973105803132057
1533619848.1601639,46720,0.018931319937109947
1533620229.7813087,46848,0.019366273656487465
1533620611.3431673,46976,0.022288314998149872
1533620992.953278,47104,0.0211319737136364
1533621814.520651,47232,0.02001824975013733
1533622196.1484828,47360,0.020520538091659546
1533622577.6455858,47488,0.025584742426872253
1533622959.3037863,47616,0.027400754392147064
1533623791.276805,47744,0.026359202340245247
1533624173.0859938,47872,0.030891399830579758
1533624554.7978904,48000,0.016959985718131065
1533624936.589426,48128,0.032463621348142624
1533625773.1545954,48256,0.03586698696017265
1533626154.8312597,48384,0.026182757690548897
1533626536.5438306,48512,0.02414730004966259
1533626918.2351377,48640,0.019863711670041084
1533627751.514384,48768,0.02709386870265007
1533628133.4259884,48896,0.01698732189834118
1533628515.2231123,49024,0.019145790487527847
1533628897.005934,49152,0.020426366478204727
1533629729.2712407,49280,0.02218816615641117
1533630111.5064003,49408,0.022723279893398285
1533630493.7342162,49536,0.021711714565753937
1533630876.0228274,49664,0.018704138696193695
1533631697.8744864,49792,0.020537352189421654
1533632079.6627803,49920,0.022428177297115326
1533632461.5483549,50048,0.02174443006515503
1533632843.4425402,50176,0.01814061775803566
1533633675.5475812,50304,0.01470085047185421
1533634057.4923398,50432,0.020776649937033653
1533634439.3355198,50560,0.020365092903375626
1533634821.2727692,50688,0.02356509491801262
1533635649.4406562,50816,0.01685156486928463
1533636031.2960327,50944,0.022290969267487526
1533636413.1327066,51072,0.020449593663215637
1533636794.8845599,51200,0.0223572738468647
1533637627.7170155,51328,0.01819748617708683
1533638009.4311671,51456,0.02262522093951702
1533638391.371313,51584,0.017197510227560997
1533638773.3445015,51712,0.02259419485926628
1533639622.4182692,51840,0.024476615712046623
1533640004.3551857,51968,0.018836844712495804
1533640386.177926,52096,0.021998636424541473
1533640768.1566052,52224,0.022388774901628494
1533641599.3836584,52352,0.02180701121687889
1533641981.4157963,52480,0.019235782325267792
1533642363.2861168,52608,0.02455686405301094
1533642745.3397665,52736,0.02305237203836441
1533643594.533808,52864,0.026607129722833633
1533643976.2872977,52992,0.024837344884872437
1533644358.2724504,53120,0.025504520162940025
1533644740.2533073,53248,0.02050704136490822
1533645577.7055247,53376,0.02556091919541359
1533645959.5330026,53504,0.02519330568611622
1533646341.4905639,53632,0.02441617101430893
1533646723.310431,53760,0.01773548685014248
1533647559.145396,53888,0.027886128053069115
1533647940.8528068,54016,0.024902157485485077
1533648322.6588237,54144,0.01810959354043007
1533648704.4110897,54272,0.0215992983430624
1533649547.7001233,54400,0.030351638793945312
1533649929.302049,54528,0.01709475740790367
1533650311.01711,54656,0.01905154250562191
1533650692.7988348,54784,0.01760759949684143
1533651535.961508,54912,0.014830384403467178
1533651917.8129857,55040,0.020964715629816055
1533652299.638495,55168,0.022299375385046005
1533652681.4710763,55296,0.02441386692225933
1533653526.0373878,55424,0.019815359264612198
1533653907.863686,55552,0.026934657245874405
1533654289.8679352,55680,0.027504824101924896
1533654671.8068783,55808,0.021876763552427292
1533655516.2509537,55936,0.020673466846346855
1533655898.3811529,56064,0.021847648546099663
1533656280.4918578,56192,0.026069728657603264
1533656662.4321117,56320,0.022511471062898636
1533657492.3501465,56448,0.0221780426800251
1533657874.3857312,56576,0.02029690146446228
1533658256.2873526,56704,0.022206800058484077
1533658638.213018,56832,0.02592269331216812
1533659477.433647,56960,0.019204162061214447
1533659859.3456995,57088,0.024006791412830353
1533660241.2543564,57216,0.028090542182326317
1533660623.1292546,57344,0.017482290044426918
1533661456.7210338,57472,0.02476980909705162
1533661838.6479034,57600,0.029743704944849014
1533662220.524059,57728,0.015360490418970585
1533662602.4154584,57856,0.017064573243260384
1533663433.460728,57984,0.020607322454452515
1533663815.244572,58112,0.020093239843845367
1533664197.0148733,58240,0.011207092553377151
1533664578.7375479,58368,0.020096849650144577
1533665433.8337452,58496,0.022692065685987473
1533665815.538791,58624,0.02187316119670868
1533666197.4856355,58752,0.021009819582104683
1533666579.3750386,58880,0.023735275492072105
1533667443.954865,59008,0.020442906767129898
1533667825.7905433,59136,0.011520348489284515
1533668207.6483965,59264,0.017191674560308456
1533668589.507033,59392,0.019770776852965355
1533673245.1226568,59520,0.02794409543275833
1533673626.6088672,59648,0.022202469408512115
1533674007.9820843,59776,0.019826406612992287
1533674389.558913,59904,0.025018244981765747
1533675237.057844,60032,0.019805021584033966
1533675618.6456902,60160,0.01709679327905178
1533676000.2276614,60288,0.025370623916387558
1533676381.7573009,60416,0.023167751729488373
1533677221.6357021,60544,0.023223936557769775
1533677603.2859375,60672,0.023414239287376404
1533677984.8315969,60800,0.016026580706238747
1533678366.5193527,60928,0.02159910462796688
1533679200.1266222,61056,0.018466737121343613
1533679581.7348244,61184,0.016992023214697838
1533679963.1044652,61312,0.022495562210679054
1533680344.6316805,61440,0.02260349504649639
1533681179.017342,61568,0.019230324774980545
1533681560.5151644,61696,0.018336988985538483
1533681942.180533,61824,0.015978047624230385
1533682323.8826246,61952,0.0379827655851841
1533683172.6774118,62080,0.019495200365781784
1533683554.2371936,62208,0.021803606301546097
1533683935.9241314,62336,0.02249053865671158
1533684317.6890757,62464,0.034115493297576904
1533685176.625044,62592,0.01752544566988945
1533685558.2462597,62720,0.018191568553447723
1533685939.8777173,62848,0.01927351951599121
1533686321.4465804,62976,0.017653293907642365
1533687164.1774783,63104,0.014531195163726807
1533687546.0885131,63232,0.0169445239007473
1533687927.7669775,63360,0.016186226159334183
1533688309.6304312,63488,0.01728826016187668
1533689151.0219975,63616,0.018511541187763214
1533689532.7488673,63744,0.019106918945908546
1533689914.2861114,63872,0.024792717769742012
1533690295.8965056,64000,0.021161779761314392
1533691149.040681,64128,0.016898155212402344
1533691530.7164383,64256,0.024444399401545525
1533691912.3096642,64384,0.029597673565149307
1533692293.844308,64512,0.019094914197921753
1533693131.8910012,64640,0.025508495047688484
1533693513.6921945,64768,0.017384150996804237
1533693895.4045312,64896,0.02143820933997631
1533694277.1244147,65024,0.024820763617753983
1533695116.5519745,65152,0.01679074391722679
1533695498.2155588,65280,0.02359125018119812
1533695879.818781,65408,0.021064510568976402
1533696261.3249524,65536,0.016870809718966484
1533697101.5049117,65664,0.01829945482313633
1533697483.0800142,65792,0.01627235859632492
1533697864.6539507,65920,0.02689957246184349
1533698246.2184167,66048,0.023374149575829506
1533699085.7095418,66176,0.018875444307923317
1533699467.1585035,66304,0.020703408867120743
1533699848.6457303,66432,0.015503902919590473
1533700230.268224,66560,0.024077624082565308
1533701082.802942,66688,0.020409973338246346
1533701464.2945905,66816,0.023646485060453415
1533701845.876906,66944,0.020723337307572365
1533702227.4417846,67072,0.01671799272298813
1533703081.2047887,67200,0.02154964581131935
1533703463.0254483,67328,0.018815577030181885
1533703845.0059211,67456,0.013443495146930218
1533704226.9141312,67584,0.01746659353375435
1533705068.926858,67712,0.0166627187281847
1533705450.8299675,67840,0.015055764466524124
1533705832.654045,67968,0.014930806122720242
1533706214.2308192,68096,0.01969033293426037
1533707054.165942,68224,0.010471581481397152
1533707435.898623,68352,0.022783825173974037
1533707817.6924317,68480,0.018136054277420044
1533708199.40334,68608,0.02089323103427887
1533709054.7747793,68736,0.02474443055689335
1533709436.6278448,68864,0.02232348918914795
1533709818.4035153,68992,0.019912777468562126
1533710200.3918486,69120,0.021798664703965187
1533711064.9437897,69248,0.02429763786494732
1533711446.9636953,69376,0.027485284954309464
1533711829.012535,69504,0.020102854818105698
1533712211.1526732,69632,0.0202699713408947
1533713066.9923654,69760,0.017694592475891113
1533713448.718688,69888,0.017772115767002106
1533713830.6324403,70016,0.026459326967597008
1533714212.3997326,70144,0.021325314417481422
1533715076.9962227,70272,0.02328394167125225
1533715459.0491588,70400,0.01916247047483921
1533715841.29385,70528,0.021368157118558884
1533716223.5724378,70656,0.020002860575914383
1533717072.5666492,70784,0.012485392391681671
1533717454.7550051,70912,0.023457912728190422
1533717836.7413425,71040,0.01702633686363697
1533718218.702492,71168,0.01853540912270546
1533719086.1112802,71296,0.02351940982043743
1533719468.3039472,71424,0.016720470041036606
1533719850.4272804,71552,0.016225259751081467
1533720232.5982497,71680,0.01908033899962902
1533721087.4193442,71808,0.021037422120571136
1533721469.300389,71936,0.017622515559196472
1533721851.2381496,72064,0.012828363105654716
1533722232.9518065,72192,0.013085940852761269
1533723087.7868264,72320,0.012372884899377823
1533723469.539409,72448,0.018396852537989616
1533723851.2664979,72576,0.015120655298233032
1533724233.0418494,72704,0.016836874186992645
1533725079.9999328,72832,0.02230844832956791
1533725461.7953928,72960,0.021035175770521164
1533725843.532219,73088,0.019884375855326653
1533726225.2171714,73216,0.018616551533341408
1533727085.9951339,73344,0.021136825904250145
1533727467.7137852,73472,0.017438247799873352
1533727849.6333382,73600,0.019080398604273796
1533728231.664824,73728,0.019723203033208847
1533729080.4867592,73856,0.01811140589416027
1533729462.2059484,73984,0.03670864179730415
1533729843.712055,74112,0.02248593233525753
1533730225.4572432,74240,0.01569446176290512
1533731071.9094849,74368,0.01406120415776968
1533731453.643056,74496,0.01828627847135067
1533731835.432658,74624,0.019785627722740173
1533732217.2560923,74752,0.026377692818641663
1533733058.0216072,74880,0.01503199152648449
1533733439.6319048,75008,0.013631337322294712
1533733821.1854427,75136,0.016280723735690117
1533734202.7250893,75264,0.0138161052018404
1533735040.7283769,75392,0.02129734493792057
1533735422.3614662,75520,0.021349744871258736
1533735803.81734,75648,0.01853831671178341
1533736185.258106,75776,0.012319043278694153
1533737043.2644577,75904,0.01677144132554531
1533737424.7340333,76032,0.021506432443857193
1533737806.2538598,76160,0.020470531657338142
1533738187.7936125,76288,0.016346650198101997
1533739046.2235434,76416,0.013273555785417557
1533739427.6804316,76544,0.02357199788093567
1533739809.2392137,76672,0.027420248836278915
1533740190.8154054,76800,0.024156693369150162
1533741050.9098835,76928,0.01533658616244793
1533741432.5769658,77056,0.018236566334962845
1533741814.185384,77184,0.018660426139831543
1533742195.6176124,77312,0.014462810009717941
1533743071.7889981,77440,0.01479180809110403
1533744047.303163,77440,0.024436550214886665
1533744443.2074041,77568,0.013681351207196712
1533744839.0905545,77696,0.015365025959908962
1533745234.1711636,77824,0.012946782633662224
1533746085.4535105,77952,0.014696015045046806
1533746467.2833505,78080,0.016266152262687683
1533746849.0764558,78208,0.020012175664305687
1533747230.8397443,78336,0.015292918309569359
1533748081.613032,78464,0.012692056596279144
1533748463.309108,78592,0.023610536009073257
1533748844.931062,78720,0.016727950423955917
1533749226.4608977,78848,0.021926149725914
1533750079.0957932,78976,0.010564485564827919
1533750460.7065115,79104,0.017894858494400978
1533750842.4298167,79232,0.01738155446946621
1533751224.0476925,79360,0.016138773411512375
1533752069.90708,79488,0.015206665731966496
1533752451.6444545,79616,0.017690744251012802
1533752833.383809,79744,0.020369548350572586
1533753215.2502437,79872,0.01596422679722309
1533754074.0866346,80000,0.01697169989347458
1533754455.6403368,80128,0.01788613572716713
1533754837.3018034,80256,0.018735773861408234
1533755219.0540435,80384,0.035447102040052414
1533756063.3264713,80512,0.015260783024132252
1533756444.9999425,80640,0.015682322904467583
1533756826.6546376,80768,0.035808078944683075
1533757208.2486763,80896,0.016814496368169785
1533758054.3294368,81024,0.020802190527319908
1533758435.9301772,81152,0.022094879299402237
1533758817.3740358,81280,0.012984228320419788
1533759199.0765457,81408,0.022182181477546692
1533760040.7474618,81536,0.019768549129366875
1533760422.3448515,81664,0.01785872131586075
1533760803.8652687,81792,0.020710302516818047
1533761185.5123246,81920,0.024251574650406837
1533762027.8423703,82048,0.01701306365430355
1533762409.8992798,82176,0.021726423874497414
1533762791.8886209,82304,0.01684516854584217
1533763173.9257429,82432,0.015508409589529037
1533764026.2557354,82560,0.01569094881415367
1533764408.01908,82688,0.014294657856225967
1533764789.6006403,82816,0.018326394259929657
1533765171.2795858,82944,0.01724039390683174
1533766022.652299,83072,0.0173180028796196
1533766404.1271434,83200,0.020428642630577087
1533766785.4575973,83328,0.016053028404712677
1533767166.9139433,83456,0.01584099419414997
1533768005.6687267,83584,0.018220990896224976
1533768387.2751176,83712,0.020241418853402138
1533768768.9584253,83840,0.014844628050923347
1533769150.4669957,83968,0.023043816909193993
1533770005.612122,84096,0.018731821328401566
1533770387.4266152,84224,0.018370797857642174
1533770769.293283,84352,0.014627364464104176
1533771151.1696959,84480,0.020988769829273224
1533771999.3358598,84608,0.018995705991983414
1533772381.049367,84736,0.01726304367184639
1533772762.7206216,84864,0.01874462142586708
1533773144.4487803,84992,0.013752171769738197
1533774008.0607257,85120,0.018098607659339905
1533774389.846164,85248,0.02419971488416195
1533774771.4175267,85376,0.0144469253718853
1533775153.1931665,85504,0.017156071960926056
1533776005.1489713,85632,0.017509326338768005
1533776387.3378289,85760,0.013590328395366669
1533776769.4633315,85888,0.024619627743959427
1533777151.62636,86016,0.019833030179142952
1533778004.3242278,86144,0.015043706633150578
1533778386.1424813,86272,0.017529506236314774
1533778767.91486,86400,0.023408006876707077
1533779149.679219,86528,0.01603391394019127
1533780008.1941326,86656,0.01732480153441429
1533780389.7075975,86784,0.016974929720163345
1533780771.3517196,86912,0.01297681126743555
1533781153.0241709,87040,0.014279411174356937
1533782004.4975274,87168,0.015939101576805115
1533782386.1136007,87296,0.01921532116830349
1533782768.0204124,87424,0.022860998287796974
1533783150.0378678,87552,0.017021726816892624
1533784011.7357643,87680,0.0188588947057724
1533784393.5020583,87808,0.018337685614824295
1533784775.3545885,87936,0.024133872240781784
1533785157.069851,88064,0.012535108253359795
1533786006.3572748,88192,0.012863470241427422
1533786388.082231,88320,0.012812532484531403
1533786769.7743099,88448,0.016142413020133972
1533787151.4923706,88576,0.016257332637906075
1533788011.835504,88704,0.015331130474805832
1533788393.5970104,88832,0.015400942414999008
1533788775.3547468,88960,0.02088869921863079
1533789157.1197875,89088,0.010007254779338837
1533790002.5250916,89216,0.016015540808439255
1533790384.562806,89344,0.014674192294478416
1533790766.5693924,89472,0.013456834480166435
1533791148.530712,89600,0.02150001935660839
1533791994.3154607,89728,0.022620797157287598
1533792375.8604102,89856,0.0141821363940835
1533792757.3834996,89984,0.01650259643793106
1533793139.006933,90112,0.017254211008548737
1533793991.347491,90240,0.014781917445361614
1533794373.0546694,90368,0.015416374430060387
1533794754.6628835,90496,0.018462542444467545
1533795136.337964,90624,0.017293982207775116
1533795992.206469,90752,0.013817783445119858
1533796374.024033,90880,0.017114903777837753
1533796755.786287,91008,0.01901545748114586
1533797137.4985096,91136,0.028418835252523422
1533797979.5703783,91264,0.017305921763181686
1533798361.1947646,91392,0.02069137617945671
1533798742.934229,91520,0.01903344877064228
1533799124.5053463,91648,0.013556158170104027
1533799971.2750514,91776,0.01975858397781849
1533800352.9319048,91904,0.015967655926942825
1533800734.5360417,92032,0.014951400458812714
1533801116.118002,92160,0.019566910341382027
1533801959.321098,92288,0.020048288628458977
1533802341.0207946,92416,0.009748924523591995
1533802722.601704,92544,0.01999729871749878
1533803104.3004234,92672,0.01774098351597786
1533803950.1040347,92800,0.015330564230680466
1533804331.6416957,92928,0.018521904945373535
1533804713.1213627,93056,0.014954142272472382
1533805094.7243013,93184,0.019866662099957466
1533805938.2536542,93312,0.02359253540635109
1533806319.9293,93440,0.016345448791980743
1533806701.5003843,93568,0.013906318694353104
1533807083.1751537,93696,0.013732358813285828
1533807923.575183,93824,0.01512796152383089
1533808305.1262891,93952,0.01938561350107193
1533808686.6868615,94080,0.014618243090808392
1533809068.2443113,94208,0.015020200982689857
1533809921.7596648,94336,0.014214115217328072
1533810303.492231,94464,0.012494588270783424
1533810685.2629368,94592,0.012484048493206501
1533811067.279753,94720,0.019069185480475426
1533811915.5272453,94848,0.016510486602783203
1533812296.973013,94976,0.02365272119641304
1533812678.300609,95104,0.01824796013534069
1533813059.8482072,95232,0.013965832069516182
1533813904.8719053,95360,0.01806570030748844
1533814286.1764617,95488,0.02299257554113865
1533814667.5676663,95616,0.01668347418308258
1533815048.9369943,95744,0.020947091281414032
1533815898.607201,95872,0.019749844446778297
1533816279.9069777,96000,0.02464529499411583
1533816661.1335256,96128,0.017440326511859894
1533817042.4889324,96256,0.021471600979566574
1533817884.035122,96384,0.013925897888839245
1533818265.6428647,96512,0.020473811775445938
1533818647.3282874,96640,0.014037616550922394
1533819028.9338963,96768,0.021754223853349686
1533819880.1531267,96896,0.015300474129617214
1533820261.8357947,97024,0.012530181556940079
1533820643.5475836,97152,0.01975494995713234
1533821025.2811348,97280,0.02157146856188774
1533821877.6922483,97408,0.016438530758023262
1533822259.3841786,97536,0.016528643667697906
1533822641.1681652,97664,0.015527131035923958
