wall_time,step,value
1530532661.1769357,512,362.59088134765625
1530532856.8213606,1024,325.1641540527344
1530533049.9535348,1536,340.8797302246094
1530533242.9335706,2048,361.45428466796875
1530533437.2839382,2560,355.2841796875
1530533632.0412338,3072,314.4331359863281
1530533828.949524,3584,279.5181579589844
1530534024.3602297,4096,287.298828125
1530534222.1905143,4608,271.40234375
1530534418.6987484,5120,275.0944519042969
1530534615.277205,5632,278.0171813964844
1530534812.1461725,6144,269.5458068847656
1530535008.9622414,6656,268.081787109375
1530535205.3937635,7168,262.59197998046875
1530535402.0147903,7680,253.3058319091797
1530535599.8484104,8192,242.5003204345703
1530535798.354337,8704,241.6039276123047
1530535995.0460215,9216,234.06544494628906
1530536192.3334093,9728,239.58432006835938
1530536388.9002264,10240,233.90640258789062
1530536585.5819235,10752,230.8740692138672
1530536783.011166,11264,231.16403198242188
1530536980.9806628,11776,227.87535095214844
1530537178.4039629,12288,233.2594451904297
1530537377.0086246,12800,233.5455322265625
1530537575.2900724,13312,223.8585205078125
1530537774.3132915,13824,230.16441345214844
1530537971.6000693,14336,234.63124084472656
1530538169.720398,14848,227.0905303955078
1530538367.0920982,15360,230.2718963623047
1530538564.7792704,15872,229.00015258789062
1530538761.6220844,16384,236.8862762451172
1530538959.1364279,16896,236.4202117919922
1530539157.1255684,17408,232.6024932861328
1530539355.3893383,17920,233.17007446289062
1530539553.458062,18432,236.10166931152344
1530539750.9276288,18944,244.055908203125
1530539948.776753,19456,239.0670166015625
1530540147.3070965,19968,241.70750427246094
1530540345.675602,20480,241.38290405273438
1530540543.4648168,20992,237.48997497558594
1530540742.448534,21504,229.62998962402344
1530540940.4608247,22016,229.6104278564453
1530541140.86477,22528,233.12771606445312
1530541339.1481974,23040,238.87440490722656
1530541538.109118,23552,231.57241821289062
1530541737.7893815,24064,217.25244140625
1530541938.7989028,24576,220.38734436035156
1530542137.4089448,25088,222.22332763671875
1530542335.5208848,25600,224.4601287841797
1530542534.864392,26112,224.23291015625
1530542734.1327322,26624,214.16822814941406
1530542932.8862805,27136,220.1920928955078
1530543132.51672,27648,215.5721893310547
1530543333.1756234,28160,219.82823181152344
1530543531.6374693,28672,221.02049255371094
1530543731.231598,29184,220.92266845703125
1530543932.147553,29696,227.42477416992188
1530544133.4568546,30208,230.415283203125
1530544332.7159967,30720,221.4185028076172
1530544532.3541417,31232,228.77870178222656
1530544733.8766706,31744,233.1295623779297
1530544933.862187,32256,237.02734375
1530545133.7066574,32768,229.70919799804688
1530545333.8793852,33280,213.49127197265625
1530545534.1869998,33792,218.65797424316406
1530545734.5442681,34304,218.0560302734375
1530545935.3813586,34816,222.25730895996094
1530546134.7194088,35328,230.91912841796875
1530546336.8361425,35840,239.0389862060547
1530546536.6128812,36352,233.70509338378906
1530546737.4722242,36864,229.14913940429688
1530546938.0261087,37376,230.87490844726562
1530547139.6561694,37888,239.66151428222656
1530547340.860374,38400,256.4376220703125
1530620365.5659225,39424,253.03797912597656
1530620560.4649494,39936,250.74343872070312
1530620757.5461893,40448,255.9213409423828
1530620952.6516984,40960,238.81744384765625
1530621149.727964,41472,242.30551147460938
1530621345.606759,41984,237.64865112304688
1530621541.6049316,42496,247.39317321777344
1530621738.6785824,43008,240.1350860595703
1530621935.458547,43520,238.49417114257812
1530622132.2302642,44032,235.0844268798828
1530622328.7338662,44544,225.07504272460938
1530622523.9270325,45056,223.16958618164062
1530622720.3755999,45568,221.05055236816406
1530622918.385117,46080,209.0913543701172
1530623114.9966846,46592,214.3966827392578
1530636788.8153858,47616,207.31724548339844
1530636986.9775753,48128,224.75856018066406
1530637183.8141398,48640,223.854248046875
1530637380.6365197,49152,216.1043701171875
1530637577.879592,49664,214.9779510498047
1530637774.1245697,50176,213.5982666015625
1530637971.2303965,50688,215.9718780517578
1530638168.1499426,51200,220.54058837890625
1530638365.3322258,51712,211.83058166503906
1530638562.4770048,52224,215.95631408691406
1530638759.8025873,52736,210.37405395507812
1530638956.9147925,53248,208.7245635986328
1530639154.3021276,53760,214.1310577392578
1530639351.2835703,54272,207.31460571289062
1530639548.065127,54784,213.26663208007812
1530639745.6880262,55296,201.28439331054688
1530639942.2660303,55808,208.8054656982422
1530640138.8726194,56320,212.1597442626953
1530640336.0279558,56832,221.74586486816406
1530640533.6790442,57344,211.6867218017578
1530640731.4566936,57856,221.91978454589844
1530640928.1244779,58368,229.51390075683594
1530641126.1481164,58880,234.53627014160156
1530641324.4167156,59392,229.63059997558594
1530641522.4333003,59904,229.48255920410156
1530641720.6877446,60416,227.4128875732422
1530641919.7232034,60928,225.13255310058594
1530642118.8502715,61440,217.97125244140625
1530642318.219968,61952,223.32791137695312
1530642516.7830815,62464,221.33084106445312
1530642715.890679,62976,217.2344970703125
1530642915.2408543,63488,216.57772827148438
1530643113.365943,64000,213.11293029785156
1530643313.5035515,64512,213.62847900390625
1530643512.2598822,65024,220.08111572265625
1530643711.2922077,65536,226.03504943847656
1530643909.717128,66048,216.25294494628906
1530644107.7203853,66560,218.4405975341797
1530644305.837661,67072,213.7469482421875
1530644506.0005352,67584,226.49185180664062
1530644704.9749627,68096,229.1510467529297
1530644904.4326909,68608,233.74462890625
1530645104.862529,69120,233.16990661621094
1530645305.7872422,69632,217.39730834960938
1530645505.3577871,70144,229.6983642578125
1530645704.2356992,70656,230.89430236816406
1530645903.2307065,71168,231.3966522216797
1530646102.181273,71680,228.11822509765625
1530646301.374044,72192,222.77919006347656
1530646502.2977524,72704,234.4476318359375
1530646702.1708975,73216,239.5229034423828
1530646902.6808503,73728,231.3730010986328
1530647103.671826,74240,237.1564483642578
1530647303.2847936,74752,240.67002868652344
1530647501.8649383,75264,239.2080535888672
1530647701.8794267,75776,233.48434448242188
1530647901.8757894,76288,224.1769561767578
1530648102.7133372,76800,230.77444458007812
1530648301.9658978,77312,235.3135528564453
1530648501.7560859,77824,237.7280731201172
1530648701.7880826,78336,240.91587829589844
1530648901.4318497,78848,244.22264099121094
1530649103.072848,79360,234.29296875
1530649303.798372,79872,230.92584228515625
1530649504.2384267,80384,229.37307739257812
1530649705.1287043,80896,228.24307250976562
1530649906.726378,81408,225.41500854492188
1530650107.920086,81920,221.7606964111328
1530650308.5048053,82432,223.98434448242188
1530650509.2661211,82944,218.39132690429688
1530650711.3404593,83456,221.79022216796875
1530650911.7376862,83968,222.83212280273438
1530651112.3624141,84480,218.39736938476562
1530651314.2184107,84992,217.2397003173828
1530651517.2983477,85504,212.95506286621094
1530707823.7293873,86528,225.67291259765625
1530708019.1862664,87040,240.67733764648438
1530708215.6215842,87552,237.13186645507812
1530708411.8241985,88064,226.3113555908203
1530708608.1779377,88576,224.02252197265625
1530708805.4594598,89088,231.94822692871094
1530709002.4278984,89600,234.61636352539062
1530709198.8378716,90112,225.71829223632812
1530709395.345727,90624,233.17623901367188
1530709593.6825473,91136,238.61944580078125
1530709789.8748412,91648,223.34616088867188
1530709986.1101243,92160,234.80679321289062
1530710183.3820944,92672,231.52406311035156
1530710381.1533794,93184,228.35008239746094
1530710579.3005846,93696,230.78314208984375
1530710775.7979457,94208,223.25167846679688
1530710972.0215435,94720,227.77549743652344
1530711169.9998026,95232,230.3943328857422
1530711366.9780023,95744,234.47775268554688
1530711563.572188,96256,231.30361938476562
1530711759.9192302,96768,238.39657592773438
1530711956.6361897,97280,234.28419494628906
