wall_time,step,value
1530452723.8358614,512,4.525793552398682
1530452967.0335352,1024,4.656242847442627
1530453208.8576767,1536,3.492126941680908
1530453451.0262678,2048,3.3489174842834473
1530453694.8964186,2560,4.271994590759277
1530453938.5349457,3072,2.0386769771575928
1530454182.4679353,3584,1.128391981124878
1530454424.1719415,4096,1.2810065746307373
1530454667.051792,4608,1.0060549974441528
1530454909.5933373,5120,1.8115156888961792
1530455151.0324738,5632,1.3183369636535645
1530455395.0566373,6144,2.1758341789245605
1530455639.513079,6656,1.401803731918335
1530455882.5570579,7168,1.290908932685852
1530456126.178036,7680,1.025139331817627
1530456369.76289,8192,2.170027732849121
1530456613.8762915,8704,0.854267418384552
1530456857.6022177,9216,2.4924347400665283
1530457102.2196405,9728,1.221206784248352
1530457345.6335115,10240,1.4421253204345703
1530457588.7475176,10752,1.7777125835418701
1530457831.8220606,11264,3.9297971725463867
1530458075.315277,11776,1.5846037864685059
1530458319.2125583,12288,2.1916098594665527
1530458562.282402,12800,1.5758453607559204
1530458804.968775,13312,2.338721513748169
1530459050.192898,13824,2.2117912769317627
1530459294.9345686,14336,1.3418916463851929
1530459538.9192288,14848,1.1697375774383545
1530459784.3832452,15360,1.4843575954437256
1530460029.854736,15872,1.7956420183181763
1530460274.6551514,16384,4.2590227127075195
1530460519.6204054,16896,4.108177661895752
1530460763.7345722,17408,1.390649437904358
1530461008.1484318,17920,2.380803346633911
1530461252.0873857,18432,0.9257563948631287
1530461496.0164661,18944,1.7666903734207153
1530461740.187712,19456,2.9911701679229736
1530461983.1875281,19968,1.5665502548217773
1530462227.35621,20480,2.810370683670044
1530462471.8380811,20992,1.1973599195480347
1530462716.8831692,21504,1.3830697536468506
1530462961.2485769,22016,0.9470214247703552
1530463207.5378883,22528,1.436436414718628
1530463452.7019694,23040,0.9541507363319397
1530463697.1148255,23552,0.9119598865509033
1530463942.0878332,24064,1.594222903251648
1530464187.5069404,24576,1.4711414575576782
1530464432.3286784,25088,1.2133783102035522
1530464677.4016032,25600,0.9623193740844727
1530464922.7569463,26112,1.2131808996200562
1530465169.285734,26624,0.9849901795387268
1530465414.0993793,27136,2.3530256748199463
1530465659.6348805,27648,1.5382404327392578
1530465905.1624289,28160,1.2283432483673096
1530466150.6440253,28672,2.219417095184326
1530466397.0270257,29184,1.7620924711227417
1530466644.0859468,29696,1.4102580547332764
1530466889.8827164,30208,0.8764099478721619
1530467135.6778033,30720,1.2905182838439941
1530467381.72052,31232,1.1591968536376953
1530467629.250111,31744,1.2308675050735474
1530467875.7761712,32256,1.3028688430786133
1530468121.7804472,32768,1.6783610582351685
1530468368.6109192,33280,2.1688101291656494
1530468615.067486,33792,2.5117061138153076
1530468861.0469594,34304,1.3884215354919434
1530469108.3658013,34816,3.286653995513916
1530469355.8960917,35328,9.764073371887207
1530469602.3119035,35840,12.673114776611328
1530469848.9672134,36352,10.661484718322754
1530470098.090486,36864,6.861018657684326
1530470345.4272788,37376,6.136259078979492
1530470594.2498415,37888,6.055892467498779
1530470843.077238,38400,12.389323234558105
1530721432.862867,39424,10.01602554321289
1530721675.5062864,39936,11.474987983703613
1530721918.6988463,40448,9.21967887878418
1530722162.0473082,40960,8.967920303344727
1530722406.1984053,41472,9.142316818237305
1530722649.0698085,41984,5.753421783447266
1530722892.488791,42496,10.59118366241455
1530723136.2231896,43008,14.473356246948242
1530723380.3337913,43520,6.7096686363220215
1530723625.4916477,44032,9.128172874450684
1530723868.1166034,44544,14.356678009033203
1530724111.6883676,45056,4.141955375671387
1530724355.1472814,45568,16.11014747619629
1530724598.2980828,46080,7.8879899978637695
1530724841.0871081,46592,6.334364414215088
1530725084.179339,47104,8.407052993774414
1530725327.5175724,47616,11.629013061523438
1530725571.3048487,48128,5.327552795410156
1530725816.3029203,48640,11.642391204833984
1530726061.5160248,49152,14.384367942810059
1530726307.0217788,49664,16.15497589111328
1530726552.7417676,50176,7.894894123077393
1530726797.9550972,50688,11.708952903747559
1530727042.0816607,51200,6.616799354553223
1530727287.3257406,51712,16.576824188232422
1530727532.8206198,52224,7.661316394805908
1530727778.2268045,52736,12.46701717376709
1530728023.9183605,53248,7.313662528991699
1530728268.536613,53760,7.4156293869018555
1530728512.976359,54272,12.128085136413574
1530728757.5051725,54784,8.24443531036377
1530729002.673817,55296,11.742527961730957
1530729249.0133798,55808,9.831924438476562
1530729495.5656765,56320,11.733489036560059
1530729743.0195897,56832,17.398813247680664
1530729989.5194151,57344,13.101648330688477
1530730235.2087402,57856,7.679171085357666
1530730481.6151028,58368,12.683627128601074
1530730729.0840604,58880,12.534133911132812
1530730974.748625,59392,7.719809055328369
1530731221.583299,59904,13.642147064208984
1530731468.3256752,60416,9.119050979614258
1530731714.4120183,60928,8.580560684204102
1530731960.914773,61440,18.78736114501953
1530732207.4106243,61952,15.3329439163208
1530732453.2421737,62464,10.853935241699219
1530732701.052972,62976,7.137135028839111
1530732947.7128017,63488,13.194694519042969
1530733193.7019844,64000,10.562881469726562
1530733441.249323,64512,14.249839782714844
1530733688.220291,65024,14.216187477111816
1530733936.7219012,65536,11.755815505981445
1530734183.2688873,66048,15.751243591308594
1530734430.5622036,66560,14.910534858703613
1530734677.4080641,67072,11.790891647338867
1530734924.2521017,67584,14.935982704162598
1530735171.0079622,68096,10.232951164245605
1530735418.295033,68608,10.58928394317627
1530735664.978195,69120,7.52592658996582
1530735911.8795793,69632,9.928608894348145
1530736158.8028114,70144,7.923380374908447
1530736405.89806,70656,4.847371578216553
1530736652.7146387,71168,3.338151693344116
1530736900.3900292,71680,18.376832962036133
1530737148.0276139,72192,8.321405410766602
1530737397.5013793,72704,6.817337989807129
1530737644.9795065,73216,9.838916778564453
1530737893.1068697,73728,2.8149824142456055
1530738140.096872,74240,10.430744171142578
1530738387.3360338,74752,8.080082893371582
1530738635.7638922,75264,11.672276496887207
1530738885.5259342,75776,16.341970443725586
1530739133.7725735,76288,5.706056118011475
1530739382.8497918,76800,7.997788429260254
1530739631.9973054,77312,6.885310173034668
1530760499.1332412,78336,8.295040130615234
1530760744.9516995,78848,12.109457015991211
1530760989.5168304,79360,7.9941534996032715
1530761235.7321846,79872,11.476190567016602
1530761480.9440699,80384,13.646551132202148
1530761726.4328961,80896,11.91936206817627
1530761972.0874631,81408,6.539920806884766
1530762218.5989327,81920,9.172150611877441
1530762464.2176914,82432,19.029207229614258
1530762709.7717278,82944,15.733888626098633
1530762956.2113068,83456,9.69505786895752
1530763201.280589,83968,8.615091323852539
1530763445.9455655,84480,11.447491645812988
1530763690.533991,84992,4.504945278167725
1530763935.3121684,85504,5.890840530395508
1530764180.9440837,86016,7.586517333984375
1530764426.229559,86528,9.416709899902344
1530764671.5233302,87040,7.78787899017334
1530764917.3051517,87552,12.052838325500488
1530765162.1632156,88064,4.287789821624756
1530765409.1526952,88576,16.690134048461914
1530765655.762147,89088,8.786864280700684
1530765902.3666594,89600,7.658572673797607
1530766149.6643987,90112,7.1219658851623535
1530766395.7918682,90624,11.469535827636719
1530766643.328019,91136,7.821839809417725
1530766888.3139315,91648,4.000744342803955
1530767136.045735,92160,14.246201515197754
1530767381.9575484,92672,7.302542209625244
1530767629.1952207,93184,7.818117618560791
1530767875.0284994,93696,8.415502548217773
1530768122.2145035,94208,11.551305770874023
1530768368.4224951,94720,4.412842273712158
1530768616.5402815,95232,3.4248061180114746
1530768862.8817334,95744,6.754104137420654
1530769110.172784,96256,8.22964859008789
1530769356.715799,96768,6.599966526031494
1530769603.4437082,97280,4.248253345489502
