wall_time,step,value
1530806083.7705083,512,282.7291564941406
1530806477.062526,1024,318.6361999511719
1530806866.2805183,1536,186.29510498046875
1530807256.9083683,2048,193.57192993164062
1530807647.970901,2560,164.24822998046875
1530808036.577317,3072,165.44715881347656
1530808423.7507956,3584,116.96356201171875
1530808810.6657822,4096,118.98616027832031
1530809195.958272,4608,92.66117858886719
1530809581.36686,5120,79.7668228149414
1530809966.268456,5632,80.89838409423828
1530810352.490933,6144,91.80823516845703
1530810737.910096,6656,71.26879119873047
1530811121.6007,7168,78.35172271728516
1530811505.5714161,7680,88.90287017822266
1530811890.3855617,8192,70.5655288696289
1530812276.0124729,8704,78.0726089477539
1530812660.401752,9216,77.60884094238281
1530813045.5993798,9728,71.9686050415039
1530813431.677603,10240,77.1478500366211
1530813816.5772862,10752,75.28573608398438
1530814201.4659786,11264,85.7630386352539
1530814585.616156,11776,78.48554992675781
1530814971.3752255,12288,74.66899871826172
1530815357.1441476,12800,75.07218170166016
1530815743.1297104,13312,70.06378173828125
1530816128.9314122,13824,74.05772399902344
1530816514.495709,14336,86.13314056396484
1530816901.874422,14848,78.7752685546875
1530817288.6825268,15360,80.26602935791016
1530817676.120791,15872,78.80683898925781
1530818063.4844391,16384,81.10467529296875
1530818451.5867214,16896,87.52339935302734
1530818840.064683,17408,88.78475952148438
1530819227.2979443,17920,90.60137939453125
1530819615.9280381,18432,88.09246826171875
1530820004.4278958,18944,88.5276107788086
1530820392.3454404,19456,78.736328125
1530820781.1298227,19968,87.32032012939453
1530821169.9814878,20480,80.30683898925781
1530821558.0153108,20992,83.05319213867188
1530821947.176213,21504,91.61949157714844
1530822334.116531,22016,81.48274993896484
1530822720.826596,22528,88.95061492919922
1530823108.8044698,23040,87.47100830078125
1530823497.2870758,23552,80.56301879882812
1530823885.1415725,24064,81.25587463378906
1530824273.444898,24576,90.95539855957031
1530824662.7381377,25088,83.82622528076172
1530825052.0612614,25600,80.75614929199219
1530825441.230225,26112,84.95407104492188
1530825831.5429187,26624,82.47920227050781
1530826220.7499475,27136,78.16596984863281
1530826611.2662075,27648,83.32571411132812
1530827000.9876282,28160,82.55290985107422
1530827389.4142396,28672,84.48656463623047
1530827779.8485851,29184,87.86769104003906
1530828169.7775445,29696,86.01143646240234
1530828559.3350883,30208,91.0513916015625
1530828948.7511249,30720,93.86829376220703
1530829339.3456025,31232,89.77903747558594
1530829729.034786,31744,94.22442626953125
1530830117.5348415,32256,94.4468002319336
1530830509.1458294,32768,84.30813598632812
1530830897.9724908,33280,88.76026916503906
1530831287.8839834,33792,95.21544647216797
1530831678.674198,34304,98.86787414550781
1530832068.862112,34816,91.6919174194336
1530832458.7425752,35328,96.85385131835938
1530832848.031494,35840,97.06585693359375
1530833237.521282,36352,87.69244384765625
1530833627.4492536,36864,89.85557556152344
1530834018.5509653,37376,93.06891632080078
1530905690.1893728,38400,89.66834259033203
1530906076.433658,38912,88.59044647216797
1530906460.2069714,39424,91.39995574951172
1530906845.3235638,39936,108.66769409179688
1530907230.8485277,40448,88.28338623046875
1530907617.476402,40960,88.68598175048828
1530908004.7952342,41472,96.90585327148438
1530908391.1213193,41984,96.06022644042969
1530908777.3779614,42496,94.63018798828125
1530909164.8644047,43008,95.55174255371094
1530909551.2907343,43520,91.74562072753906
1530909938.1774764,44032,96.39378356933594
1530910325.1758695,44544,99.05756378173828
1530910712.51549,45056,92.9135971069336
1530911100.8300662,45568,103.58793640136719
1530911488.4880867,46080,96.60845184326172
1530911877.4519496,46592,97.67595672607422
1530912265.4470167,47104,94.92448425292969
1530912653.3312817,47616,98.09437561035156
1530913043.2105103,48128,101.43218994140625
1530913432.220711,48640,99.23661041259766
1530913819.7360258,49152,102.80132293701172
1530914207.693544,49664,111.3404541015625
1530914595.2632172,50176,98.14546966552734
1530914982.772731,50688,112.0208740234375
1530915372.4504073,51200,109.38056182861328
1530915762.1952434,51712,114.48729705810547
1530916151.2727878,52224,110.9825439453125
1530916540.875592,52736,107.83173370361328
1530916928.7683363,53248,110.7507553100586
1530917317.7789583,53760,111.04174041748047
1530917708.5350275,54272,117.89581298828125
1530918096.770487,54784,108.92772674560547
1530918484.9107199,55296,115.12442779541016
1530918874.1595838,55808,116.51055908203125
1530919263.562218,56320,118.25836181640625
1530919653.3183942,56832,122.00277709960938
1530920043.204705,57344,116.6643295288086
1530920433.0488894,57856,117.61750030517578
1530920822.4601276,58368,120.27831268310547
1530921211.8562849,58880,119.9188232421875
1530921601.2090042,59392,118.10230255126953
1530921990.5391917,59904,122.14180755615234
1530922382.0553248,60416,129.40655517578125
1530922772.4822435,60928,126.38577270507812
1530923162.5669541,61440,126.54108428955078
1530923551.9534676,61952,129.00868225097656
1530923942.1173153,62464,123.37522888183594
1530924331.8412862,62976,137.24923706054688
1530924723.5061402,63488,135.7056121826172
1530925114.3950462,64000,134.4137725830078
1530925504.4766812,64512,131.9063720703125
1530925897.3507512,65024,139.36717224121094
1530926290.2091284,65536,128.7311553955078
1530926680.55397,66048,132.01980590820312
1530927071.536346,66560,148.78195190429688
1530927462.1319983,67072,140.40016174316406
1530927854.5986676,67584,136.5267333984375
1530928246.5426157,68096,149.92173767089844
1530928637.2605402,68608,137.33114624023438
1530929027.86953,69120,139.5024871826172
1530929419.504888,69632,145.94993591308594
1530929810.7093992,70144,145.3187713623047
1530930202.2569656,70656,144.80059814453125
1530930593.7330184,71168,153.52256774902344
1530930986.2470787,71680,141.3133544921875
1530931378.4147356,72192,156.0400390625
1530931771.2097354,72704,160.48736572265625
1530932164.7878933,73216,156.2052001953125
1530932556.7055085,73728,174.83212280273438
1530932950.529783,74240,154.88836669921875
1530958326.1194584,75264,138.9153289794922
1530958712.0801072,75776,151.31832885742188
1530959097.650984,76288,145.99331665039062
1530959484.3571136,76800,150.69728088378906
1530959870.9946067,77312,151.146484375
1530960257.3869405,77824,147.9134063720703
1530960644.455747,78336,144.1736602783203
1530961030.4900947,78848,148.64794921875
1530961417.7143276,79360,152.69830322265625
1530961804.8990152,79872,153.97433471679688
1530962192.1685104,80384,157.19696044921875
1530962579.4459667,80896,144.4671630859375
1530962964.6135948,81408,162.636474609375
1530963352.0846426,81920,153.9185028076172
1530963737.6149218,82432,166.80755615234375
1530964124.5839899,82944,169.53976440429688
1530964511.4816346,83456,170.70774841308594
1530964898.757083,83968,164.5692138671875
1530965285.0577044,84480,167.5247344970703
1530965671.797431,84992,179.2806854248047
1530967971.0984454,86016,169.6835174560547
1530968357.0033817,86528,178.72946166992188
1530968741.3079507,87040,173.3035888671875
1530969126.6397932,87552,188.49497985839844
1530969512.2610483,88064,167.29913330078125
1530969896.9029899,88576,157.07151794433594
1530970282.422783,89088,181.5624237060547
1530970669.4293864,89600,175.68431091308594
1530971054.323005,90112,181.8922119140625
1530971439.1273508,90624,172.7372283935547
1530971824.5079327,91136,169.32672119140625
1530972210.77021,91648,182.1264190673828
1530972596.3032138,92160,177.8080596923828
1530972982.1121435,92672,177.1005096435547
1530973368.746777,93184,187.25262451171875
1530973755.7209034,93696,178.1328582763672
1530974142.1388655,94208,180.1422119140625
1530974528.2878242,94720,176.62875366210938
1530974916.9272423,95232,178.13836669921875
1530975303.7976778,95744,189.27731323242188
1530975691.122412,96256,171.45147705078125
1530976080.1289222,96768,164.74496459960938
1530976467.7953181,97280,181.20843505859375
