wall_time,step,value
1531869334.9440916,128,17.788410186767578
1531869477.724966,256,16.359418869018555
1531869620.6984885,384,12.286704063415527
1531869763.5200493,512,11.471147537231445
1531870029.7152064,640,11.350920677185059
1531870172.600058,768,10.845548629760742
1531870315.384136,896,12.103689193725586
1531870458.1278255,1024,11.339670181274414
1531870724.6753166,1152,12.113821029663086
1531870867.496609,1280,12.721511840820312
1531871010.4632974,1408,12.411087036132812
1531871153.267265,1536,13.941797256469727
1531871412.4438534,1664,12.07573127746582
1531871555.3180583,1792,15.711459159851074
1531871698.1208675,1920,12.674288749694824
1531871841.0125415,2048,12.348607063293457
1531872097.7195663,2176,11.597715377807617
1531872240.454072,2304,11.811945915222168
1531872383.3053553,2432,11.219534873962402
1531872526.1392238,2560,12.042282104492188
1531872783.1962874,2688,11.990158081054688
1531872926.0169463,2816,12.051692008972168
1531873068.706539,2944,11.217228889465332
1531873211.378128,3072,12.371338844299316
1531873463.7733095,3200,11.033799171447754
1531873606.516907,3328,11.301918983459473
1531873749.3654656,3456,11.043373107910156
1531873892.2483256,3584,11.837873458862305
1531874141.5362027,3712,12.033669471740723
1531874284.569429,3840,10.465828895568848
1531874427.3450835,3968,10.899974822998047
1531874570.2451277,4096,13.421455383300781
1531874817.3012135,4224,11.780853271484375
1531874960.2808478,4352,11.883925437927246
1531875103.2310958,4480,13.139724731445312
1531875246.3113115,4608,10.96751594543457
1531875489.9498804,4736,12.630390167236328
1531875633.0251822,4864,12.052108764648438
1531875776.1455295,4992,12.262149810791016
1531875919.159676,5120,10.767786979675293
1531876160.3379443,5248,11.985725402832031
1531876303.3313286,5376,9.953986167907715
1531876446.3399577,5504,10.72334098815918
1531876589.2190957,5632,12.692342758178711
1531876829.4158027,5760,10.43818473815918
1531876972.351799,5888,12.103179931640625
1531877115.4075701,6016,11.618370056152344
1531877258.2926123,6144,11.210665702819824
1531877499.6446338,6272,9.810667991638184
1531877642.7082608,6400,10.83543872833252
1531877785.6842122,6528,10.983522415161133
1531877928.5927746,6656,11.213520050048828
1531878170.2168288,6784,10.864768028259277
1531878313.2275634,6912,11.29919719696045
1531878456.0970025,7040,11.028963088989258
1531878599.1000898,7168,10.673273086547852
1531878840.0583627,7296,9.794819831848145
1531878983.1557753,7424,10.507356643676758
1531879126.161054,7552,10.457698822021484
1531879269.3230498,7680,10.717551231384277
1531879510.09483,7808,10.072654724121094
1531879653.001136,7936,10.867210388183594
1531879795.972102,8064,9.768235206604004
1531879939.032793,8192,10.325043678283691
1531880179.6050682,8320,9.609369277954102
1531880322.5821393,8448,11.793313980102539
1531880465.6018622,8576,11.57886028289795
1531880608.486821,8704,10.387886047363281
1531880850.8735013,8832,9.862581253051758
1531880993.9389868,8960,10.201522827148438
1531881136.9180226,9088,9.838354110717773
1531881279.8301919,9216,10.958672523498535
1531881523.8992834,9344,10.352996826171875
1531881666.7415705,9472,9.727137565612793
1531881809.470992,9600,10.441166877746582
1531881952.154078,9728,9.629101753234863
1531882199.069102,9856,10.327421188354492
1531882342.0953612,9984,11.782161712646484
1531882485.026113,10112,10.966229438781738
1531882627.887774,10240,10.066757202148438
1531882874.333674,10368,9.378942489624023
1531883017.2720656,10496,9.617962837219238
1531883160.1834295,10624,9.822408676147461
1531883303.0650709,10752,10.042587280273438
1531883549.716385,10880,9.491628646850586
1531883692.5833569,11008,9.901629447937012
1531883835.5210214,11136,10.415807723999023
1531883978.4415538,11264,9.746766090393066
1531884222.0627728,11392,9.597247123718262
1531884365.019382,11520,10.979179382324219
1531884508.0437121,11648,11.24317741394043
1531884650.871515,11776,11.262534141540527
1531884897.0281794,11904,9.321601867675781
1531885039.82529,12032,10.86126708984375
1531885182.6556184,12160,9.848329544067383
1531885325.51097,12288,11.249943733215332
1531885570.1293828,12416,9.779154777526855
1531885713.0673497,12544,10.435665130615234
1531885856.1018682,12672,11.351517677307129
1531885999.0005872,12800,9.673873901367188
1531886242.9496117,12928,10.042241096496582
1531886385.7999306,13056,9.475977897644043
1531886528.7136254,13184,10.9680814743042
1531886671.5881612,13312,11.210405349731445
1531886916.2190194,13440,9.988897323608398
1531887059.2151322,13568,10.546839714050293
1531887202.2832584,13696,9.360365867614746
1531887345.3841734,13824,9.67261791229248
1531887590.4125583,13952,9.190831184387207
1531887733.5014837,14080,9.478843688964844
1531887876.5309465,14208,10.264803886413574
1531888019.614107,14336,9.475964546203613
1531888265.1592371,14464,10.374332427978516
1531888408.1156712,14592,10.141493797302246
1531888551.1734207,14720,9.3828763961792
1531888694.349991,14848,10.496767044067383
1531888938.4988465,14976,9.933801651000977
1531889081.3919895,15104,10.248905181884766
1531889224.5418234,15232,9.716647148132324
1531889367.70966,15360,10.272015571594238
1531889610.7937238,15488,9.444613456726074
1531889753.7431693,15616,9.611102104187012
1531889896.7796862,15744,9.446410179138184
1531890039.841985,15872,9.561732292175293
1531890285.3285353,16000,9.95924186706543
1531890428.430234,16128,11.125747680664062
1531890571.5516565,16256,10.084819793701172
1531890714.5736656,16384,10.623220443725586
1531890958.4595394,16512,9.450387954711914
1531891101.439968,16640,10.143725395202637
1531891244.382395,16768,9.693068504333496
1531891387.2630825,16896,9.810641288757324
1531891632.433174,17024,10.377225875854492
1531891775.355272,17152,10.386192321777344
1531891918.487094,17280,10.494606018066406
1531892061.5010579,17408,10.564109802246094
1531892304.967946,17536,10.926008224487305
1531892448.0741446,17664,9.809164047241211
1531892591.0585978,17792,10.29543399810791
1531892733.9786117,17920,9.901130676269531
1531892979.3791718,18048,9.931961059570312
1531893122.4349582,18176,13.569393157958984
1531893265.469845,18304,10.931687355041504
1531893408.5017517,18432,9.849324226379395
1531893652.8708265,18560,10.714228630065918
1531893795.9485068,18688,10.175775527954102
1531893939.1072037,18816,9.498876571655273
1531894082.2713335,18944,9.854562759399414
1531894326.6574223,19072,10.799093246459961
1531894469.6525915,19200,9.896527290344238
1531894612.495301,19328,10.331225395202637
1531894755.420845,19456,11.007885932922363
1531895000.4222763,19584,9.573235511779785
1531895143.3646505,19712,10.53764533996582
1531895286.2925193,19840,9.835062026977539
1531895429.1839557,19968,10.130646705627441
1531895674.2045338,20096,10.414742469787598
1531895817.1304688,20224,11.619290351867676
1531895959.9456995,20352,10.692151069641113
1532075366.6763322,20608,10.028167724609375
1532075509.4975085,20736,11.117480278015137
1532075652.2788815,20864,9.843852996826172
1532075795.245093,20992,9.589532852172852
1532076038.2931056,21120,9.943660736083984
1532076181.285211,21248,10.3152437210083
1532076324.0798867,21376,9.323885917663574
1532076466.826459,21504,10.066437721252441
1532076709.6983228,21632,9.79593276977539
1532076852.6848485,21760,9.328401565551758
1532076995.6437113,21888,9.719111442565918
1532077138.6211114,22016,9.939776420593262
1532077381.6566486,22144,10.57763957977295
1532077524.5971425,22272,10.271954536437988
1532077667.6187866,22400,10.361410140991211
1532077810.6174414,22528,10.703479766845703
1532078052.564501,22656,10.835423469543457
1532078195.6029239,22784,10.368480682373047
1532078338.6213918,22912,9.915793418884277
1532081444.708908,23168,12.135621070861816
1532081591.597468,23296,9.606302261352539
1532081738.6037707,23424,9.671677589416504
1532081885.3667653,23552,10.998456954956055
1532082127.3368762,23680,10.274717330932617
1532082270.324539,23808,10.942436218261719
1532082413.219638,23936,10.071539878845215
1532082556.2322133,24064,9.771499633789062
1532082797.9767966,24192,9.680898666381836
1532082941.1247313,24320,9.946925163269043
1532083084.2858627,24448,9.950582504272461
1532083227.2864597,24576,9.665704727172852
1532083470.690255,24704,10.309473991394043
1532083613.6423876,24832,10.70705509185791
1532083756.6806905,24960,9.6835298538208
1532083899.6539586,25088,9.773140907287598
1532084141.784827,25216,11.529044151306152
1532084284.7559373,25344,9.60666275024414
1532084427.6742454,25472,9.950145721435547
1532084570.612609,25600,9.802909851074219
1532084813.4654386,25728,9.702890396118164
1532084956.4760156,25856,9.861133575439453
1532085099.4118292,25984,10.325798034667969
1532085242.2770553,26112,9.892029762268066
1532085484.1709404,26240,10.136940002441406
1532085627.0288746,26368,9.982640266418457
1532085769.9097605,26496,9.963570594787598
1532085912.7609394,26624,10.87424373626709
1532086155.1869814,26752,10.372149467468262
1532086297.8561473,26880,10.066353797912598
1532086440.6811914,27008,10.056658744812012
1532086583.3714333,27136,10.238133430480957
1532086828.2843754,27264,10.280861854553223
1532086971.1561267,27392,9.420820236206055
1532087114.0325773,27520,10.00378704071045
1532087256.7380123,27648,10.719453811645508
1532087499.9732053,27776,9.685710906982422
1532087642.860889,27904,10.707761764526367
1532087785.731894,28032,10.10485553741455
1532087928.6699164,28160,9.85600471496582
1532088170.9145849,28288,10.322169303894043
1532088313.825762,28416,10.08147144317627
1532088456.7865272,28544,10.10722827911377
1532088599.6636946,28672,10.85596752166748
1532088844.906333,28800,9.954806327819824
1532088987.8775504,28928,10.119622230529785
1532089130.9836514,29056,11.159128189086914
1532089274.094511,29184,9.632948875427246
1532089519.6491323,29312,9.878253936767578
1532089662.5511398,29440,10.586648941040039
1532089805.5257857,29568,9.485128402709961
1532089948.3930516,29696,9.831040382385254
1532090190.2822542,29824,10.340798377990723
1532090333.2683687,29952,9.278985023498535
1532090476.0648825,30080,9.723921775817871
1532090618.9048834,30208,9.818480491638184
1532090865.159053,30336,10.0581693649292
1532091007.9379368,30464,9.744584083557129
1532091150.954666,30592,9.391380310058594
1532091293.9335532,30720,9.49198055267334
1532091539.9303308,30848,9.370399475097656
1532091682.834268,30976,10.37473201751709
1532091825.7230866,31104,10.753881454467773
1532091968.5856562,31232,9.336177825927734
1532092211.4985569,31360,9.817174911499023
1532092354.375736,31488,9.559385299682617
1532092497.3276157,31616,10.173532485961914
1532092640.0741358,31744,9.76097297668457
1532092886.6838946,31872,10.759513854980469
1532093029.5576794,32000,10.295248031616211
1532093172.5108423,32128,10.419890403747559
1532093315.5893505,32256,9.446531295776367
1532093561.3859937,32384,9.549375534057617
1532093704.3071368,32512,9.945088386535645
1532093847.264643,32640,9.740989685058594
1532093990.1721647,32768,9.782795906066895
1532094236.3512206,32896,9.466099739074707
1532094379.4480238,33024,10.480696678161621
1532094522.6135757,33152,10.200529098510742
1532094665.6999624,33280,10.167628288269043
1532094911.2388744,33408,9.359999656677246
1532095054.2144341,33536,9.98557186126709
1532095197.0234315,33664,9.782995223999023
1532095339.781599,33792,11.05383586883545
1532095584.0323222,33920,9.643174171447754
1532095727.1305754,34048,10.62227725982666
1532095870.195135,34176,9.89212703704834
1532096013.245595,34304,10.61945629119873
1532096259.151614,34432,9.95055103302002
1532096402.3476765,34560,9.779716491699219
1532096545.5019262,34688,11.085012435913086
1532096688.6586926,34816,9.939637184143066
1532096933.2661343,34944,9.427080154418945
1532097076.379299,35072,10.239198684692383
1532097219.5741158,35200,9.980911254882812
1532097362.7124379,35328,9.584775924682617
1532097607.4722388,35456,9.926213264465332
1532097750.4231143,35584,9.690896987915039
1532097893.5890563,35712,9.841142654418945
1532098036.752389,35840,9.655523300170898
1532098284.4016333,35968,9.83048152923584
1532098427.4526184,36096,10.972517013549805
1532098570.4593043,36224,9.91940975189209
1532098713.5073829,36352,9.969350814819336
1532098963.0043762,36480,10.520658493041992
1532099106.1162403,36608,9.634373664855957
1532099249.2190738,36736,10.994817733764648
1532099392.4534767,36864,9.08181095123291
1532099638.0949867,36992,9.597152709960938
1532099781.2021346,37120,9.656354904174805
1532099924.3899426,37248,9.781100273132324
1532100067.570572,37376,10.108049392700195
1532100313.8429053,37504,10.386635780334473
1532100457.0369663,37632,9.184223175048828
1532100600.1320775,37760,10.485437393188477
1532100743.258779,37888,9.818617820739746
1532100989.712019,38016,11.17071533203125
1532101132.7900841,38144,9.214845657348633
1532101275.831465,38272,9.342576026916504
1532101418.9147513,38400,9.834240913391113
1532101666.3290398,38528,10.788034439086914
1532101809.5012188,38656,11.814081192016602
1532101952.5097535,38784,10.172703742980957
1532102095.6458266,38912,10.956591606140137
1532102341.4274368,39040,10.916682243347168
1532102484.5014172,39168,9.613194465637207
1532102627.717557,39296,9.637518882751465
1532102770.9011965,39424,9.328143119812012
1532103017.8686428,39552,10.150398254394531
1532103160.771317,39680,11.222677230834961
1532103303.7675173,39808,9.465977668762207
1532110686.2841268,40064,10.328849792480469
1532110833.145751,40192,9.519219398498535
1532110979.9767797,40320,9.784725189208984
1532111126.9915197,40448,9.953757286071777
1532111374.6287377,40576,9.464946746826172
1532111517.4643512,40704,10.689873695373535
1532111660.2593033,40832,9.39984130859375
1532111803.1286483,40960,9.984987258911133
1532112049.4899344,41088,9.115781784057617
1532112192.6259282,41216,9.934693336486816
1532112335.6620545,41344,11.354695320129395
1532112478.7407258,41472,9.768013954162598
1532112725.6224349,41600,9.683277130126953
1532112868.8186753,41728,10.149304389953613
1532113011.8880527,41856,10.154162406921387
1532113154.9925551,41984,9.963980674743652
1532113401.8729665,42112,11.373675346374512
1532113544.8826873,42240,10.612358093261719
1532113687.9940403,42368,9.711173057556152
1532113831.0448523,42496,10.416572570800781
1532114082.3731465,42624,11.01123332977295
1532114225.4437306,42752,9.588688850402832
1532114368.4489253,42880,9.914463996887207
1532114511.3688843,43008,10.920233726501465
1532114761.833477,43136,9.633974075317383
1532114904.8115814,43264,10.958694458007812
1532115047.836525,43392,9.942482948303223
1532115190.9244525,43520,10.01148509979248
1532115438.550033,43648,9.363696098327637
1532115581.4312644,43776,9.806615829467773
1532115724.3618746,43904,9.35347843170166
1532115867.2355459,44032,10.963287353515625
1532116117.7294462,44160,10.001151084899902
1532116260.7695825,44288,12.210798263549805
1532116403.7988107,44416,10.685027122497559
1532116546.7997885,44544,10.916625022888184
1532116793.8701499,44672,10.406413078308105
1532116936.9536417,44800,9.442303657531738
1532117080.0575764,44928,10.95068359375
1532117223.1764193,45056,9.798850059509277
1532117472.1421971,45184,10.438279151916504
1532117615.2418725,45312,10.117973327636719
1532117758.468254,45440,9.193658828735352
1532117901.7094254,45568,10.478729248046875
1532118149.9299605,45696,9.851420402526855
1532118292.8383608,45824,9.647541999816895
1532118435.9848673,45952,9.689960479736328
1532118579.0465763,46080,10.593488693237305
1532118826.5634093,46208,9.96511173248291
1532118969.6532485,46336,9.5899076461792
1532119112.7686462,46464,10.179689407348633
1532119255.900284,46592,9.953024864196777
1532119503.8601716,46720,9.371794700622559
1532119646.7470932,46848,10.339446067810059
1532119789.612248,46976,10.923296928405762
1532119932.4768107,47104,9.875473976135254
1532120180.5055168,47232,10.676925659179688
1532120323.3856125,47360,9.355416297912598
1532120466.342844,47488,9.224068641662598
1532120609.2018392,47616,9.523536682128906
1532120858.3795698,47744,9.504698753356934
1532121001.3718858,47872,10.354839324951172
1532121144.364009,48000,9.84642219543457
1532121287.400614,48128,9.85119342803955
1532121538.223016,48256,9.988940238952637
1532121681.3462203,48384,9.681292533874512
1532121824.198943,48512,10.090453147888184
1532121967.320798,48640,10.2299165725708
1532122217.6095426,48768,9.503995895385742
1532122360.6009157,48896,10.47680950164795
1532122503.5097954,49024,9.764286041259766
1532122646.503949,49152,10.221965789794922
1532122895.3805056,49280,9.549413681030273
1532123038.4482086,49408,9.32555103302002
1532123181.3272705,49536,9.815091133117676
1532123324.377412,49664,10.019457817077637
1532123575.314413,49792,9.9183988571167
1532123718.3664594,49920,9.79431438446045
1532123861.41884,50048,9.562544822692871
1532124004.4497864,50176,10.142791748046875
1532124253.3878586,50304,9.546137809753418
1532124396.5027597,50432,9.345111846923828
1532124539.6075368,50560,10.050065040588379
1532124682.6144934,50688,10.36959171295166
1532124931.3440285,50816,9.942931175231934
1532125074.3660297,50944,9.282318115234375
1532125217.5789914,51072,9.898168563842773
1532125360.7631943,51200,9.686979293823242
1532125610.9714808,51328,9.454007148742676
1532125754.0524855,51456,9.925856590270996
1532125897.1376476,51584,10.054953575134277
1532126040.1986141,51712,9.974541664123535
1532126292.8649538,51840,9.63759708404541
1532126436.0395615,51968,10.844346046447754
1532126579.2331421,52096,10.466039657592773
1532126722.4075851,52224,9.599149703979492
1532126973.0244453,52352,9.98228931427002
1532127116.0906823,52480,10.672998428344727
1532127259.3020728,52608,10.25012493133545
1532127402.450273,52736,9.684126853942871
1532127652.0509539,52864,10.718241691589355
1532127795.0803516,52992,10.804943084716797
1532127938.1401446,53120,9.525603294372559
1532128081.1818957,53248,9.530972480773926
1532128332.3643477,53376,9.462553024291992
1532128475.4305894,53504,9.787781715393066
1532128618.448096,53632,9.583038330078125
1532128761.3941882,53760,9.180912017822266
1532129012.3481226,53888,10.30733585357666
1532129155.2536988,54016,10.266128540039062
1532129298.3031976,54144,9.662176132202148
1532129441.221714,54272,9.813554763793945
1532129692.321948,54400,10.54256820678711
1532129835.257289,54528,10.342731475830078
1532129978.152211,54656,10.33127212524414
1532130121.1144896,54784,10.301779747009277
1532130371.6300938,54912,10.111226081848145
1532130514.603749,55040,10.900906562805176
1532130657.7990108,55168,9.8470458984375
1532130800.908764,55296,9.522490501403809
1532131052.6029258,55424,10.158677101135254
1532131195.7579885,55552,10.68587875366211
1532131338.881987,55680,10.180037498474121
1532131482.0012941,55808,9.448006629943848
1532131734.5696118,55936,9.577807426452637
1532131877.6704261,56064,10.176250457763672
1532132020.696051,56192,9.868349075317383
1532132163.896783,56320,9.646275520324707
1532132414.0736768,56448,9.319610595703125
1532132557.013904,56576,9.434527397155762
1532132700.057605,56704,9.086668014526367
1532132843.0915623,56832,9.465080261230469
1532133094.8248084,56960,9.570591926574707
1532133237.90393,57088,10.1812105178833
1532133381.231994,57216,10.678655624389648
1532133524.2531314,57344,9.552868843078613
1532133775.414559,57472,10.195865631103516
1532133918.4176862,57600,9.892021179199219
1532134061.5033913,57728,9.89809513092041
1532134204.6546514,57856,11.37878131866455
1532134453.2528672,57984,10.811910629272461
1532134596.2220585,58112,9.961202621459961
1532134739.4057076,58240,10.188885688781738
1532134882.4306984,58368,9.588508605957031
1532135135.9765534,58496,9.28976821899414
1532135279.064241,58624,9.512109756469727
1532135422.217322,58752,10.58909797668457
1532135565.317545,58880,9.906554222106934
1532135814.7205806,59008,10.771668434143066
1532135957.7656581,59136,9.528726577758789
1532136100.8661132,59264,9.44124698638916
1532136243.9728613,59392,9.59489917755127
1532136495.3619757,59520,10.453282356262207
1532136638.2819445,59648,9.378183364868164
1532136781.2035782,59776,10.893730163574219
1532136924.1896405,59904,9.584763526916504
1532137177.1094868,60032,9.925985336303711
1532137320.0505385,60160,9.969646453857422
1532137462.9403908,60288,10.670156478881836
1532137605.836993,60416,10.031997680664062
1532137855.8981247,60544,10.392995834350586
1532137998.6245868,60672,10.391548156738281
1532138141.427388,60800,9.518265724182129
1532138284.0824542,60928,10.969803810119629
1532138537.9255977,61056,9.461468696594238
1532138680.7242303,61184,9.884946823120117
1532138823.631237,61312,10.285511016845703
1532138966.6437178,61440,10.09289264678955
1532139218.6199503,61568,9.745243072509766
1532139361.5526655,61696,9.356727600097656
1532139504.5313067,61824,10.117536544799805
1532139647.4360528,61952,10.974608421325684
1532139899.6335788,62080,9.60098648071289
1532140042.463874,62208,9.759783744812012
1532140185.4691122,62336,10.851863861083984
1532164340.6814275,62592,9.9552583694458
1532164487.7458346,62720,9.32771110534668
1532164634.4284203,62848,9.536328315734863
1532164781.7304668,62976,10.164100646972656
1532165029.4569757,63104,10.911725997924805
1532165172.530029,63232,9.924391746520996
1532165315.6513827,63360,9.388300895690918
1532165458.7285368,63488,9.72438907623291
1532165706.279332,63616,9.800034523010254
1532165849.2466004,63744,10.404481887817383
1532165992.2949739,63872,9.343666076660156
1532166135.411331,64000,9.439908027648926
1532166380.403796,64128,9.596517562866211
1532166523.4303474,64256,9.789460182189941
1532166666.4861617,64384,10.26992416381836
1532166809.5994446,64512,10.07563304901123
1532167057.6480055,64640,10.191203117370605
1532167200.7357972,64768,9.766989707946777
1532167343.788807,64896,10.182329177856445
1532167486.8867388,65024,10.157736778259277
1532167734.9830317,65152,9.795174598693848
1532167877.8876562,65280,10.099327087402344
1532168020.9269602,65408,9.31974983215332
1532168163.8869412,65536,9.522068977355957
1532168413.4907084,65664,10.198267936706543
1532168556.3338015,65792,10.474186897277832
1532168699.1185982,65920,9.398488998413086
1532168842.0379426,66048,9.797013282775879
1532169087.402104,66176,9.70163345336914
1532169230.2674778,66304,10.793840408325195
1532169373.133123,66432,9.638306617736816
1532169516.0600965,66560,11.04491138458252
1532169765.3806791,66688,9.584573745727539
1532169908.4009597,66816,9.68378734588623
1532170051.438922,66944,9.500288009643555
1532170194.5205283,67072,9.695648193359375
1532170443.3759174,67200,9.915343284606934
1532170586.4976099,67328,10.014537811279297
1532170729.5863335,67456,9.42634105682373
1532170872.687705,67584,10.273714065551758
1532171118.8225844,67712,9.898324012756348
1532171261.9015474,67840,9.856515884399414
1532171404.8718543,67968,9.071996688842773
1532171547.865872,68096,9.61986255645752
1532171794.7462795,68224,9.693682670593262
1532171937.8010788,68352,9.368243217468262
1532172080.8405085,68480,10.04697322845459
1532172223.9137325,68608,9.460444450378418
1532172474.4617045,68736,9.820260047912598
1532172617.5485814,68864,10.479437828063965
1532172760.5420432,68992,11.626270294189453
1532172903.6425812,69120,10.078725814819336
1532173150.8567352,69248,10.117627143859863
1532173293.9062226,69376,9.907440185546875
1532173436.9667401,69504,9.70401382446289
1532173580.0904808,69632,11.443985939025879
1532173828.8664439,69760,10.518269538879395
1532173971.9849775,69888,10.206940650939941
1532174115.3154159,70016,9.254079818725586
1532174258.5421977,70144,10.144858360290527
1532174507.3535492,70272,9.434053421020508
1532174650.5167356,70400,9.426247596740723
1532174793.610196,70528,9.781843185424805
1532174936.8088043,70656,10.313760757446289
1532175185.7092907,70784,10.559473037719727
1532175328.7313778,70912,10.518725395202637
1532175471.9101474,71040,9.609354972839355
1532175614.9384928,71168,9.91352367401123
1532175862.2435203,71296,9.75253677368164
1532176005.36988,71424,10.791833877563477
1532176148.4745758,71552,9.988240242004395
1532176291.5981958,71680,10.353567123413086
1532176539.5549214,71808,11.42924690246582
1532176682.6547682,71936,10.392359733581543
1532176825.6964507,72064,9.155110359191895
1532176968.757808,72192,11.4364595413208
1532177216.1929216,72320,10.27884578704834
1532177359.5102262,72448,9.576643943786621
1532177502.7185771,72576,10.218914031982422
1532177645.96181,72704,10.145347595214844
1532177892.0997224,72832,9.358668327331543
1532178035.305015,72960,10.52736759185791
1532178178.525932,73088,9.83804702758789
1532178321.6717744,73216,11.524909019470215
1532178571.3631496,73344,9.218195915222168
1532178714.5024364,73472,9.758485794067383
1532178857.677613,73600,10.009747505187988
1532179000.8345313,73728,9.9327392578125
1532179249.991964,73856,9.440829277038574
1532179393.3047473,73984,9.846203804016113
1532179536.5083885,74112,9.404881477355957
1532179679.7420228,74240,11.627976417541504
1532179927.566675,74368,10.511228561401367
1532180070.8214247,74496,10.485777854919434
1532180214.00997,74624,10.756182670593262
1532180357.1883085,74752,10.624221801757812
1532180608.665937,74880,9.506346702575684
1532180751.7854412,75008,9.631965637207031
1532180895.0058131,75136,9.594058990478516
1532181038.1607523,75264,9.308784484863281
1532181286.5457163,75392,10.861157417297363
1532181429.7390118,75520,9.441873550415039
1532181573.0238454,75648,9.190703392028809
1532181716.153722,75776,9.968644142150879
1532181962.3653045,75904,10.375444412231445
1532182105.699372,76032,9.749390602111816
1532182248.775367,76160,9.826196670532227
1532182391.9190037,76288,10.61224365234375
1532182642.9921782,76416,10.18333911895752
1532182786.1264207,76544,10.07023811340332
1532182929.319518,76672,10.270000457763672
1532183072.489365,76800,9.862504959106445
1532183323.7208025,76928,9.316309928894043
1532183466.8657796,77056,10.105873107910156
1532183610.072412,77184,9.718521118164062
1532183753.38451,77312,9.22852897644043
1532184002.7347016,77440,10.141875267028809
1532184145.9892607,77568,9.193400382995605
1532184289.216222,77696,10.21886157989502
1532184432.3341775,77824,9.735227584838867
1532184679.2231793,77952,9.720714569091797
1532184822.1435604,78080,9.49409008026123
1532184965.1894147,78208,10.358901023864746
1532185108.219085,78336,12.556024551391602
1532185353.975009,78464,10.842324256896973
1532185496.834244,78592,9.420797348022461
1532185639.9880002,78720,9.747742652893066
1532185783.1075478,78848,10.165387153625488
1532186033.846538,78976,9.533865928649902
1532186176.998826,79104,9.912193298339844
1532186320.3612,79232,9.666217803955078
1532186463.4682357,79360,10.093385696411133
1532186711.6131256,79488,9.614035606384277
1532186854.8373084,79616,10.245548248291016
1532186998.0917807,79744,9.51035213470459
1532187141.262747,79872,10.027149200439453
1532187391.243427,80000,9.793981552124023
1532187534.3998737,80128,9.732481956481934
1532187677.6539156,80256,10.100282669067383
1532187820.8966517,80384,9.278916358947754
1532188070.055722,80512,10.987646102905273
1532188213.0027637,80640,9.770219802856445
1532188356.1545684,80768,9.873762130737305
1532188499.4022892,80896,10.354424476623535
1532188747.5114834,81024,10.472135543823242
1532188890.7243063,81152,10.233356475830078
1532189033.728269,81280,9.530181884765625
1532189176.8627253,81408,10.197169303894043
1532189425.8285878,81536,9.397404670715332
1532189568.892063,81664,10.292381286621094
1532189712.0707855,81792,9.674408912658691
1532189855.1821382,81920,9.578335762023926
1532190106.543558,82048,9.485389709472656
1532190249.6250396,82176,9.47807788848877
1532190392.7892601,82304,10.08729362487793
1532190535.928031,82432,9.486651420593262
1532190786.692682,82560,12.375579833984375
1532190929.6866136,82688,9.383710861206055
1532191072.632587,82816,10.257271766662598
1532191215.5157053,82944,9.763022422790527
1532191466.3840346,83072,9.916450500488281
1532191609.2953303,83200,10.486722946166992
1532191752.2511559,83328,9.729204177856445
1532191895.2786205,83456,10.340319633483887
1532192145.983327,83584,9.79006290435791
1532192288.8214996,83712,11.692513465881348
1532192431.8433776,83840,10.050487518310547
1532192574.9177172,83968,9.844415664672852
1532192823.566578,84096,9.42479133605957
1532192966.7234132,84224,10.433247566223145
1532193109.8145404,84352,9.674899101257324
1532193252.8914464,84480,9.530542373657227
1532193500.9600883,84608,10.617635726928711
1532193644.0279856,84736,9.678182601928711
1532193787.0689325,84864,10.073782920837402
1532193930.0745053,84992,9.602465629577637
1532194179.4651294,85120,9.370112419128418
1532194322.5366216,85248,9.865911483764648
1532194465.4016297,85376,10.941798210144043
1532194608.5417635,85504,9.977795600891113
1532194861.4453986,85632,10.339768409729004
1532195004.7306695,85760,10.204941749572754
1532195147.9534903,85888,9.614606857299805
1532195291.1284876,86016,9.7573823928833
1532195543.213053,86144,10.108270645141602
1532195686.3021836,86272,10.398862838745117
1532195829.5590153,86400,9.652287483215332
1532195972.7343109,86528,10.380831718444824
1532196225.1207218,86656,10.266571044921875
1532196368.424583,86784,10.046024322509766
1532196511.7258377,86912,10.524145126342773
1532196654.9666135,87040,9.22277545928955
1532196915.5643382,87168,10.000258445739746
1532197058.761391,87296,10.077420234680176
1532197201.8025029,87424,10.491995811462402
1532197345.1214352,87552,10.506769180297852
1532197605.015648,87680,9.808938980102539
1532197748.168997,87808,9.438312530517578
1532197891.4320388,87936,10.358485221862793
1532198034.6839662,88064,9.460895538330078
1532198293.8178716,88192,9.182012557983398
1532198437.1511436,88320,9.743300437927246
1532198580.4018645,88448,9.432964324951172
1532198723.6736786,88576,9.768476486206055
1532198974.7038543,88704,9.902450561523438
1532199118.0960767,88832,9.799410820007324
1532199261.3397427,88960,10.117196083068848
1532199404.5530365,89088,10.600526809692383
1532199662.5180376,89216,9.808466911315918
1532199805.8209784,89344,10.729061126708984
1532199949.0342202,89472,10.348793983459473
1532200092.349719,89600,9.580497741699219
1532200338.5652468,89728,9.68923568725586
1532200481.734972,89856,9.883872985839844
1532200624.7617755,89984,9.780190467834473
1532200767.9265776,90112,10.35378646850586
1532201017.8102138,90240,9.746756553649902
1532201161.0260243,90368,9.82713508605957
1532201304.2523296,90496,9.652168273925781
1532201447.5559838,90624,10.087759971618652
1532201698.4568398,90752,9.83116340637207
1532201841.667802,90880,9.28067684173584
1532201984.8064787,91008,9.851889610290527
1532202128.006243,91136,9.712244033813477
1532202378.2585719,91264,10.077703475952148
1532202521.3616428,91392,11.334999084472656
1532202664.5411084,91520,9.71953296661377
1532202807.6532407,91648,9.457420349121094
1532203061.112869,91776,10.235347747802734
1532203204.0931726,91904,10.05165958404541
1532203347.0265667,92032,9.926730155944824
1532203490.043603,92160,10.186333656311035
1532203742.5379572,92288,10.218706130981445
1532203885.760466,92416,9.317079544067383
1532204028.9957738,92544,9.44451904296875
1532204172.1889412,92672,10.146573066711426
1532204419.6717353,92800,10.63488483428955
1532204562.8639624,92928,9.454854011535645
1532204706.0304825,93056,9.350987434387207
1532204849.260821,93184,9.368279457092285
1532205098.7759385,93312,10.232702255249023
1532205241.8435535,93440,10.56821060180664
1532205385.1413977,93568,9.763652801513672
1532205528.28822,93696,9.442887306213379
1532205783.564743,93824,9.54804515838623
1532205926.685862,93952,9.168724060058594
1532206069.7811584,94080,10.225248336791992
1532206213.0651114,94208,10.106822967529297
1532206462.2475371,94336,9.602436065673828
1532206605.3386323,94464,9.596285820007324
1532206748.5149283,94592,9.26468563079834
1532206891.6628313,94720,10.005188941955566
1532207147.3427308,94848,9.619153022766113
1532207290.4888077,94976,9.464855194091797
1532207433.6029572,95104,9.720005989074707
1532207576.9359965,95232,10.792709350585938
1532207818.7802868,95360,10.262567520141602
1532207961.8683736,95488,9.414923667907715
1532208104.9973912,95616,9.36092472076416
1532208248.158191,95744,9.857141494750977
1532208485.0463078,95872,9.2245454788208
1532208628.1953819,96000,10.162461280822754
1532208771.3716748,96128,9.665793418884277
1532208914.5377562,96256,9.470471382141113
1532209146.3868222,96384,10.185779571533203
1532209289.4596846,96512,10.956308364868164
1532209432.4868333,96640,9.699959754943848
1532209575.5169961,96768,10.561532974243164
1532209814.1235337,96896,9.667030334472656
1532209957.2150326,97024,9.525063514709473
1532210100.1682115,97152,9.464303970336914
1532210243.2276816,97280,10.750277519226074
1532210476.051722,97408,9.584696769714355
1532210619.0895853,97536,9.817047119140625
