wall_time,step,value
1531476190.0996954,128,-29.7766056060791
1531476348.6831625,256,-15.730745315551758
1531476507.193753,384,-13.589284896850586
1531476665.8521502,512,-11.002058029174805
1531476980.5754938,640,-11.827077865600586
1531477138.7461207,768,-11.104705810546875
1531477297.1150608,896,-11.204662322998047
1531477455.5777373,1024,-11.806285858154297
1531477765.8220406,1152,-10.590292930603027
1531477924.104921,1280,-9.43642520904541
1531478082.3973851,1408,-8.811652183532715
1531478240.7054768,1536,-8.786783218383789
1531478546.5138505,1664,-8.573112487792969
1531478704.7939363,1792,-8.375988960266113
1531478863.0088363,1920,-8.219792366027832
1531479021.294082,2048,-7.737832546234131
1531479321.3223653,2176,-8.768284797668457
1531479479.515629,2304,-8.420639991760254
1531479637.8994226,2432,-7.5226335525512695
1531479796.2230315,2560,-8.212211608886719
1531480088.4232504,2688,-8.073452949523926
1531480246.7392197,2816,-7.892912864685059
1531480405.0214336,2944,-7.649750709533691
1531480563.3293958,3072,-7.4596428871154785
1531480859.769616,3200,-8.068011283874512
1531481018.0496483,3328,-7.498922348022461
1531481176.381935,3456,-7.3747968673706055
1531481334.7969637,3584,-7.056802749633789
1531481626.0953677,3712,-7.155429840087891
1531481784.6073327,3840,-6.335422039031982
1531481942.9453413,3968,-6.682277679443359
1531482101.6987393,4096,-6.624847888946533
1531482388.9576154,4224,-6.772302627563477
1531482547.4620438,4352,-6.301194190979004
1531482706.140781,4480,-6.7260518074035645
1531482864.7001266,4608,-6.083792209625244
1531483151.5791,4736,-6.584474086761475
1531483310.1487343,4864,-6.527921676635742
1531483468.7671757,4992,-6.1729254722595215
1531483627.1801665,5120,-5.962094306945801
1531483913.6237025,5248,-5.920140266418457
1531484072.1613033,5376,-6.201755046844482
1531484230.7194235,5504,-5.895730495452881
1531484389.3772511,5632,-5.842761993408203
1531484674.569677,5760,-5.705406665802002
1531484833.095811,5888,-5.908623218536377
1531484991.5167096,6016,-5.854343891143799
1531485149.925683,6144,-5.851152420043945
1531485434.1238828,6272,-5.879493713378906
1531485592.4463677,6400,-5.598303318023682
1531485750.7961044,6528,-6.1580328941345215
1531485909.3517134,6656,-5.773923397064209
1531486197.0777879,6784,-5.586920738220215
1531486355.4096165,6912,-5.702495574951172
1531486514.0832515,7040,-5.263270378112793
1531486672.705011,7168,-5.408599853515625
1531486959.0026062,7296,-5.651798725128174
1531487117.2606468,7424,-5.676301956176758
1531487275.5458875,7552,-5.1307525634765625
1531487434.0437663,7680,-5.232497692108154
1531487721.0247936,7808,-5.23610258102417
1531487879.4703233,7936,-5.199538230895996
1531488037.7625015,8064,-5.052657604217529
1531488196.3098762,8192,-5.058300018310547
1531488484.9348435,8320,-5.075953960418701
1531488643.2826703,8448,-5.304832458496094
1531488801.5620115,8576,-5.284426212310791
1531488959.97552,8704,-4.983113765716553
1531489247.4372375,8832,-5.060895919799805
1531489405.8630042,8960,-4.984550476074219
1531489564.2323244,9088,-4.876267910003662
1531489722.861886,9216,-5.248191833496094
1531490012.8970842,9344,-4.791454315185547
1531490171.1526961,9472,-4.715385437011719
1531490329.4186997,9600,-5.1076154708862305
1531490487.9816859,9728,-5.2211713790893555
1531490776.7573347,9856,-5.148787021636963
1531490934.9606528,9984,-4.869257926940918
1531491093.1027462,10112,-4.895520210266113
1531491251.619721,10240,-4.971304893493652
1531491540.9035406,10368,-4.819122314453125
1531491699.2019873,10496,-4.803840637207031
1531491857.442021,10624,-4.899286270141602
1531492015.959032,10752,-4.744875907897949
1531492306.8461199,10880,-4.752204895019531
1531492465.2702847,11008,-4.700901985168457
1531492623.6366372,11136,-4.458000659942627
1531492781.7951136,11264,-4.329661846160889
1531493071.6557198,11392,-4.5690484046936035
1531493230.152891,11520,-4.430079936981201
1531493388.6722074,11648,-4.945113182067871
1531493547.3506505,11776,-4.598297119140625
1531493836.5218577,11904,-4.645955562591553
1531493994.8983436,12032,-4.401827812194824
1531494153.3969588,12160,-4.592469692230225
1531494311.9024248,12288,-4.747193813323975
1531494599.8589988,12416,-4.195470333099365
1531494758.3321738,12544,-4.157010555267334
1531494916.8166084,12672,-4.7022857666015625
1531495075.3136864,12800,-4.208124160766602
1531495365.547942,12928,-4.345080852508545
1531495523.7118084,13056,-4.380335807800293
1531495682.2107806,13184,-4.709059238433838
1531495840.5527198,13312,-4.390489101409912
1531496128.3029268,13440,-4.5470476150512695
1531496286.7598605,13568,-4.147647857666016
1531496445.2758167,13696,-4.515526294708252
1531496603.614248,13824,-3.9637298583984375
1531496894.2608812,13952,-4.500362873077393
1531497052.7619994,14080,-4.451622486114502
1531497211.097008,14208,-4.242483139038086
1531497369.2200794,14336,-4.008271217346191
1531497659.8753755,14464,-4.241971015930176
1531497818.2126245,14592,-4.107980728149414
1531497976.6135147,14720,-4.173130512237549
1531498134.935387,14848,-4.066857814788818
1531498423.4200218,14976,-3.963498115539551
1531498581.6841717,15104,-4.100578308105469
1531498740.0644786,15232,-4.052795886993408
1531498898.3904014,15360,-4.201757907867432
1531499187.3720367,15488,-4.243381500244141
1531499345.7513447,15616,-4.023141384124756
1531499503.9734132,15744,-3.971557140350342
1531499662.275668,15872,-4.052490711212158
1531499951.6123981,16000,-3.9077577590942383
1531500110.254125,16128,-4.2495503425598145
1531500268.8910408,16256,-4.2060723304748535
1531500427.594478,16384,-3.911040782928467
1531500715.6632307,16512,-4.289092063903809
1531500874.1632526,16640,-3.991654396057129
1531501032.6119285,16768,-3.8593192100524902
1531501191.0516717,16896,-4.182806968688965
1531501475.4087396,17024,-3.703990936279297
1531501633.9593146,17152,-4.117999076843262
1531501792.30263,17280,-3.9406347274780273
1531501950.6899211,17408,-3.9090490341186523
1531502237.4280734,17536,-4.052401065826416
1531502395.9701433,17664,-4.149152755737305
1531502554.49414,17792,-4.0240654945373535
1531502713.117835,17920,-4.2188873291015625
1531502997.9104412,18048,-3.8165488243103027
1531503156.3380065,18176,-4.049756050109863
1531503314.495846,18304,-3.911166191101074
1531503472.8410997,18432,-3.8954312801361084
1531503758.2511504,18560,-3.8134872913360596
1531503916.4720623,18688,-3.457033157348633
1531504074.8348427,18816,-3.9943747520446777
1531504233.2747638,18944,-3.784501552581787
1531504521.7008502,19072,-3.6279351711273193
1531504679.9110696,19200,-4.025887489318848
1531504838.2383714,19328,-3.8337528705596924
1531504996.5829482,19456,-3.837838888168335
1531505282.6315818,19584,-4.047897815704346
1531505440.95093,19712,-3.760423183441162
1531505599.1748066,19840,-3.8212268352508545
1531505757.4351869,19968,-3.746417284011841
1531506042.30816,20096,-3.8612353801727295
1531506200.7033966,20224,-3.5251684188842773
1531506358.982643,20352,-3.8256006240844727
1531506517.3340714,20480,-3.606245279312134
1531506805.1074653,20608,-3.820077657699585
1531506963.3979988,20736,-3.7350761890411377
1531507121.676421,20864,-3.512113332748413
1531507279.8607368,20992,-3.4993581771850586
1531507568.039496,21120,-3.4322032928466797
1531507726.2450013,21248,-3.6805520057678223
1531507884.6930642,21376,-3.873866558074951
1531508043.069138,21504,-3.689790725708008
1531508333.230301,21632,-3.5750153064727783
1531508491.7356997,21760,-3.547783613204956
1531508650.098881,21888,-3.6292262077331543
1531508808.3314805,22016,-3.5366644859313965
1531509099.105879,22144,-3.7883667945861816
1531509257.6244953,22272,-3.6682119369506836
1531509416.0491147,22400,-3.7361490726470947
1531509574.508163,22528,-3.628253936767578
1531509863.5815718,22656,-3.1620004177093506
1531510021.9823232,22784,-3.4379966259002686
1531510180.4293413,22912,-3.3865160942077637
1531510338.901886,23040,-3.6574573516845703
1531510624.933236,23168,-3.8533308506011963
1531510783.5655081,23296,-3.57197642326355
1531510942.4804137,23424,-3.6825103759765625
1531511101.2576957,23552,-3.6633572578430176
1531511392.4441943,23680,-3.381432056427002
1531511550.8337762,23808,-3.573249340057373
1531511709.3069632,23936,-3.404520273208618
1531511868.1327837,24064,-3.3886706829071045
1531512154.1385946,24192,-3.3930957317352295
1531512312.586409,24320,-3.3297479152679443
1531512471.0340562,24448,-3.454906463623047
1531512629.2971249,24576,-3.549727201461792
1531512916.5675347,24704,-3.42971134185791
1531513074.9604075,24832,-3.3284108638763428
1531513233.1839669,24960,-3.6464967727661133
1531513391.5171015,25088,-3.5065271854400635
1531513678.2708917,25216,-3.6649763584136963
1531513836.637572,25344,-3.4840199947357178
1531513995.0987267,25472,-3.7113866806030273
1531514153.6794417,25600,-3.5598058700561523
1531557111.835186,25728,-3.73988676071167
1531557270.1955578,25856,-3.69307279586792
1531557428.7042947,25984,-3.5540764331817627
1531557587.0980754,26112,-3.6850485801696777
1531557873.930591,26240,-3.5502166748046875
1531558032.2672732,26368,-3.2494940757751465
1531558190.4253705,26496,-3.340932607650757
1531558348.7275286,26624,-3.312213182449341
1531558634.6709738,26752,-3.3094065189361572
1531558793.053794,26880,-3.439128875732422
1531558951.5162659,27008,-2.972585916519165
1531559109.958766,27136,-3.4860687255859375
1531559393.4004505,27264,-3.406233310699463
1531559551.8865633,27392,-3.5273280143737793
1531559710.2317052,27520,-3.4273812770843506
1531559868.5891488,27648,-3.4464492797851562
1531560156.0243232,27776,-3.0511608123779297
1531560314.4418733,27904,-3.2130775451660156
1531560472.6981046,28032,-3.2647414207458496
1531560630.9754837,28160,-3.313629388809204
1531560917.636846,28288,-3.476578712463379
1531561076.0039937,28416,-3.273926019668579
1531561234.3836312,28544,-3.503610134124756
1531561392.7974203,28672,-3.0885672569274902
1531561681.2163258,28800,-3.1336474418640137
1531561839.7322304,28928,-3.4032068252563477
1531561998.200535,29056,-3.256155014038086
1531562156.7244194,29184,-3.283208131790161
1531562445.1210434,29312,-3.2413105964660645
1531562603.6905992,29440,-3.196653127670288
1531562762.2408128,29568,-3.4353222846984863
1531562920.7498019,29696,-3.2840993404388428
1531563208.5073755,29824,-3.2270009517669678
1531563367.084866,29952,-3.212787389755249
1531563525.6426828,30080,-3.2934494018554688
1531563684.1996074,30208,-3.2656965255737305
1531563972.0506315,30336,-3.271745204925537
1531564130.5815458,30464,-3.2805874347686768
1531564289.17753,30592,-3.225130558013916
1531564447.5938487,30720,-3.4885947704315186
1531564733.4032946,30848,-3.3565776348114014
1531564891.989885,30976,-3.346367835998535
1531565050.7113957,31104,-3.250126838684082
1531565209.2430851,31232,-3.18800687789917
1531565496.532132,31360,-3.151763916015625
1531565655.0086257,31488,-3.144200325012207
1531565813.4614587,31616,-2.920332670211792
1531565971.757396,31744,-3.408371686935425
1531566257.1384656,31872,-3.347729206085205
1531566415.7073226,32000,-3.0492730140686035
1531566574.122561,32128,-3.0247676372528076
1531566732.8059711,32256,-3.146909713745117
1531567020.9048126,32384,-2.9298906326293945
1531567179.3597434,32512,-3.210257053375244
1531567337.6236854,32640,-3.094766139984131
1531567496.049152,32768,-3.2168095111846924
1531567784.5135732,32896,-3.0975191593170166
1531567942.8193138,33024,-3.0486509799957275
1531568101.02076,33152,-3.1325106620788574
1531568259.3457398,33280,-3.0529050827026367
1531568546.4050539,33408,-3.090235948562622
1531568704.8196535,33536,-3.0259342193603516
1531568863.2924607,33664,-3.2054333686828613
1531569021.748733,33792,-3.146848440170288
1531569308.8651423,33920,-3.089874744415283
1531569467.348324,34048,-2.9710886478424072
1531569625.7121537,34176,-3.066744804382324
1531569784.2739937,34304,-2.8724613189697266
1531570074.0585704,34432,-3.2617053985595703
1531570232.5022078,34560,-3.0922818183898926
1531570390.8653078,34688,-3.309943914413452
1531570549.4363348,34816,-3.1661462783813477
1531570837.7945256,34944,-3.3166255950927734
1531570996.3876622,35072,-2.9072794914245605
1531571154.9716485,35200,-3.1740782260894775
1531571313.593743,35328,-2.930037260055542
1531571600.59675,35456,-2.842066764831543
1531571759.030244,35584,-3.134214401245117
1531571917.5875683,35712,-3.0505545139312744
1531572076.0845273,35840,-3.137302875518799
1531572365.6622481,35968,-3.014129161834717
1531572524.335038,36096,-2.97294282913208
1531572682.9876213,36224,-3.313750743865967
1531572841.6382813,36352,-3.314917802810669
1531573130.6438923,36480,-3.039537191390991
1531573289.223003,36608,-2.885387659072876
1531573447.8825097,36736,-2.8896288871765137
1531573606.4126647,36864,-3.0590415000915527
1531573893.3805952,36992,-3.3290181159973145
1531574051.8910813,37120,-3.12276291847229
1531574210.6372952,37248,-2.7780447006225586
1531574369.1317363,37376,-2.6456692218780518
1531574656.2972968,37504,-3.0249364376068115
1531574814.7951646,37632,-2.9159584045410156
1531574973.355863,37760,-2.9957029819488525
1531575131.8696125,37888,-2.84814453125
1531575421.2964697,38016,-3.005960464477539
1531575579.8303795,38144,-2.902273178100586
1531575738.4694545,38272,-2.699540853500366
1531575896.9270697,38400,-2.785362958908081
1531576186.8949113,38528,-3.069032669067383
1531576345.4096467,38656,-3.188396453857422
1531576503.8616273,38784,-2.9801442623138428
1531576662.3240159,38912,-2.9681601524353027
1531576951.163947,39040,-2.771279811859131
1531577109.6093044,39168,-2.9424567222595215
1531577268.1139219,39296,-2.8587188720703125
1531577426.7524025,39424,-2.8144125938415527
1531577715.6115072,39552,-2.891850709915161
1531577874.0221417,39680,-3.1563713550567627
1531578032.4815478,39808,-2.653266668319702
1531578190.8681898,39936,-2.9517128467559814
1531578479.1896615,40064,-2.731748342514038
1531578637.605925,40192,-2.9189937114715576
1531578796.1078637,40320,-2.9835968017578125
1531578954.5355816,40448,-2.911572217941284
1531579245.088854,40576,-3.3159046173095703
1531579403.5953465,40704,-2.801743984222412
1531579562.0129125,40832,-3.1161985397338867
1531579720.3336449,40960,-2.9716720581054688
1531580008.6654053,41088,-2.670588493347168
1531580167.2028513,41216,-2.905383348464966
1531580325.7550385,41344,-2.6247611045837402
1531580484.274813,41472,-2.8058407306671143
1531580773.6546886,41600,-2.853506088256836
1531580932.111848,41728,-3.0135273933410645
1531581090.5463448,41856,-2.900740146636963
1531581249.0683591,41984,-2.9163641929626465
1531581539.9773793,42112,-3.054231643676758
1531581698.7151048,42240,-2.9505698680877686
1531581857.318113,42368,-2.8877599239349365
1531582015.7834985,42496,-3.1592090129852295
1531582307.5462627,42624,-2.899028778076172
1531582466.169737,42752,-2.839313268661499
1531582624.6370387,42880,-3.0665507316589355
1531582783.1432223,43008,-2.9949758052825928
1531583074.3713536,43136,-2.8166518211364746
1531583233.0292475,43264,-2.9930002689361572
1531583391.7589693,43392,-2.855734348297119
1531583550.295872,43520,-3.024998426437378
1531583841.3187299,43648,-2.9336044788360596
1531583999.6307971,43776,-2.7336719036102295
1531584158.0526352,43904,-2.7591757774353027
1531584316.2585611,44032,-2.79708194732666
1531584607.9788241,44160,-2.925471067428589
1531584766.3814669,44288,-2.955693244934082
1531584924.7510211,44416,-3.0377416610717773
1531585083.0050957,44544,-3.002330780029297
1531585375.6014872,44672,-2.8512074947357178
1531585533.9810905,44800,-2.9217641353607178
1531585692.2347362,44928,-2.657179117202759
1531585850.6334875,45056,-2.8129968643188477
1531586141.063989,45184,-2.793456554412842
1531586299.4299,45312,-2.7148144245147705
1531586457.747764,45440,-3.0453901290893555
1531586616.0312178,45568,-2.6407740116119385
1531586909.9848862,45696,-2.881519317626953
1531587068.4054515,45824,-3.107370138168335
1531587226.9754493,45952,-2.8306360244750977
1531587385.2848299,46080,-2.8614156246185303
1531587678.7983057,46208,-2.682253122329712
1531587837.019389,46336,-2.839606285095215
1531587995.306274,46464,-2.7164695262908936
1531588153.6641603,46592,-2.9691150188446045
1531588445.957076,46720,-2.792388677597046
1531588604.5046027,46848,-2.808420419692993
1531588763.2509408,46976,-2.5817208290100098
1531588921.8479738,47104,-2.6821703910827637
1531589216.1715045,47232,-3.016860008239746
1531589374.8752332,47360,-2.639162063598633
1531589533.5680392,47488,-2.667701244354248
1531589692.308756,47616,-2.728644371032715
1531589986.358219,47744,-2.837900400161743
1531590144.961402,47872,-2.792732000350952
1531590303.3944027,48000,-2.8451874256134033
1531590461.959184,48128,-2.818042755126953
1531590754.9245393,48256,-2.622293472290039
1531590913.3540401,48384,-2.6877760887145996
1531591071.9461775,48512,-2.664454221725464
1531591230.637741,48640,-2.960904598236084
1531591521.7040405,48768,-2.814880132675171
1531591680.1926246,48896,-2.5993101596832275
1531591838.9136438,49024,-2.678584575653076
1531591997.526602,49152,-2.526599884033203
1531592291.520987,49280,-2.638763189315796
1531592449.99435,49408,-3.048978567123413
1531592608.6042726,49536,-2.818655014038086
1531592767.2882242,49664,-2.7651283740997314
1531593058.0318482,49792,-2.689204454421997
1531593216.5848005,49920,-2.5760979652404785
1531593375.1833408,50048,-2.7746026515960693
1531593533.9117746,50176,-2.8602542877197266
1531593822.8177094,50304,-2.815760612487793
1531593981.2544234,50432,-2.8061165809631348
1531594139.7233286,50560,-2.6707653999328613
1531594298.306533,50688,-2.6724090576171875
1531594589.6486027,50816,-2.8773536682128906
1531594748.1571734,50944,-2.540405511856079
1531594906.5215323,51072,-2.5640344619750977
1531595064.9729636,51200,-2.6682400703430176
1531595354.6081703,51328,-2.46785831451416
1531595513.1762266,51456,-2.545574903488159
1531595671.7031882,51584,-2.8658788204193115
1531595830.2050006,51712,-2.4211373329162598
1531596119.6057477,51840,-2.706385374069214
1531596277.996631,51968,-2.679659843444824
1531596436.4477184,52096,-2.610377788543701
1531596595.0271733,52224,-2.5905816555023193
1531596884.2570167,52352,-2.6306447982788086
1531597042.6413538,52480,-2.7166600227355957
1531597200.9474185,52608,-2.695828676223755
1531597359.30656,52736,-2.812227964401245
1531597652.445349,52864,-2.657277822494507
1531597810.8911853,52992,-2.829854726791382
1531597969.32464,53120,-2.6842002868652344
1531598127.8613615,53248,-2.723180055618286
1531598420.5014393,53376,-2.746025323867798
1531598579.0605617,53504,-2.474896192550659
1531598737.609404,53632,-2.540701150894165
1531598896.0960078,53760,-2.607069253921509
1531599189.5950398,53888,-2.625300645828247
1531599348.2361505,54016,-2.662877082824707
1531599506.9032166,54144,-2.4497978687286377
1531599665.5743742,54272,-2.560431480407715
1531599954.510203,54400,-2.397292375564575
1531600113.1764581,54528,-2.597628355026245
1531600271.9489994,54656,-2.614771842956543
1531600430.596239,54784,-2.3082311153411865
1531600720.052389,54912,-2.6385812759399414
1531600878.6837819,55040,-2.522895097732544
1531601037.2764757,55168,-2.651920795440674
1531601195.9968746,55296,-2.500331401824951
1531601486.4198291,55424,-2.542970657348633
1531601645.0734804,55552,-2.4704365730285645
1531601803.6177657,55680,-2.5574281215667725
1531601962.203017,55808,-2.653750419616699
1531602251.950486,55936,-2.673424243927002
1531602410.3308904,56064,-2.43331241607666
1531602568.9006631,56192,-2.6796185970306396
1531602727.4060543,56320,-2.448498249053955
1531603019.89412,56448,-2.6021339893341064
1531603178.2608855,56576,-2.7150111198425293
1531603336.6436074,56704,-2.6712327003479004
1531603495.2109382,56832,-2.6929662227630615
1531603789.1799269,56960,-2.603234052658081
1531603947.6100628,57088,-2.6867685317993164
1531604106.1634343,57216,-2.3545711040496826
1531604264.6681826,57344,-2.362114906311035
1531604555.7422588,57472,-2.5284438133239746
1531604714.0859385,57600,-2.5027098655700684
1531604872.6124854,57728,-2.764948606491089
1531605031.1441045,57856,-2.717433214187622
1531605324.9577324,57984,-2.5301353931427
1531605483.4241052,58112,-2.6524736881256104
1531605641.7928324,58240,-2.3716373443603516
1531605800.2285578,58368,-2.612921953201294
1531606093.7903545,58496,-2.5819907188415527
1531606252.207614,58624,-2.559600591659546
1531606410.6444573,58752,-2.685962438583374
1531606568.935963,58880,-2.535771369934082
1531606861.433006,59008,-2.727728843688965
1531607019.906494,59136,-2.5468904972076416
1531607178.368814,59264,-2.358450412750244
1531607336.732976,59392,-2.4367778301239014
1531607630.3018682,59520,-2.4769067764282227
1531607788.7579353,59648,-2.5503487586975098
1531607947.2707214,59776,-2.7315471172332764
1531608105.902773,59904,-2.7436273097991943
1531608396.6160076,60032,-2.5900051593780518
1531608554.9598932,60160,-2.6381304264068604
1531608713.509772,60288,-2.654910087585449
1531608871.9947987,60416,-2.455172538757324
1531609163.6785824,60544,-2.8039839267730713
1531609322.3303416,60672,-2.584275245666504
1531609480.944484,60800,-2.489997386932373
1531609639.5016122,60928,-2.4174835681915283
1531617227.3145752,61056,-2.457345962524414
1531617389.6550653,61184,-2.6485588550567627
1531617552.0135858,61312,-2.2738091945648193
1531617714.4734037,61440,-2.6555428504943848
1531618004.0053527,61568,-2.5291755199432373
1531618161.9338572,61696,-2.4102115631103516
1531618320.0273912,61824,-2.6420199871063232
1531618478.1760519,61952,-2.362887144088745
1531618768.6448777,62080,-2.3616690635681152
1531618927.05751,62208,-2.5512123107910156
1531619085.4633906,62336,-2.5227458477020264
1531619243.7710435,62464,-2.340998649597168
1531619538.299142,62592,-2.695142984390259
1531619696.7428079,62720,-2.465228319168091
1531619855.1935065,62848,-2.463442802429199
1531620013.5829144,62976,-2.6564958095550537
1531620305.004552,63104,-2.6062207221984863
1531620463.3856647,63232,-2.535281181335449
1531620621.752054,63360,-2.6192803382873535
1531620780.1210217,63488,-2.4943857192993164
1531621072.2608917,63616,-2.627835988998413
1531621230.7575421,63744,-2.344003677368164
1531621389.0702374,63872,-2.456899404525757
1531621547.388503,64000,-2.631864547729492
1531621843.0888019,64128,-2.4548020362854004
1531622001.4370058,64256,-2.5160775184631348
1531622159.6674738,64384,-2.4614322185516357
1531622317.9810054,64512,-2.445072650909424
1531622610.572382,64640,-2.213320255279541
1531622769.0409632,64768,-2.2929916381835938
1531622927.5000668,64896,-2.2730345726013184
1531623085.9282396,65024,-2.570789098739624
1531623383.8350723,65152,-2.603700637817383
1531623542.3684807,65280,-2.4476048946380615
1531623700.7328963,65408,-2.3725969791412354
1531623859.1556346,65536,-2.374762535095215
1531624153.8889778,65664,-2.336827278137207
1531624312.24617,65792,-2.282111406326294
1531624470.7223194,65920,-2.338942289352417
1531624629.274658,66048,-2.527026891708374
1531624925.004668,66176,-2.5636796951293945
1531625083.7204823,66304,-2.539824962615967
1531625242.3854105,66432,-2.4166622161865234
1531625401.1177688,66560,-2.4074578285217285
1531625692.3960443,66688,-2.3133490085601807
1531625850.6560228,66816,-2.2884373664855957
1531626008.980022,66944,-2.5749216079711914
1531626167.399042,67072,-2.516918659210205
1531626460.1206589,67200,-2.4013547897338867
1531626618.3090634,67328,-2.3748233318328857
1531626776.5794127,67456,-2.259235143661499
1531626934.7182188,67584,-2.680711507797241
1531627230.9063485,67712,-2.558739185333252
1531627389.2099829,67840,-2.5070455074310303
1531627547.4552774,67968,-2.67645001411438
1531627705.7384079,68096,-2.176541805267334
1531628000.9630716,68224,-2.3544602394104004
1531628159.2246752,68352,-2.2798283100128174
1531628317.472548,68480,-2.4772326946258545
1531628475.586783,68608,-2.3874435424804688
1531628772.6195092,68736,-2.676210641860962
1531628930.8106742,68864,-2.3576161861419678
1531629089.0649164,68992,-2.43051815032959
1531629247.3095756,69120,-2.605149984359741
1531629541.2394514,69248,-2.3081982135772705
1531629699.6197693,69376,-2.4878249168395996
1531629857.912476,69504,-2.292358636856079
1531630016.3652883,69632,-2.474424362182617
1531630308.6322927,69760,-2.4476070404052734
1531630467.0613344,69888,-2.498610019683838
1531630625.5917742,70016,-2.28590726852417
1531630784.0111196,70144,-2.557748794555664
1531631078.2130187,70272,-2.499666213989258
1531631236.6630926,70400,-2.3903369903564453
1531631395.1192918,70528,-2.5233166217803955
1531631553.6256263,70656,-2.358234167098999
1531631844.2309802,70784,-2.332437753677368
1531632002.6867294,70912,-2.5781290531158447
1531632160.9860365,71040,-2.315932273864746
1531632319.3114283,71168,-2.417039632797241
1531632615.473099,71296,-2.3990986347198486
1531632773.762827,71424,-2.342526435852051
1531632932.0663462,71552,-2.3569295406341553
1531633090.284562,71680,-2.293949842453003
1531633384.6174226,71808,-2.5163826942443848
1531633542.7186592,71936,-2.351189374923706
1531633701.1063752,72064,-2.622854471206665
1531633859.3790576,72192,-2.3129284381866455
1531634155.79747,72320,-2.347435235977173
1531634314.209138,72448,-2.5028460025787354
1531634472.358511,72576,-2.189938545227051
1531634630.6595428,72704,-2.1417646408081055
1531634924.5039558,72832,-2.4299755096435547
1531635082.7933471,72960,-2.3264265060424805
1531635241.1512468,73088,-2.2335591316223145
1531635399.4987142,73216,-2.142918348312378
1531635696.1537077,73344,-2.6443443298339844
1531635854.4229772,73472,-2.4365971088409424
1531636012.9912717,73600,-2.2964389324188232
1531636171.2177315,73728,-2.104663848876953
1531636463.2462676,73856,-2.231381893157959
1531636621.714737,73984,-2.372941493988037
1531636780.0794518,74112,-2.571715831756592
1531636938.6004298,74240,-2.5404343605041504
1531637233.8814774,74368,-2.4346537590026855
1531637392.1693387,74496,-2.2285077571868896
1531637550.514188,74624,-2.433131694793701
1531637708.767621,74752,-2.2788829803466797
1531638005.2589164,74880,-2.254370927810669
1531638163.8148391,75008,-2.3558709621429443
1531638322.2604454,75136,-2.370556354522705
1531638480.8172672,75264,-2.423081874847412
1531638771.0910752,75392,-2.750976800918579
1531638929.691451,75520,-2.4194345474243164
1531639088.2654877,75648,-2.4190659523010254
1531639246.8887901,75776,-2.454789638519287
1531639538.1530242,75904,-2.4433343410491943
1531639696.4520485,76032,-2.605396032333374
1531639854.8193877,76160,-2.687882900238037
1531640013.3279147,76288,-2.0588455200195312
1531640306.2239666,76416,-2.166578769683838
1531640464.4451826,76544,-2.468319892883301
1531640622.798037,76672,-2.4249744415283203
1531640781.1569896,76800,-2.3603129386901855
1531641077.4122014,76928,-2.0694737434387207
1531641235.6704905,77056,-2.2365968227386475
1531641393.9890091,77184,-2.4938559532165527
1531641552.330113,77312,-2.3859236240386963
1531641844.7519376,77440,-2.334672451019287
1531642002.875229,77568,-2.4031074047088623
1531642161.1193008,77696,-2.231978416442871
1531642319.3150449,77824,-2.3995132446289062
1531642613.2027383,77952,-2.4007480144500732
1531642771.6587484,78080,-2.20882248878479
1531642929.9949958,78208,-2.4137282371520996
1531643088.4533482,78336,-2.522437334060669
1531643384.6251938,78464,-2.2444257736206055
1531643542.8908706,78592,-2.0808050632476807
1531643701.179308,78720,-2.3369038105010986
1531643859.3746583,78848,-2.3861300945281982
1531644153.643962,78976,-2.2675042152404785
1531644312.1138968,79104,-2.4293856620788574
1531644470.513008,79232,-2.223541736602783
1531644628.9636753,79360,-2.5301172733306885
1531644926.1516163,79488,-2.326632499694824
1531645084.488508,79616,-2.3856940269470215
1531645242.7375028,79744,-2.246838331222534
1531645401.1973653,79872,-2.3640217781066895
1531645695.4707458,80000,-2.2129828929901123
1531645853.680497,80128,-2.1699273586273193
1531646012.0373886,80256,-2.125072956085205
1531646170.397035,80384,-2.549224376678467
1531646464.1265342,80512,-2.535417079925537
1531646622.5268805,80640,-2.1776232719421387
1531646780.788781,80768,-2.333685874938965
1531646938.9054496,80896,-2.194162130355835
1531647230.0831687,81024,-2.175328254699707
1531647388.3926969,81152,-2.1662590503692627
1531647546.7189438,81280,-2.439631938934326
1531647705.0368404,81408,-2.376678943634033
1531647998.8723054,81536,-2.443596839904785
1531648157.291903,81664,-2.3073034286499023
1531648315.7307959,81792,-2.2641477584838867
1531648474.239442,81920,-2.3355872631073
1531648767.5757282,82048,-2.306694984436035
1531648926.0565207,82176,-1.9879220724105835
1531649084.5442238,82304,-2.303025722503662
1531649243.0224354,82432,-2.423734188079834
1531649536.455275,82560,-2.286067008972168
1531649694.748307,82688,-2.38523530960083
1531649853.3317158,82816,-2.198045253753662
1531650011.7985094,82944,-2.3119959831237793
1531650302.9282982,83072,-2.289686441421509
1531650461.144151,83200,-2.4835758209228516
1531650619.3076775,83328,-2.2269604206085205
1531650777.581273,83456,-2.299074172973633
1531651070.7979534,83584,-2.324337959289551
1531651229.084175,83712,-2.2178800106048584
1531651387.2558985,83840,-2.3308441638946533
1531651545.293823,83968,-2.3307816982269287
1531651840.3513517,84096,-2.4184000492095947
1531651998.6326482,84224,-2.457859754562378
1531652157.0715055,84352,-2.261232614517212
1531652315.4235165,84480,-2.3651301860809326
1531652612.0880015,84608,-2.1621077060699463
1531652770.3547208,84736,-2.3231208324432373
1531652928.6392586,84864,-2.2497143745422363
1531653086.944744,84992,-2.345665454864502
1531653382.789245,85120,-2.145080804824829
1531653541.0890114,85248,-1.9921625852584839
1531653699.212392,85376,-2.444143056869507
1531653857.442149,85504,-2.4155139923095703
1531654151.7037034,85632,-2.291447639465332
1531654309.9416971,85760,-1.9982481002807617
1531654468.1531076,85888,-2.2336390018463135
1531654626.3249338,86016,-2.5687074661254883
1531654918.9333038,86144,-2.257143497467041
1531655077.1058185,86272,-2.1285815238952637
1531655235.328679,86400,-2.3837976455688477
1531655393.547917,86528,-2.2770028114318848
1531655689.1102624,86656,-2.199549913406372
1531655847.513036,86784,-2.230149984359741
1531656006.0859697,86912,-2.2207560539245605
1531656164.565853,87040,-2.1136937141418457
1531656461.0576966,87168,-1.9934754371643066
1531656619.3050458,87296,-2.0539193153381348
1531656777.8118398,87424,-2.282402276992798
1531656936.3212676,87552,-2.166532516479492
1531657229.7285855,87680,-2.1975250244140625
1531657388.1809292,87808,-2.6543564796447754
1531657546.5938451,87936,-2.2324557304382324
1531657705.075548,88064,-1.9500948190689087
1531658001.7831721,88192,-2.557624340057373
1531658160.039903,88320,-2.4787187576293945
1531658318.4587924,88448,-2.34865665435791
1531658476.7629402,88576,-2.446420431137085
1531658772.6785736,88704,-2.1245248317718506
1531658931.1840043,88832,-2.2758255004882812
1531659089.6026175,88960,-2.1305761337280273
1531659248.2104397,89088,-2.1750128269195557
1531659547.0490465,89216,-2.2346746921539307
1531659705.560903,89344,-2.3354740142822266
1531659863.8889797,89472,-2.172954797744751
1531660022.4623106,89600,-2.0751914978027344
1531660316.358083,89728,-2.0442700386047363
1531660474.697443,89856,-2.0455808639526367
1531660632.9592977,89984,-2.123255491256714
1531660791.2220304,90112,-2.3641951084136963
1531661084.8301845,90240,-2.3237762451171875
1531661243.093647,90368,-2.274512529373169
1531661401.381666,90496,-2.2069733142852783
1531661559.711677,90624,-2.1141555309295654
1531661855.4515166,90752,-2.096717357635498
1531662013.800751,90880,-2.0361886024475098
1531662172.121587,91008,-2.3622846603393555
1531662330.5137875,91136,-2.413707971572876
1531662625.0748584,91264,-2.156263828277588
1531662783.2810698,91392,-2.0706160068511963
1531662941.636483,91520,-2.3521230220794678
1531663099.910075,91648,-2.1262917518615723
1531663395.756908,91776,-2.141117811203003
1531663554.0945237,91904,-2.1986465454101562
1531663712.5297344,92032,-2.108020544052124
1531663871.006642,92160,-2.4347591400146484
1531664167.893307,92288,-2.272826910018921
1531664326.0887313,92416,-2.1928622722625732
1531664484.312198,92544,-2.329022169113159
1531664642.4307013,92672,-2.186133861541748
1531664938.1940866,92800,-2.146137237548828
1531665096.604386,92928,-2.0792179107666016
1531665254.8574955,93056,-2.3245301246643066
1531665413.2300434,93184,-2.227400064468384
1531665709.0803063,93312,-2.1265149116516113
1531665867.3215976,93440,-2.0643820762634277
1531666025.650448,93568,-2.2764739990234375
1531666183.9679132,93696,-2.054513692855835
1531666480.200071,93824,-2.0916707515716553
1531666638.6966622,93952,-2.2057559490203857
1531666797.1999319,94080,-2.2107906341552734
1531666955.7170162,94208,-2.0634851455688477
1531667253.7327068,94336,-2.2483036518096924
1531667412.028353,94464,-2.261584520339966
1531667570.5758693,94592,-2.2052595615386963
1531667729.1619415,94720,-2.1957759857177734
1531668022.6381617,94848,-2.2954659461975098
1531668181.0042756,94976,-2.297041177749634
1531668339.3592234,95104,-2.0582690238952637
1531668497.6432998,95232,-2.165691614151001
1531668794.235282,95360,-2.1671059131622314
1531668952.6799836,95488,-2.3375349044799805
1531669111.1154618,95616,-2.196612596511841
1531669269.5151877,95744,-2.2080838680267334
1531669565.5874536,95872,-2.0719950199127197
1531669723.8704958,96000,-2.193117380142212
1531669882.1974382,96128,-2.003206253051758
1531670040.5385358,96256,-2.2285287380218506
1531699289.0975602,96384,-2.300459623336792
1531699451.4311934,96512,-2.2098214626312256
1531699614.0679781,96640,-1.9482619762420654
1531699776.8213868,96768,-2.363312005996704
1531700072.5656276,96896,-2.173874616622925
1531700230.7580795,97024,-2.052145481109619
1531700388.9681265,97152,-2.2180697917938232
1531700547.256689,97280,-2.124044418334961
1531700844.3771527,97408,-2.1104161739349365
1531701002.6205275,97536,-2.2641074657440186
