wall_time,step,value
1533325555.4707952,512,2.5267317295074463
1533327964.1794899,1024,2.882411479949951
1533330341.1844385,1536,2.079484701156616
1533332715.362634,2048,2.2806050777435303
1533335064.507652,2560,1.9456419944763184
1533337380.0959115,3072,1.7436856031417847
1533339683.8938973,3584,1.8507195711135864
1533341974.4643853,4096,1.2938669919967651
1533344284.9506958,4608,1.5144883394241333
1533346606.6511495,5120,1.7459710836410522
1533348931.6070716,5632,1.5568931102752686
1533351229.9008203,6144,1.6230312585830688
1533353545.9844723,6656,1.4900844097137451
1533671399.8416862,7680,1.5038633346557617
1533824951.4217212,8192,1.2772345542907715
1533827240.206211,8704,1.9675740003585815
1533829528.289336,9216,1.5167040824890137
1533831825.2934268,9728,1.3717782497406006
1533834118.577278,10240,1.3928802013397217
1533836418.1203194,10752,1.3390716314315796
1533838721.9806442,11264,1.4780082702636719
1533841029.606751,11776,1.759419560432434
1533843328.4604194,12288,1.3454502820968628
1533845644.270315,12800,1.447036623954773
1533847941.0103745,13312,1.288041353225708
1533850248.4634085,13824,1.1731312274932861
1533852554.915465,14336,1.4999257326126099
1533854854.6994045,14848,1.3230171203613281
1533857159.0989034,15360,1.1867523193359375
1533859474.4939134,15872,1.956270694732666
1533861799.222074,16384,1.4375920295715332
1533864104.0456765,16896,1.1270959377288818
1533866421.418942,17408,1.1300104856491089
1533868744.5371628,17920,1.299318552017212
1533871055.622142,18432,1.5502500534057617
1533873373.7794452,18944,1.191699504852295
1533875687.7007203,19456,1.2308346033096313
1533877997.8100867,19968,1.2222336530685425
1533880289.6742165,20480,1.1591079235076904
1533882581.9873652,20992,1.4173537492752075
1533884876.0814173,21504,1.2917381525039673
1533887174.4298346,22016,1.4006876945495605
1533889465.5826125,22528,1.4310075044631958
1533891775.8367178,23040,1.3578896522521973
1533894076.0055172,23552,1.168133020401001
1533896383.2076344,24064,1.4657039642333984
1533898679.6487522,24576,1.1372884511947632
1533900962.0228796,25088,1.9279409646987915
1533903246.3412676,25600,1.409032940864563
1533905550.2032096,26112,1.7276179790496826
1533907844.8347068,26624,1.5571980476379395
1533910150.2036762,27136,1.4267336130142212
1533912437.293767,27648,1.5469242334365845
1533916976.3349736,28672,1.515864372253418
1533919276.5763795,29184,1.7330125570297241
1533921576.0953515,29696,1.3530879020690918
1533923888.419287,30208,1.1841100454330444
1533926188.5850577,30720,1.8206543922424316
1533928500.5176568,31232,1.157158613204956
1533930799.8196468,31744,1.6393241882324219
1533933113.4557378,32256,1.2844314575195312
1533935428.3954833,32768,1.4914828538894653
1533937748.6356578,33280,1.3446804285049438
1533940062.8549457,33792,1.6963927745819092
1533942380.6758459,34304,1.431747555732727
1533944699.7141707,34816,1.7643464803695679
1533947014.6619775,35328,1.2936816215515137
1533949335.9839385,35840,1.32314133644104
1533951661.2825687,36352,2.0705177783966064
1533953981.6661036,36864,1.1210662126541138
1533956287.027315,37376,1.8770735263824463
1533958607.1753552,37888,1.7097750902175903
1533960928.249439,38400,1.2652385234832764
1533963231.3855743,38912,1.320480227470398
1533965544.190373,39424,1.5015082359313965
1533967860.5051415,39936,1.2468472719192505
1533970180.8422508,40448,1.9933991432189941
1533972510.5623043,40960,1.5948165655136108
1533974825.998418,41472,1.2209242582321167
1533977138.8048122,41984,1.3309645652770996
1533979467.738288,42496,1.5902554988861084
1533981792.3091257,43008,2.0002284049987793
1533984106.0032883,43520,1.4087395668029785
1533986441.3934393,44032,1.360066294670105
1533988766.4635184,44544,1.116123080253601
1533991077.070209,45056,1.6955301761627197
1533993400.3950088,45568,1.3361570835113525
1533995713.6226866,46080,2.3440964221954346
1533998037.6865792,46592,1.2486122846603394
1534000354.5494642,47104,1.3880842924118042
1534002674.7171679,47616,1.3429893255233765
1534004996.0176008,48128,1.6780568361282349
1534007322.4824255,48640,1.1444323062896729
1534009639.43165,49152,1.3693574666976929
1534011945.5563698,49664,1.4670696258544922
1534014267.2803469,50176,1.0698599815368652
1534016594.4183161,50688,1.2592302560806274
1534018919.0561626,51200,1.2146350145339966
1534021253.156048,51712,2.0379371643066406
1534023572.1473448,52224,1.1715571880340576
1534025897.2848039,52736,1.4272794723510742
1534028205.258121,53248,1.1531755924224854
1534030535.7657835,53760,1.3011327981948853
1534032859.6615188,54272,1.2416126728057861
1534035183.234508,54784,1.6346538066864014
1534037502.426742,55296,1.4736436605453491
1534039828.5876637,55808,1.5870232582092285
1534042154.926147,56320,1.696049451828003
1534044495.1477792,56832,1.4596341848373413
1534099296.5348003,57344,1.2238389253616333
1534101604.4628334,57856,2.2024033069610596
1534103933.689725,58368,1.4748857021331787
1534106258.7283633,58880,1.6867845058441162
1534108582.763544,59392,1.0114058256149292
1534110902.4287732,59904,1.6776390075683594
1534113222.8174963,60416,1.4048494100570679
1534115555.3152642,60928,1.3253061771392822
1534117880.9146063,61440,1.2215402126312256
1534120201.8072016,61952,1.3459409475326538
1534122537.3704588,62464,1.2049057483673096
1534124871.7354066,62976,1.4149930477142334
1534127196.5965815,63488,1.2478169202804565
1534129519.385815,64000,1.72920560836792
1534131832.4616644,64512,1.3055129051208496
1534134160.4890158,65024,1.4733166694641113
1534136496.4961417,65536,1.2598145008087158
1534138828.3763855,66048,1.6791235208511353
1534141162.2386997,66560,1.5507079362869263
1534143505.0268195,67072,1.2148090600967407
1534145843.7027395,67584,1.1778489351272583
1534148188.1932693,68096,1.2002629041671753
1534150519.3200963,68608,1.5298969745635986
1534152863.3747196,69120,1.1932920217514038
1534155201.1485736,69632,1.23020339012146
1534157548.367845,70144,1.3491744995117188
1534159880.348399,70656,1.5282096862792969
1534162216.758282,71168,1.5939708948135376
1534164560.9239485,71680,1.3504034280776978
1534166895.4556627,72192,1.2438538074493408
1534169229.028096,72704,1.7341469526290894
1534171566.508622,73216,1.4347703456878662
1534173910.9745011,73728,1.3634378910064697
1534176254.1913805,74240,1.4258629083633423
1534178594.8835006,74752,1.7192091941833496
1534180936.3924735,75264,1.5789668560028076
1534185242.813395,76288,1.7170294523239136
1534187575.0607092,76800,1.9222992658615112
1534189928.3085508,77312,1.3286174535751343
1534192275.8485663,77824,1.579893708229065
1534194618.765041,78336,1.4401631355285645
1534196964.2283459,78848,1.8188573122024536
