wall_time,step,value
1531393705.2797306,128,1.3274545669555664
1531393799.8166661,256,0.7073712944984436
1531393894.4167352,384,0.43532443046569824
1531393988.9806151,512,0.23131445050239563
1531394162.1477861,640,0.18614855408668518
1531394256.7672126,768,0.17199601233005524
1531394351.3555415,896,0.19480493664741516
1531394445.9298944,1024,0.16763395071029663
1531394621.7342572,1152,0.14739513397216797
1531394716.3290448,1280,0.14331991970539093
1531394810.8546758,1408,0.13076041638851166
1531394905.3135824,1536,0.12016633152961731
1531395077.310731,1664,0.11950699239969254
1531395171.8329053,1792,0.11234895139932632
1531395266.35235,1920,0.09313860535621643
1531395360.9829702,2048,0.09291185438632965
1531395534.0656972,2176,0.08320008218288422
1531395628.6849666,2304,0.08308566361665726
1531395723.1595013,2432,0.0885927677154541
1531395817.646346,2560,0.08122944831848145
1531395989.6834357,2688,0.07655905932188034
1531396084.188185,2816,0.07633168250322342
1531396178.7414553,2944,0.07311636209487915
1531396273.133235,3072,0.0673234611749649
1531396444.9889562,3200,0.07002738118171692
1531396539.4282267,3328,0.06311461329460144
1531396633.9508846,3456,0.06774170696735382
1531396728.4219797,3584,0.058534231036901474
1531396900.793313,3712,0.06075756624341011
1531396995.185077,3840,0.059624794870615005
1531397089.6323695,3968,0.06635209918022156
1531397184.1684937,4096,0.048950836062431335
1531397355.8800614,4224,0.05963439494371414
1531397450.3784487,4352,0.07241758704185486
1531397544.8190765,4480,0.07025875151157379
1531397639.2274084,4608,0.07191472500562668
1531397809.6270723,4736,0.06231875717639923
1531397904.2311733,4864,0.06274335831403732
1531397998.9116867,4992,0.06544601917266846
1531398093.4764333,5120,0.05159071460366249
1531398262.2504597,5248,0.06023833900690079
1531398356.8330665,5376,0.05085841938853264
1531398451.5194876,5504,0.045472316443920135
1531398546.016834,5632,0.05836786702275276
1531398713.5005229,5760,0.05767634138464928
1531398808.0395007,5888,0.05422614887356758
1531398902.704071,6016,0.06042104586958885
1531398997.324221,6144,0.05626416206359863
1531399164.9919293,6272,0.05448179319500923
1531399259.650149,6400,0.05016040429472923
1531399354.1660128,6528,0.04284101724624634
1531399448.6183558,6656,0.04906083643436432
1531399614.9428244,6784,0.04326033964753151
1531399709.6826127,6912,0.05048484355211258
1531399804.1867042,7040,0.04535200074315071
1531399898.6460054,7168,0.045625098049640656
1531400066.2011468,7296,0.042736198753118515
1531400160.6346433,7424,0.04517887532711029
1531400255.0313094,7552,0.05008985102176666
1531400349.387383,7680,0.042672671377658844
1531400517.412807,7808,0.035273391753435135
1531400611.8562553,7936,0.049144841730594635
1531400706.5029595,8064,0.055158235132694244
1531400801.160295,8192,0.04055626317858696
1531400969.067804,8320,0.051116764545440674
1531401063.6329317,8448,0.041054755449295044
1531401158.3005583,8576,0.0378798246383667
1531401252.749642,8704,0.0372760109603405
1531401419.474688,8832,0.04325302317738533
1531401514.1396446,8960,0.04308421537280083
1531401608.7220778,9088,0.04145484045147896
1531401703.2486174,9216,0.03798716515302658
1531401871.5519488,9344,0.038765378296375275
1531401966.0454645,9472,0.042549584060907364
1531402060.6614552,9600,0.03114338219165802
1531402154.9967415,9728,0.03483930975198746
1531402322.6194122,9856,0.03161034360527992
1531402417.2631147,9984,0.043725863099098206
1531402511.8454583,10112,0.036612771451473236
1531402606.2953703,10240,0.03838168829679489
1531402773.9808495,10368,0.028706848621368408
1531402868.7018828,10496,0.04074324667453766
1531402963.0818534,10624,0.028282105922698975
1531403057.5169156,10752,0.03709608316421509
1531403226.8604112,10880,0.03788771480321884
1531403321.3814888,11008,0.026716958731412888
1531403415.9667952,11136,0.03831684961915016
1531403510.404927,11264,0.0320233479142189
1531403678.5206246,11392,0.03805238753557205
1531403773.0702043,11520,0.03593682870268822
1531403867.6069608,11648,0.036476556211709976
1531403962.0781925,11776,0.03724680095911026
1531404130.2195628,11904,0.025369394570589066
1531404224.6834693,12032,0.02941806986927986
1531404319.2019002,12160,0.0359325036406517
1531404413.8526351,12288,0.03790779411792755
1531404581.1458,12416,0.026711273938417435
1531404675.6751432,12544,0.03167570382356644
1531404770.3010747,12672,0.03050372190773487
1531404864.8655992,12800,0.028493760153651237
1531405034.3167973,12928,0.03302396461367607
1531405128.8995104,13056,0.03643976151943207
1531405223.442616,13184,0.03286102041602135
1531405317.9108536,13312,0.0380043089389801
1531405486.6555247,13440,0.03021875023841858
1531405581.036329,13568,0.028758207336068153
1531405675.651372,13696,0.022446908056735992
1531405770.1180804,13824,0.030573707073926926
1531405938.8445985,13952,0.026958659291267395
1531406033.5134304,14080,0.035956330597400665
1531406128.0270782,14208,0.022597484290599823
1531406222.462081,14336,0.02005903236567974
1531406391.8559852,14464,0.025331633165478706
1531406486.340555,14592,0.03184032812714577
1531406580.9897242,14720,0.02853010967373848
1531406675.493406,14848,0.02751869335770607
1531406844.4761596,14976,0.027588428929448128
1531406939.1785228,15104,0.03398692607879639
1531407033.789319,15232,0.024236498400568962
1531407128.4357867,15360,0.032777104526758194
1531407296.3177128,15488,0.02338998019695282
1531407390.901664,15616,0.024516606703400612
1531407485.4133534,15744,0.029171206057071686
1531407579.835121,15872,0.02132488414645195
1531407749.1315815,16000,0.02926270291209221
1531407843.6884909,16128,0.02535359188914299
1531407938.1910777,16256,0.022232813760638237
1531408032.7639983,16384,0.02131633460521698
1531408200.673023,16512,0.023585401475429535
1531408295.1882944,16640,0.022832341492176056
1531408389.567184,16768,0.023695003241300583
1531408484.0951896,16896,0.025730397552251816
1531408651.9254613,17024,0.019078945741057396
1531408746.4740314,17152,0.025718562304973602
1531408841.0821257,17280,0.024079136550426483
1531408935.5499527,17408,0.02255212888121605
1531409105.560821,17536,0.02590707130730152
1531409199.9808245,17664,0.022892341017723083
1531409294.397614,17792,0.025005213916301727
1531409388.8048663,17920,0.028402531519532204
1531409558.1395009,18048,0.02201761119067669
1531409652.6231277,18176,0.02202405408024788
1531409746.920328,18304,0.02834210731089115
1531409841.4025104,18432,0.018516795709729195
1531410010.7983794,18560,0.022812461480498314
1531410105.3083746,18688,0.02370457351207733
1531410199.700265,18816,0.02070487290620804
1531410294.119797,18944,0.02529052458703518
1531410462.2291186,19072,0.0220464039593935
1531410556.6501727,19200,0.022002696990966797
1531410650.9833379,19328,0.025764262303709984
1531410745.4332485,19456,0.022998416796326637
1531410912.7560084,19584,0.021090706810355186
1531411007.2666118,19712,0.020543472841382027
1531411101.7402856,19840,0.017249740660190582
1531411196.2037077,19968,0.01496926136314869
1531411364.9382305,20096,0.022715004161000252
1531411459.434423,20224,0.020334064960479736
1531411554.0437298,20352,0.024824265390634537
1531411648.4394596,20480,0.027209218591451645
1531411817.3081648,20608,0.0210841353982687
1531411911.7587652,20736,0.01866176910698414
1531412006.09218,20864,0.019363870844244957
1531412100.4971447,20992,0.020163333043456078
1531412267.6022494,21120,0.01755637675523758
1531412362.0771875,21248,0.01769386976957321
1531412456.4937358,21376,0.021586187183856964
1531412550.7674096,21504,0.01680934429168701
1531412717.0965862,21632,0.014463846571743488
1531412811.7964885,21760,0.01808626390993595
1531412906.3166354,21888,0.016341742128133774
1531413000.827704,22016,0.025072863325476646
1531413168.1175556,22144,0.014828759245574474
1531413262.6671932,22272,0.019679296761751175
1531413357.2014928,22400,0.014131618663668633
1531413451.5936124,22528,0.017201796174049377
1531413619.5332963,22656,0.024060508236289024
1531413713.9903264,22784,0.02718520350754261
1531413808.5661373,22912,0.017131289467215538
1531413902.9702168,23040,0.018188094720244408
1531414070.10261,23168,0.021634001284837723
1531414164.5253386,23296,0.01978500559926033
1531414259.063316,23424,0.018505865707993507
1531414353.406345,23552,0.016934119164943695
1531414521.9889822,23680,0.016399702057242393
1531414616.6030679,23808,0.022451460361480713
1531414711.0802789,23936,0.018376540392637253
1531414805.5937514,24064,0.01453337725251913
1531414973.548792,24192,0.022742031142115593
1531415068.0616233,24320,0.017326034605503082
1531415162.594294,24448,0.015363503247499466
1531415257.0573916,24576,0.014023753814399242
1531415425.6901925,24704,0.013391093350946903
1531415520.3204646,24832,0.020773595198988914
1531415614.8963366,24960,0.017462369054555893
1531415709.4003103,25088,0.02008039690554142
1531415877.2125456,25216,0.01553440187126398
1531415971.7533474,25344,0.011729719117283821
1531416066.3039029,25472,0.018688159063458443
1531442548.7906573,25728,0.01710418052971363
1531442643.7574167,25856,0.01959235966205597
1531442739.0683088,25984,0.017453012987971306
1531442833.9809525,26112,0.02423740364611149
1531443001.673442,26240,0.02393960766494274
1531443096.7865696,26368,0.01665685325860977
1531443191.958506,26496,0.017305787652730942
1531443287.039349,26624,0.020361265167593956
1531443453.9073915,26752,0.018740834668278694
1531443548.9025044,26880,0.02173612080514431
1531443643.9871764,27008,0.01352609321475029
1531443738.9808302,27136,0.024971239268779755
1531443905.6278944,27264,0.016983000561594963
1531444000.7153914,27392,0.016506360843777657
1531444095.5047858,27520,0.019087662920355797
1531444190.263645,27648,0.016028644517064095
1531444356.9082677,27776,0.013706437312066555
1531444452.0051472,27904,0.019067618995904922
1531444546.999714,28032,0.017116641625761986
1531444642.066069,28160,0.015318048186600208
1531444808.088772,28288,0.024009745568037033
1531444903.1106355,28416,0.019620049744844437
1531444998.1882381,28544,0.013431599363684654
1531445093.189039,28672,0.027596475556492805
1531445259.4312735,28800,0.010788671672344208
1531445354.6332595,28928,0.016878334805369377
1531445449.7182393,29056,0.013865161687135696
1531445544.8262787,29184,0.017377207055687904
1531445712.3576264,29312,0.02135660871863365
1531445807.3230748,29440,0.014943065121769905
1531445902.4110572,29568,0.014934859238564968
1531445997.4405417,29696,0.022348394617438316
1531446164.9365776,29824,0.019648823887109756
1531446259.878775,29952,0.015184901654720306
1531446354.9778523,30080,0.01743011362850666
1531446449.9169357,30208,0.022614510729908943
1531446618.0988324,30336,0.012821115553379059
1531446713.1560957,30464,0.01745687425136566
1531446808.3146415,30592,0.01672404631972313
1531446903.3292942,30720,0.012101272121071815
1531447071.1261632,30848,0.013359485194087029
1531447166.2604723,30976,0.012544759549200535
1531447261.3312435,31104,0.016179995611310005
1531447356.4412622,31232,0.019731825217604637
1531447524.209072,31360,0.013657965697348118
1531447619.340468,31488,0.0174269936978817
1531447714.5117712,31616,0.011213036254048347
1531447809.5386963,31744,0.016983022913336754
1531447978.3027928,31872,0.012760638259351254
1531448073.4390013,32000,0.013665235601365566
1531448168.4870584,32128,0.018031341955065727
1531448263.5610602,32256,0.01613425463438034
1531448431.9399128,32384,0.014794955030083656
1531448526.9859319,32512,0.015457804314792156
1531448622.1037474,32640,0.010812661610543728
1531448717.2030492,32768,0.011928202584385872
1531448885.2997584,32896,0.014507316052913666
1531448980.4391007,33024,0.013469872064888477
1531449075.6203418,33152,0.014454224146902561
1531449170.6983218,33280,0.009626926854252815
1531449339.70727,33408,0.015914443880319595
1531449434.7265189,33536,0.020974790677428246
1531449529.7274373,33664,0.015213897451758385
1531449624.7243235,33792,0.012434624135494232
1531449793.0773938,33920,0.014945398084819317
1531449888.1367373,34048,0.010366757400333881
1531449983.1319757,34176,0.0127417529001832
1531450078.1709359,34304,0.015342879109084606
1531450246.8420389,34432,0.017464779317378998
1531450341.893395,34560,0.014155048877000809
1531450437.0493848,34688,0.01415390893816948
1531450532.0153086,34816,0.013703407719731331
1531450702.5973165,34944,0.011009464971721172
1531450797.5208757,35072,0.011096700094640255
1531450892.5096583,35200,0.013924263417720795
1531450987.3605146,35328,0.010169074870646
1531451155.4668221,35456,0.015070749446749687
1531451250.3232653,35584,0.009059571661055088
1531451345.308503,35712,0.017776696011424065
1531451440.1573575,35840,0.023361677303910255
1531451607.890836,35968,0.010742406360805035
1531451702.8470159,36096,0.015447624027729034
1531451797.6656382,36224,0.014860677532851696
1531451892.6469347,36352,0.011742822825908661
1531452061.5602844,36480,0.009773680940270424
1531452156.6954763,36608,0.014794385060667992
1531452251.6596348,36736,0.010986443608999252
1531452346.7275198,36864,0.019558943808078766
1531452516.5768483,36992,0.010883796960115433
1531452611.6814387,37120,0.01096010860055685
1531452706.6665616,37248,0.01467911060899496
1531452801.6351566,37376,0.008328205905854702
1531452970.216739,37504,0.010527956299483776
1531453065.2013354,37632,0.013307318091392517
1531453160.313657,37760,0.010956264100968838
1531453255.176853,37888,0.011551070027053356
1531453423.6706653,38016,0.01445139478892088
1531453518.6822681,38144,0.010637358762323856
1531453613.5055077,38272,0.013605429790914059
1531453708.4303317,38400,0.01254249643534422
1531453877.0568562,38528,0.00867178849875927
1531453972.124654,38656,0.014896959066390991
1531454067.1071138,38784,0.011873306706547737
1531454162.108495,38912,0.009909840300679207
1531454331.2512388,39040,0.012135224416851997
1531454426.30074,39168,0.012842952273786068
1531454521.3971565,39296,0.01436623465269804
1531454616.4090517,39424,0.012215855531394482
1531454785.7210836,39552,0.012031424790620804
1531454880.8103933,39680,0.012764250859618187
1531454975.7238579,39808,0.008685782551765442
1531455070.7672038,39936,0.012577414512634277
1531455240.5197434,40064,0.013435237109661102
1531455335.5896046,40192,0.013399102725088596
1531455430.5626435,40320,0.014710863120853901
1531455525.3620574,40448,0.011770762503147125
1531455695.2847645,40576,0.019253963604569435
1531455790.5187764,40704,0.013073530048131943
1531455885.594512,40832,0.006496181711554527
1531455980.6094115,40960,0.012873966246843338
1531456149.9969926,41088,0.01519092358648777
1531456244.9376314,41216,0.018078062683343887
1531456340.0402136,41344,0.007279847748577595
1531456435.1070588,41472,0.013030837289988995
1531456605.8974872,41600,0.018223341554403305
1531456701.0312066,41728,0.009878017008304596
1531456796.1456017,41856,0.016766153275966644
1531456891.2400424,41984,0.0191103033721447
1531457061.1355164,42112,0.009881960228085518
1531457156.359316,42240,0.011737202294170856
1531457251.4675252,42368,0.007702246308326721
1531457346.493461,42496,0.008477389812469482
1531457516.37585,42624,0.012149390764534473
1531457611.497252,42752,0.012182219885289669
1531457706.6872203,42880,0.00937941949814558
1531457801.7400265,43008,0.011077680625021458
1531457971.2663224,43136,0.013052326627075672
1531458066.4423354,43264,0.008685574866831303
1531458161.4976425,43392,0.014859283342957497
1531458256.4629211,43520,0.012537024915218353
1531458432.3677943,43648,0.013924095779657364
1531458527.4927504,43776,0.01814333163201809
1531458622.4143853,43904,0.011408423073589802
1531458717.4126399,44032,0.020744869485497475
1531458888.2682343,44160,0.01054349634796381
1531458983.160267,44288,0.006418461911380291
1531459078.1560142,44416,0.01632905751466751
1531459173.0907996,44544,0.010953683406114578
1531459343.0749123,44672,0.009924205020070076
1531459438.1674175,44800,0.020377496257424355
1531459533.135736,44928,0.007966739125549793
1531459628.1195757,45056,0.011183892376720905
1531459798.5809338,45184,0.017686311155557632
1531459893.5014777,45312,0.010237080976366997
1531459988.274182,45440,0.012843192555010319
1531460083.1728857,45568,0.015349938534200191
1531460252.194625,45696,0.012564698234200478
1531460347.0936823,45824,0.01593778096139431
1531460442.3541002,45952,0.00989016704261303
1531460537.2787335,46080,0.011512579396367073
1531460707.928978,46208,0.014402354136109352
1531460802.6810467,46336,0.01871291734278202
1531460897.6898744,46464,0.012268086895346642
1531460992.7601154,46592,0.02390710823237896
1531461161.5085778,46720,0.010180323384702206
1531461256.2815278,46848,0.012862537987530231
1531461351.0382912,46976,0.014416784048080444
1531461445.855184,47104,0.006734877359122038
1531461614.4243767,47232,0.013708343729376793
1531461709.2438667,47360,0.011397180147469044
1531461804.047412,47488,0.015153191983699799
1531461898.711202,47616,0.01274713035672903
1531462067.812822,47744,0.010322961024940014
1531462162.541016,47872,0.012204915285110474
1531462257.66744,48000,0.01142181921750307
1531462352.5449417,48128,0.009290854446589947
1531462521.3964972,48256,0.012777135707437992
1531462616.3038356,48384,0.009328561834990978
1531462711.1818023,48512,0.01158294640481472
1531462805.9802516,48640,0.007131848484277725
1531462974.6485643,48768,0.012728068977594376
1531463069.5076582,48896,0.01122223399579525
1531463164.5050473,49024,0.013083350844681263
1531463259.4184444,49152,0.01487496867775917
1531463428.667258,49280,0.010204815305769444
1531463523.6445978,49408,0.01245148852467537
1531463618.4403646,49536,0.007245228625833988
1531463713.3109963,49664,0.01562179159373045
1531463883.6284447,49792,0.013704157434403896
1531463978.4657454,49920,0.011528264731168747
1531464073.4846482,50048,0.00616468908265233
1531464168.2682276,50176,0.007616544142365456
1531464337.6006076,50304,0.007700054906308651
1531464432.6189983,50432,0.009440893307328224
1531464527.5956976,50560,0.009884027764201164
1531464622.4305408,50688,0.009826300665736198
1531464793.5519361,50816,0.009654633700847626
1531464888.3232894,50944,0.012920843437314034
1531464983.3025079,51072,0.012061386369168758
1531465078.1408367,51200,0.009821549989283085
1531465247.3884199,51328,0.013544864021241665
1531465342.4467366,51456,0.013297609984874725
1531465437.3086941,51584,0.006536494009196758
1531465531.981698,51712,0.008062266744673252
1531465702.4098458,51840,0.010352477431297302
1531465797.2718337,51968,0.011750898323953152
1531465892.1862197,52096,0.014890652149915695
1531465987.1926148,52224,0.01028918381780386
1531466156.8977826,52352,0.007515091449022293
1531466251.7096033,52480,0.007640971802175045
1531466346.632187,52608,0.013617009855806828
1531466441.5081818,52736,0.009419786743819714
1531466612.71207,52864,0.006389849353581667
1531466707.636967,52992,0.011590511538088322
1531466802.6122248,53120,0.006472382694482803
1531466897.4891007,53248,0.009803127497434616
1531467068.1247451,53376,0.006705791689455509
1531467162.9899652,53504,0.021062752231955528
1531467257.9196746,53632,0.007625213824212551
1531467352.7703874,53760,0.012122471816837788
1531467522.820178,53888,0.01345687173306942
1531467617.6119504,54016,0.009696561843156815
1531467712.5114326,54144,0.010290141217410564
1531467807.3867326,54272,0.008421418257057667
1531467977.647171,54400,0.017677700147032738
1531468072.534557,54528,0.009213367477059364
1531468167.3914485,54656,0.008340139873325825
1531468262.160732,54784,0.00953315757215023
1531468431.591615,54912,0.013394365087151527
1531468526.5680897,55040,0.0073041911236941814
1531468621.4429793,55168,0.013355525210499763
1531468716.2800775,55296,0.006432827096432447
1531468886.0246387,55424,0.00823368038982153
1531468981.020721,55552,0.01116112433373928
1531469075.750103,55680,0.0072936005890369415
1531469170.586171,55808,0.011934920214116573
1531469340.687322,55936,0.007990807294845581
1531469435.4640286,56064,0.010119603946805
1531469530.416729,56192,0.013570988550782204
1531469625.2259433,56320,0.009596889838576317
1531469796.5116925,56448,0.007085885852575302
1531469891.4106019,56576,0.01423533633351326
1531469986.3718948,56704,0.0071968697011470795
1531470081.18196,56832,0.010262611322104931
1531470251.8909934,56960,0.009874476119875908
1531470346.7976153,57088,0.012263784185051918
1531470441.60507,57216,0.012644115835428238
1531470536.1928647,57344,0.009282287210226059
1531470707.7589505,57472,0.013817223720252514
1531470802.5404322,57600,0.00630529597401619
1531470897.3968418,57728,0.007630643900483847
1531470992.2417455,57856,0.010424017906188965
1531471162.681414,57984,0.005816878750920296
1531471257.5761478,58112,0.010658154264092445
1531471352.532094,58240,0.010797858238220215
1531471447.306209,58368,0.010479060001671314
1531471618.7045994,58496,0.008819114416837692
1531471713.525122,58624,0.009479086846113205
1531471808.4797378,58752,0.012503514997661114
1531471903.218363,58880,0.013166781514883041
1531472074.2251868,59008,0.009096249006688595
1531472169.191487,59136,0.007063230499625206
1531472264.0117676,59264,0.018284834921360016
1531472359.0554366,59392,0.007779743522405624
1531472529.7366302,59520,0.013949633575975895
1531472624.4720538,59648,0.007928039878606796
1531472719.1899817,59776,0.010557427071034908
1531472813.8334866,59904,0.010884260758757591
1531472985.946624,60032,0.007221170701086521
1531473080.6298175,60160,0.008565476164221764
1531473175.4075925,60288,0.009713265113532543
1531473270.11775,60416,0.010790304280817509
1531473440.8969226,60544,0.010185523889958858
1531473535.8475294,60672,0.00805344432592392
1531473630.4618938,60800,0.012938589788973331
1531473725.0295508,60928,0.005351572297513485
1531473896.2599478,61056,0.011349743232131004
1531473991.0380938,61184,0.010777167044579983
1531474085.8903522,61312,0.010089381597936153
1531474180.5718615,61440,0.007305512670427561
1531474352.7848003,61568,0.009126981720328331
1531474447.5927212,61696,0.007784170564264059
1531474542.1819797,61824,0.011320617981255054
1531474636.8877656,61952,0.012135515920817852
1531474808.5064604,62080,0.008442342281341553
1531474903.3899364,62208,0.007954045198857784
1531474998.131951,62336,0.009636685252189636
1531475092.9116638,62464,0.0076429094187915325
1531475265.4009116,62592,0.00765562430024147
1531475360.1688676,62720,0.013130172155797482
1531475454.9379401,62848,0.01277627982199192
1531475549.8014717,62976,0.011525645852088928
1531475721.5186665,63104,0.007934091612696648
1531475816.3901398,63232,0.01070434134453535
1531475911.1787071,63360,0.008488228544592857
1531526372.9230611,63616,0.011424124240875244
1531526468.0234036,63744,0.012433364056050777
1531526563.066562,63872,0.004739646799862385
1531526658.0282242,64000,0.007095439359545708
1531526827.1944425,64128,0.007252753712236881
1531526922.3017747,64256,0.009412757121026516
1531527017.3658683,64384,0.011418609879910946
1531527112.4394553,64512,0.009376751258969307
1531527281.4305985,64640,0.005161175969988108
1531527376.4422414,64768,0.010884901508688927
1531527471.6498353,64896,0.007518562022596598
1531527566.7440479,65024,0.013609977439045906
1531527734.527137,65152,0.011494161561131477
1531527829.658288,65280,0.011442248709499836
1531527924.6276047,65408,0.007758541963994503
1531528019.7560878,65536,0.007670622784644365
1531528187.65477,65664,0.010880794376134872
1531528282.7124372,65792,0.012365942820906639
1531528377.9556909,65920,0.009107297286391258
1531528472.9573042,66048,0.012054715305566788
1531528642.9476602,66176,0.012199001386761665
1531528738.2707775,66304,0.007072880864143372
1531528833.4263926,66432,0.006998970173299313
1531529405.7635612,66688,0.008550074882805347
1531529501.6387866,66816,0.0063917674124240875
1531529598.3822339,66944,0.005797799210995436
1531529695.3670092,67072,0.006334700156003237
1531529864.7513528,67200,0.008770429529249668
1531529959.7270467,67328,0.007663069758564234
1531530054.9401712,67456,0.005626496858894825
1531530149.9757721,67584,0.008622072637081146
1531530318.056871,67712,0.009700926952064037
1531530413.253725,67840,0.008696685545146465
1531530508.4166212,67968,0.008925287052989006
1531530603.4748304,68096,0.006062893196940422
1531530772.359028,68224,0.010899322107434273
1531530867.4857707,68352,0.008326937444508076
1531530962.5015612,68480,0.008325277827680111
1531531057.691416,68608,0.008494935929775238
1531531226.1342053,68736,0.012228391133248806
1531531321.2343738,68864,0.011220294050872326
1531531416.606681,68992,0.008615877479314804
1531531511.724173,69120,0.007855892181396484
1531531679.814359,69248,0.0125552574172616
1531531774.9259882,69376,0.01569068431854248
1531531870.1419983,69504,0.01211206242442131
1531531965.1348066,69632,0.007308444008231163
1531532132.956076,69760,0.012149235233664513
1531532228.2333553,69888,0.01934906095266342
1531532323.3786805,70016,0.010898730717599392
1531532418.431715,70144,0.007873354479670525
1531532588.0032513,70272,0.008869295939803123
1531532683.218554,70400,0.011681841686367989
1531532778.3112473,70528,0.013814284466207027
1531532873.417449,70656,0.010372782126069069
1531533042.3550112,70784,0.008199848234653473
1531533137.4609933,70912,0.007445781957358122
1531533232.5841382,71040,0.011490724980831146
1531533327.589616,71168,0.009415439330041409
1531533496.7023351,71296,0.008269039914011955
1531533591.8975377,71424,0.011544997803866863
1531533687.10887,71552,0.010068750008940697
1531533782.2339866,71680,0.012479768134653568
1531533951.1270041,71808,0.008205114863812923
1531534046.2683675,71936,0.008116153068840504
1531534141.5295267,72064,0.008515040390193462
1531534236.6285763,72192,0.011920612305402756
1531534404.3987992,72320,0.006746493745595217
1531534499.6098664,72448,0.010124962776899338
1531534594.9162872,72576,0.013582156971096992
1531534689.886309,72704,0.007830237969756126
1531534858.5487208,72832,0.0037555794697254896
1531534953.702141,72960,0.012582547031342983
1531535048.7942111,73088,0.010172794573009014
1531535143.8728893,73216,0.01009353343397379
1531535312.3926282,73344,0.005734589882194996
1531535407.7564354,73472,0.011433277279138565
1531535503.069986,73600,0.006031167693436146
1531535598.2124507,73728,0.011391022242605686
1531535767.2647092,73856,0.01086898148059845
1531535862.790686,73984,0.00864600483328104
1531535957.9557295,74112,0.010762461461126804
1531536053.0978186,74240,0.008202686905860901
1531536222.0600336,74368,0.02141043171286583
1531536317.3529456,74496,0.010358279570937157
1531536412.6010756,74624,0.010678911581635475
1531536507.7457948,74752,0.009764245711266994
1531536678.3345404,74880,0.009321489371359348
1531536773.6221428,75008,0.006554009392857552
1531536869.0383964,75136,0.00868140533566475
1531536964.117723,75264,0.011927496641874313
1531537134.0057292,75392,0.007794082630425692
1531537229.3087044,75520,0.009348672814667225
1531537324.5354435,75648,0.009602432139217854
1531537419.7712305,75776,0.0059895748272538185
1531537589.6953328,75904,0.010599279776215553
1531537684.7294643,76032,0.0069222403690218925
1531537779.812572,76160,0.011380503885447979
1531537874.906033,76288,0.013426695950329304
1531538044.384944,76416,0.007353884633630514
1531538139.705099,76544,0.010292083956301212
1531538235.03271,76672,0.006121915299445391
1531538330.110465,76800,0.010272813029587269
1531538500.0664394,76928,0.012291484512388706
1531538595.3220346,77056,0.006893669255077839
1531538690.727875,77184,0.008073482662439346
1531538785.913366,77312,0.013523060828447342
1531538955.7327676,77440,0.006394544150680304
1531539051.0313282,77568,0.015064109116792679
1531539146.2359633,77696,0.00887161586433649
1531539241.5745046,77824,0.010406704619526863
1531539412.745562,77952,0.010253994725644588
1531539508.3165264,78080,0.009834866970777512
1531539603.7112668,78208,0.017470436170697212
1531539698.9007304,78336,0.013358714990317822
1531539869.1027195,78464,0.00910327397286892
1531539964.4702973,78592,0.010308296419680119
1531540059.7551425,78720,0.012068537063896656
1531540154.8496692,78848,0.020198123529553413
1531540324.9838896,78976,0.008832745254039764
1531540420.2712123,79104,0.008445489220321178
1531540515.7641215,79232,0.012229770421981812
1531540610.9900787,79360,0.007762852590531111
1531540781.4616735,79488,0.008923417888581753
1531540876.7593145,79616,0.004803897347301245
1531540972.074255,79744,0.007920191623270512
1531541067.253831,79872,0.008183527737855911
1531541237.6551433,80000,0.010716904886066914
1531541332.8933504,80128,0.013621943071484566
1531541428.067766,80256,0.009025090374052525
1531541523.1625292,80384,0.010557329282164574
1531541694.9305117,80512,0.008772986009716988
1531541789.986879,80640,0.007627338171005249
1531541885.197961,80768,0.014813713729381561
1531541980.2218053,80896,0.007587658241391182
1531542151.0250332,81024,0.005026200786232948
1531542246.5647643,81152,0.010499302297830582
1531542341.8812888,81280,0.011194271966814995
1531542437.202315,81408,0.011948926374316216
1531542608.058512,81536,0.006193134933710098
1531542703.313507,81664,0.010040153749287128
1531542798.3024004,81792,0.008739874698221684
1531542893.2883344,81920,0.006032238248735666
1531543065.1128764,82048,0.0098285973072052
1531543160.445893,82176,0.01231350190937519
1531543255.7131748,82304,0.012492723762989044
1531543350.8988526,82432,0.012362399138510227
1531543522.3120766,82560,0.007441458757966757
1531543617.5567942,82688,0.010951912961900234
1531543712.7117376,82816,0.0092689897865057
1531543807.9454222,82944,0.007784409448504448
1531543978.7397528,83072,0.010604314506053925
1531544073.7046554,83200,0.009087013080716133
1531544168.7180586,83328,0.009906752966344357
1531544263.7589993,83456,0.015100213699042797
1531544435.4873025,83584,0.01632213406264782
1531544530.4797492,83712,0.0045080105774104595
1531544625.5864305,83840,0.01180330477654934
1531544720.6401427,83968,0.008992282673716545
1531544892.2224514,84096,0.01187819242477417
1531544987.3307226,84224,0.010308105498552322
1531545082.338491,84352,0.016858629882335663
1531545177.2059488,84480,0.015472309663891792
1531545348.3236914,84608,0.005712829530239105
1531545443.3815434,84736,0.005349954590201378
1531545538.540428,84864,0.008972812443971634
1531545633.5524263,84992,0.013935812748968601
1531545803.7566178,85120,0.013249160721898079
1531545898.8356876,85248,0.0077946786768734455
1531545993.9493027,85376,0.007370388135313988
1531546088.9360762,85504,0.0072844866663217545
1531546260.0430481,85632,0.01015172153711319
1531546355.090266,85760,0.009320787154138088
1531546450.1576529,85888,0.007570392452180386
1531546545.1530209,86016,0.00982943270355463
1531546716.085728,86144,0.006970246322453022
1531546811.1505628,86272,0.005834813229739666
1531546906.3821702,86400,0.012294262647628784
1531547001.4781873,86528,0.007457667961716652
1531547171.8602908,86656,0.008709925226867199
1531547266.9240737,86784,0.014260174706578255
1531547362.0530343,86912,0.004590839613229036
1531547456.9265249,87040,0.005643462762236595
1531547629.1730733,87168,0.006504416931420565
1531547724.3948467,87296,0.0074687241576612
1531547819.404293,87424,0.009593532420694828
1531547914.3406181,87552,0.011159777641296387
1531548084.374265,87680,0.011082672514021397
1531548179.341183,87808,0.007806906942278147
1531548274.3219724,87936,0.007483763620257378
1531548369.272807,88064,0.007093826308846474
1531548540.502699,88192,0.008835593238472939
1531548635.4838371,88320,0.005067585967481136
1531548730.5830843,88448,0.007806855719536543
1531548825.479461,88576,0.010449239984154701
1531548996.3629816,88704,0.008603786118328571
1531549091.281065,88832,0.01123465970158577
1531549186.3074148,88960,0.007447247859090567
1531549281.4564822,89088,0.007510628085583448
1531549453.855009,89216,0.008305848576128483
1531549548.9109342,89344,0.02332509681582451
1531549643.850349,89472,0.00944716576486826
1531549738.6771758,89600,0.007847058586776257
1531549909.69267,89728,0.008638976141810417
1531550004.7522092,89856,0.00849671196192503
1531550099.7576964,89984,0.005833155009895563
1531550194.7230365,90112,0.009199636988341808
1531550365.288093,90240,0.011461938731372356
1531550460.2840471,90368,0.010192828252911568
1531550555.3460815,90496,0.0063516125082969666
1531550650.237882,90624,0.008167128078639507
1531550821.7920146,90752,0.006010821089148521
1531550916.7315776,90880,0.010766281746327877
1531551011.8168528,91008,0.008816894143819809
1531551106.7606695,91136,0.016262564808130264
1531551277.1644034,91264,0.0074226693250238895
1531551372.0519757,91392,0.010824711993336678
1531551467.0978436,91520,0.008538182824850082
1531551562.235624,91648,0.006165635772049427
1531551734.4676569,91776,0.009936762042343616
1531551829.480801,91904,0.006297597661614418
1531551924.429264,92032,0.00848944578319788
1531552019.408666,92160,0.01038530096411705
1531552190.996084,92288,0.005679271649569273
1531552286.0230746,92416,0.006693463772535324
1531552380.984279,92544,0.008184407837688923
1531552475.8845098,92672,0.006317363120615482
1531552647.6812418,92800,0.00923807080835104
1531552742.6152184,92928,0.010207627899944782
1531552837.5907888,93056,0.010953601449728012
1531552932.5303025,93184,0.010314716026186943
1531553103.0440125,93312,0.005546133033931255
1531553197.904612,93440,0.007406582590192556
1531553292.9628336,93568,0.007624520920217037
1531553387.9246082,93696,0.009255535900592804
1531553559.652875,93824,0.008113994263112545
1531553654.570622,93952,0.007322752382606268
1531553749.468792,94080,0.018077103421092033
1531553844.4696927,94208,0.007190030999481678
1531554015.12632,94336,0.007688459940254688
1531554110.0968087,94464,0.006268585566431284
1531554204.9837952,94592,0.01638491451740265
1531554299.8625183,94720,0.01513886358588934
1531554471.6702347,94848,0.007125411182641983
1531554566.553074,94976,0.0063195121474564075
1531554661.6014783,95104,0.010406726971268654
1531554756.3257947,95232,0.006127985194325447
1531554928.2136126,95360,0.008443387225270271
1531555023.247371,95488,0.006744909565895796
1531555118.1448233,95616,0.0073035345412790775
1531555213.0878963,95744,0.009316612035036087
1531555384.7555768,95872,0.008896294049918652
1531555479.616931,96000,0.007430489175021648
1531555574.4901776,96128,0.008270295336842537
1531555669.4245157,96256,0.008473151363432407
1531555842.3965566,96384,0.008826897479593754
1531555937.382617,96512,0.00846040342003107
1531556032.2846215,96640,0.007446013391017914
1531556127.2611656,96768,0.008932163938879967
1531556298.183933,96896,0.011920582503080368
1531556393.157602,97024,0.00506231002509594
1531556488.0430014,97152,0.007819930091500282
1531556582.9483593,97280,0.005879813805222511
1531556754.7016947,97408,0.010650784708559513
1531556849.469184,97536,0.010089738294482231
