wall_time,step,value
1530471111.344707,128,3.598536491394043
1530471167.301256,256,1.9225307703018188
1530471223.3625515,384,0.8654830455780029
1530471279.4946852,512,0.3763420283794403
1530471394.7026174,640,0.20021182298660278
1530471450.7784114,768,0.1262473464012146
1530471507.0395453,896,0.08264314383268356
1530471563.2743013,1024,0.12924063205718994
1530471676.9808571,1152,0.11335981637239456
1530471733.1487215,1280,0.09131826460361481
1530471789.346569,1408,0.12994442880153656
1530471845.5495155,1536,0.13311880826950073
1530471961.993676,1664,0.10608961433172226
1530472018.1831403,1792,0.08570750057697296
1530472074.3772473,1920,0.05329519137740135
1530472130.6621242,2048,0.07611876726150513
1530472244.9369204,2176,0.07733063399791718
1530472301.050612,2304,0.0625433400273323
1530472357.3287597,2432,0.09002663940191269
1530472413.5282319,2560,0.08181863278150558
1530472526.9315813,2688,0.06808070093393326
1530472583.1160617,2816,0.06942728161811829
1530472639.3130643,2944,0.05893858149647713
1530472695.517798,3072,0.06670015305280685
1530472809.6943767,3200,0.04673946276307106
1530472865.7827215,3328,0.05955896154046059
1530472921.9348495,3456,0.06315233558416367
1530472978.1128953,3584,0.04794164374470711
1530473092.5395296,3712,0.0653570368885994
1530473148.6839485,3840,0.04518178477883339
1530473204.9407654,3968,0.043199572712183
1530473261.0900598,4096,0.057247310876846313
1530473374.7912269,4224,0.057739146053791046
1530473430.9061322,4352,0.049432095140218735
1530473487.0705712,4480,0.046577319502830505
1530473543.3023968,4608,0.040980249643325806
1530473658.090977,4736,0.04836001992225647
1530473714.1336782,4864,0.043496280908584595
1530473770.4137788,4992,0.04359222203493118
1530473826.5459876,5120,0.03387373313307762
1530473941.2715588,5248,0.03310699388384819
1530473997.2815046,5376,0.04424450919032097
1530474053.5464127,5504,0.03272586688399315
1530474109.6663437,5632,0.031250134110450745
1530474225.325248,5760,0.035593196749687195
1530474281.351532,5888,0.035550761967897415
1530474337.4785752,6016,0.03599611297249794
1530474393.6719983,6144,0.032270561903715134
1530474508.0922096,6272,0.034025974571704865
1530474564.1599782,6400,0.02872641757130623
1530474620.3929965,6528,0.03714967519044876
1530474676.5180795,6656,0.031366392970085144
1530474791.411686,6784,0.03524203225970268
1530474847.4185631,6912,0.030084405094385147
1530474903.7046564,7040,0.0355132520198822
1530474959.9765542,7168,0.03549300879240036
1530475074.4843156,7296,0.037780750542879105
1530475130.6157353,7424,0.030627377331256866
1530475186.8611119,7552,0.029805593192577362
1530475243.0035052,7680,0.034522294998168945
1530475357.0080466,7808,0.02910240739583969
1530475413.1749036,7936,0.03643031045794487
1530475469.3912725,8064,0.026976903900504112
1530475525.60037,8192,0.028384240344166756
1530475639.2493997,8320,0.03830597549676895
1530475695.3814487,8448,0.03281477466225624
1530475751.5823603,8576,0.0304982028901577
1530475807.7721076,8704,0.037537213414907455
1530475920.9536283,8832,0.027157487347722054
1530475977.0392005,8960,0.022400734946131706
1530476033.175442,9088,0.029127128422260284
1530476089.3799813,9216,0.032435983419418335
1530476203.6480598,9344,0.03190532326698303
1530476259.768808,9472,0.025337301194667816
1530476315.9182003,9600,0.034354452043771744
1530476371.99884,9728,0.02738298662006855
1530476486.5417912,9856,0.026353921741247177
1530476542.7848313,9984,0.02459481917321682
1530476598.899035,10112,0.0330539345741272
1530476655.1752195,10240,0.02816981077194214
1530476769.0282035,10368,0.025465263053774834
1530476825.1030476,10496,0.026609554886817932
1530476881.34145,10624,0.02238227240741253
1530476937.5018044,10752,0.023247459903359413
1530477050.457555,10880,0.020465316250920296
1530477106.523923,11008,0.025724265724420547
1530477162.6733046,11136,0.023916738107800484
1530477218.9201472,11264,0.02729448303580284
1530477332.595759,11392,0.028639359399676323
1530477388.7241805,11520,0.018241455778479576
1530477444.9779634,11648,0.023622974753379822
1530477501.1398969,11776,0.0413496159017086
1530477614.8727984,11904,0.03276924788951874
1530477671.0164871,12032,0.024032343178987503
1530477727.1815727,12160,0.020520852878689766
1530477783.4220188,12288,0.026464655995368958
1530477896.669708,12416,0.02924979105591774
1530477952.6929564,12544,0.02137789875268936
1530478008.9195476,12672,0.02092466503381729
1530478065.1126018,12800,0.01951349712908268
1530478178.1719575,12928,0.022955438122153282
1530478234.311684,13056,0.02238592505455017
1530478290.5585399,13184,0.02043590135872364
1530478346.7814388,13312,0.02128715254366398
1530478458.5207033,13440,0.01963857188820839
1530478514.614513,13568,0.020256973803043365
1530478570.8262296,13696,0.019717123359441757
1530478626.9812026,13824,0.02002314105629921
1530478740.5041213,13952,0.027323884889483452
1530478796.5136771,14080,0.016221284866333008
1530478852.7546983,14208,0.023043721914291382
1530478908.927401,14336,0.01695192977786064
1530479023.0532138,14464,0.01728350855410099
1530479079.2539887,14592,0.025173675268888474
1530479135.5010047,14720,0.022504912689328194
1530479191.716252,14848,0.021726518869400024
1530479304.4936953,14976,0.03222813084721565
1530479360.6122222,15104,0.016011491417884827
1530479416.8447955,15232,0.02016112208366394
1530479473.0158,15360,0.018907446414232254
1530479587.5321338,15488,0.01835661567747593
1530479643.7919562,15616,0.02500687539577484
1530479700.0580919,15744,0.014327789656817913
1530479756.3179731,15872,0.02670838125050068
1530479869.9811063,16000,0.02072012796998024
1530479926.2162821,16128,0.023547444492578506
1530479982.5244026,16256,0.017399635165929794
1530480038.7836812,16384,0.021126318722963333
1530480151.6857603,16512,0.026469163596630096
1530480207.946481,16640,0.02305634506046772
1530480264.2389162,16768,0.017893757671117783
1530480320.5498548,16896,0.015485775656998158
1530480433.3502417,17024,0.0211577657610178
1530480489.595069,17152,0.015503325499594212
1530480545.817073,17280,0.014823367819190025
1530480602.161569,17408,0.019302261993288994
1530480715.9333816,17536,0.020158685743808746
1530480772.2101438,17664,0.020589914172887802
1530480828.5670335,17792,0.021334799006581306
1530480884.8199143,17920,0.015050239861011505
1530480997.9532645,18048,0.018482912331819534
1530481054.2495604,18176,0.01170387864112854
1530481110.6005952,18304,0.024230610579252243
1530481166.8498404,18432,0.013484659604728222
1530481279.2638521,18560,0.022949472069740295
1530481335.6241271,18688,0.015780584886670113
1530481391.8803582,18816,0.01904587633907795
1530481448.1516922,18944,0.024907102808356285
1530481559.7111423,19072,0.018598882481455803
1530481616.0681088,19200,0.0238542091101408
1530481672.3992062,19328,0.013815007172524929
1530481728.673719,19456,0.014944277703762054
1530481841.6039202,19584,0.016485895961523056
1530481898.0293233,19712,0.016101650893688202
1530481954.2745368,19840,0.012534566223621368
1530482010.543012,19968,0.019110387191176414
1530482123.2169127,20096,0.01169527880847454
1530482179.4818199,20224,0.020471682772040367
1530482235.846805,20352,0.01657780632376671
1530482292.157493,20480,0.01893134042620659
1530482405.4790566,20608,0.023792602121829987
1530482461.7783184,20736,0.01779838651418686
1530482518.123715,20864,0.013597356155514717
1530482574.465879,20992,0.019594326615333557
1530482687.7440453,21120,0.018134046345949173
1530482744.0350769,21248,0.01715845614671707
1530482800.3941472,21376,0.013496169820427895
1530482856.7010324,21504,0.014468695968389511
1530482970.906679,21632,0.014578521251678467
1530483027.165158,21760,0.009614827111363411
1530483083.5244691,21888,0.01070822961628437
1530483139.8365946,22016,0.01423444040119648
1530483252.6999888,22144,0.015080553479492664
1530483309.038692,22272,0.01307101920247078
1530483365.34339,22400,0.016089173033833504
1530483421.637692,22528,0.018877141177654266
1530483535.1609657,22656,0.00977831520140171
1530483591.5601983,22784,0.013286184519529343
1530483647.9329107,22912,0.018842890858650208
1530483704.374014,23040,0.01564186066389084
1530483817.3987143,23168,0.012653964571654797
1530483873.799172,23296,0.01998710446059704
1530483930.123732,23424,0.015501516871154308
1530483986.509714,23552,0.012803397141397
1530484100.8555348,23680,0.018566839396953583
1530484157.2231658,23808,0.009707610122859478
1530484213.6439128,23936,0.01573878526687622
1530484269.9729612,24064,0.025281429290771484
1530484383.176771,24192,0.013275125995278358
1530484439.6169045,24320,0.010302591137588024
1530484495.9474666,24448,0.013561648316681385
1530484552.40075,24576,0.012793146073818207
1530484666.6263967,24704,0.012023262679576874
1530484722.9698322,24832,0.011902601458132267
1530484779.2992036,24960,0.012372291646897793
1530484835.573645,25088,0.009565883316099644
1530484950.0825155,25216,0.00935178529471159
1530485006.4065254,25344,0.015984416007995605
1530485062.7957017,25472,0.012705792672932148
1530485119.1053724,25600,0.009395870380103588
1530485232.567173,25728,0.012709385715425014
1530485288.9673605,25856,0.011341999284923077
1530485345.330337,25984,0.011906607076525688
1530485401.6689472,26112,0.019144942983984947
1530485516.039792,26240,0.022636722773313522
1530485572.3755243,26368,0.010993589647114277
1530485628.702248,26496,0.020517555996775627
1530485685.080552,26624,0.01567501202225685
1530485798.5065715,26752,0.009053804911673069
1530485854.8260205,26880,0.00911357719451189
1530485911.2421231,27008,0.010814299806952477
1530485967.745787,27136,0.0192344319075346
1530486082.4889643,27264,0.011659353040158749
1530486138.8592625,27392,0.008267679251730442
1530486195.24754,27520,0.017459165304899216
1530486251.6225379,27648,0.010748328641057014
1530486364.7241247,27776,0.017534978687763214
1530486421.1090724,27904,0.013404427096247673
1530486477.4497483,28032,0.013587959110736847
1530486533.9252138,28160,0.013249300420284271
1530486647.809863,28288,0.012565682642161846
1530486704.1465206,28416,0.013737179338932037
1530486760.5598874,28544,0.012692537158727646
1530486816.9162931,28672,0.01622856967151165
1530486932.3851068,28800,0.013094514608383179
1530486988.781096,28928,0.02066725678741932
1530487045.2213132,29056,0.01273504551500082
1530487101.5930371,29184,0.00777058582752943
1530487215.1300478,29312,0.015428664162755013
1530487271.5742345,29440,0.00885520689189434
1530487327.9097583,29568,0.008436707779765129
1530487384.289537,29696,0.013134176842868328
1530487498.834836,29824,0.010183708742260933
1530487555.208091,29952,0.013379931449890137
1530487611.694874,30080,0.017589211463928223
1530487668.0617476,30208,0.009879883378744125
1530487783.6419423,30336,0.011755302548408508
1530487840.0090551,30464,0.015391752123832703
1530487896.400797,30592,0.017376534640789032
1530487952.7554166,30720,0.008216207846999168
1530488067.109156,30848,0.01574031449854374
1530488123.4688802,30976,0.015217470936477184
1530488179.9014564,31104,0.011498389765620232
1530488236.3679125,31232,0.007481063716113567
1530488351.2881868,31360,0.013068064115941525
1530488407.6848695,31488,0.012777875177562237
1530488464.067454,31616,0.013298111036419868
1530488520.3665638,31744,0.012508269399404526
1530488634.596515,31872,0.009658987633883953
1530488690.9548614,32000,0.010090922936797142
1530488747.344808,32128,0.011425084434449673
1530488803.723827,32256,0.008993041701614857
1530488919.3975663,32384,0.009040581062436104
1530488975.774722,32512,0.015301566570997238
1530489032.208277,32640,0.010784612037241459
1530489088.6699889,32768,0.010741797275841236
1530489204.6398683,32896,0.010053032077848911
1530489260.9807107,33024,0.005478461738675833
1530489317.3825285,33152,0.013689136132597923
1530489373.8452444,33280,0.016938289627432823
1530489489.1208599,33408,0.0130070261657238
1530489545.5793324,33536,0.009147332981228828
1530489601.989155,33664,0.00877121277153492
1530489658.4213986,33792,0.01178952306509018
1530489773.1737602,33920,0.013952729292213917
1530489829.3863628,34048,0.007603194564580917
1530489885.7994592,34176,0.012471389956772327
1530489942.2092488,34304,0.013723119162023067
1530490056.579843,34432,0.010791567154228687
1530490112.8876255,34560,0.012298256158828735
1530490169.1906075,34688,0.011257361620664597
1530490225.4807131,34816,0.013406962156295776
1530490340.2541628,34944,0.012423194013535976
1530490396.5036983,35072,0.009424291551113129
1530490452.9546928,35200,0.006909260526299477
1530490509.2690578,35328,0.01075749658048153
1530490625.4771004,35456,0.010387461632490158
1530490681.7573814,35584,0.010372929275035858
1530490738.1764686,35712,0.013259709812700748
1530490794.5258725,35840,0.015051105059683323
1530490910.1568344,35968,0.016115890815854073
1530490966.55473,36096,0.00599138718098402
1530491022.8601139,36224,0.012355387210845947
1530491079.247768,36352,0.006832812912762165
1530491194.0499144,36480,0.010328192263841629
1530491250.4245305,36608,0.011535553261637688
1530491306.8823392,36736,0.010097046382725239
1530491363.1161072,36864,0.010389422997832298
1530491477.6539402,36992,0.00575617142021656
1530491534.0923758,37120,0.010609947144985199
1530491590.4199536,37248,0.0062035187147557735
1530491646.8199105,37376,0.011180088855326176
1530491760.6760986,37504,0.010926919989287853
1530491817.0972261,37632,0.012208661064505577
1530491873.4295092,37760,0.0110318036749959
1530491929.7285323,37888,0.008485733531415462
1530492045.5946145,38016,0.009634265676140785
1530492101.9141827,38144,0.01513658370822668
1530739900.4643033,38528,0.009095732122659683
1530739956.6202219,38656,0.012447943910956383
1530740012.9696722,38784,0.011143399402499199
1530740069.26616,38912,0.014823601581156254
1530740180.3141305,39040,0.01314215175807476
1530740236.541716,39168,0.010438686236739159
1530740292.8416326,39296,0.009818005375564098
1530740349.107377,39424,0.006055276375263929
1530740459.1443968,39552,0.01286325603723526
1530740515.3831973,39680,0.009257328696548939
1530740571.6138744,39808,0.008218291215598583
1530740627.917875,39936,0.012688226997852325
1530740738.860862,40064,0.005091965198516846
1530740795.0621016,40192,0.011617003008723259
1530740851.2841592,40320,0.007631285116076469
1530740907.5646734,40448,0.0118997972458601
1530741017.5990376,40576,0.008930034004151821
1530741073.828579,40704,0.013515760190784931
1530741130.1426659,40832,0.010789254680275917
1530741186.3256204,40960,0.015668189153075218
1530741297.2424598,41088,0.009392127394676208
1530741353.4893274,41216,0.006368124857544899
1530741409.8620346,41344,0.011263283900916576
1530741466.1076927,41472,0.01143848616629839
1530741577.2907722,41600,0.011828310787677765
1530741633.5213373,41728,0.01344000268727541
1530741689.8831244,41856,0.009477163664996624
1530741746.1575124,41984,0.010049893520772457
1530741856.4046397,42112,0.00664054648950696
1530741912.6974185,42240,0.009165202267467976
1530741969.0200367,42368,0.00844004936516285
1530742025.3413343,42496,0.009817210957407951
1530742135.968832,42624,0.007125943899154663
1530742192.254545,42752,0.008875889703631401
1530742248.5619557,42880,0.0046882349997758865
1530742304.9434643,43008,0.006297259591519833
1530742415.45081,43136,0.011384479701519012
1530742471.760144,43264,0.00955434050410986
1530742528.0227726,43392,0.007539890240877867
1530742584.4653416,43520,0.009028947912156582
1530742697.0254264,43648,0.006735293660312891
1530742753.3978486,43776,0.006868379190564156
1530742809.6995497,43904,0.00640464760363102
1530742866.0614145,44032,0.01082222443073988
1530742978.5701816,44160,0.013956082053482533
1530743034.8207645,44288,0.009990395978093147
1530743091.0915904,44416,0.010994542390108109
1530743147.4329205,44544,0.006622530519962311
1530743258.8580205,44672,0.007839890196919441
1530743315.2785592,44800,0.00827245693653822
1530743371.5897424,44928,0.009130391292273998
1530743427.9591784,45056,0.008890698663890362
1530743539.7393868,45184,0.006352367345243692
1530743596.0780745,45312,0.007186987437307835
1530743652.3850877,45440,0.012794542126357555
1530743708.7309668,45568,0.00855190958827734
1530743821.0410461,45696,0.007834632880985737
1530743877.5307105,45824,0.015174373984336853
1530743933.9686618,45952,0.003562299534678459
1530743990.3775983,46080,0.006581242196261883
1530744103.7761648,46208,0.01613231562077999
1530744160.0767992,46336,0.00985725224018097
1530744216.526635,46464,0.01027316227555275
1530744272.8197777,46592,0.010382050648331642
1530744385.2544744,46720,0.007895657792687416
1530744441.570164,46848,0.014476705342531204
1530744497.9770312,46976,0.0074557350017130375
1530744554.3474438,47104,0.00721776345744729
1530744666.1855185,47232,0.010007094591856003
1530744722.5105438,47360,0.012956278398633003
1530744778.8213356,47488,0.014028185978531837
1530744835.1474602,47616,0.008002973161637783
1530744947.8220298,47744,0.007656298577785492
1530745004.2090027,47872,0.0059347935020923615
1530745060.5357864,48000,0.011484328657388687
1530745116.8049724,48128,0.007627031300216913
1530745229.0389702,48256,0.007641158532351255
1530745285.369284,48384,0.006957684643566608
1530745341.7250643,48512,0.00995825044810772
1530745398.0388193,48640,0.00970368180423975
1530745509.445562,48768,0.01260056346654892
1530745565.7760236,48896,0.012937499210238457
1530745622.101689,49024,0.010200866498053074
1530745678.5402415,49152,0.006675230339169502
1530745791.3759544,49280,0.009903451427817345
1530745847.7916949,49408,0.007431588135659695
1530745904.112918,49536,0.012558385729789734
1530745960.454915,49664,0.00789305754005909
1530746072.411775,49792,0.006939498707652092
1530746128.7704904,49920,0.006702035665512085
1530746185.2203882,50048,0.00785837136209011
1530746241.5935357,50176,0.009631071239709854
1530746355.081286,50304,0.009799838066101074
1530746411.5065422,50432,0.0068509336560964584
1530746467.9352646,50560,0.010569977574050426
1530746524.2691998,50688,0.007679950445890427
1530746635.8884954,50816,0.009881669655442238
1530746692.3011642,50944,0.009031658992171288
1530746748.657867,51072,0.008626933209598064
1530746804.9314072,51200,0.009789891541004181
1530746917.0681245,51328,0.006221688352525234
1530746973.57394,51456,0.009412217885255814
1530747030.05481,51584,0.011282900348305702
1530747086.4299712,51712,0.009902691468596458
1530747199.0276515,51840,0.008190011605620384
1530747255.3771873,51968,0.007550583686679602
1530747311.7475486,52096,0.006011286284774542
1530747368.0825005,52224,0.006680740043520927
1530747480.853649,52352,0.008542008697986603
1530747537.0933867,52480,0.007405234966427088
1530747593.6226814,52608,0.01012078020721674
1530747650.034968,52736,0.007703154813498259
1530747762.9192567,52864,0.009791126474738121
1530747819.208773,52992,0.011833665892481804
1530747875.6788254,53120,0.012851136736571789
1530747932.0466764,53248,0.008579274639487267
1530748044.0750258,53376,0.007228828500956297
1530748100.4053323,53504,0.005679314024746418
1530748156.7290773,53632,0.003898404771462083
1530748213.119109,53760,0.006045705638825893
1530748326.651735,53888,0.007958250120282173
1530748383.1234725,54016,0.006584980525076389
1530748439.468547,54144,0.012629273347556591
1530748495.8110645,54272,0.007345905061811209
1530748607.7840753,54400,0.007161063142120838
1530748664.0867946,54528,0.008177396841347218
1530748720.4725182,54656,0.009199736639857292
1530748776.7528498,54784,0.00955343246459961
1530748889.040062,54912,0.00778274005278945
1530748945.3676805,55040,0.0059883068315684795
1530749001.7451336,55168,0.0053438157774508
1530749058.1543186,55296,0.009191235527396202
1530749171.065995,55424,0.015736747533082962
1530749227.357448,55552,0.00917222909629345
1530749283.6975172,55680,0.007882192730903625
1530749340.0268254,55808,0.011736751534044743
1530749452.143087,55936,0.005663784220814705
1530749508.4726245,56064,0.010680729523301125
1530749564.8581626,56192,0.008392533287405968
1530749621.2823644,56320,0.012522676959633827
1530749733.971734,56448,0.006547784432768822
1530749790.353623,56576,0.004746873397380114
1530749846.7389946,56704,0.006794752553105354
1530749903.0770228,56832,0.009147570468485355
1530750015.9714816,56960,0.008000352419912815
1530750072.478108,57088,0.007650941144675016
1530750128.877418,57216,0.008764831349253654
1530750185.1921234,57344,0.00840387400239706
1530750298.6460621,57472,0.007196503225713968
1530750354.9724734,57600,0.008885211311280727
1530750411.399834,57728,0.00595913827419281
1530750467.8097944,57856,0.00899803452193737
1530750580.8957276,57984,0.006817501969635487
1530750637.2034276,58112,0.006352147087454796
1530750693.464108,58240,0.005857614800333977
1530750749.7449808,58368,0.007631582673639059
1530750863.3659067,58496,0.008584409020841122
1530750919.6956537,58624,0.009389856830239296
1530750975.9864237,58752,0.010232054628431797
1530751032.2919157,58880,0.008711189031600952
1530751145.7044072,59008,0.008423339575529099
1530751201.9702234,59136,0.007003419101238251
1530751258.287984,59264,0.005168934352695942
1530751314.4724686,59392,0.009221289306879044
1530751426.254504,59520,0.008591579273343086
1530751482.555507,59648,0.008795644156634808
1530751538.8150902,59776,0.0073545100167393684
1530751595.0747287,59904,0.006637267768383026
1530751708.751956,60032,0.007169153541326523
1530751765.0153098,60160,0.008139471523463726
1530751821.3098845,60288,0.010309917852282524
1530751877.5191815,60416,0.007034049369394779
1530751991.044054,60544,0.007425590418279171
1530752047.429055,60672,0.005424887873232365
1530752103.9324372,60800,0.006065079942345619
1530752160.3495054,60928,0.006515848450362682
1530752274.3293188,61056,0.010415485128760338
1530752330.6176198,61184,0.008499295450747013
1530752386.9648416,61312,0.008781921118497849
1530752443.1391454,61440,0.007718209642916918
1530752555.505446,61568,0.008079946972429752
1530752611.7659347,61696,0.006491498090326786
1530752668.0285892,61824,0.0076567321084439754
1530752724.321905,61952,0.007940348237752914
1530752836.4598885,62080,0.007159835658967495
1530752892.7238386,62208,0.011959307827055454
1530752949.024978,62336,0.00825453456491232
1530753005.3266892,62464,0.006958560086786747
1530753119.5427713,62592,0.0054943738505244255
1530753175.7474155,62720,0.013195005245506763
1530753232.0774143,62848,0.005867654457688332
1530753288.401765,62976,0.006312780547887087
1530753400.7201233,63104,0.006524031516164541
1530753456.998767,63232,0.008189157582819462
1530753513.4841497,63360,0.00791136920452118
1530753569.9270754,63488,0.008976406417787075
1530753683.163676,63616,0.00470993435010314
1530753739.667019,63744,0.009434288367629051
1530753796.1114542,63872,0.014515558257699013
1530753852.5468135,64000,0.006420323625206947
1530753967.4139955,64128,0.005959826521575451
1530754023.7905042,64256,0.005263173021376133
1530754080.1516442,64384,0.0067903585731983185
1530754136.6316037,64512,0.0070951287634670734
1530754250.2330148,64640,0.00442154798656702
1530754306.5441325,64768,0.007862257771193981
1530754362.8863337,64896,0.006794982124119997
1530754419.273408,65024,0.00844778586179018
1530754533.3303213,65152,0.008118722587823868
1530754589.7737842,65280,0.007001776713877916
1530754646.2297795,65408,0.004437869414687157
1530754702.5476413,65536,0.006780099589377642
1530754816.558895,65664,0.005981748457998037
1530754873.0833907,65792,0.0077374763786792755
1530754929.4852612,65920,0.0056681386195123196
1530754985.8656852,66048,0.006027574650943279
1530755100.8427403,66176,0.006376253440976143
1530755157.179998,66304,0.005752295721322298
1530755213.5912132,66432,0.006635228171944618
1530755269.9097762,66560,0.00794379971921444
1530755383.4799364,66688,0.013352904468774796
1530755439.851697,66816,0.008057619445025921
1530755496.196581,66944,0.010100399143993855
1530755552.5334165,67072,0.008592184633016586
1530755666.3509874,67200,0.007245065178722143
1530755722.6994066,67328,0.007243443746119738
1530755779.1077964,67456,0.007017503492534161
1530755835.3892655,67584,0.006569794379174709
1530755949.023852,67712,0.008569248020648956
1530756005.359476,67840,0.007468084804713726
1530756061.7544537,67968,0.004375509452074766
1530756118.0938675,68096,0.0075118388049304485
1530756232.2970862,68224,0.00817618053406477
1530756288.6574032,68352,0.00996631570160389
1530756345.1496463,68480,0.004883620422333479
1530756401.5544548,68608,0.006710485555231571
1530756514.8394377,68736,0.0049668257124722
1530756571.2288628,68864,0.007856481708586216
1530756627.6653404,68992,0.01012726966291666
1530756684.2038987,69120,0.0062373485416173935
1530756797.4961374,69248,0.005038646049797535
1530756853.8453279,69376,0.006639276631176472
1530756910.3847606,69504,0.008650329895317554
1530756966.7176244,69632,0.0066609689965844154
1530757081.2473254,69760,0.0048746676184237
1530757137.414026,69888,0.005987504962831736
1530757193.665315,70016,0.006319713778793812
1530757249.9159796,70144,0.004978421609848738
1530757363.3733823,70272,0.00593009777367115
1530757419.6062126,70400,0.005903741344809532
1530757476.0205474,70528,0.0050915563479065895
1530757532.226838,70656,0.003777244593948126
1530757647.086203,70784,0.006133690010756254
1530757703.3762975,70912,0.006701724138110876
1530757759.5728698,71040,0.009213895536959171
1530757815.9409335,71168,0.009801479056477547
1530757929.8668952,71296,0.011890578083693981
1530757986.1213944,71424,0.007023010868579149
1530758042.3691247,71552,0.004711115267127752
1530758098.662343,71680,0.008616923354566097
1530758212.3313634,71808,0.006226451601833105
1530758268.5466828,71936,0.004987624473869801
1530758324.8493211,72064,0.008303900249302387
1530758381.198401,72192,0.005452683661133051
1530758495.7616587,72320,0.005997327156364918
1530758552.0998368,72448,0.005510796792805195
1530758608.395156,72576,0.007849007844924927
1530758664.6035748,72704,0.010238861665129662
1530758778.0161922,72832,0.006461740005761385
1530758834.3247716,72960,0.0071945227682590485
1530758890.6715271,73088,0.006148910149931908
1530758947.0013776,73216,0.006235933396965265
1530759062.6400476,73344,0.004002747591584921
1530759119.0286503,73472,0.005300148390233517
1530759175.2793462,73600,0.01117588672786951
1530759231.6544325,73728,0.008740892633795738
1530759345.2557223,73856,0.009040088392794132
1530759401.7527363,73984,0.008142214268445969
1530759458.0715911,74112,0.00958244688808918
1530759514.3655553,74240,0.007419313304126263
1530759628.9220839,74368,0.0038943246472626925
1530759685.3115923,74496,0.007958011701703072
1530759741.706515,74624,0.0058294255286455154
1530759798.094857,74752,0.0054235500283539295
1530759912.6980603,74880,0.009565422311425209
1530759969.1088922,75008,0.007475384511053562
1530760025.4212365,75136,0.012223506346344948
1530760081.779818,75264,0.0073730116710066795
1530769807.8797224,75392,0.0058487956412136555
1530769864.0398207,75520,0.009180938825011253
1530769920.173932,75648,0.0067249564453959465
1530769976.3556695,75776,0.007197237573564053
1530770086.9045634,75904,0.007363690063357353
1530770143.1468267,76032,0.00983717106282711
1530770199.274409,76160,0.008493003435432911
1530770255.5480008,76288,0.0052665602415800095
1530770367.3631124,76416,0.0059676277451217175
1530770423.7261224,76544,0.0060705277137458324
1530770479.9357452,76672,0.006379770115017891
1530770536.21952,76800,0.00767159927636385
1530770647.328498,76928,0.006138890981674194
1530770703.6713161,77056,0.007474986370652914
1530770759.9271438,77184,0.004966503940522671
1530770816.1566017,77312,0.006846257485449314
1530770929.0296195,77440,0.0075325206853449345
1530770985.2102888,77568,0.0069040339440107346
1530771041.5006802,77696,0.006065354682505131
1530771097.737509,77824,0.005506595596671104
1530771208.580053,77952,0.006277773063629866
1530771264.7774682,78080,0.008429987356066704
1530771320.927557,78208,0.006676110904663801
1530771377.1403801,78336,0.006457637995481491
1530771488.5927584,78464,0.005700760520994663
1530771544.7973828,78592,0.01000423077493906
1530771601.0760334,78720,0.004981944337487221
1530771657.3860035,78848,0.00619314843788743
1530771768.7755604,78976,0.0049864077009260654
1530771825.0097303,79104,0.004383104853332043
1530771881.243042,79232,0.004554168786853552
1530771937.4512968,79360,0.004130473360419273
1530772048.7421002,79488,0.006672055926173925
1530772105.0479147,79616,0.006260063033550978
1530772161.269346,79744,0.004328420385718346
1530772217.5024564,79872,0.005738256499171257
1530772328.5320542,80000,0.008132334798574448
1530772384.8535178,80128,0.005045044701546431
1530772441.193368,80256,0.00574630917981267
1530772497.5007164,80384,0.00743241747841239
1530772609.871093,80512,0.006326803006231785
1530772666.0817437,80640,0.007063388824462891
1530772722.3338091,80768,0.006125429179519415
1530772778.6181998,80896,0.005054776556789875
1530772891.1897612,81024,0.0032992279157042503
1530772947.2777793,81152,0.006070401053875685
1530773003.635348,81280,0.004223453346639872
1530773059.8822875,81408,0.004433135502040386
1530773172.3438087,81536,0.005540903657674789
1530773228.598141,81664,0.00800482276827097
1530773284.9383373,81792,0.004623018205165863
1530773341.2161148,81920,0.004366658162325621
1530773453.515549,82048,0.003379842732101679
1530773509.8427725,82176,0.005747475661337376
1530773566.0990446,82304,0.005298667587339878
1530773622.4219732,82432,0.005112180020660162
1530773734.1185505,82560,0.004885613918304443
1530773790.3645198,82688,0.009675819426774979
1530773846.6709328,82816,0.004036769736558199
1530773902.9497154,82944,0.005082832649350166
1530774015.0412526,83072,0.0063006700947880745
1530774071.279597,83200,0.0074445940554142
1530774127.5130677,83328,0.01007154956459999
1530774183.7377846,83456,0.006466233171522617
1530774297.1659758,83584,0.012956655584275723
1530774353.4481215,83712,0.003802961204200983
1530774409.7235086,83840,0.00648061279207468
1530774465.9589818,83968,0.005653943866491318
1530774579.1342301,84096,0.007433490827679634
1530774635.3350267,84224,0.005133514758199453
1530774691.5075395,84352,0.008264895528554916
1530774747.7146974,84480,0.00657725939527154
1530774859.7806618,84608,0.007437939755618572
1530774915.9600883,84736,0.0034451428800821304
1530774972.266146,84864,0.008669858798384666
1530775028.468395,84992,0.008094755932688713
1530775139.6838899,85120,0.008608836680650711
1530775195.916291,85248,0.005898143630474806
1530775252.1065059,85376,0.004584492649883032
1530775308.2359848,85504,0.010234994813799858
1530775419.8183126,85632,0.005708870477974415
1530775476.0378494,85760,0.00674042571336031
1530775532.187932,85888,0.005367939360439777
1530775588.3548875,86016,0.005655595567077398
1530775700.40024,86144,0.004380116704851389
1530775756.5357008,86272,0.004457932431250811
1530775812.7750473,86400,0.006790268234908581
1530775868.920739,86528,0.00458155944943428
1530775982.4965332,86656,0.006186035927385092
1530776038.8014684,86784,0.005143404472619295
1530776095.1135314,86912,0.007241260260343552
1530776151.4922488,87040,0.007805527653545141
1530776263.2553124,87168,0.00712808221578598
1530776319.4712443,87296,0.00584443612024188
1530776375.6895995,87424,0.0042062499560415745
1530776431.8394096,87552,0.005220480263233185
1530776543.8928304,87680,0.006757084280252457
1530776600.107764,87808,0.005535576026886702
1530776656.4314256,87936,0.006237156689167023
1530776712.7630095,88064,0.006766980048269033
1530776825.6530187,88192,0.008469771593809128
1530776881.944282,88320,0.004333355464041233
1530776938.1992412,88448,0.0029293240513652563
1530776994.561241,88576,0.00713674072176218
1530777107.9260342,88704,0.005157517269253731
1530777164.1287622,88832,0.005872070789337158
1530777220.3270788,88960,0.004177886992692947
1530777276.5857246,89088,0.004636326804757118
1530777388.3413355,89216,0.00799503643065691
1530777444.4376397,89344,0.006143178325146437
1530777500.7375326,89472,0.00642113434150815
1530777556.9598694,89600,0.005199816543608904
1530777669.0724096,89728,0.016010930761694908
1530777725.3470557,89856,0.009034944698214531
1530777781.6420648,89984,0.009397258050739765
1530777837.8747203,90112,0.0052500395104289055
1530777950.022543,90240,0.007601018529385328
1530778006.249416,90368,0.006607970222830772
1530778062.4381528,90496,0.005985952448099852
1530778118.6257067,90624,0.004328091628849506
1530778230.942257,90752,0.004663872066885233
1530778287.0839581,90880,0.005527955014258623
1530778343.3349192,91008,0.004216141998767853
1530778399.5328367,91136,0.0041510662995278835
1530778511.2469022,91264,0.005513743031769991
1530778567.4018602,91392,0.00729430140927434
1530778623.614571,91520,0.003819765755906701
1530778679.825273,91648,0.007086547091603279
1530778792.4775097,91776,0.00527934217825532
1530778848.711997,91904,0.00427580252289772
1530778905.0186956,92032,0.005734380800276995
1530778961.1506476,92160,0.006576456129550934
1530779073.4022548,92288,0.008873429149389267
1530779129.7243001,92416,0.0038448316045105457
1530779185.951314,92544,0.008964816108345985
1530779242.2468357,92672,0.007075594738125801
1530779355.837127,92800,0.005900518968701363
1530779412.0902,92928,0.011024524457752705
1530779468.3239202,93056,0.007850661873817444
1530779524.5843842,93184,0.006762552075088024
1530779637.1899154,93312,0.004913019016385078
1530779693.4705513,93440,0.007018192671239376
1530779749.7061374,93568,0.010622913017868996
1530779805.9883068,93696,0.005702725145965815
1530779919.028415,93824,0.004851222969591618
1530779975.352475,93952,0.00695749232545495
1530780031.5861375,94080,0.004976898431777954
1530780087.7781663,94208,0.004364399705082178
1530780200.1248693,94336,0.0066591487266123295
1530780256.3396492,94464,0.003891909960657358
1530780312.649016,94592,0.0052696941420435905
1530780368.9571579,94720,0.006130766589194536
1530780481.477885,94848,0.005093678366392851
1530780537.734539,94976,0.0049093556590378284
1530780594.1060467,95104,0.0040716384537518024
1530780650.4194798,95232,0.007494421675801277
1530780763.161605,95360,0.006346877198666334
1530780819.5435548,95488,0.011889036744832993
1530780875.8646166,95616,0.008266367018222809
1530780932.144969,95744,0.006965975742787123
1530781044.2097692,95872,0.0030328084249049425
1530781100.519139,96000,0.0044779968447983265
1530781156.837114,96128,0.0035131946206092834
1530781213.1635835,96256,0.006696593016386032
1530781325.6906312,96384,0.0079710828140378
1530781381.9205458,96512,0.004683478269726038
1530781438.1989758,96640,0.004669341258704662
1530781494.4612508,96768,0.003832675516605377
1530781606.0039253,96896,0.004837392829358578
1530781662.345123,97024,0.005946706980466843
1530781718.6694865,97152,0.005876714829355478
1530781775.026743,97280,0.0068260496482253075
1530781888.0381176,97408,0.004521769471466541
