wall_time,step,value
1532646222.2197962,128,-28.811580657958984
1532646473.4353065,256,-18.423442840576172
1532646724.8210526,384,-17.870885848999023
1532646976.0650468,512,-14.72271728515625
1532647522.0312128,640,-12.787858963012695
1532647773.3254933,768,-11.945220947265625
1532648024.7536814,896,-11.681415557861328
1532648276.031668,1024,-11.902185440063477
1532648838.6867912,1152,-10.90661334991455
1532649089.9251897,1280,-10.53376293182373
1532649341.1796076,1408,-9.495561599731445
1532649592.3974392,1536,-9.644946098327637
1532650147.6438463,1664,-9.206541061401367
1532650398.938467,1792,-9.278844833374023
1532650650.316955,1920,-8.926212310791016
1532650901.655677,2048,-8.975316047668457
1532651446.7909362,2176,-8.651168823242188
1532651698.1517482,2304,-8.338500022888184
1532651949.561275,2432,-8.141128540039062
1532652200.8167315,2560,-8.3624906539917
1532652731.6610737,2688,-7.749383926391602
1532652983.0842447,2816,-7.67003870010376
1532653234.3887835,2944,-7.725542068481445
1532653485.806527,3072,-7.54133415222168
1532653988.6586025,3200,-7.065611839294434
1532654240.1209965,3328,-7.355554580688477
1532654491.466596,3456,-7.3847336769104
1532654742.8072286,3584,-6.870949745178223
1532655220.9282484,3712,-7.235663890838623
1532655472.154118,3840,-6.9440083503723145
1532655723.438974,3968,-6.9250946044921875
1532655974.7738607,4096,-6.3997802734375
1532656457.6755261,4224,-6.183495044708252
1532656708.975531,4352,-6.820440769195557
1532656960.314837,4480,-6.32619047164917
1532657211.7242508,4608,-6.2064313888549805
1532657692.040853,4736,-6.4400482177734375
1532657943.4654624,4864,-5.9402289390563965
1532658194.8244593,4992,-6.473336219787598
1532658446.2270262,5120,-6.3130598068237305
1532658930.1111906,5248,-6.163412094116211
1532659181.4354115,5376,-5.803837776184082
1532659432.791321,5504,-5.798982620239258
1532659684.177581,5632,-5.572376728057861
1532660175.671727,5760,-5.731992721557617
1532660426.961107,5888,-5.878630638122559
1532660678.2324615,6016,-5.856218338012695
1532660929.5413427,6144,-5.714898109436035
1532661428.9391875,6272,-5.4518280029296875
1532661680.3221936,6400,-5.728720664978027
1532661931.5524147,6528,-5.469947814941406
1532662182.9123247,6656,-5.761519908905029
1532662696.6820433,6784,-5.430442810058594
1532662947.9218087,6912,-5.740957736968994
1532663199.1100895,7040,-5.219864845275879
1532663450.374073,7168,-5.539582252502441
1532663969.4189472,7296,-5.553521156311035
1532664220.6782384,7424,-5.008223533630371
1532664471.899693,7552,-5.688683032989502
1532664723.192704,7680,-5.196438312530518
1532665248.4321668,7808,-5.027035713195801
1532665499.7841551,7936,-5.044625282287598
1532665751.123674,8064,-5.251374244689941
1532666002.248005,8192,-5.246831893920898
1532666527.2732072,8320,-5.091475486755371
1532666778.5474136,8448,-5.153489112854004
1532667030.0243897,8576,-5.135356903076172
1532667281.5796328,8704,-4.788679599761963
1532667802.3949475,8832,-5.138334274291992
1532668053.9612737,8960,-4.956451892852783
1532668305.5233707,9088,-4.942598819732666
1532668556.9689043,9216,-5.00350284576416
1532669078.9815292,9344,-5.001429557800293
1532669330.5163236,9472,-5.308572292327881
1532669581.9909232,9600,-5.039281368255615
1532669833.5913959,9728,-4.996411323547363
1532670362.1270833,9856,-5.085629940032959
1532670613.6325848,9984,-4.550075054168701
1532670864.9719415,10112,-5.010157108306885
1532671116.2990847,10240,-4.520081996917725
1532671635.5279584,10368,-5.098401069641113
1532671886.9399831,10496,-4.8571343421936035
1532672138.4530492,10624,-4.782741546630859
1532672389.9934108,10752,-4.379286766052246
1532672906.4094357,10880,-4.55253791809082
1532673157.6589496,11008,-4.559882164001465
1532673409.0648553,11136,-4.651759624481201
1532673660.4790936,11264,-4.490321636199951
1532674183.4794924,11392,-5.107741832733154
1532674434.9376018,11520,-4.851150989532471
1532674686.4365711,11648,-4.364795684814453
1532674937.773689,11776,-4.117465019226074
1532675463.7511292,11904,-4.497504234313965
1532675715.217101,12032,-4.169219970703125
1532675966.5727947,12160,-4.327408313751221
1532676218.1112556,12288,-4.22054386138916
1532676733.8439336,12416,-4.389273643493652
1532676985.269025,12544,-4.631339073181152
1532677236.6613646,12672,-4.379049301147461
1532677487.995396,12800,-4.177079200744629
1532678006.1173315,12928,-4.350464820861816
1532678257.6041262,13056,-3.948476552963257
1532678509.1183064,13184,-4.2678704261779785
1532678760.66861,13312,-4.399580955505371
1532679277.5606036,13440,-4.348843097686768
1532679529.1952121,13568,-4.374689102172852
1532679780.7699754,13696,-3.95416522026062
1532680032.421058,13824,-4.426105976104736
1532680548.4976478,13952,-4.174072742462158
1532680799.8363,14080,-4.20966911315918
1532681051.198628,14208,-4.1782402992248535
1532681302.575821,14336,-4.068600177764893
1532681814.516455,14464,-4.127408981323242
1532682065.7675292,14592,-4.164849758148193
1532682317.2218657,14720,-4.0615315437316895
1532682568.6145334,14848,-3.908566474914551
1532683079.6914718,14976,-3.9138762950897217
1532683331.0207913,15104,-3.99771785736084
1532683582.4094172,15232,-4.257668495178223
1532683833.6627908,15360,-3.8259620666503906
1532684351.2390537,15488,-4.090168476104736
1532684602.4005697,15616,-4.110817909240723
1532684853.5117667,15744,-3.9865267276763916
1532685104.8960087,15872,-3.7546143531799316
1532685621.5101185,16000,-3.8550915718078613
1532685872.8950844,16128,-3.7844600677490234
1532686124.3075955,16256,-3.831810235977173
1532686375.6291516,16384,-4.043050289154053
1532686900.649644,16512,-3.7999773025512695
1532687152.063912,16640,-3.7443647384643555
1532687403.6005986,16768,-3.7273378372192383
1532687655.097836,16896,-4.053579330444336
1532688179.9829898,17024,-3.9070591926574707
1532688431.3761048,17152,-4.026805877685547
1532688682.6739595,17280,-3.6185197830200195
1532688933.9190943,17408,-3.563931703567505
1532689444.1356635,17536,-3.7904157638549805
1532689695.373544,17664,-3.922236204147339
1532689946.6691675,17792,-3.8490500450134277
1532690198.0695217,17920,-3.9002416133880615
1532690718.7323163,18048,-3.774613618850708
1532690970.04915,18176,-3.855647563934326
1532691221.2771566,18304,-3.7972042560577393
1532691472.5519497,18432,-3.7855186462402344
1532691989.928059,18560,-3.8446044921875
1532692241.1187048,18688,-3.5428967475891113
1532692492.401456,18816,-3.792513370513916
1532692743.6430364,18944,-3.8155415058135986
1532693262.2278295,19072,-3.889336109161377
1532693513.4916434,19200,-3.5668540000915527
1532693764.7682054,19328,-3.7920279502868652
1532694016.0151632,19456,-3.7023587226867676
1532694540.103019,19584,-3.7127325534820557
1532694791.5670574,19712,-3.6276814937591553
1532695042.9840312,19840,-3.5230600833892822
1532695294.2948103,19968,-3.752629280090332
1532695813.981862,20096,-3.8131520748138428
1532696065.3252661,20224,-3.7356066703796387
1532696316.6077518,20352,-3.8322043418884277
1532696567.8902655,20480,-3.390625
1532697082.5336134,20608,-3.7525928020477295
1532697333.8565054,20736,-3.477252960205078
1532697585.0975251,20864,-3.5198211669921875
1532697836.3803194,20992,-3.6419677734375
1532698348.3440857,21120,-3.5307438373565674
1532698599.8463256,21248,-3.5632314682006836
1532698851.172905,21376,-3.4597387313842773
1532699102.6355927,21504,-3.307370185852051
1532699619.146526,21632,-3.7263643741607666
1532699870.4900427,21760,-3.612523317337036
1532700121.9203353,21888,-3.5189716815948486
1532700373.2630913,22016,-3.4484758377075195
1532700893.0086842,22144,-3.3021957874298096
1532701144.3461432,22272,-3.3852643966674805
1532701395.8481958,22400,-3.4724502563476562
1532701647.0383747,22528,-3.6579248905181885
1532702176.6235535,22656,-3.3017115592956543
1532702427.924642,22784,-3.4255266189575195
1532702679.2001038,22912,-3.5359127521514893
1532702930.528113,23040,-3.3924694061279297
1532703455.3512259,23168,-3.342617988586426
1532703706.815204,23296,-3.392335891723633
1532703958.160047,23424,-3.4460902214050293
1532704209.5551188,23552,-3.3987255096435547
1532704735.062027,23680,-3.3029444217681885
1532704986.672842,23808,-3.317688226699829
1532705238.307769,23936,-3.4633753299713135
1532705490.0395067,24064,-3.1468002796173096
1532706010.2817872,24192,-3.354017734527588
1532706261.6542647,24320,-3.594268321990967
1532706512.9269533,24448,-3.1061806678771973
1532706764.2093508,24576,-3.3057312965393066
1532707293.0524304,24704,-3.434183359146118
1532707544.4093142,24832,-3.3585774898529053
1532707795.7177112,24960,-3.5097837448120117
1532708047.0211236,25088,-3.3621737957000732
1532708563.5161872,25216,-3.4455761909484863
1532708814.7684388,25344,-3.12851881980896
1532709066.1938121,25472,-3.330927848815918
1532709317.6160927,25600,-3.551382303237915
1532709836.5473137,25728,-3.333106517791748
1532710087.9132235,25856,-3.2848355770111084
1532710339.3402755,25984,-3.396834373474121
1532710590.6793504,26112,-3.529228925704956
1532711110.3221936,26240,-3.1997101306915283
1532711361.6783864,26368,-3.3112823963165283
1532711613.0090182,26496,-3.2166357040405273
1532711864.356751,26624,-3.3356218338012695
1532712392.3214567,26752,-2.9484684467315674
1532712643.649897,26880,-3.2131757736206055
1532712894.9909108,27008,-3.044766902923584
1532713146.2939801,27136,-3.1184844970703125
1532713670.3345397,27264,-2.859558343887329
1532713921.7268949,27392,-3.3450708389282227
1532714173.0648162,27520,-3.3350636959075928
1532714424.4997363,27648,-3.147383689880371
1532714953.0132499,27776,-3.1062090396881104
1532715204.4106143,27904,-3.0593905448913574
1532715455.7512531,28032,-3.251420497894287
1532715706.9625878,28160,-3.3907008171081543
1532716232.7646153,28288,-3.3266031742095947
1532716484.1343782,28416,-3.291400194168091
1532716735.591619,28544,-3.1335389614105225
1532716986.9315176,28672,-3.221287488937378
1532717516.058973,28800,-3.438768148422241
1532717767.4866033,28928,-3.536428451538086
1532718018.7819178,29056,-3.1697728633880615
1532718270.2178428,29184,-3.230036973953247
1532718792.941652,29312,-3.315566301345825
1532719044.6314445,29440,-3.052988290786743
1532719296.344705,29568,-3.0197932720184326
1532719548.0950747,29696,-3.073049306869507
1532720071.4719832,29824,-3.2385497093200684
1532720322.7849004,29952,-2.9275102615356445
1532720574.2217739,30080,-3.110938549041748
1532720825.5562758,30208,-2.8983559608459473
1532721354.8350635,30336,-2.997925043106079
1532721606.2363083,30464,-2.8380863666534424
1532721857.5648308,30592,-2.991783857345581
1532722108.7962031,30720,-2.9974145889282227
1532722635.115504,30848,-3.0068137645721436
1532722886.2505817,30976,-2.960749626159668
1532723137.4735434,31104,-3.3028452396392822
1532723388.7768478,31232,-2.909146308898926
1532723922.33846,31360,-2.936997652053833
1532724173.675433,31488,-2.9137771129608154
1532724424.9644527,31616,-3.318793773651123
1532724676.291141,31744,-3.04846453666687
1532725208.740628,31872,-2.970038414001465
1532725460.1399543,32000,-2.9062185287475586
1532725711.4220662,32128,-3.0648083686828613
1532725962.7517316,32256,-3.057687282562256
1532890699.7030694,32384,-3.2732574939727783
1532890950.9829133,32512,-3.012366533279419
1532891202.1705518,32640,-2.9981935024261475
1532891453.4482481,32768,-3.198204755783081
1532891968.9479773,32896,-3.1128110885620117
1532892220.1359825,33024,-3.123256206512451
1532892471.2963707,33152,-2.9882726669311523
1532892722.5186987,33280,-3.0396692752838135
1532893233.3067722,33408,-3.189969301223755
1532893484.4316258,33536,-2.8767752647399902
1532893735.597833,33664,-3.0660758018493652
1532893986.9217362,33792,-2.8315789699554443
1532894503.7492146,33920,-3.046070098876953
1532894754.9637399,34048,-3.1098508834838867
1532895006.344342,34176,-2.9780049324035645
1532895257.609755,34304,-2.880955457687378
1532895775.2138748,34432,-3.1912364959716797
1532896026.5004928,34560,-2.9142022132873535
1532896277.9013894,34688,-3.0196189880371094
1532896529.1879847,34816,-3.3194048404693604
1532897046.3939857,34944,-3.0404036045074463
1532897297.6613886,35072,-3.2487738132476807
1532897549.1270695,35200,-2.9877114295959473
1532897800.6021929,35328,-2.6145052909851074
1532898319.1737506,35456,-2.791179656982422
1532898570.550971,35584,-2.946188449859619
1532898821.8967752,35712,-2.845503091812134
1532899073.1248493,35840,-2.9373552799224854
1532899588.8350918,35968,-3.1170942783355713
1532899840.1301544,36096,-2.7714133262634277
1532900091.4469633,36224,-2.7468678951263428
1532900342.818326,36352,-2.919722318649292
1532900860.8205464,36480,-2.897204875946045
1532901111.980401,36608,-3.168081760406494
1532901363.156781,36736,-2.929769515991211
1532901614.4593873,36864,-3.0891475677490234
1532902130.4785786,36992,-2.7621233463287354
1532902381.8280363,37120,-2.8129472732543945
1532902633.2000153,37248,-2.671020984649658
1532902884.4273686,37376,-2.9515140056610107
1532903407.3422077,37504,-2.8548667430877686
1532903658.6003485,37632,-2.7310125827789307
1532903909.7598836,37760,-2.778698205947876
1532904161.0249352,37888,-2.9971306324005127
1532904683.0506861,38016,-2.8683555126190186
1532904934.2489462,38144,-2.7609212398529053
1532905185.613204,38272,-3.020118474960327
1532905436.7861493,38400,-2.8943936824798584
1532905958.323351,38528,-2.8540000915527344
1532906209.759064,38656,-2.9001407623291016
1532906461.059298,38784,-3.050081253051758
1532906712.4133008,38912,-3.1743555068969727
1532907241.4799979,39040,-2.809701919555664
1532907492.7364302,39168,-2.9688775539398193
1532907743.9976068,39296,-2.917663097381592
1532907995.3246982,39424,-3.0215439796447754
1532908519.82289,39552,-2.729044198989868
1532908771.0234396,39680,-2.9899227619171143
1532909022.3209453,39808,-2.910865306854248
1532909273.5598485,39936,-2.899594783782959
1532909799.4796078,40064,-2.805124282836914
1532910050.601891,40192,-2.9051764011383057
1532910302.0262623,40320,-2.8763585090637207
1532910553.1832902,40448,-2.922492742538452
1532911075.3086958,40576,-2.811624765396118
1532911326.5767744,40704,-2.731769561767578
1532911577.7872064,40832,-2.9442381858825684
1532911829.0018666,40960,-3.0095181465148926
1532912358.2906556,41088,-2.4591457843780518
1532912609.711739,41216,-3.0578577518463135
1532912861.0181324,41344,-2.504810094833374
1532913112.3047588,41472,-2.939324378967285
1532913635.7851417,41600,-3.098874092102051
1532913886.9613776,41728,-2.748849630355835
1532914138.0015326,41856,-2.876527786254883
1532914388.9652421,41984,-3.0027658939361572
1532914928.7706773,42112,-3.0163657665252686
1532915180.1565485,42240,-2.729027271270752
1532915431.5782454,42368,-2.7649409770965576
1532915682.9900172,42496,-2.7321577072143555
1532916209.7154434,42624,-2.9187870025634766
1532916461.1250343,42752,-3.0257930755615234
1532916712.3198752,42880,-2.89695405960083
1532916963.7393873,43008,-2.6075119972229004
1532917491.8293593,43136,-2.837578058242798
1532917743.2146966,43264,-2.845977544784546
1532917994.6033938,43392,-2.7572531700134277
1532918245.939772,43520,-2.5321807861328125
1532918774.1717453,43648,-2.9952392578125
1532919025.538353,43776,-2.6327638626098633
1532919277.0051544,43904,-2.7105424404144287
1532919528.3341818,44032,-2.911932945251465
1532920052.3860843,44160,-2.6625213623046875
1532920303.74175,44288,-2.8335421085357666
1532920555.1645818,44416,-2.7047922611236572
1532920806.624059,44544,-2.897829532623291
1532921335.070156,44672,-2.8206939697265625
1532921586.4939663,44800,-2.8146071434020996
1532921837.939212,44928,-2.707275867462158
1532922089.3957002,45056,-2.578411102294922
1532922618.5069976,45184,-2.705345869064331
1532922869.9285696,45312,-2.715597152709961
1532923121.3110986,45440,-2.792786121368408
1532923372.6324465,45568,-2.8960494995117188
1532923903.3687716,45696,-2.8204543590545654
1532924154.5930066,45824,-2.8933780193328857
1532924405.8855963,45952,-2.8682425022125244
1532924657.1469533,46080,-2.7785229682922363
1532925178.854664,46208,-2.7706727981567383
1532925430.196952,46336,-2.7543182373046875
1532925681.4479272,46464,-2.851062774658203
1532925932.873031,46592,-3.023473024368286
1532926457.884581,46720,-3.014995813369751
1532926709.3105905,46848,-2.653472661972046
1532926960.7428203,46976,-2.608062267303467
1532927212.239379,47104,-2.9646661281585693
1532927742.4368858,47232,-2.8967037200927734
1532927993.8053079,47360,-2.7360012531280518
1532928245.0917218,47488,-2.9267020225524902
1532928496.4238987,47616,-2.8560235500335693
1532929026.5490606,47744,-2.5793702602386475
1532929277.8948848,47872,-2.6712188720703125
1532929529.2940483,48000,-2.4477577209472656
1532929780.5933688,48128,-2.5186095237731934
1532930309.3783476,48256,-2.7516586780548096
1532930560.7620924,48384,-2.893890857696533
1532930812.105483,48512,-2.6978743076324463
1532931063.5146909,48640,-2.8881115913391113
1532931581.4820058,48768,-2.861205816268921
1532931832.8059366,48896,-2.7012925148010254
1532932084.1127846,49024,-2.9908864498138428
1532932335.5421557,49152,-2.9507548809051514
1532932863.2369537,49280,-2.510446071624756
1532933114.532064,49408,-2.5832600593566895
1532933365.8667507,49536,-2.8441431522369385
1532933617.2115483,49664,-2.7926173210144043
1532934142.4607425,49792,-2.7191617488861084
1532934393.6886504,49920,-2.633122205734253
1532934644.9878993,50048,-2.7821950912475586
1532934896.2334566,50176,-2.6941676139831543
1532935421.877527,50304,-2.484494686126709
1532935672.9493086,50432,-2.5923335552215576
1532935924.0929365,50560,-2.5705878734588623
1532936175.195345,50688,-2.905039072036743
1532936697.7211952,50816,-2.787055730819702
1532936948.9687057,50944,-2.6797704696655273
1532937200.3312743,51072,-2.5690338611602783
1532937451.646269,51200,-2.529158353805542
1532937981.4476428,51328,-2.7529447078704834
1532938232.658862,51456,-2.8544182777404785
1532938483.8971326,51584,-2.7579078674316406
1532938735.1973453,51712,-2.496222734451294
1532939261.5025003,51840,-2.578875780105591
1532939512.726214,51968,-2.790254831314087
1532939763.8339784,52096,-2.6378016471862793
1532940015.1594217,52224,-2.3040614128112793
1532940539.9647331,52352,-2.5493505001068115
1532940791.2125297,52480,-2.3735249042510986
1532941042.559044,52608,-2.6259946823120117
1532941293.8781567,52736,-2.539170265197754
1532941816.6812701,52864,-2.6355574131011963
1532942067.8977284,52992,-2.766443967819214
1532942319.2650194,53120,-2.5479001998901367
1532942570.523288,53248,-2.536154270172119
1532943099.3089697,53376,-2.7385807037353516
1532943350.5938046,53504,-2.708515167236328
1532943602.0719268,53632,-2.6387860774993896
1532943853.5666761,53760,-2.6990368366241455
1532944380.5682619,53888,-2.8340775966644287
1532944631.7885442,54016,-2.428473949432373
1532944883.0972936,54144,-2.5449020862579346
1532945134.3236296,54272,-2.460261106491089
1532945659.1984818,54400,-2.674968957901001
1532945910.5837145,54528,-2.469200372695923
1532946161.8837633,54656,-2.6023788452148438
1532946413.0540025,54784,-2.3805992603302
1532946945.7861264,54912,-2.397613763809204
1532947197.2177396,55040,-2.5457565784454346
1532947448.5391607,55168,-2.484988212585449
1532947699.782568,55296,-2.6509382724761963
1532948224.3186746,55424,-2.665069580078125
1532948475.7568002,55552,-2.492206573486328
1532948727.1028333,55680,-2.818633794784546
1532948978.451421,55808,-2.76938796043396
1532949503.88034,55936,-2.6816940307617188
1532949755.1696463,56064,-2.5412843227386475
1532950006.4895766,56192,-2.5677943229675293
1532950257.9230003,56320,-2.7646000385284424
1532950790.5103042,56448,-2.3418307304382324
1532951041.9490857,56576,-2.6896018981933594
1532951293.2549891,56704,-2.448167562484741
1532951544.638117,56832,-2.43953537940979
1532952073.3641558,56960,-2.6120612621307373
1532952324.6476102,57088,-2.5034291744232178
1532952575.9314888,57216,-2.6659913063049316
1532952827.1609209,57344,-2.6040844917297363
1532953354.929363,57472,-2.692326545715332
1532953606.2937431,57600,-2.3231492042541504
1532953857.6878107,57728,-2.3728652000427246
1532954109.0235116,57856,-2.643592357635498
1532954638.2437994,57984,-2.5141749382019043
1532954889.6329157,58112,-2.40869140625
1532955140.9838035,58240,-2.444783926010132
1532955392.3314128,58368,-2.524683713912964
1532955920.316229,58496,-2.5732321739196777
1532956171.539025,58624,-2.591658353805542
1532956422.9817727,58752,-2.679251194000244
1532956674.410726,58880,-2.533817768096924
1532957202.5344756,59008,-2.5415899753570557
1532957453.8336504,59136,-2.4712154865264893
1532957705.198217,59264,-2.552435874938965
1532957956.6329396,59392,-2.7603888511657715
1532958483.3652549,59520,-2.642967462539673
1532958734.5987978,59648,-2.6736180782318115
1532958985.818952,59776,-2.454855442047119
1532959236.9739,59904,-2.6081013679504395
1532959767.9853942,60032,-2.623096227645874
1532960019.4262974,60160,-2.714625835418701
1532960270.7279656,60288,-2.5886921882629395
1532960522.125436,60416,-2.3994247913360596
1532961052.6750185,60544,-2.559065341949463
1532961304.118212,60672,-2.243217945098877
1532961555.3447323,60800,-2.15629506111145
1532961806.6749573,60928,-2.5150797367095947
1532962333.3571472,61056,-2.491044044494629
1532962584.651941,61184,-2.518416404724121
1532962836.0522785,61312,-2.6246590614318848
1532963087.266301,61440,-2.7349815368652344
1532963616.6268651,61568,-2.5399181842803955
1532963868.1020348,61696,-2.5862367153167725
1532964119.3293264,61824,-2.4717166423797607
1532964370.812606,61952,-2.585993528366089
1532964895.9335456,62080,-2.159381866455078
1532965146.988277,62208,-2.585402727127075
1532965398.2837675,62336,-2.633500099182129
1532965649.5050561,62464,-2.430246591567993
1532966181.5958977,62592,-2.283474922180176
1532966432.9734879,62720,-2.531320571899414
1532966684.2529378,62848,-2.3578908443450928
1532966935.569809,62976,-2.3968770503997803
1532967466.3306587,63104,-2.3515281677246094
1532967717.599362,63232,-2.6152536869049072
1532967969.0423126,63360,-2.5481510162353516
1532968220.3907125,63488,-2.6050684452056885
1532968749.7587113,63616,-2.6539061069488525
1532969001.1461163,63744,-2.5134148597717285
1532969252.5108428,63872,-2.5178425312042236
1532969503.908809,64000,-2.6097850799560547
1532970032.613978,64128,-2.7661361694335938
1532970284.0546293,64256,-2.5234012603759766
1532970535.5896518,64384,-2.6058459281921387
1532970786.9272687,64512,-2.2825822830200195
1532971307.8747876,64640,-2.373324394226074
1532971559.4559436,64768,-2.0256190299987793
1532971810.8879151,64896,-2.43695068359375
1532972062.301302,65024,-2.373053789138794
1533035682.3611257,65152,-2.446753978729248
1533035933.552977,65280,-2.5246737003326416
1533036184.8310723,65408,-2.24464750289917
1533036436.127424,65536,-2.4766993522644043
1533036959.8486352,65664,-2.3836886882781982
1533037211.23945,65792,-2.242418050765991
1533037462.5492003,65920,-2.2288193702697754
1533037713.8704057,66048,-2.3519089221954346
1533038242.8032465,66176,-2.3512845039367676
1533038494.0731618,66304,-2.555382251739502
1533038745.5115948,66432,-2.272263526916504
1533038997.0052922,66560,-2.3144431114196777
1533039524.6521537,66688,-2.3434858322143555
1533039775.9771504,66816,-2.522599220275879
1533040027.1688907,66944,-2.4012575149536133
1533040278.4957774,67072,-2.1219849586486816
1533040810.5344803,67200,-2.4746487140655518
1533041061.7552462,67328,-2.2669172286987305
1533041313.0127263,67456,-2.2747340202331543
1533041564.2719705,67584,-2.4153835773468018
1533042096.0951803,67712,-2.453265428543091
1533042347.2985277,67840,-2.427445411682129
1533042598.4614146,67968,-2.485628366470337
1533042849.6975133,68096,-2.393371820449829
1533043375.2205713,68224,-2.467419385910034
1533043626.4197688,68352,-2.330597162246704
1533043877.6499815,68480,-2.5296618938446045
1533044128.976684,68608,-2.5206618309020996
1533044660.847157,68736,-2.327479839324951
1533044912.264208,68864,-2.4940412044525146
1533045163.6966183,68992,-2.3441014289855957
1533045415.1311476,69120,-2.2156968116760254
1533045950.7070477,69248,-2.1361169815063477
1533046202.1125615,69376,-2.398972511291504
1533046453.4959183,69504,-2.1936569213867188
1533046704.913817,69632,-2.3866868019104004
1533047230.8576317,69760,-2.3383255004882812
1533047482.1970515,69888,-2.3636093139648438
1533047733.5074518,70016,-2.468149185180664
1533047984.8439736,70144,-2.2517642974853516
1533048510.6497295,70272,-2.342050552368164
1533048762.1283062,70400,-2.3042984008789062
1533049013.454383,70528,-2.4671411514282227
1533049264.9036765,70656,-2.5594024658203125
1533049792.7035654,70784,-2.5301618576049805
1533050043.9804552,70912,-2.399653911590576
1533050295.2785544,71040,-2.245168685913086
1533050546.6672995,71168,-2.3992130756378174
1533051078.5228014,71296,-2.443056583404541
1533051329.7857428,71424,-2.317488193511963
1533051581.1379778,71552,-2.545222759246826
1533051832.4753623,71680,-2.587462902069092
1533052364.1232917,71808,-2.5216829776763916
1533052615.4472988,71936,-2.608886480331421
1533052866.68245,72064,-2.1362879276275635
1533053118.1443975,72192,-2.383392810821533
1533053648.4353404,72320,-2.2974071502685547
1533053899.7782438,72448,-2.4827239513397217
1533054151.0989456,72576,-2.414860963821411
1533054402.379522,72704,-2.274500608444214
1533054933.1456661,72832,-2.3931727409362793
1533055184.46612,72960,-1.9623801708221436
1533055435.7229445,73088,-2.250791549682617
1533055686.9846861,73216,-2.384133815765381
1533056214.3993127,73344,-2.6429436206817627
1533056465.3573213,73472,-2.265256881713867
1533056716.36258,73600,-2.433206558227539
1533056967.56524,73728,-2.351196527481079
1533057495.2203104,73856,-2.412949800491333
1533057746.6113575,73984,-2.527195692062378
1533057998.1501067,74112,-2.236461877822876
1533058249.5895822,74240,-2.2006027698516846
1533058779.6703014,74368,-2.2048752307891846
1533059030.9943917,74496,-2.2548911571502686
1533059282.3859415,74624,-2.352578639984131
1533059533.725011,74752,-2.299110174179077
1533060066.7760224,74880,-2.2478268146514893
1533060318.1356273,75008,-2.4338457584381104
1533060569.5283656,75136,-2.390789747238159
1533060820.9609199,75264,-2.3792810440063477
1533061355.1493366,75392,-2.4204158782958984
1533061606.556628,75520,-2.1235175132751465
1533061857.9798944,75648,-2.0971577167510986
1533062109.4230084,75776,-2.252753496170044
1533062634.3084426,75904,-1.9682190418243408
1533062885.7756999,76032,-2.261045455932617
1533063137.1076827,76160,-2.2622835636138916
1533063388.2697816,76288,-2.3050785064697266
1533063927.5471392,76416,-2.1794815063476562
1533064178.8293345,76544,-2.2820723056793213
1533064430.2475858,76672,-2.183168888092041
1533064681.5880976,76800,-2.241844892501831
1533065214.4579644,76928,-2.450287103652954
1533065465.9548862,77056,-2.179245710372925
1533065717.479762,77184,-2.1992948055267334
1533065968.8928754,77312,-2.4898056983947754
1533066493.2640216,77440,-2.3429126739501953
1533066744.6975589,77568,-2.1990184783935547
1533066996.1145098,77696,-2.613920211791992
1533067247.4512956,77824,-2.5497169494628906
1533067775.0432732,77952,-2.3026537895202637
1533068026.1186547,78080,-2.2906575202941895
1533068277.305492,78208,-2.2791178226470947
1533068528.4861023,78336,-2.409161329269409
1533069048.4779508,78464,-2.370541572570801
1533069299.727338,78592,-2.2225093841552734
1533069551.0593855,78720,-2.2947001457214355
1533069802.3763707,78848,-2.4662423133850098
1533070333.3027704,78976,-2.1493446826934814
1533070584.6816604,79104,-2.2232015132904053
1533070836.061393,79232,-2.4561963081359863
1533071087.4189298,79360,-2.008408546447754
1533071620.70808,79488,-2.422121286392212
1533071872.1612792,79616,-2.3719189167022705
1533072123.496136,79744,-2.152082920074463
1533072374.850412,79872,-2.1184613704681396
1533072903.7746947,80000,-2.1195974349975586
1533073155.0956595,80128,-2.1848320960998535
1533073406.489991,80256,-2.348231077194214
1533073658.0536432,80384,-2.2534871101379395
1533074185.8154151,80512,-2.184115171432495
1533074436.928078,80640,-2.174891233444214
1533074688.0750077,80768,-2.068291187286377
1533074939.3266516,80896,-2.2715487480163574
1533075466.0854437,81024,-2.24057674407959
1533075717.3575878,81152,-2.2980027198791504
1533075968.6256862,81280,-2.052459716796875
1533076219.978598,81408,-2.2556493282318115
1533076752.3857849,81536,-2.0722897052764893
1533077003.6577997,81664,-2.278334617614746
1533077255.0660322,81792,-2.0197699069976807
1533077506.518717,81920,-2.122014284133911
1533078045.9462056,82048,-2.195722818374634
1533078297.357767,82176,-2.13265323638916
1533078548.632911,82304,-2.137204647064209
1533078799.9267704,82432,-2.2779035568237305
1533079328.464807,82560,-2.44831919670105
1533079579.8213747,82688,-2.0170581340789795
1533079831.3770607,82816,-2.0579638481140137
1533080082.8545282,82944,-2.223629951477051
1533080603.1396868,83072,-2.313422918319702
1533080854.289727,83200,-2.078761100769043
1533081105.4538915,83328,-2.189594268798828
1533081356.6605127,83456,-1.9647537469863892
1533081886.8997917,83584,-2.1990740299224854
1533082138.034836,83712,-2.074408769607544
1533082389.106615,83840,-2.329826831817627
1533082640.243044,83968,-2.2976293563842773
1533083165.264521,84096,-2.329245090484619
1533083416.5923436,84224,-2.274624824523926
1533083667.889419,84352,-2.190767288208008
1533083919.2087026,84480,-2.0958991050720215
1533084450.6808705,84608,-2.081113815307617
1533084701.9768822,84736,-2.341021776199341
1533084953.2349582,84864,-2.3073410987854004
1533085204.4653637,84992,-2.228309392929077
1533085729.8375425,85120,-2.2250943183898926
1533085980.985735,85248,-2.354064702987671
1533086232.399677,85376,-2.0376980304718018
1533086483.8073783,85504,-2.271395206451416
1533087009.2528093,85632,-2.3184683322906494
1533087260.4893074,85760,-2.6736629009246826
1533087511.897369,85888,-2.272362470626831
1533087763.2249694,86016,-2.2994608879089355
1533088297.7043142,86144,-2.264435052871704
1533088549.0445733,86272,-2.3011529445648193
1533088800.4085357,86400,-2.218670129776001
1533089051.6128497,86528,-2.423412799835205
1533089573.7552822,86656,-2.260504961013794
1533089825.0873682,86784,-2.1128642559051514
1533090076.5447767,86912,-2.365878105163574
1533090327.892792,87040,-2.5017929077148438
1533090854.6164057,87168,-2.2196402549743652
1533091106.09556,87296,-2.2319257259368896
1533091357.413146,87424,-2.257519483566284
1533091608.7600503,87552,-2.243415355682373
1533092143.9567904,87680,-2.343980550765991
1533092395.2211382,87808,-2.0386619567871094
1533092646.4444222,87936,-2.308868646621704
1533092897.624192,88064,-1.8706895112991333
1533093430.9456782,88192,-1.9385582208633423
1533093682.5057032,88320,-2.320563316345215
1533093933.9161656,88448,-2.2571868896484375
1533094185.3120477,88576,-2.29827880859375
1533094723.6808717,88704,-2.1696245670318604
1533094975.1330745,88832,-2.313784122467041
1533095226.4758356,88960,-2.102403402328491
1533095477.7545588,89088,-2.1091325283050537
1533096009.5118463,89216,-2.192476511001587
1533096260.7441394,89344,-2.2517266273498535
1533096512.196579,89472,-2.3302481174468994
1533096763.7024875,89600,-2.425199270248413
1533097286.563978,89728,-2.3742659091949463
1533097537.9677904,89856,-2.1833419799804688
1533097789.3614023,89984,-1.9214637279510498
1533098040.6841488,90112,-2.1911191940307617
1533098569.2651227,90240,-2.0938949584960938
1533098820.8211339,90368,-2.095273971557617
1533099072.3553774,90496,-2.0655713081359863
1533099323.9404395,90624,-2.1678318977355957
1533099859.9781706,90752,-2.0901689529418945
1533100111.2415452,90880,-2.5275723934173584
1533100362.813306,91008,-1.9384422302246094
1533100614.300989,91136,-2.0238852500915527
1533101152.3372185,91264,-2.207658052444458
1533101403.639141,91392,-1.8809747695922852
1533101654.943739,91520,-2.1433799266815186
1533101906.2797575,91648,-2.0223169326782227
1533102432.253849,91776,-2.242967367172241
1533102683.5902183,91904,-2.1568377017974854
1533102934.8223937,92032,-2.3135647773742676
1533103186.246287,92160,-2.2789926528930664
1533103718.2307715,92288,-2.2668964862823486
1533103969.7092943,92416,-2.3767762184143066
1533104221.042549,92544,-1.962131142616272
1533104472.433256,92672,-2.285040855407715
1533105004.673362,92800,-2.5760340690612793
1533105256.1092124,92928,-2.185063362121582
1533105507.457847,93056,-2.27540922164917
1533105758.7464373,93184,-2.2614450454711914
1533106295.5844688,93312,-2.224838972091675
1533106546.7634015,93440,-2.272860050201416
1533106798.0049772,93568,-2.065253734588623
1533107049.1341164,93696,-2.135345458984375
1533107575.3075478,93824,-2.1269938945770264
1533107826.6518168,93952,-2.1106863021850586
1533108077.9605424,94080,-2.309415340423584
1533108329.4454367,94208,-1.9173811674118042
1533108858.848018,94336,-2.351532220840454
1533109110.259489,94464,-2.3979063034057617
1533109361.6342185,94592,-2.0485496520996094
1533109612.9872346,94720,-2.0146265029907227
1533110142.1924963,94848,-2.3742825984954834
1533110393.6049242,94976,-1.9333887100219727
1533110644.9962132,95104,-2.308750629425049
1533110896.4462917,95232,-2.0593252182006836
1533111421.5898397,95360,-2.02563738822937
1533111672.7298632,95488,-2.219977378845215
1533111924.0430145,95616,-2.09668231010437
1533112175.5775151,95744,-2.1878299713134766
1533112703.68791,95872,-2.0194005966186523
1533112955.0326023,96000,-2.5153045654296875
1533113206.4250557,96128,-2.456815719604492
1533113457.77815,96256,-2.055318832397461
1533113993.1368,96384,-2.411506414413452
1533114244.4634976,96512,-2.147618532180786
1533114495.7829876,96640,-2.082070827484131
1533114747.256616,96768,-2.355905532836914
1533115272.209704,96896,-2.301332473754883
1533115523.5655718,97024,-1.9294096231460571
1533115774.757551,97152,-2.190389633178711
1533116026.160561,97280,-1.9206397533416748
1533116553.9957163,97408,-2.176509380340576
1533116805.2942338,97536,-2.267767906188965
1533117056.827724,97664,-2.046861171722412
