wall_time,step,value
1532727873.025725,512,2.976628065109253
1532974028.0123553,1024,2.48836612701416
1532975648.2493548,1536,2.1155717372894287
1532977249.8557856,2048,1.5721070766448975
1532978843.5908518,2560,1.8964412212371826
1532980429.2213318,3072,2.072819471359253
1532982000.0881495,3584,1.6243031024932861
1532983575.8892922,4096,1.466821312904358
1532985141.5077748,4608,1.6612653732299805
1532986714.3149593,5120,1.5836114883422852
1532988296.6866233,5632,1.5521488189697266
1533118631.770854,6656,1.3776851892471313
1533120196.1918707,7168,1.5214306116104126
1533121760.0876086,7680,1.3727002143859863
1533123304.786411,8192,1.3957037925720215
1533124857.3621283,8704,1.745090365409851
1533126412.051692,9216,1.389276385307312
1533127963.9889421,9728,1.3082951307296753
1533129525.4507792,10240,1.2571290731430054
1533131077.0405912,10752,1.4286189079284668
1533132632.7710893,11264,1.7838374376296997
1533134189.3235471,11776,1.2607425451278687
1533135742.528078,12288,1.4187180995941162
1533137299.7274737,12800,1.3517825603485107
1533138863.220942,13312,1.2356888055801392
1533140416.3213263,13824,1.3798332214355469
1533141950.3061185,14336,1.3366895914077759
1533143495.9799652,14848,1.533040165901184
1533145046.6871817,15360,1.3039658069610596
1533146579.8408709,15872,1.2979676723480225
1533148121.9379554,16384,1.1299458742141724
1533149656.212383,16896,1.2180691957473755
1533151204.508658,17408,1.7077511548995972
1533152730.7943513,17920,1.3926866054534912
1533154259.0979695,18432,1.0539926290512085
1533155775.1266284,18944,1.3582005500793457
1533157301.6519053,19456,1.2989001274108887
1533158822.2922323,19968,1.3194197416305542
1533160361.207407,20480,1.5699119567871094
1533161884.7103703,20992,1.2113627195358276
1533163403.8361256,21504,1.317300796508789
1533164924.8653522,22016,1.012980580329895
1533166443.8080497,22528,1.2804819345474243
1533167967.9253426,23040,1.4693480730056763
1533169489.241166,23552,1.3267637491226196
1533171008.0937204,24064,1.2737921476364136
1533172523.0509923,24576,1.2713812589645386
1533174045.7677178,25088,1.3618113994598389
1533175559.6719632,25600,1.69917893409729
1533177085.142062,26112,1.4485995769500732
1533178596.2613516,26624,1.2171001434326172
1533180119.7682166,27136,1.2184712886810303
1533181638.6103323,27648,1.3605633974075317
1533183162.7528574,28160,1.5178319215774536
1533184677.1080005,28672,1.4740351438522339
1533186190.5529044,29184,1.2666261196136475
1533187717.399395,29696,1.468438982963562
1533189257.0185108,30208,1.1061714887619019
1533190779.581168,30720,1.0631996393203735
1533192304.680181,31232,1.4248238801956177
1533193844.6444714,31744,1.5636489391326904
1533195373.771242,32256,1.336134910583496
1533196901.5337834,32768,0.9786614179611206
1533198422.8264997,33280,1.4772908687591553
1533199959.392927,33792,1.1892811059951782
1533201500.7554276,34304,1.5239888429641724
1533203037.9614012,34816,1.0985863208770752
1533204583.7616727,35328,1.3387888669967651
1533206126.202625,35840,1.288158655166626
1533207671.2566118,36352,1.3799875974655151
1533209215.262439,36864,1.1118757724761963
1533210753.27874,37376,0.9938738942146301
1533357202.8410609,37888,1.1743388175964355
1533358724.9400105,38400,1.0865002870559692
1533360261.6652918,38912,1.5703670978546143
1533361792.417981,39424,1.244789719581604
1533363322.1279414,39936,1.153632640838623
1533364860.5340543,40448,1.9446264505386353
1533366386.792084,40960,1.3411281108856201
1533367930.2326028,41472,1.2578498125076294
1533369467.8766932,41984,1.8741402626037598
1533370999.024454,42496,1.253399133682251
1533372544.8943157,43008,1.3420966863632202
1533374073.3184035,43520,1.0560188293457031
1533375616.5049267,44032,1.502784252166748
1533377149.077523,44544,1.080259919166565
1533378692.1539335,45056,1.409599781036377
1533380235.0082893,45568,2.143589973449707
1533381776.543394,46080,1.147384524345398
1533383315.848588,46592,1.1677316427230835
1533384858.903854,47104,1.0495871305465698
1533386410.9903395,47616,1.3245049715042114
1533402134.0012486,48640,1.4499117136001587
1533403675.6634698,49152,2.4897122383117676
1533405232.2746627,49664,1.520153284072876
1533406774.0976508,50176,1.221763014793396
1533408326.5092542,50688,1.1209908723831177
1533409889.6030812,51200,1.1509171724319458
1533411438.5050118,51712,1.3990901708602905
1533412985.6799028,52224,1.0470404624938965
1533414534.6655774,52736,1.2244638204574585
1533416096.2480452,53248,1.0945943593978882
1533417662.3681257,53760,1.0014218091964722
1533419226.6636953,54272,1.0837111473083496
1533420803.0216658,54784,1.0431827306747437
1533422359.4504056,55296,1.1369898319244385
1533423916.0816505,55808,1.6822566986083984
1533425469.547238,56320,1.2670657634735107
1533427050.2797716,56832,1.9413930177688599
1533428619.4680367,57344,1.1072185039520264
1533430184.4272058,57856,1.6837248802185059
1533431764.1202977,58368,1.3167566061019897
1533433332.3283124,58880,1.0660121440887451
1533434894.9625142,59392,1.8557887077331543
1533436454.2142835,59904,1.2204959392547607
1533438029.9264526,60416,1.2974812984466553
1533439601.0879762,60928,1.1133627891540527
1533441175.3292737,61440,1.585332989692688
1533442758.4343193,61952,0.9620122909545898
1533444327.5719635,62464,1.1137248277664185
1533445900.1292756,62976,1.503118872642517
1533447468.8561661,63488,1.1497619152069092
1533449035.256149,64000,1.1172897815704346
1533450609.9538739,64512,1.3223572969436646
1533452173.843457,65024,1.5520929098129272
1533453758.4014785,65536,1.3986188173294067
1533455327.8259864,66048,1.2580537796020508
1533456918.280106,66560,1.6187832355499268
1533458485.2757547,67072,1.3366063833236694
1533460044.9217095,67584,1.129801630973816
1533461627.6301236,68096,1.2183960676193237
1533463193.545901,68608,1.311139702796936
1533464769.9959538,69120,0.9408437609672546
1533466355.4452198,69632,1.550391435623169
1533467931.9506226,70144,1.4469329118728638
1533469502.5458968,70656,1.2660220861434937
1533471086.4816225,71168,1.4134968519210815
1533472674.8053856,71680,1.5158573389053345
1533474258.2294793,72192,1.3244056701660156
1533475839.816751,72704,1.0631542205810547
1533477421.4980156,73216,1.399436116218567
1533479003.5107095,73728,1.5520446300506592
1533480596.4914367,74240,1.7595133781433105
1533483602.1613064,75264,2.0011305809020996
1533485182.2206044,75776,1.2334932088851929
1533486753.3133256,76288,1.7073768377304077
1533488331.024488,76800,1.4189485311508179
1533489905.2079222,77312,1.1347979307174683
1533491483.3052142,77824,1.8957196474075317
1533493051.6226008,78336,1.2086234092712402
1533494628.0518093,78848,1.3697248697280884
1533496203.018099,79360,1.0416347980499268
1533497770.2591746,79872,1.3340785503387451
1533499341.2524211,80384,1.5742770433425903
1533500922.8669014,80896,1.544647455215454
1533502506.8405151,81408,1.1326415538787842
1533504085.1436772,81920,2.1161928176879883
1533505649.4069176,82432,1.4871231317520142
1533507242.202135,82944,1.2007954120635986
1533508812.6638696,83456,1.116369605064392
1533510394.982515,83968,1.420908808708191
1533511978.685158,84480,1.605720043182373
1533513562.951989,84992,1.4165266752243042
1533515143.7438064,85504,1.7008156776428223
1533516733.6264985,86016,1.1449644565582275
1533518318.075294,86528,1.447184681892395
1533519897.7144697,87040,1.200163722038269
1533521484.7570584,87552,1.2908531427383423
1533523058.4035604,88064,1.2352476119995117
1533524640.2443554,88576,1.6434506177902222
1533526229.651842,89088,1.4261057376861572
1533527812.3377717,89600,1.2695403099060059
1533529401.531082,90112,1.766747236251831
1533530986.9990373,90624,1.2612247467041016
1533532567.648527,91136,1.311212420463562
1533534151.599791,91648,1.3833941221237183
1533535733.0237179,92160,1.2014122009277344
1533537310.4063106,92672,1.3272987604141235
1533538891.3360472,93184,1.6740645170211792
1533540460.1678216,93696,1.3615418672561646
1533542039.2755096,94208,1.7372097969055176
1533543620.8641832,94720,1.4272643327713013
1533545212.7516987,95232,1.2150216102600098
1533546789.424457,95744,1.2264294624328613
1533548375.5525734,96256,1.1945035457611084
1533549965.6756475,96768,1.3904931545257568
1533551547.3087347,97280,1.0488053560256958
