wall_time,step,value
1531009531.9614568,128,115.37431335449219
1531009651.3117208,256,72.31616973876953
1531009770.801505,384,48.53896713256836
1531009890.282873,512,49.354740142822266
1531010124.0588496,640,37.01408767700195
1531010243.4318247,768,32.638145446777344
1531010362.8227804,896,30.80008316040039
1531010482.1812718,1024,33.44707489013672
1531010705.5397046,1152,32.05353546142578
1531010824.8024566,1280,31.425905227661133
1531010944.1167006,1408,32.57868194580078
1531011063.4926145,1536,35.46625518798828
1531011278.5695908,1664,34.680274963378906
1531011398.209876,1792,33.72170639038086
1531011517.7065797,1920,37.0977897644043
1531011637.116637,2048,32.21434020996094
1531011848.9262164,2176,29.221412658691406
1531011968.4532769,2304,26.912612915039062
1531012088.0079603,2432,27.274768829345703
1531012207.57817,2560,26.986053466796875
1531012424.9919183,2688,28.556909561157227
1531012544.4507937,2816,26.51653480529785
1531012664.024015,2944,27.877056121826172
1531012783.526445,3072,27.388412475585938
1531012994.7066429,3200,27.627622604370117
1531013114.1349797,3328,28.169286727905273
1531013233.6915345,3456,26.8227596282959
1531013353.1176794,3584,28.106731414794922
1531013564.757802,3712,28.133445739746094
1531013684.0705886,3840,27.710920333862305
1531013803.5905595,3968,27.172807693481445
1531013923.0797634,4096,29.553617477416992
1531014133.050284,4224,28.041322708129883
1531014252.4768486,4352,30.584388732910156
1531014371.9178965,4480,30.62016487121582
1531014491.4586897,4608,30.417959213256836
1531014699.8534987,4736,28.935630798339844
1531014819.3574893,4864,29.679462432861328
1531014938.9394143,4992,28.443540573120117
1531015058.4664195,5120,29.02052879333496
1531015266.7903795,5248,29.058076858520508
1531015386.329067,5376,28.70290756225586
1531015505.6468282,5504,27.440631866455078
1531015625.241068,5632,28.963226318359375
1531015835.3196948,5760,27.16537857055664
1531015954.7978241,5888,27.354705810546875
1531016074.0414863,6016,27.64706039428711
1531016193.512952,6144,27.156185150146484
1531016406.5422618,6272,26.975326538085938
1531016526.0540166,6400,26.290863037109375
1531016645.5062568,6528,27.250423431396484
1531016765.0452323,6656,24.969209671020508
1531016977.313945,6784,25.11728858947754
1531017096.7312922,6912,24.031538009643555
1531017216.2559555,7040,26.090967178344727
1531017335.7894244,7168,24.213645935058594
1531017550.5858276,7296,24.15089225769043
1531017669.893745,7424,24.962038040161133
1531017789.2384543,7552,24.65088653564453
1531017908.6453192,7680,23.719615936279297
1531018122.949061,7808,24.338647842407227
1531018242.388335,7936,23.63602066040039
1531018361.7449553,8064,24.417739868164062
1531018481.236285,8192,24.132036209106445
1531018693.7625067,8320,23.55838394165039
1531018813.0804834,8448,22.532625198364258
1531018932.4573982,8576,24.105548858642578
1531019051.6475139,8704,22.844690322875977
1531019267.700546,8832,23.551815032958984
1531019387.141926,8960,23.181644439697266
1531019506.6100008,9088,23.485532760620117
1531019626.0383682,9216,23.59796142578125
1531019839.4427874,9344,23.302385330200195
1531019958.83946,9472,24.222007751464844
1531020078.2358954,9600,22.80192756652832
1531020197.618227,9728,22.565141677856445
1531020413.876669,9856,22.576236724853516
1531020533.3961742,9984,22.741153717041016
1531020652.7381918,10112,22.387805938720703
1531020772.2511783,10240,23.385591506958008
1531020985.413909,10368,23.402416229248047
1531021104.8417149,10496,22.629446029663086
1531021224.418686,10624,22.719778060913086
1531021343.8946102,10752,23.012971878051758
1531021559.7833974,10880,22.84383773803711
1531021679.2438757,11008,22.600406646728516
1531021798.6970873,11136,22.347164154052734
1531021918.2049842,11264,23.384754180908203
1531022132.058467,11392,22.23525619506836
1531022251.5994713,11520,22.92935562133789
1531022371.2461476,11648,23.072887420654297
1531022490.7262642,11776,22.182558059692383
1531022705.6289165,11904,22.13846206665039
1531022825.171933,12032,22.97617530822754
1531022944.6087704,12160,22.56478500366211
1531023063.8973699,12288,23.411558151245117
1531023278.8691492,12416,23.585371017456055
1531023398.534536,12544,23.35266876220703
1531023518.1562865,12672,22.641693115234375
1531023637.8268154,12800,22.835390090942383
1531023852.3608687,12928,22.5728702545166
1531023971.8204367,13056,22.90125846862793
1531024091.3948088,13184,23.172758102416992
1531024210.95217,13312,22.418018341064453
1531024424.2900178,13440,22.959325790405273
1531024543.6619713,13568,23.64898681640625
1531024663.1563458,13696,22.56005096435547
1531024782.627441,13824,24.002981185913086
1531024997.6419928,13952,23.648616790771484
1531025117.1440065,14080,23.340404510498047
1531025236.648775,14208,23.64145278930664
1531025356.0527318,14336,23.349401473999023
1531025571.9227273,14464,23.620803833007812
1531025691.2828987,14592,24.178937911987305
1531025810.8985734,14720,24.09178924560547
1531025930.5234585,14848,24.57015609741211
1531026144.773661,14976,24.712923049926758
1531026264.2488182,15104,25.430940628051758
1531026383.814134,15232,24.699491500854492
1531026503.3924375,15360,24.605236053466797
1531026719.012362,15488,25.080989837646484
1531026838.4888592,15616,24.023338317871094
1531026957.8655398,15744,24.830869674682617
1531027076.9049027,15872,25.019012451171875
1531027292.2276826,16000,25.20642852783203
1531027411.7544787,16128,24.70772933959961
1531027531.17709,16256,25.333362579345703
1531027650.5752118,16384,24.71090316772461
1531027866.6606758,16512,24.394718170166016
1531027986.1859972,16640,24.058692932128906
1531028105.7959747,16768,24.190719604492188
1531028225.2102573,16896,24.647117614746094
1531028439.7841392,17024,23.939239501953125
1531028559.239314,17152,24.32320785522461
1531028678.7052608,17280,23.421714782714844
1531028798.2317657,17408,23.949495315551758
1531029012.6192887,17536,24.424400329589844
1531029132.1798513,17664,24.815513610839844
1531029251.5159385,17792,24.142425537109375
1531029370.985487,17920,24.175256729125977
1531029585.7102666,18048,24.499828338623047
1531029705.2399018,18176,25.22421646118164
1531029824.711825,18304,24.962078094482422
1531029944.3313987,18432,25.06903076171875
1531030159.6470816,18560,24.43108367919922
1531030279.0997334,18688,24.468002319335938
1531030398.5307477,18816,24.394498825073242
1531030517.6865292,18944,25.321331024169922
1531030732.5335543,19072,25.288436889648438
1531030852.013541,19200,24.966222763061523
1531030971.4395394,19328,24.716970443725586
1531031090.8716846,19456,24.65363121032715
1531031305.9711971,19584,25.944721221923828
1531031425.4029078,19712,25.14089584350586
1531031544.8191912,19840,25.586654663085938
1531031664.4036953,19968,24.762466430664062
1531031879.0220098,20096,25.76836585998535
1531031998.434227,20224,26.199678421020508
1531032117.7438545,20352,25.97429656982422
1531032237.2139826,20480,25.60912322998047
1531032451.9830172,20608,25.387271881103516
1531032571.4703832,20736,25.525041580200195
1531032691.1448221,20864,25.575241088867188
1531032810.9086485,20992,24.99524688720703
1531033025.1835887,21120,25.37001609802246
1531033144.6955798,21248,25.44744873046875
1531033264.1012473,21376,24.814651489257812
1531033383.5679371,21504,26.002628326416016
1531033597.8371737,21632,26.204477310180664
1531033717.3096569,21760,25.177467346191406
1531033836.8447495,21888,25.890270233154297
1531033956.435689,22016,25.1967716217041
1531034171.3240643,22144,25.36984634399414
1531034290.6849728,22272,24.955791473388672
1531034410.130548,22400,25.19495964050293
1531034529.188631,22528,25.258882522583008
1531034743.6154025,22656,25.3926944732666
1531034863.088591,22784,25.94373321533203
1531034982.5775561,22912,25.988990783691406
1531035102.235641,23040,24.999313354492188
1531035315.7731674,23168,25.603919982910156
1531035435.3003643,23296,25.590560913085938
1531035554.7178345,23424,26.357410430908203
1531035674.2407353,23552,26.18674659729004
1531035887.985336,23680,25.55307388305664
1531036007.4287167,23808,26.401168823242188
1531036126.8482895,23936,25.564613342285156
1531036246.1993868,24064,25.60839080810547
1531036460.3499591,24192,26.93627166748047
1531036579.6939998,24320,25.947349548339844
1531036699.1062086,24448,25.64316177368164
1531036818.4493372,24576,26.379070281982422
1531037035.3352075,24704,25.608373641967773
1531037154.7013757,24832,25.951082229614258
1531037274.13758,24960,26.347688674926758
1531037393.8332014,25088,25.75446891784668
1531037610.041807,25216,26.93218994140625
1531037729.7403343,25344,26.985782623291016
1531037849.360291,25472,26.26803970336914
1531037968.9953601,25600,26.102195739746094
1531038184.1388507,25728,27.174076080322266
1531038303.5826216,25856,26.211578369140625
1531038423.0604541,25984,26.20573616027832
1531038542.4826834,26112,26.113832473754883
1531038756.9098203,26240,26.90967559814453
1531038876.458158,26368,26.200199127197266
1531038996.0810251,26496,26.221118927001953
1531039115.6273048,26624,27.245609283447266
1531039332.9637682,26752,26.12896728515625
1531039452.4544108,26880,25.906780242919922
1531039572.1593797,27008,26.553485870361328
1531039691.8803816,27136,26.834487915039062
1531039908.1876023,27264,26.144304275512695
1531040027.8268085,27392,26.005516052246094
1531040147.3465805,27520,26.284223556518555
1531040266.717639,27648,26.810100555419922
1531040482.6932998,27776,26.335594177246094
1531040602.2908568,27904,25.940540313720703
1531040721.9830792,28032,25.731895446777344
1531040841.5219557,28160,26.443283081054688
1531041058.5794532,28288,27.10202980041504
1531041178.2185962,28416,26.478057861328125
1531041297.7306142,28544,26.482826232910156
1531041417.4615147,28672,26.005550384521484
1531041633.5235672,28800,26.52889633178711
1531041753.0716386,28928,27.403839111328125
1531041872.6883316,29056,26.856040954589844
1531041992.2632859,29184,26.238815307617188
1531042206.944718,29312,27.34563446044922
1531042326.426478,29440,27.38299560546875
1531042445.999133,29568,26.73952293395996
1531042565.6557894,29696,26.27971649169922
1531042781.7421694,29824,26.86838150024414
1531042901.3128831,29952,26.28270721435547
1531043020.8142085,30080,27.04270362854004
1531043140.354786,30208,26.98433494567871
1531043354.3597367,30336,26.598079681396484
1531043473.8867455,30464,25.650856018066406
1531043593.5231671,30592,25.782028198242188
1531043712.740744,30720,26.56140899658203
1531043928.054531,30848,26.362510681152344
1531044047.5935464,30976,27.566375732421875
1531044167.1354518,31104,27.002206802368164
1531044286.7619736,31232,26.383846282958984
1531044500.216433,31360,25.579519271850586
1531044619.5597773,31488,27.06119155883789
1531044738.95511,31616,26.124095916748047
1531044857.8981106,31744,26.682262420654297
1531045072.5228891,31872,26.52482795715332
1531045191.9440444,32000,27.63676643371582
1531045311.4318054,32128,26.744014739990234
1531045430.9203506,32256,26.570207595825195
1531045647.5137193,32384,27.265336990356445
1531045766.9626918,32512,27.98476219177246
1531045886.2275112,32640,26.529298782348633
1531046005.64655,32768,27.147052764892578
1531046222.898396,32896,26.249202728271484
1531046342.357579,33024,27.23533821105957
1531046461.5733545,33152,27.127620697021484
1531046580.6551974,33280,27.459115982055664
1531046796.6090252,33408,27.643949508666992
1531046916.165097,33536,27.17456817626953
1531047035.678657,33664,27.88416290283203
1531047155.4145644,33792,27.596036911010742
1531047369.6908321,33920,27.230884552001953
1531047489.0383224,34048,27.637069702148438
1531047608.3785245,34176,27.091720581054688
1531047727.8959742,34304,28.72638702392578
1531047941.9435532,34432,27.606945037841797
1531048061.381816,34560,27.129993438720703
1531048180.763383,34688,26.863048553466797
1531048300.1671507,34816,28.137264251708984
1531048514.7610729,34944,27.97136116027832
1531048634.310446,35072,27.23736572265625
1531048753.815717,35200,27.353981018066406
1531048873.2332323,35328,27.988550186157227
1531049089.1968503,35456,28.530471801757812
1531049208.7782176,35584,27.390384674072266
1531049328.43223,35712,27.310420989990234
1531049447.7146564,35840,28.87111473083496
1531049662.5574267,35968,28.38307762145996
1531049781.8640206,36096,27.77805519104004
1531049901.0668514,36224,28.40880012512207
1531050020.4176302,36352,29.010732650756836
1531050237.1347487,36480,28.633670806884766
1531050356.695288,36608,29.179908752441406
1531050476.3526793,36736,29.041595458984375
1531181516.5376937,36992,28.917724609375
1531181636.1334097,37120,28.202106475830078
1531181755.648057,37248,29.28424072265625
1531181875.3967972,37376,28.88032341003418
1531182089.8782082,37504,29.0417537689209
1531182209.4138544,37632,29.69911766052246
1531182328.9595811,37760,29.244461059570312
1531182448.5722985,37888,29.634357452392578
1531182661.380269,38016,28.31439781188965
1531182780.8582847,38144,29.283090591430664
1531182900.2651284,38272,29.72439956665039
1531183019.4677844,38400,29.649503707885742
1531183232.179304,38528,29.4102783203125
1531183351.881901,38656,28.98786163330078
1531183471.4344726,38784,29.993608474731445
1531183591.014354,38912,28.86106300354004
1531183802.8320692,39040,28.455123901367188
1531183922.5644832,39168,27.889801025390625
1531184042.2532883,39296,28.742570877075195
1531184161.760593,39424,28.755977630615234
1531184374.3739164,39552,28.296951293945312
1531184493.277388,39680,29.411226272583008
1531184612.7572062,39808,30.177406311035156
1531184732.1905031,39936,28.360788345336914
1531184944.775018,40064,29.0616397857666
1531185064.1452985,40192,28.43454360961914
1531185183.4642713,40320,28.09203338623047
1531185302.9572432,40448,29.122323989868164
1531185514.963209,40576,28.396587371826172
1531185634.2807705,40704,27.56657600402832
1531185753.5598872,40832,28.98644256591797
1531185872.8381658,40960,29.018096923828125
1531186085.3061898,41088,29.339393615722656
1531186204.6738973,41216,29.489748001098633
1531186324.0239017,41344,29.239110946655273
1531186443.5542653,41472,29.619461059570312
1531186657.6252658,41600,29.174863815307617
1531186777.2032485,41728,28.970504760742188
1531186896.7067358,41856,28.52981185913086
1531187016.210622,41984,28.71647071838379
1531187229.9667969,42112,28.19820785522461
1531187349.498848,42240,28.200546264648438
1531187469.038389,42368,29.206430435180664
1531187588.601436,42496,29.09528160095215
1531187802.9230695,42624,28.268404006958008
1531187922.2950313,42752,27.818416595458984
1531188041.7116678,42880,28.161056518554688
1531188161.2534554,43008,28.1992244720459
1531188374.5475607,43136,27.80607795715332
1531188494.0073888,43264,28.50865364074707
1531188613.4329138,43392,28.56282615661621
1531188732.9195485,43520,27.80480194091797
1531188946.6012187,43648,27.54477882385254
1531189066.1175287,43776,28.1141414642334
1531189185.5279503,43904,28.701627731323242
1531189304.9321365,44032,29.011337280273438
1531189518.6385245,44160,27.787899017333984
1531189638.212023,44288,28.761436462402344
1531189757.662265,44416,29.319869995117188
1531189877.2603054,44544,28.698888778686523
1531190091.0625346,44672,28.535842895507812
1531190210.531336,44800,27.858936309814453
1531190329.924711,44928,28.10411834716797
1531190449.3131237,45056,28.743661880493164
1531190661.9927247,45184,28.728321075439453
1531190781.4287004,45312,27.364091873168945
1531190900.810441,45440,27.784639358520508
1531191020.427648,45568,28.084270477294922
1531191233.7411065,45696,28.29292106628418
1531191353.1377234,45824,29.10860252380371
1531191472.5742507,45952,28.686782836914062
1531191592.0785105,46080,28.256397247314453
1531191805.7562783,46208,27.587053298950195
1531191925.194098,46336,27.925260543823242
1531192044.778431,46464,28.794158935546875
1531192164.1075087,46592,28.642587661743164
1531192377.7295897,46720,28.982925415039062
1531192497.2598505,46848,28.597763061523438
1531192616.760269,46976,30.760177612304688
1531192736.3038938,47104,29.618436813354492
1531192951.3423767,47232,28.88357925415039
1531193070.7515194,47360,28.301036834716797
1531193190.2987409,47488,28.477468490600586
1531193309.7866926,47616,29.253965377807617
1531193522.895375,47744,28.291196823120117
1531193642.3706927,47872,28.724010467529297
1531193761.8602493,48000,29.389240264892578
1531193881.0930078,48128,28.305809020996094
1531194096.1742754,48256,28.502004623413086
1531194215.675904,48384,28.597442626953125
1531194335.3022454,48512,29.94089126586914
1531194454.9943607,48640,29.037492752075195
1531194669.4417617,48768,27.789087295532227
1531194788.9949303,48896,29.054893493652344
1531194908.4953644,49024,28.706130981445312
1531195028.2075493,49152,27.945995330810547
1531195242.2255619,49280,28.124805450439453
1531195361.8493834,49408,28.947776794433594
1531195481.1382895,49536,28.517536163330078
1531195600.4871278,49664,28.476085662841797
1531195814.2148962,49792,29.11606216430664
1531195933.7760038,49920,29.001556396484375
1531196053.2284844,50048,28.915748596191406
1531196172.7655547,50176,29.412668228149414
1531196385.3222272,50304,28.295028686523438
1531196504.8437653,50432,28.730606079101562
1531196624.1943505,50560,29.24974822998047
1531196743.6064577,50688,29.574939727783203
1531196957.226702,50816,29.109697341918945
1531197076.6942549,50944,28.207616806030273
1531197196.043571,51072,28.748092651367188
1531197315.120991,51200,29.41901397705078
1531197528.7454503,51328,29.32965087890625
1531197648.2725098,51456,28.802322387695312
1531197767.6769524,51584,28.53862762451172
1531197887.414328,51712,28.89093780517578
1531198101.8691883,51840,29.87109375
1531198221.2512994,51968,30.025146484375
1531198340.8547988,52096,29.03543472290039
1531198460.332496,52224,28.729339599609375
1531198675.3443265,52352,29.183685302734375
1531198794.9635773,52480,29.597780227661133
1531198914.4953122,52608,29.826213836669922
1531199034.023578,52736,29.996503829956055
1531199249.2922122,52864,29.366111755371094
1531199368.7406416,52992,30.17387580871582
1531199488.267515,53120,28.05034065246582
1531199607.8842638,53248,28.496931076049805
1531199823.5134406,53376,28.51646614074707
1531199942.913634,53504,29.634252548217773
1531200062.4187217,53632,28.585113525390625
1531200181.9382598,53760,28.92837905883789
1531200396.0013337,53888,29.744571685791016
1531200515.5852842,54016,28.8907527923584
1531200635.063573,54144,28.38350486755371
1531200754.501399,54272,28.52867889404297
1531200969.7210937,54400,29.470245361328125
1531201089.223191,54528,28.69280242919922
1531201208.7322695,54656,29.419401168823242
1531201328.3351438,54784,29.43082046508789
1531201543.4732091,54912,29.46920394897461
1531201663.174714,55040,29.77459716796875
1531201782.951332,55168,30.062721252441406
1531201902.4093406,55296,29.34676742553711
1531202117.4024148,55424,29.91244888305664
1531202236.9294121,55552,30.51805877685547
1531202356.4238625,55680,30.33078384399414
1531202476.1241038,55808,29.68379020690918
1531202692.389086,55936,29.74105453491211
1531202811.8407297,56064,29.616065979003906
1531202931.1908205,56192,29.080604553222656
1531203050.6120772,56320,29.853904724121094
1531203265.4877615,56448,28.959426879882812
1531203384.9042711,56576,30.06020164489746
1531203504.314627,56704,29.303531646728516
1531203623.704062,56832,29.237960815429688
1531203837.5422995,56960,29.84354019165039
1531203956.929695,57088,28.668201446533203
1531204076.3889585,57216,28.451852798461914
1531204195.96394,57344,29.82542610168457
1531204411.9196858,57472,29.039793014526367
1531204531.2827055,57600,28.511493682861328
1531204650.6372962,57728,29.792850494384766
1531204769.7571988,57856,29.415401458740234
1531204986.707962,57984,30.012845993041992
1531205105.965335,58112,29.80617904663086
1531205225.2661266,58240,29.842605590820312
1531205344.5134966,58368,29.977863311767578
1531205560.0616727,58496,29.66977882385254
1531205679.6043139,58624,30.031774520874023
1531205799.1799126,58752,28.79994010925293
1531205918.654764,58880,30.547611236572266
1531206134.1859334,59008,29.589445114135742
1531206253.6044059,59136,29.80803680419922
1531206372.957709,59264,30.175508499145508
1531206492.334846,59392,30.263702392578125
1531206707.5878918,59520,29.667865753173828
1531206827.0590272,59648,30.13515853881836
1531206946.6023383,59776,30.307907104492188
1531207066.2510045,59904,29.305814743041992
1531207282.1215534,60032,30.233552932739258
1531207401.6056387,60160,30.285663604736328
1531207521.1651871,60288,30.813081741333008
1531207640.7233148,60416,30.18343162536621
1531207857.34384,60544,29.816190719604492
1531207976.8313527,60672,30.530893325805664
1531208096.3135793,60800,29.87915802001953
1531208215.7966661,60928,29.608491897583008
1531208431.8225834,61056,29.8659610748291
1531208551.4036388,61184,29.34404182434082
1531208670.818241,61312,31.048704147338867
1531208790.4444637,61440,31.124475479125977
1531209007.408071,61568,30.672107696533203
1531209126.990281,61696,30.55178451538086
1531209246.319576,61824,29.889850616455078
1531209365.7427216,61952,30.89196014404297
1531209582.6677475,62080,30.995620727539062
1531209701.9242682,62208,29.698881149291992
1531209821.3386297,62336,30.07489776611328
1531209940.883095,62464,30.584701538085938
1531210158.8407867,62592,31.25745964050293
1531210278.3604665,62720,30.886791229248047
1531210397.934177,62848,30.863433837890625
1531210517.42047,62976,31.28726577758789
1531210735.83343,63104,30.693552017211914
1531210855.338385,63232,30.758827209472656
1531210974.8265252,63360,30.87621307373047
1531211094.2658637,63488,31.228422164916992
1531211311.9319994,63616,31.3802490234375
1531211431.5112612,63744,31.902057647705078
1531211550.9757109,63872,30.738441467285156
1531211670.416463,64000,31.664447784423828
1531211889.3047533,64128,32.43519592285156
1531212009.0560694,64256,31.441822052001953
1531212128.5997164,64384,31.155437469482422
1531212248.1336858,64512,32.281883239746094
1531212467.1614306,64640,32.22206497192383
1531212586.7223928,64768,31.948518753051758
1531212706.5790148,64896,31.387889862060547
1531212826.0198615,65024,31.789291381835938
1531213044.485305,65152,31.55105972290039
1531213164.0438616,65280,30.958602905273438
1531213283.5572045,65408,32.077857971191406
1531213403.0847952,65536,31.439849853515625
1531213620.025956,65664,30.757965087890625
1531213739.6722724,65792,31.195980072021484
1531213859.1277313,65920,31.850608825683594
1531213978.7019684,66048,32.36567687988281
1531214198.7073238,66176,31.42852783203125
1531214318.1581855,66304,31.077030181884766
1531214437.6032245,66432,31.740650177001953
1531214557.0337827,66560,30.574443817138672
1531214776.2675226,66688,31.551803588867188
1531214895.586104,66816,32.18330764770508
1531215015.074869,66944,32.28080368041992
1531215134.5255547,67072,32.85750961303711
1531215352.9442387,67200,31.43682098388672
1531215472.5806763,67328,31.972076416015625
1531215592.031341,67456,32.55226135253906
1531215711.6278756,67584,31.732452392578125
1531215931.405683,67712,32.027008056640625
1531216050.8880708,67840,31.487098693847656
1531216170.2549036,67968,31.440725326538086
1531216289.7900174,68096,32.3931999206543
1531216508.8300402,68224,32.14229965209961
1531216628.335648,68352,31.759313583374023
1531216747.7822554,68480,32.9913215637207
1531216867.3632972,68608,31.854137420654297
1531217086.2266467,68736,32.020538330078125
1531217205.698659,68864,32.96173095703125
1531217325.2364078,68992,32.55889892578125
1531217444.825895,69120,33.18193054199219
1531217666.0025032,69248,32.51557159423828
1531217785.4484506,69376,32.5812873840332
1531217905.0196354,69504,32.70991134643555
1531218024.545833,69632,33.67391586303711
1531218243.4155934,69760,31.481307983398438
1531218363.0808108,69888,32.4634895324707
1531218482.5847175,70016,32.64337921142578
1531218602.2845378,70144,32.58460998535156
1531218821.6081078,70272,32.39287185668945
1531218941.174863,70400,32.88102722167969
1531219060.7998557,70528,32.78257369995117
1531219180.417801,70656,31.867229461669922
1531219399.1745598,70784,32.3785285949707
1531219518.5131528,70912,32.65582275390625
1531219637.875984,71040,32.72392272949219
1531219757.2155786,71168,32.816078186035156
1531219976.1819067,71296,33.70429229736328
1531220095.4046474,71424,33.347660064697266
1531220214.9932399,71552,33.481727600097656
1531220334.5967715,71680,32.89588928222656
1531220553.8800728,71808,32.678260803222656
1531220673.59905,71936,32.70175552368164
1531220793.0590296,72064,33.56138229370117
1531220912.5716126,72192,33.139034271240234
1531221131.2607267,72320,33.83498001098633
1531221250.9023597,72448,32.76882553100586
1531221370.2584736,72576,33.548423767089844
1531221489.6255922,72704,33.137393951416016
1531221708.0114884,72832,32.85426712036133
1531221827.5688303,72960,34.69365692138672
1531221947.1368148,73088,33.650245666503906
1531222066.8398073,73216,33.604270935058594
1531222285.5196404,73344,33.06513595581055
1531222405.2423067,73472,33.81378173828125
1531222524.8370018,73600,32.49533462524414
1531241907.3826237,73856,33.80105972290039
1531242026.5878692,73984,33.65608596801758
1531242145.8434932,74112,33.9519157409668
1531242264.88294,74240,33.877403259277344
1531242480.8137794,74368,34.201072692871094
1531242600.1795852,74496,33.702335357666016
1531242719.6821744,74624,33.953147888183594
1531242839.0523348,74752,34.13447189331055
1531243053.9735107,74880,34.38690948486328
1531243173.5024354,75008,34.10804748535156
1531252070.8862941,75392,33.13494110107422
1531252192.30149,75520,33.02964401245117
1531252314.2307084,75648,34.36897659301758
1531252436.4420893,75776,35.15599822998047
1531252651.8920386,75904,34.47357177734375
1531252771.1578195,76032,34.167877197265625
1531252890.471137,76160,35.25077819824219
1531253009.4280753,76288,34.43877410888672
1531253224.6876056,76416,34.654449462890625
1531253344.1735597,76544,33.565486907958984
1531253463.7931356,76672,34.56414031982422
1531253583.1377432,76800,33.72577667236328
1531253799.3847156,76928,34.14873504638672
1531253919.005767,77056,34.32785415649414
1531254038.6331112,77184,33.92840576171875
1531254158.2050126,77312,34.28032684326172
1531254372.1935863,77440,34.753170013427734
1531254491.8650823,77568,35.82760238647461
1531254611.5490363,77696,34.45920944213867
1531254731.1835854,77824,35.031593322753906
1531254947.518318,77952,34.968624114990234
1531255066.8373728,78080,34.05240249633789
1531255185.8907645,78208,34.358787536621094
1531255305.0875533,78336,34.40277862548828
1531255520.8596554,78464,34.846961975097656
1531255639.9482458,78592,33.91230010986328
1531255758.9385865,78720,34.74492645263672
1531255878.2328188,78848,34.82416915893555
1531256093.0861878,78976,36.03453063964844
1531256212.5603507,79104,34.965126037597656
1531256331.6183043,79232,35.416744232177734
1531256451.064521,79360,34.73564910888672
1531256667.4397595,79488,34.77222442626953
1531256786.7603142,79616,36.27703857421875
1531256906.299133,79744,34.45008850097656
1531257025.5675325,79872,35.31219482421875
1531257241.3687491,80000,34.96641540527344
1531257360.758902,80128,35.29191207885742
1531257480.084119,80256,35.61914825439453
1531257599.4784207,80384,34.954994201660156
1531257815.6911604,80512,35.07077407836914
1531257935.0779417,80640,35.02812576293945
1531258054.6768012,80768,35.660945892333984
1531258174.197116,80896,35.23219680786133
1531258388.7953727,81024,35.4841423034668
1531258508.4072354,81152,34.787044525146484
1531258628.0558577,81280,35.85148620605469
1531258747.4860604,81408,35.6534309387207
1531258962.402546,81536,36.16637420654297
1531259081.835977,81664,35.21202850341797
1531259201.3037236,81792,33.556182861328125
1531259320.7892587,81920,35.794189453125
1531259536.485876,82048,35.26630783081055
1531259656.0563817,82176,35.405601501464844
1531259775.7407756,82304,34.83382034301758
1531259895.190519,82432,35.78266525268555
1531260111.4519582,82560,34.85004425048828
1531260230.8515553,82688,35.207847595214844
1531260350.290967,82816,34.9289436340332
1531260469.7441833,82944,35.62893295288086
1531260685.760235,83072,34.918968200683594
1531260805.147213,83200,35.003318786621094
1531260924.703825,83328,35.917724609375
1531261044.1344535,83456,36.02897262573242
1531261259.1133325,83584,35.61456298828125
1531261378.674853,83712,34.601646423339844
1531261498.2241652,83840,35.19135284423828
1531261617.6005008,83968,35.1998176574707
1531261835.790954,84096,37.250518798828125
1531261955.1321645,84224,36.64409255981445
1531262074.5726318,84352,37.00553894042969
1531262194.117231,84480,35.721893310546875
1531262411.9469078,84608,34.58171463012695
1531262531.672387,84736,35.10679626464844
1531262651.184027,84864,36.213382720947266
1531262770.6228607,84992,36.287200927734375
1531262986.7695959,85120,35.54823303222656
1531263106.0088372,85248,35.63298797607422
1531263225.4002674,85376,36.425315856933594
1531263344.8112798,85504,36.26548385620117
1531263560.7448137,85632,36.05470275878906
1531263680.3999884,85760,36.266788482666016
1531263799.9160306,85888,37.069732666015625
1531263919.179125,86016,36.11408615112305
1531264136.560853,86144,35.11517333984375
1531264256.181532,86272,35.478763580322266
1531264375.3487146,86400,35.277061462402344
1531264494.8151789,86528,36.41262435913086
1531264712.582534,86656,36.558738708496094
1531264832.009232,86784,36.849483489990234
1531264951.4256895,86912,36.802978515625
1531265070.910415,87040,37.54267120361328
1531265287.1307862,87168,36.46620178222656
1531265406.7003922,87296,37.035614013671875
1531265525.9352448,87424,36.581050872802734
1531265645.2012913,87552,36.531063079833984
1531265860.328202,87680,37.49789047241211
1531265979.540345,87808,37.72003173828125
1531266098.8291435,87936,37.67630386352539
1531266218.2847524,88064,36.9926643371582
1531266435.3776948,88192,38.350101470947266
1531266554.9237251,88320,36.10230255126953
1531266674.5615926,88448,37.01291275024414
1531266794.1652863,88576,37.59910583496094
1531267011.4071002,88704,35.76673126220703
1531267131.1071608,88832,35.89601135253906
1531267250.7831216,88960,37.831886291503906
1531267370.4649112,89088,37.08074951171875
1531267586.0783305,89216,37.7039680480957
1531267705.4606988,89344,38.33836364746094
1531267825.0647328,89472,37.6229133605957
1531267944.6850514,89600,36.728309631347656
1531268160.3645008,89728,36.564720153808594
1531268279.6585348,89856,36.807395935058594
1531268399.1163208,89984,37.74858474731445
1531268518.6627326,90112,36.31938171386719
1531268736.4749339,90240,38.22765350341797
1531268855.9068248,90368,37.638729095458984
1531268975.5060327,90496,37.559226989746094
1531269094.9103851,90624,37.87590789794922
1531269314.4810288,90752,38.515525817871094
1531269434.0217474,90880,37.85955810546875
1531269553.6979697,91008,38.30644226074219
1531269673.252054,91136,38.24197006225586
1531269891.789897,91264,38.06760787963867
1531270011.3467543,91392,37.93583679199219
1531270130.9356487,91520,37.40046691894531
1531270250.5858307,91648,37.492347717285156
1531270469.2292154,91776,38.29823684692383
1531270588.9869318,91904,38.24512481689453
1531270708.6343753,92032,37.413368225097656
1531270828.2906528,92160,38.46516799926758
1531271047.64589,92288,37.37274932861328
1531271167.3217616,92416,38.970375061035156
1531271287.0728042,92544,38.37566375732422
1531271406.6870518,92672,37.34455108642578
1531271625.028815,92800,37.220664978027344
1531271744.444027,92928,38.18144989013672
1531271863.8543591,93056,38.24776077270508
1531271983.2534685,93184,38.77681350708008
1531272201.1332805,93312,38.82666778564453
1531272320.6551974,93440,38.460960388183594
1531272440.0935035,93568,38.5241584777832
1531272559.7866538,93696,38.60756301879883
1531272779.050806,93824,38.722618103027344
1531272898.6226962,93952,38.932342529296875
1531273018.2520895,94080,38.67532730102539
1531273137.7640233,94208,37.75032424926758
1531273353.7040179,94336,38.3535270690918
1531273473.119779,94464,39.10653305053711
1531273592.5210998,94592,37.9922981262207
1531273711.9442227,94720,37.90614318847656
1531273928.640003,94848,38.865989685058594
1531274047.868497,94976,39.46699905395508
1531274167.229225,95104,39.55094528198242
1531274286.5499406,95232,38.997703552246094
1531274503.762801,95360,38.66061019897461
1531274623.0148385,95488,38.514469146728516
1531274742.2642286,95616,38.77241897583008
1531274861.603755,95744,38.478271484375
1531275079.7114015,95872,38.2582893371582
1531275199.1352363,96000,39.23918533325195
1531275318.5455585,96128,38.76450729370117
1531275437.8945572,96256,38.53834533691406
1531275655.0547376,96384,39.52899932861328
1531275774.5237436,96512,39.55945587158203
1531275893.910635,96640,39.72093963623047
1531276013.3988523,96768,39.521026611328125
1531276231.7419462,96896,38.940582275390625
1531276351.2591963,97024,38.78445053100586
1531276470.8505683,97152,38.06351089477539
1531276590.282913,97280,39.68333435058594
1531276806.8850613,97408,40.52021026611328
1531276926.2732677,97536,38.846187591552734
