wall_time,step,value
1531110041.0159717,512,158.295654296875
1531110396.5603318,1024,106.34883117675781
1531110752.2007768,1536,78.72594451904297
1531111108.3072717,2048,88.21337127685547
1531111462.26778,2560,65.85759735107422
1531111817.1252139,3072,49.4500732421875
1531112171.2558658,3584,29.2122802734375
1531112523.3592415,4096,24.268321990966797
1531112873.7912874,4608,21.10311508178711
1531113226.495815,5120,14.115694046020508
1531113575.4079087,5632,4.984004020690918
1531113924.569509,6144,3.345369815826416
1531114274.6843991,6656,5.010095596313477
1531114626.080887,7168,9.451035499572754
1531367971.5476646,8192,4.2188215255737305
1531368316.2629402,8704,8.183237075805664
1531368661.2079556,9216,6.339994430541992
1531369005.7278612,9728,6.673408508300781
1531369350.6807895,10240,6.328620910644531
1531369697.380467,10752,3.9598124027252197
1531370042.3504746,11264,3.3698666095733643
1531370387.5154054,11776,7.419696807861328
1531370732.3693383,12288,5.167953968048096
1531371078.4347384,12800,1.640636920928955
1531371425.035213,13312,2.069112777709961
1531371770.3713782,13824,-0.1791258454322815
1531372117.312501,14336,1.8202131986618042
1531372462.7488263,14848,1.2702746391296387
1531372808.5930996,15360,0.11867273598909378
1531373153.827791,15872,2.3904547691345215
1531373499.1366065,16384,-1.2826788425445557
1531373844.5884364,16896,-0.20303656160831451
1531374189.9321506,17408,-5.164878845214844
1531374537.0580437,17920,-3.959066390991211
1531374883.1983182,18432,-0.2270587980747223
1531375230.4871473,18944,-4.082459449768066
1531375577.3259814,19456,-3.2951297760009766
1531375925.1263926,19968,-1.835890293121338
1531376271.342858,20480,-4.333562850952148
1531376617.2384818,20992,-5.721747875213623
1531376963.9587946,21504,0.26556628942489624
1531377310.7415512,22016,-2.5938258171081543
1531377656.3325334,22528,-3.513937473297119
1531378003.647576,23040,-2.2619545459747314
1531378350.4524117,23552,-6.324606418609619
1531378696.0131211,24064,-5.257909774780273
1531379042.8927221,24576,-3.6604418754577637
1531379389.320098,25088,-1.422117829322815
1531379735.3913126,25600,-8.593032836914062
1531380083.4683158,26112,-0.4190053641796112
1531380429.4111886,26624,-6.449926376342773
1531380777.4335415,27136,-0.07450530678033829
1531381123.748649,27648,-1.339192271232605
1531381470.938011,28160,-0.3432466983795166
1531381817.2056844,28672,-2.5390636920928955
1531382165.4896815,29184,-2.617722749710083
1531382511.506292,29696,-5.4261064529418945
1531382859.427814,30208,-3.7019882202148438
1531383208.7303426,30720,-6.583089828491211
1531383557.0863872,31232,-1.5888967514038086
1531383905.8031163,31744,-2.971249580383301
1531384253.7313979,32256,-4.238424777984619
1531384602.1998162,32768,-4.470670700073242
1531384950.4100506,33280,1.7626030445098877
1531385298.8636096,33792,-2.661876678466797
1531385646.31394,34304,-5.364851951599121
1531385994.309201,34816,-7.1078877449035645
1531386342.9936254,35328,2.7001852989196777
1531386690.6867423,35840,1.6035590171813965
1531387039.1442122,36352,-5.367408275604248
1531387387.7272656,36864,-1.9797800779342651
1531387735.2545943,37376,-3.7532718181610107
1531388083.6805499,37888,-8.304080963134766
1531388430.9961286,38400,-8.724191665649414
1531388778.3682418,38912,-7.862288475036621
1531389127.4776287,39424,-3.4549410343170166
1531389474.4447935,39936,-4.754462718963623
1531389821.9376948,40448,-8.381267547607422
1531390170.2532387,40960,-9.66008186340332
1531390518.222688,41472,-9.811845779418945
1531390866.1388142,41984,-2.64664363861084
1531391214.17439,42496,-6.981158256530762
1531391561.7000349,43008,-3.7613701820373535
1531391909.7679927,43520,-2.103966474533081
1531392259.3126283,44032,-4.7945733070373535
1531392606.21256,44544,-10.122740745544434
1531392954.6976113,45056,-7.177021503448486
1531393303.4288409,45568,-2.729276418685913
1531416779.9594848,46592,-5.343379974365234
1531417123.6158552,47104,-12.437073707580566
1531417469.2519312,47616,0.4618000388145447
1531417812.7628489,48128,-1.3810114860534668
1531418159.0886006,48640,-2.198000192642212
1531418504.1707406,49152,-6.498859405517578
1531418848.3291612,49664,-1.8847899436950684
1531419195.148689,50176,-0.27650171518325806
1531419540.2278614,50688,-4.8186235427856445
1531419886.6543803,51200,-3.0833828449249268
1531420231.1568835,51712,-6.084007263183594
1531420576.2492664,52224,-1.4081759452819824
1531420922.5041928,52736,2.131162166595459
1531421268.378916,53248,-8.889073371887207
1531421612.925697,53760,-7.009880065917969
1531421958.4628131,54272,-5.577556133270264
1531422304.7316458,54784,-4.958713531494141
1531422650.315784,55296,-1.20937180519104
1531422994.8730793,55808,-7.656333923339844
1531423340.4603016,56320,-3.309842109680176
1531423686.762556,56832,-1.7901523113250732
1531424033.2104814,57344,1.774590253829956
1531424379.128045,57856,-13.454505920410156
1531424724.374405,58368,-7.0737996101379395
1531425070.471593,58880,-3.196369171142578
1531425416.5123525,59392,-7.042986869812012
1531425763.2357242,59904,-1.5973482131958008
1531426108.844343,60416,-5.786728858947754
1531426455.4984493,60928,-8.943853378295898
1531426800.7176094,61440,-6.518484592437744
1531427147.667094,61952,-11.794775009155273
1531427494.2005682,62464,-5.230775356292725
1531427842.7875338,62976,-5.837297439575195
1531428188.7746766,63488,-0.04567670822143555
1531428536.478895,64000,-11.678487777709961
1531428883.7014217,64512,-9.408894538879395
1531429231.6557412,65024,-11.840758323669434
1531429579.1342583,65536,-8.6279296875
1531429925.9093525,66048,-13.793233871459961
1531430272.972276,66560,-8.727177619934082
1531430619.5090864,67072,-6.625421524047852
1531430967.4562361,67584,-9.509820938110352
1531431314.777679,68096,-11.301471710205078
1531431662.0477757,68608,-15.381112098693848
1531432010.046573,69120,-20.305105209350586
1531432357.8417015,69632,-10.843500137329102
1531432705.6227489,70144,-8.259334564208984
1531433055.481268,70656,-16.226272583007812
1531433403.9572878,71168,-10.60293960571289
1531433754.0759876,71680,-11.891682624816895
1531434101.2972322,72192,-18.894451141357422
1531434451.6778615,72704,-11.413844108581543
1531434799.4010031,73216,-16.124042510986328
1531435149.6448689,73728,-11.775883674621582
1531435498.2963588,74240,-11.645425796508789
1531435847.7037673,74752,-17.186119079589844
1531436198.2675264,75264,-9.571178436279297
1531436546.5101168,75776,-8.059736251831055
1531436895.975271,76288,-9.428915023803711
1531437244.6381724,76800,-5.74913215637207
1531437593.4578407,77312,-12.916779518127441
1531437943.006538,77824,-10.38113021850586
1531438291.0772796,78336,-12.687356948852539
1531438640.5162911,78848,-16.625228881835938
1531438990.749501,79360,-6.7418904304504395
1531439341.879208,79872,-6.786744117736816
1531439690.8505204,80384,-0.969152569770813
1531440040.864577,80896,-10.770691871643066
1531440390.1062105,81408,-10.988076210021973
1531440741.8416257,81920,-13.016561508178711
1531441092.3933043,82432,-9.49502182006836
1531441442.0580318,82944,-12.44205379486084
1531441793.9619937,83456,-3.8018016815185547
1531442145.6378093,83968,-15.405698776245117
1531517719.5205367,84992,-6.177130699157715
1531518064.770622,85504,-11.009998321533203
1531518409.7573018,86016,-8.585023880004883
1531518755.2646513,86528,-12.944232940673828
1531519101.3662207,87040,-2.3242101669311523
1531519449.1396801,87552,-5.455813407897949
1531519795.5142815,88064,-6.834454536437988
1531520142.5774105,88576,-6.68159818649292
1531520489.2535396,89088,-8.954121589660645
1531520836.19832,89600,-13.426061630249023
1531521183.4393983,90112,-12.673629760742188
1531521531.1113195,90624,-5.911086082458496
1531521879.400496,91136,-10.826447486877441
1531522226.9305847,91648,-7.231640815734863
1531522575.0113082,92160,-3.8496859073638916
1531522922.9459875,92672,1.8187122344970703
1531523270.3099108,93184,-9.802400588989258
1531523617.8865802,93696,0.451462984085083
1531523966.0534205,94208,-1.1729193925857544
1531524314.1270368,94720,-14.377364158630371
1531524663.6620154,95232,2.077571392059326
1531525012.430655,95744,-2.4515738487243652
1531525360.480263,96256,-7.569454193115234
1531525708.9309924,96768,-4.6414642333984375
1531526057.1625338,97280,-7.883552551269531
