wall_time,step,value
1532727873.025725,512,1285.816162109375
1532974028.0123553,1024,818.5018920898438
1532975648.2493548,1536,639.0362548828125
1532977249.8557856,2048,599.4979248046875
1532978843.5908518,2560,486.88665771484375
1532980429.2213318,3072,555.0762939453125
1532982000.0881495,3584,446.60693359375
1532983575.8892922,4096,462.16473388671875
1532985141.5077748,4608,543.9805908203125
1532986714.3149593,5120,528.0527954101562
1532988296.6866233,5632,509.46771240234375
1533118631.770854,6656,565.3694458007812
1533120196.1918707,7168,571.1178588867188
1533121760.0876086,7680,605.9210815429688
1533123304.786411,8192,674.28662109375
1533124857.3621283,8704,572.4876708984375
1533126412.051692,9216,605.5890502929688
1533127963.9889421,9728,657.0489501953125
1533129525.4507792,10240,677.6459350585938
1533131077.0405912,10752,658.29345703125
1533132632.7710893,11264,674.9208374023438
1533134189.3235471,11776,649.4121704101562
1533135742.528078,12288,635.169189453125
1533137299.7274737,12800,675.9842529296875
1533138863.220942,13312,753.2679443359375
1533140416.3213263,13824,642.294677734375
1533141950.3061185,14336,695.1301879882812
1533143495.9799652,14848,708.776611328125
1533145046.6871817,15360,749.499755859375
1533146579.8408709,15872,787.2703247070312
1533148121.9379554,16384,769.1314697265625
1533149656.212383,16896,736.8645629882812
1533151204.508658,17408,808.8290405273438
1533152730.7943513,17920,769.261962890625
1533154259.0979695,18432,786.2169189453125
1533155775.1266284,18944,822.9750366210938
1533157301.6519053,19456,846.1738891601562
1533158822.2922323,19968,789.11962890625
1533160361.207407,20480,848.0575561523438
1533161884.7103703,20992,878.5111083984375
1533163403.8361256,21504,883.7628173828125
1533164924.8653522,22016,838.9244384765625
1533166443.8080497,22528,842.4014282226562
1533167967.9253426,23040,864.0801391601562
1533169489.241166,23552,867.8279418945312
1533171008.0937204,24064,890.3346557617188
1533172523.0509923,24576,949.4549560546875
1533174045.7677178,25088,911.7255859375
1533175559.6719632,25600,880.8816528320312
1533177085.142062,26112,941.2788696289062
1533178596.2613516,26624,923.830078125
1533180119.7682166,27136,984.1236572265625
1533181638.6103323,27648,968.095458984375
1533183162.7528574,28160,1007.9208984375
1533184677.1080005,28672,1102.8255615234375
1533186190.5529044,29184,1048.82958984375
1533187717.399395,29696,1182.305419921875
1533189257.0185108,30208,1182.2852783203125
1533190779.581168,30720,1139.8485107421875
1533192304.680181,31232,1120.03076171875
1533193844.6444714,31744,1200.63232421875
1533195373.771242,32256,1089.958251953125
1533196901.5337834,32768,1181.554443359375
1533198422.8264997,33280,1119.7110595703125
1533199959.392927,33792,1167.099365234375
1533201500.7554276,34304,1258.272216796875
1533203037.9614012,34816,1269.450927734375
1533204583.7616727,35328,1286.62158203125
1533206126.202625,35840,1243.71240234375
1533207671.2566118,36352,1309.45751953125
1533209215.262439,36864,1328.475830078125
1533210753.27874,37376,1380.007080078125
1533357202.8410609,37888,1440.598388671875
1533358724.9400105,38400,1327.89599609375
1533360261.6652918,38912,1492.1585693359375
1533361792.417981,39424,1493.2271728515625
1533363322.1279414,39936,1461.3746337890625
1533364860.5340543,40448,1626.85986328125
1533366386.792084,40960,1468.2559814453125
1533367930.2326028,41472,1535.93994140625
1533369467.8766932,41984,1631.823974609375
1533370999.024454,42496,1561.2781982421875
1533372544.8943157,43008,1640.3492431640625
1533374073.3184035,43520,1678.72802734375
1533375616.5049267,44032,1724.3294677734375
1533377149.077523,44544,1624.089111328125
1533378692.1539335,45056,1727.959716796875
1533380235.0082893,45568,1850.971435546875
1533381776.543394,46080,1704.227294921875
1533383315.848588,46592,1841.8829345703125
1533384858.903854,47104,1783.3076171875
1533386410.9903395,47616,1791.584716796875
1533402134.0012486,48640,1935.8446044921875
1533403675.6634698,49152,1875.9080810546875
1533405232.2746627,49664,1857.9779052734375
1533406774.0976508,50176,1992.13623046875
1533408326.5092542,50688,1960.23828125
1533409889.6030812,51200,1933.5966796875
1533411438.5050118,51712,2116.554931640625
1533412985.6799028,52224,2083.920166015625
1533414534.6655774,52736,1986.1097412109375
1533416096.2480452,53248,2076.71728515625
1533417662.3681257,53760,2049.6328125
1533419226.6636953,54272,2051.49853515625
1533420803.0216658,54784,2086.27197265625
1533422359.4504056,55296,2103.487060546875
1533423916.0816505,55808,2160.0146484375
1533425469.547238,56320,2363.2275390625
1533427050.2797716,56832,2409.06689453125
1533428619.4680367,57344,2291.01806640625
1533430184.4272058,57856,2312.59814453125
1533431764.1202977,58368,2424.79443359375
1533433332.3283124,58880,2210.607666015625
1533434894.9625142,59392,2301.479736328125
1533436454.2142835,59904,2354.044677734375
1533438029.9264526,60416,2394.28662109375
1533439601.0879762,60928,2368.48046875
1533441175.3292737,61440,2461.47509765625
1533442758.4343193,61952,2406.36962890625
1533444327.5719635,62464,2592.32080078125
1533445900.1292756,62976,2550.534423828125
1533447468.8561661,63488,2412.848876953125
1533449035.256149,64000,2601.377197265625
1533450609.9538739,64512,2499.716552734375
1533452173.843457,65024,2521.668701171875
1533453758.4014785,65536,2716.022705078125
1533455327.8259864,66048,2603.8515625
1533456918.280106,66560,2677.40576171875
1533458485.2757547,67072,2671.956787109375
1533460044.9217095,67584,2750.183349609375
1533461627.6301236,68096,2629.521484375
1533463193.545901,68608,2788.5810546875
1533464769.9959538,69120,2739.492431640625
1533466355.4452198,69632,2920.50537109375
1533467931.9506226,70144,2756.656982421875
1533469502.5458968,70656,2932.381591796875
1533471086.4816225,71168,2981.02978515625
1533472674.8053856,71680,3046.4052734375
1533474258.2294793,72192,2959.493896484375
1533475839.816751,72704,2842.11083984375
1533477421.4980156,73216,3060.64892578125
1533479003.5107095,73728,3178.130615234375
1533480596.4914367,74240,3122.958251953125
1533483602.1613064,75264,3099.39306640625
1533485182.2206044,75776,2989.600830078125
1533486753.3133256,76288,3212.429931640625
1533488331.024488,76800,3122.410888671875
1533489905.2079222,77312,3284.024169921875
1533491483.3052142,77824,3351.16259765625
1533493051.6226008,78336,3175.139892578125
1533494628.0518093,78848,3304.526611328125
1533496203.018099,79360,3200.04150390625
1533497770.2591746,79872,3207.55859375
1533499341.2524211,80384,3125.16943359375
1533500922.8669014,80896,3501.94384765625
1533502506.8405151,81408,3205.438720703125
1533504085.1436772,81920,3599.693603515625
1533505649.4069176,82432,3234.762451171875
1533507242.202135,82944,3474.043212890625
1533508812.6638696,83456,3368.42236328125
1533510394.982515,83968,3439.6103515625
1533511978.685158,84480,3604.89306640625
1533513562.951989,84992,3511.056640625
1533515143.7438064,85504,3390.781494140625
1533516733.6264985,86016,3560.66796875
1533518318.075294,86528,3680.7177734375
1533519897.7144697,87040,3423.01513671875
1533521484.7570584,87552,3729.154052734375
1533523058.4035604,88064,3508.923095703125
1533524640.2443554,88576,3888.39990234375
1533526229.651842,89088,3530.510986328125
1533527812.3377717,89600,3741.23046875
1533529401.531082,90112,3844.2685546875
1533530986.9990373,90624,3755.197998046875
1533532567.648527,91136,3652.743408203125
1533534151.599791,91648,3715.413330078125
1533535733.0237179,92160,3696.936767578125
1533537310.4063106,92672,3505.921142578125
1533538891.3360472,93184,3678.74169921875
1533540460.1678216,93696,3750.898681640625
1533542039.2755096,94208,4021.856201171875
1533543620.8641832,94720,3809.242431640625
1533545212.7516987,95232,3948.94970703125
1533546789.424457,95744,3807.54541015625
1533548375.5525734,96256,3793.689453125
1533549965.6756475,96768,4009.538818359375
1533551547.3087347,97280,4211.30810546875
