wall_time,step,value
1530806083.7705083,512,4.83484411239624
1530806477.062526,1024,4.1299285888671875
1530806866.2805183,1536,3.538376808166504
1530807256.9083683,2048,3.6098902225494385
1530807647.970901,2560,2.809699296951294
1530808036.577317,3072,2.249323606491089
1530808423.7507956,3584,2.1375317573547363
1530808810.6657822,4096,1.8852670192718506
1530809195.958272,4608,1.9622656106948853
1530809581.36686,5120,2.3988962173461914
1530809966.268456,5632,1.9879777431488037
1530810352.490933,6144,2.445132255554199
1530810737.910096,6656,2.1340973377227783
1530811121.6007,7168,2.2085518836975098
1530811505.5714161,7680,2.3835854530334473
1530811890.3855617,8192,1.8724489212036133
1530812276.0124729,8704,2.0258326530456543
1530812660.401752,9216,2.1260571479797363
1530813045.5993798,9728,2.195469617843628
1530813431.677603,10240,1.9399094581604004
1530813816.5772862,10752,1.869849443435669
1530814201.4659786,11264,2.442136764526367
1530814585.616156,11776,1.5602774620056152
1530814971.3752255,12288,1.6571061611175537
1530815357.1441476,12800,1.457459568977356
1530815743.1297104,13312,1.516122579574585
1530816128.9314122,13824,1.876931071281433
1530816514.495709,14336,1.8819628953933716
1530816901.874422,14848,1.6056615114212036
1530817288.6825268,15360,2.0193629264831543
1530817676.120791,15872,1.4246044158935547
1530818063.4844391,16384,1.6020365953445435
1530818451.5867214,16896,1.4123470783233643
1530818840.064683,17408,2.0166618824005127
1530819227.2979443,17920,1.5843346118927002
1530819615.9280381,18432,1.9550135135650635
1530820004.4278958,18944,1.674500584602356
1530820392.3454404,19456,1.8783799409866333
1530820781.1298227,19968,1.9427378177642822
1530821169.9814878,20480,1.5392768383026123
1530821558.0153108,20992,2.266646146774292
1530821947.176213,21504,1.5514867305755615
1530822334.116531,22016,1.3806613683700562
1530822720.826596,22528,1.5714948177337646
1530823108.8044698,23040,1.5427446365356445
1530823497.2870758,23552,1.5325578451156616
1530823885.1415725,24064,1.3753000497817993
1530824273.444898,24576,1.8545095920562744
1530824662.7381377,25088,1.2588926553726196
1530825052.0612614,25600,1.525107979774475
1530825441.230225,26112,1.514373540878296
1530825831.5429187,26624,1.7776232957839966
1530826220.7499475,27136,1.3756699562072754
1530826611.2662075,27648,1.342078447341919
1530827000.9876282,28160,1.5168465375900269
1530827389.4142396,28672,1.711726427078247
1530827779.8485851,29184,1.802691102027893
1530828169.7775445,29696,1.3045684099197388
1530828559.3350883,30208,1.2845149040222168
1530828948.7511249,30720,1.537237524986267
1530829339.3456025,31232,1.8672821521759033
1530829729.034786,31744,1.5419259071350098
1530830117.5348415,32256,1.5233030319213867
1530830509.1458294,32768,1.482683539390564
1530830897.9724908,33280,1.4081735610961914
1530831287.8839834,33792,1.6256345510482788
1530831678.674198,34304,1.8133635520935059
1530832068.862112,34816,1.3064780235290527
1530832458.7425752,35328,1.859872817993164
1530832848.031494,35840,1.7196897268295288
1530833237.521282,36352,1.3758888244628906
1530833627.4492536,36864,1.6956019401550293
1530834018.5509653,37376,1.6055885553359985
1530905690.1893728,38400,1.5256574153900146
1530906076.433658,38912,1.399336814880371
1530906460.2069714,39424,1.4297611713409424
1530906845.3235638,39936,1.305300235748291
1530907230.8485277,40448,1.6243375539779663
1530907617.476402,40960,1.034834861755371
1530908004.7952342,41472,1.1202495098114014
1530908391.1213193,41984,2.2769596576690674
1530908777.3779614,42496,1.4780714511871338
1530909164.8644047,43008,1.6409907341003418
1530909551.2907343,43520,1.4823275804519653
1530909938.1774764,44032,1.1826447248458862
1530910325.1758695,44544,1.2897666692733765
1530910712.51549,45056,2.056882619857788
1530911100.8300662,45568,1.498389720916748
1530911488.4880867,46080,1.3815476894378662
1530911877.4519496,46592,1.731916069984436
1530912265.4470167,47104,1.8987394571304321
1530912653.3312817,47616,1.7417064905166626
1530913043.2105103,48128,1.3250771760940552
1530913432.220711,48640,1.3611880540847778
1530913819.7360258,49152,1.8552145957946777
1530914207.693544,49664,1.360899806022644
1530914595.2632172,50176,1.7887980937957764
1530914982.772731,50688,1.7643910646438599
1530915372.4504073,51200,1.1633864641189575
1530915762.1952434,51712,1.5334447622299194
1530916151.2727878,52224,1.7066975831985474
1530916540.875592,52736,1.1326032876968384
1530916928.7683363,53248,1.5818018913269043
1530917317.7789583,53760,1.341889500617981
1530917708.5350275,54272,1.2463058233261108
1530918096.770487,54784,1.4004714488983154
1530918484.9107199,55296,1.3032429218292236
1530918874.1595838,55808,1.196446418762207
1530919263.562218,56320,1.5369579792022705
1530919653.3183942,56832,1.2313899993896484
1530920043.204705,57344,1.2233428955078125
1530920433.0488894,57856,1.188427209854126
1530920822.4601276,58368,1.0713143348693848
1530921211.8562849,58880,1.5582195520401
1530921601.2090042,59392,1.1689633131027222
1530921990.5391917,59904,1.4808857440948486
1530922382.0553248,60416,0.9833054542541504
1530922772.4822435,60928,1.229242205619812
1530923162.5669541,61440,2.246274709701538
1530923551.9534676,61952,1.4246293306350708
1530923942.1173153,62464,1.0289394855499268
1530924331.8412862,62976,1.5229686498641968
1530924723.5061402,63488,1.3186156749725342
1530925114.3950462,64000,1.6757553815841675
1530925504.4766812,64512,1.2353092432022095
1530925897.3507512,65024,1.5056469440460205
1530926290.2091284,65536,1.5875452756881714
1530926680.55397,66048,1.6421300172805786
1530927071.536346,66560,1.3269561529159546
1530927462.1319983,67072,1.1836423873901367
1530927854.5986676,67584,1.1404964923858643
1530928246.5426157,68096,1.4480241537094116
1530928637.2605402,68608,1.12776780128479
1530929027.86953,69120,1.545076847076416
1530929419.504888,69632,1.2095485925674438
1530929810.7093992,70144,1.8067933320999146
1530930202.2569656,70656,1.0171945095062256
1530930593.7330184,71168,1.0952876806259155
1530930986.2470787,71680,1.5695641040802002
1530931378.4147356,72192,1.4617745876312256
1530931771.2097354,72704,1.3157832622528076
1530932164.7878933,73216,1.1684192419052124
1530932556.7055085,73728,1.3622239828109741
1530932950.529783,74240,1.2854251861572266
1530958326.1194584,75264,1.314591407775879
1530958712.0801072,75776,1.3444406986236572
1530959097.650984,76288,1.239380121231079
1530959484.3571136,76800,1.1819193363189697
1530959870.9946067,77312,1.3562767505645752
1530960257.3869405,77824,1.807963490486145
1530960644.455747,78336,1.080525517463684
1530961030.4900947,78848,1.5821152925491333
1530961417.7143276,79360,1.4327452182769775
1530961804.8990152,79872,1.216621994972229
1530962192.1685104,80384,1.398672103881836
1530962579.4459667,80896,1.1076264381408691
1530962964.6135948,81408,1.0283207893371582
1530963352.0846426,81920,1.9672569036483765
1530963737.6149218,82432,1.2825026512145996
1530964124.5839899,82944,1.690200924873352
1530964511.4816346,83456,1.3567739725112915
1530964898.757083,83968,1.3364757299423218
1530965285.0577044,84480,1.1848199367523193
1530965671.797431,84992,1.950975775718689
1530967971.0984454,86016,1.286421298980713
1530968357.0033817,86528,1.512195348739624
1530968741.3079507,87040,1.2561181783676147
1530969126.6397932,87552,1.2122441530227661
1530969512.2610483,88064,1.975804090499878
1530969896.9029899,88576,1.7710436582565308
1530970282.422783,89088,1.2951765060424805
1530970669.4293864,89600,1.0704187154769897
1530971054.323005,90112,1.1658421754837036
1530971439.1273508,90624,1.05790114402771
1530971824.5079327,91136,1.122517704963684
1530972210.77021,91648,1.2088149785995483
1530972596.3032138,92160,1.8153407573699951
1530972982.1121435,92672,1.7070403099060059
1530973368.746777,93184,1.2798328399658203
1530973755.7209034,93696,1.6230493783950806
1530974142.1388655,94208,1.0725207328796387
1530974528.2878242,94720,1.1361079216003418
1530974916.9272423,95232,1.126905918121338
1530975303.7976778,95744,1.5759963989257812
1530975691.122412,96256,1.2249526977539062
1530976080.1289222,96768,1.275744915008545
1530976467.7953181,97280,0.9531264305114746
