wall_time,step,value
1532647273.1883507,512,1214.59814453125
1532648589.7570038,1024,714.5327758789062
1532649898.7740963,1536,534.8883666992188
1532651197.9602873,2048,432.5759582519531
1532652482.7056212,2560,329.85028076171875
1532653739.7569444,3072,321.1015319824219
1532654971.686002,3584,283.60797119140625
1532656208.5593107,4096,291.7449645996094
1532657442.9639034,4608,315.8876647949219
1532658680.916924,5120,287.4408264160156
1532659926.8335361,5632,340.63360595703125
1532661180.1367168,6144,290.39776611328125
1532662447.6896021,6656,278.9775695800781
1532663720.5804365,7168,272.3041076660156
1532664999.5573807,7680,310.1622314453125
1532666278.40486,8192,333.30853271484375
1532667553.3609068,8704,348.46356201171875
1532668829.9408638,9216,355.9479675292969
1532670113.0228539,9728,390.07122802734375
1532671386.4949656,10240,406.7474670410156
1532672657.3971128,10752,379.9735107421875
1532673934.4055216,11264,417.0799865722656
1532675214.7114878,11776,431.4914245605469
1532676484.7683752,12288,406.163818359375
1532677757.1145937,12800,437.10052490234375
1532679028.5578313,13312,477.7716369628906
1532680299.5063152,13824,456.19830322265625
1532681565.6546557,14336,486.7143249511719
1532682830.6161861,14848,463.826904296875
1532684102.4282265,15360,504.20062255859375
1532685372.5556557,15872,536.27392578125
1532686651.8562138,16384,535.701904296875
1532687931.2023103,16896,537.5381469726562
1532689195.3231528,17408,556.6195678710938
1532690469.7599752,17920,625.0548706054688
1532691740.9124494,18432,577.8527221679688
1532693013.378175,18944,682.1013793945312
1532694291.1713164,19456,608.0770874023438
1532695565.007632,19968,633.8110961914062
1532696833.47799,20480,611.7939453125
1532698099.3494158,20992,652.8065185546875
1532699370.2953312,21504,678.6073608398438
1532700643.9620895,22016,672.238525390625
1532701927.8567495,22528,754.4061279296875
1532703206.3930044,23040,757.1930541992188
1532704486.092336,23552,728.0630493164062
1532705761.407012,24064,736.4700927734375
1532707044.1255677,24576,822.107421875
1532708314.5342977,25088,742.3881225585938
1532709587.5970035,25600,766.3870849609375
1532710861.3960958,26112,801.5005493164062
1532712143.481546,26624,798.5756225585938
1532713421.1213498,27136,839.808837890625
1532714704.1021082,27648,809.8572998046875
1532715983.8245125,28160,874.2340698242188
1532717267.0336974,28672,833.0535278320312
1532718543.8931637,29184,919.4398193359375
1532719822.6942134,29696,858.43408203125
1532721105.831099,30208,918.980712890625
1532722386.2212882,30720,864.6763916015625
1532723673.4268909,31232,944.1345825195312
1532724959.845852,31744,902.3972778320312
1532726235.8425949,32256,958.1965942382812
1532891720.2951636,32768,915.8927612304688
1532892984.4574227,33280,937.0927734375
1532894255.0830424,33792,1054.65771484375
1532895526.5571296,34304,1013.7239990234375
1532896797.683959,34816,1042.8675537109375
1532898070.3759046,35328,987.8956909179688
1532899340.157154,35840,1082.67431640625
1532900612.001191,36352,998.84228515625
1532901881.5368726,36864,1083.560302734375
1532903158.6363444,37376,1102.850341796875
1532904434.489443,37888,1104.2784423828125
1532905709.5716097,38400,1115.793701171875
1532906992.9070516,38912,1211.127685546875
1532908271.1378274,39424,1150.6197509765625
1532909550.664304,39936,1197.16064453125
1532910826.5095105,40448,1221.4168701171875
1532912109.4651208,40960,1212.02880859375
1532913387.116679,41472,1213.3182373046875
1532914680.0716648,41984,1254.7432861328125
1532915961.015885,42496,1324.308837890625
1532917243.0665052,43008,1246.94140625
1532918525.527605,43520,1288.560302734375
1532919803.6130033,44032,1303.9866943359375
1532921086.2667832,44544,1288.7152099609375
1532922369.7665658,45056,1344.503662109375
1532923654.703908,45568,1378.4073486328125
1532924930.085175,46080,1368.8353271484375
1532926209.1331336,46592,1451.8306884765625
1532927493.7996573,47104,1370.813720703125
1532928777.713633,47616,1386.224853515625
1532930060.6017325,48128,1422.2548828125
1532931332.6254008,48640,1405.6671142578125
1532932614.6727257,49152,1462.0572509765625
1532933893.7760415,49664,1485.826904296875
1532935173.3733952,50176,1444.1077880859375
1532936448.9323814,50688,1433.1575927734375
1532937732.6089828,51200,1514.9935302734375
1532939012.7618284,51712,1520.6993408203125
1532940291.124847,52224,1481.0186767578125
1532941567.8888159,52736,1537.196533203125
1532942850.5610404,53248,1548.1087646484375
1532944131.8621612,53760,1531.7181396484375
1532945410.5157998,54272,1592.0284423828125
1532946697.141401,54784,1562.069580078125
1532947975.7085998,55296,1580.9998779296875
1532949254.9466696,55808,1570.4197998046875
1532950541.6801555,56320,1642.39111328125
1532951824.5794678,56832,1577.95654296875
1532953106.1187143,57344,1726.776123046875
1532954389.4381187,57856,1713.701416015625
1532955671.8128228,58368,1673.42578125
1532956953.8853579,58880,1661.4918212890625
1532958234.771974,59392,1712.3314208984375
1532959519.2681165,59904,1672.385986328125
1532960803.8855488,60416,1691.708740234375
1532962084.5712514,60928,1662.9117431640625
1532963367.960017,61440,1761.886962890625
1532964647.2479057,61952,1791.7322998046875
1532965932.8253748,62464,1777.831787109375
1532967217.5850742,62976,1747.1346435546875
1532968501.0157692,63488,1731.8035888671875
1532969783.820422,64000,1689.8302001953125
1532971059.1387577,64512,1748.084716796875
1532972340.4689543,65024,1659.277099609375
1533036711.5256128,65536,1788.19384765625
1533037994.5399146,66048,1889.515869140625
1533039276.3575032,66560,1894.5830078125
1533040562.2534702,67072,1902.21923828125
1533041847.8550086,67584,1960.8270263671875
1533043126.9622383,68096,1887.5716552734375
1533044412.4790382,68608,1904.392822265625
1533045702.13742,69120,1847.5872802734375
1533046982.5925558,69632,1860.0682373046875
1533048262.360456,70144,2023.1314697265625
1533049544.3190706,70656,1941.971435546875
1533050830.2743714,71168,1964.286376953125
1533052115.6510093,71680,1923.7532958984375
1533053400.2355819,72192,2034.3597412109375
1533054685.019922,72704,2023.269287109375
1533055966.2497385,73216,2060.89501953125
1533057246.7088096,73728,2068.29541015625
1533058531.3128505,74240,2044.72900390625
1533059818.4282055,74752,2071.433837890625
1533061106.7444274,75264,2094.056396484375
1533062385.7747712,75776,2068.7275390625
1533063679.085895,76288,2169.916015625
1533064966.0202444,76800,2176.972900390625
1533066244.8516781,77312,2181.249267578125
1533067526.6348312,77824,1972.905029296875
1533068800.0019011,78336,2080.494384765625
1533070084.8299825,78848,2193.81298828125
1533071372.303266,79360,2154.640380859375
1533072655.262781,79872,2075.3017578125
1533073937.3340268,80384,2195.0810546875
1533075217.532569,80896,2192.31884765625
1533076503.90504,81408,2226.12451171875
1533077797.4702678,81920,2280.345458984375
1533079079.8970282,82432,2258.36865234375
1533080354.7206957,82944,2413.58642578125
1533081638.469429,83456,2307.26806640625
1533082916.8503544,83968,2354.799072265625
1533084202.3600533,84480,2404.721435546875
1533085481.2708535,84992,2246.918212890625
1533086760.850264,85504,2317.5927734375
1533088049.183468,86016,2387.395263671875
1533089325.1671417,86528,2301.020263671875
1533090605.9567244,87040,2432.502197265625
1533091895.4530797,87552,2431.659423828125
1533093182.367982,88064,2417.063232421875
1533094475.2808716,88576,2459.265869140625
1533095761.0678248,89088,2583.809326171875
1533097038.125204,89600,2494.478759765625
1533098320.6451573,90112,2654.276123046875
1533099611.5869188,90624,2644.501953125
1533100903.8568687,91136,2626.36083984375
1533102183.846152,91648,2564.851806640625
1533103469.7505505,92160,2690.630615234375
1533104756.1159081,92672,2623.225341796875
1533106047.1260986,93184,2741.692138671875
1533107326.7574596,93696,2563.912841796875
1533108610.3030763,94208,2547.474365234375
1533109893.6535525,94720,2683.54443359375
1533111173.1094832,95232,2746.833251953125
1533112455.2133214,95744,2655.490234375
1533113744.6211514,96256,2696.8720703125
1533115023.819922,96768,2626.020263671875
1533116305.6152778,97280,2612.0537109375
