wall_time,step,value
1531110041.0159717,512,1.8008289337158203
1531110396.5603318,1024,2.349637985229492
1531110752.2007768,1536,2.510631561279297
1531111108.3072717,2048,2.644374370574951
1531111462.26778,2560,2.77789568901062
1531111817.1252139,3072,2.8917336463928223
1531112171.2558658,3584,2.8405373096466064
1531112523.3592415,4096,3.038186550140381
1531112873.7912874,4608,2.9589877128601074
1531113226.495815,5120,2.983480453491211
1531113575.4079087,5632,2.9851455688476562
1531113924.569509,6144,3.0352120399475098
1531114274.6843991,6656,3.053006649017334
1531114626.080887,7168,3.2181897163391113
1531367971.5476646,8192,3.188222885131836
1531368316.2629402,8704,3.2849936485290527
1531368661.2079556,9216,3.3023955821990967
1531369005.7278612,9728,3.34637188911438
1531369350.6807895,10240,3.418138027191162
1531369697.380467,10752,3.3127613067626953
1531370042.3504746,11264,3.4364078044891357
1531370387.5154054,11776,3.494788646697998
1531370732.3693383,12288,3.564995288848877
1531371078.4347384,12800,3.636366367340088
1531371425.035213,13312,3.6087703704833984
1531371770.3713782,13824,3.535465717315674
1531372117.312501,14336,3.4755465984344482
1531372462.7488263,14848,3.6347732543945312
1531372808.5930996,15360,3.63330340385437
1531373153.827791,15872,3.698667526245117
1531373499.1366065,16384,3.6469509601593018
1531373844.5884364,16896,3.5331809520721436
1531374189.9321506,17408,3.7156283855438232
1531374537.0580437,17920,3.6117470264434814
1531374883.1983182,18432,3.6848251819610596
1531375230.4871473,18944,3.711447238922119
1531375577.3259814,19456,3.633450984954834
1531375925.1263926,19968,3.606642246246338
1531376271.342858,20480,3.7771389484405518
1531376617.2384818,20992,3.7304272651672363
1531376963.9587946,21504,3.6543707847595215
1531377310.7415512,22016,3.767571210861206
1531377656.3325334,22528,3.7061455249786377
1531378003.647576,23040,3.7035975456237793
1531378350.4524117,23552,3.651648759841919
1531378696.0131211,24064,3.740614414215088
1531379042.8927221,24576,3.7666049003601074
1531379389.320098,25088,3.760685443878174
1531379735.3913126,25600,3.6873393058776855
1531380083.4683158,26112,3.802751064300537
1531380429.4111886,26624,3.8002095222473145
1531380777.4335415,27136,3.7752022743225098
1531381123.748649,27648,3.6656417846679688
1531381470.938011,28160,3.6421120166778564
1531381817.2056844,28672,3.6279640197753906
1531382165.4896815,29184,3.724224090576172
1531382511.506292,29696,3.7106144428253174
1531382859.427814,30208,3.6821773052215576
1531383208.7303426,30720,3.655045986175537
1531383557.0863872,31232,3.73478627204895
1531383905.8031163,31744,3.6857059001922607
1531384253.7313979,32256,3.799567461013794
1531384602.1998162,32768,3.689056396484375
1531384950.4100506,33280,3.711146831512451
1531385298.8636096,33792,3.7490451335906982
1531385646.31394,34304,3.781822919845581
1531385994.309201,34816,3.7593741416931152
1531386342.9936254,35328,3.6815803050994873
1531386690.6867423,35840,3.7616868019104004
1531387039.1442122,36352,3.7451107501983643
1531387387.7272656,36864,3.783433198928833
1531387735.2545943,37376,3.7580676078796387
1531388083.6805499,37888,3.7061619758605957
1531388430.9961286,38400,3.790806531906128
1531388778.3682418,38912,3.772059202194214
1531389127.4776287,39424,3.749683380126953
1531389474.4447935,39936,3.7669804096221924
1531389821.9376948,40448,3.696441650390625
1531390170.2532387,40960,3.7801806926727295
1531390518.222688,41472,3.8108036518096924
1531390866.1388142,41984,3.7855277061462402
1531391214.17439,42496,3.8039355278015137
1531391561.7000349,43008,3.7545101642608643
1531391909.7679927,43520,3.719245195388794
1531392259.3126283,44032,3.773387908935547
1531392606.21256,44544,3.8557181358337402
1531392954.6976113,45056,3.7743191719055176
1531393303.4288409,45568,3.876539707183838
1531416779.9594848,46592,3.8049254417419434
1531417123.6158552,47104,3.7999701499938965
1531417469.2519312,47616,3.8972344398498535
1531417812.7628489,48128,3.77679443359375
1531418159.0886006,48640,3.7277209758758545
1531418504.1707406,49152,3.9070262908935547
1531418848.3291612,49664,3.8583321571350098
1531419195.148689,50176,3.801579236984253
1531419540.2278614,50688,3.824920177459717
1531419886.6543803,51200,3.8640518188476562
1531420231.1568835,51712,3.7400195598602295
1531420576.2492664,52224,3.7671501636505127
1531420922.5041928,52736,3.8181869983673096
1531421268.378916,53248,3.8833892345428467
1531421612.925697,53760,3.8635153770446777
1531421958.4628131,54272,3.7632014751434326
1531422304.7316458,54784,3.722568988800049
1531422650.315784,55296,3.714262008666992
1531422994.8730793,55808,3.7359251976013184
1531423340.4603016,56320,3.760680675506592
1531423686.762556,56832,3.7581028938293457
1531424033.2104814,57344,3.7554919719696045
1531424379.128045,57856,3.7358956336975098
1531424724.374405,58368,3.8314430713653564
1531425070.471593,58880,3.7100167274475098
1531425416.5123525,59392,3.8185641765594482
1531425763.2357242,59904,3.767826557159424
1531426108.844343,60416,3.84456205368042
1531426455.4984493,60928,3.8101954460144043
1531426800.7176094,61440,3.8394691944122314
1531427147.667094,61952,3.789829730987549
1531427494.2005682,62464,3.895618438720703
1531427842.7875338,62976,3.9247474670410156
1531428188.7746766,63488,3.8652091026306152
1531428536.478895,64000,3.8742451667785645
1531428883.7014217,64512,3.839719295501709
1531429231.6557412,65024,3.8760440349578857
1531429579.1342583,65536,3.83394193649292
1531429925.9093525,66048,3.8039660453796387
1531430272.972276,66560,3.820866346359253
1531430619.5090864,67072,3.824167251586914
1531430967.4562361,67584,3.867435932159424
1531431314.777679,68096,3.7943408489227295
1531431662.0477757,68608,3.887493848800659
1531432010.046573,69120,3.8499252796173096
1531432357.8417015,69632,3.9553215503692627
1531432705.6227489,70144,3.771963119506836
1531433055.481268,70656,3.835096836090088
1531433403.9572878,71168,3.9235053062438965
1531433754.0759876,71680,3.8251545429229736
1531434101.2972322,72192,3.825655460357666
1531434451.6778615,72704,3.85197377204895
1531434799.4010031,73216,3.8665108680725098
1531435149.6448689,73728,3.859595775604248
1531435498.2963588,74240,3.854647159576416
1531435847.7037673,74752,3.8498904705047607
1531436198.2675264,75264,3.754938840866089
1531436546.5101168,75776,3.7335848808288574
1531436895.975271,76288,3.7857749462127686
1531437244.6381724,76800,3.7998363971710205
1531437593.4578407,77312,3.8969051837921143
1531437943.006538,77824,3.847435712814331
1531438291.0772796,78336,3.7582316398620605
1531438640.5162911,78848,3.8131511211395264
1531438990.749501,79360,3.795862913131714
1531439341.879208,79872,3.8526580333709717
1531439690.8505204,80384,3.7028331756591797
1531440040.864577,80896,3.748502254486084
1531440390.1062105,81408,3.7861735820770264
1531440741.8416257,81920,3.888453960418701
1531441092.3933043,82432,3.8029072284698486
1531441442.0580318,82944,3.8199782371520996
1531441793.9619937,83456,3.7456493377685547
1531442145.6378093,83968,3.7463886737823486
1531517719.5205367,84992,3.8615870475769043
1531518064.770622,85504,3.834123134613037
1531518409.7573018,86016,3.814081907272339
1531518755.2646513,86528,3.905346393585205
1531519101.3662207,87040,3.7328896522521973
1531519449.1396801,87552,3.760171890258789
1531519795.5142815,88064,3.818056583404541
1531520142.5774105,88576,3.793018341064453
1531520489.2535396,89088,3.7811577320098877
1531520836.19832,89600,3.687699794769287
1531521183.4393983,90112,3.77016019821167
1531521531.1113195,90624,3.800048828125
1531521879.400496,91136,3.795438766479492
1531522226.9305847,91648,3.8339946269989014
1531522575.0113082,92160,3.7923855781555176
1531522922.9459875,92672,3.7833449840545654
1531523270.3099108,93184,3.745070695877075
1531523617.8865802,93696,3.755749225616455
1531523966.0534205,94208,3.8361663818359375
1531524314.1270368,94720,3.858863115310669
1531524663.6620154,95232,3.824345827102661
1531525012.430655,95744,3.779162645339966
1531525360.480263,96256,3.783612012863159
1531525708.9309924,96768,3.8045482635498047
1531526057.1625338,97280,3.815150737762451
