wall_time,step,value
1531050838.8174307,128,133.76063537597656
1531050945.3982706,256,69.6154556274414
1531051052.3246758,384,42.7486686706543
1531051159.3949835,512,39.097774505615234
1531051366.7635508,640,34.999488830566406
1531051473.9659088,768,33.12943649291992
1531051581.150544,896,34.12873840332031
1531051688.111554,1024,39.96884536743164
1531051893.307576,1152,43.026756286621094
1531052000.373167,1280,38.23457717895508
1531052106.8512318,1408,35.93077850341797
1531052213.9574192,1536,35.99599838256836
1531052409.472582,1664,34.578067779541016
1531052516.3717759,1792,37.078372955322266
1531052623.3302178,1920,39.201473236083984
1531052730.2631078,2048,36.97425842285156
1531052927.7254524,2176,37.744266510009766
1531053034.5743458,2304,36.57612991333008
1531053141.6473546,2432,34.856449127197266
1531053248.3720315,2560,33.92689514160156
1531053442.3003178,2688,32.59972381591797
1531053549.400321,2816,32.11800765991211
1531053656.4997008,2944,30.192916870117188
1531053763.2214184,3072,30.4966983795166
1531053962.8797839,3200,28.541210174560547
1531054069.5530384,3328,29.451080322265625
1531054176.358825,3456,28.402149200439453
1531054283.0493293,3584,29.064773559570312
1531054481.145026,3712,28.698604583740234
1531054587.830748,3840,28.410762786865234
1531054694.5329878,3968,29.3458309173584
1531054801.1386194,4096,30.877792358398438
1531054998.4981356,4224,30.64280891418457
1531055105.161263,4352,30.144779205322266
1531055211.8978565,4480,28.749792098999023
1531055318.6027386,4608,27.85211753845215
1531055514.2356753,4736,28.246620178222656
1531055620.9481037,4864,27.652637481689453
1531055727.818922,4992,27.158504486083984
1531055834.5195234,5120,26.936294555664062
1531056031.290184,5248,26.169681549072266
1531056138.0846093,5376,27.038616180419922
1531056244.9476264,5504,26.884275436401367
1531056351.868502,5632,26.361324310302734
1531056547.0300262,5760,26.926673889160156
1531056653.8729532,5888,26.265243530273438
1531056760.7705624,6016,26.738630294799805
1531056867.5364313,6144,26.496248245239258
1531057063.0135105,6272,26.592037200927734
1531057169.9327147,6400,26.812326431274414
1531057276.6686623,6528,25.604572296142578
1531057383.4240549,6656,24.888486862182617
1531057577.73171,6784,26.185352325439453
1531057684.7156532,6912,25.757558822631836
1531057791.6962876,7040,25.06553077697754
1531057898.3403137,7168,24.850770950317383
1531058090.9298384,7296,24.150108337402344
1531058197.8633003,7424,24.008394241333008
1531058304.6902165,7552,24.781110763549805
1531058411.554903,7680,23.992298126220703
1531058605.0424957,7808,23.891292572021484
1531058711.934144,7936,24.991714477539062
1531058818.838733,8064,24.725460052490234
1531058925.558343,8192,24.05803680419922
1531059116.675002,8320,23.304901123046875
1531059223.5906641,8448,23.78134536743164
1531059330.4714525,8576,23.18374252319336
1531059437.3701167,8704,22.464954376220703
1531059629.2092738,8832,23.952320098876953
1531059736.0187044,8960,23.662166595458984
1531059843.0305173,9088,23.94437026977539
1531059949.9610312,9216,24.269153594970703
1531060141.6830666,9344,23.22425079345703
1531060248.6434317,9472,23.262163162231445
1531060355.767772,9600,23.349082946777344
1531060462.8131797,9728,22.889739990234375
1531060654.854472,9856,23.78537940979004
1531060762.0036025,9984,23.341611862182617
1531060868.858425,10112,23.105571746826172
1531060975.743363,10240,24.07057762145996
1531061168.2273648,10368,23.211544036865234
1531061275.3880987,10496,22.927152633666992
1531061382.634946,10624,22.26502227783203
1531061489.4548502,10752,22.486875534057617
1531061680.7710419,10880,23.079999923706055
1531061787.7349687,11008,21.798137664794922
1531061894.7363374,11136,22.242393493652344
1531062001.8171885,11264,22.266372680664062
1531062192.575423,11392,22.466903686523438
1531062299.4914598,11520,22.736692428588867
1531062406.6251495,11648,22.100257873535156
1531062513.6786358,11776,22.328868865966797
1531062706.170259,11904,22.598590850830078
1531062813.174729,12032,21.86009407043457
1531062920.1826262,12160,22.267446517944336
1531063027.2086766,12288,21.70384979248047
1531063218.446065,12416,22.01267433166504
1531063325.4532142,12544,22.768505096435547
1531063432.5023303,12672,21.934656143188477
1531063539.3630311,12800,23.13109588623047
1531063732.154405,12928,22.766294479370117
1531063839.5305688,13056,23.127676010131836
1531063946.5958,13184,22.49262237548828
1531064053.7304156,13312,22.28476905822754
1531064245.0799162,13440,22.564245223999023
1531064352.1570215,13568,22.43703269958496
1531064459.3334422,13696,23.160680770874023
1531064566.2325697,13824,23.580717086791992
1531064757.4401352,13952,22.937278747558594
1531064864.4811769,14080,23.096837997436523
1531064971.4512029,14208,22.757930755615234
1531065078.2909572,14336,23.007293701171875
1531065270.3877304,14464,22.96992301940918
1531065377.3843818,14592,23.042747497558594
1531065484.4368577,14720,22.902616500854492
1531065591.297815,14848,23.47259521484375
1531065782.7116024,14976,23.250551223754883
1531065889.8102865,15104,23.031612396240234
1531065996.9179199,15232,22.616979598999023
1531066103.9210682,15360,22.90017318725586
1531066298.0138342,15488,22.08355712890625
1531066404.7349534,15616,22.35154151916504
1531066511.4192286,15744,23.79330062866211
1531066618.5675168,15872,22.85626983642578
1531066810.949285,16000,22.61438751220703
1531066918.1538544,16128,22.59347915649414
1531067025.2305527,16256,23.152515411376953
1531067132.373466,16384,23.179040908813477
1531067325.684214,16512,23.559494018554688
1531067432.8412762,16640,22.41165542602539
1531067539.8309784,16768,22.393003463745117
1531067646.714482,16896,23.276500701904297
1531067838.7085347,17024,22.905010223388672
1531067945.8144958,17152,23.76194190979004
1531068052.6401355,17280,22.55351448059082
1531068159.6385229,17408,22.499631881713867
1531068350.872595,17536,23.337255477905273
1531068457.7219071,17664,22.858844757080078
1531068564.5097847,17792,23.197614669799805
1531068671.1799345,17920,22.747779846191406
1531068862.6426237,18048,23.026187896728516
1531068969.5559344,18176,23.441282272338867
1531069076.5358377,18304,22.880985260009766
1531069183.5781748,18432,23.602493286132812
1531069375.7252007,18560,22.839282989501953
1531069482.924522,18688,22.910966873168945
1531069590.1830413,18816,23.639026641845703
1531069697.2749312,18944,23.21171760559082
1531069888.9498699,19072,23.823501586914062
1531069996.2097511,19200,23.263839721679688
1531070103.1811042,19328,23.365514755249023
1531070210.3667881,19456,23.082468032836914
1531070403.1037824,19584,22.73630714416504
1531070510.3077438,19712,22.409252166748047
1531070617.0735884,19840,22.468788146972656
1531070724.0812726,19968,22.800315856933594
1531070916.3509297,20096,22.733646392822266
1531071023.5275986,20224,23.321937561035156
1531071130.6445649,20352,23.067867279052734
1531071237.6708908,20480,22.239582061767578
1531071429.4421873,20608,22.84705352783203
1531071536.5429754,20736,22.891931533813477
1531071643.6507044,20864,22.762733459472656
1531071750.6300511,20992,23.550018310546875
1531071942.9121575,21120,23.371164321899414
1531072050.05433,21248,22.783042907714844
1531072157.4537187,21376,23.183258056640625
1531072264.7460237,21504,22.648059844970703
1531072458.2066815,21632,22.83233642578125
1531072565.336009,21760,22.728382110595703
1531072672.5595088,21888,22.454580307006836
1531072779.7660038,22016,22.852508544921875
1531072972.636333,22144,22.5289363861084
1531073079.8766406,22272,22.28128433227539
1531073187.2050526,22400,22.244293212890625
1531073294.386007,22528,22.467191696166992
1531073487.7989047,22656,22.8509578704834
1531073594.8322732,22784,22.42569351196289
1531073702.1022182,22912,22.437166213989258
1531073809.2183533,23040,23.41600227355957
1531074002.3390384,23168,23.38811492919922
1531074109.7162669,23296,22.777183532714844
1531074217.080809,23424,22.542949676513672
1531074324.0360413,23552,22.858661651611328
1531074516.7819896,23680,22.036645889282227
1531074623.9839926,23808,22.70428466796875
1531074731.1849627,23936,22.549129486083984
1531074838.4754295,24064,22.438108444213867
1531075031.2708437,24192,22.20233726501465
1531075138.3390017,24320,23.412765502929688
1531075245.6391168,24448,23.456825256347656
1531075352.861578,24576,22.761276245117188
1531075545.9709783,24704,22.503402709960938
1531075653.2222226,24832,23.074825286865234
1531075760.5514266,24960,22.915475845336914
1531075867.7264197,25088,23.04867935180664
1531076062.0205789,25216,22.79330062866211
1531076169.1936324,25344,22.849178314208984
1531076276.4591863,25472,22.940622329711914
1531076383.7140102,25600,22.74852752685547
1531076577.690596,25728,23.409330368041992
1531076684.9935992,25856,22.979726791381836
1531076792.3208697,25984,23.352703094482422
1531076899.4796224,26112,22.44441032409668
1531077092.331915,26240,23.599660873413086
1531077199.4961443,26368,23.440128326416016
1531077306.7089977,26496,23.816816329956055
1531077413.882544,26624,22.85532569885254
1531077607.0942163,26752,23.098329544067383
1531077714.3768022,26880,22.92235565185547
1531077821.4223804,27008,22.842056274414062
1531077928.5837765,27136,22.57635498046875
1531078120.8686416,27264,23.118431091308594
1531078228.167545,27392,22.420053482055664
1531078335.409368,27520,22.459230422973633
1531078442.717138,27648,22.358720779418945
1531078635.8982701,27776,23.143917083740234
1531078742.8906205,27904,23.330787658691406
1531078849.933628,28032,23.148893356323242
1531078957.1224287,28160,23.77899169921875
1531079149.704828,28288,23.924488067626953
1531079256.9179409,28416,22.820369720458984
1531079363.8917747,28544,23.174795150756836
1531079471.1023355,28672,23.572372436523438
1531079665.7302198,28800,22.808115005493164
1531079772.7507427,28928,24.07249641418457
1531079879.6148856,29056,23.17925262451172
1531079986.7959478,29184,23.703439712524414
1531080182.0514457,29312,23.865482330322266
1531080288.577387,29440,22.898658752441406
1531080395.189446,29568,23.432817459106445
1531080501.7312503,29696,23.888151168823242
1531080696.7317138,29824,24.2569637298584
1531080804.0694475,29952,24.521509170532227
1531080911.1827354,30080,23.764135360717773
1531081018.0834587,30208,24.966922760009766
1531081211.3332202,30336,24.375492095947266
1531081318.6855333,30464,24.711158752441406
1531081425.8044894,30592,24.450836181640625
1531081533.112209,30720,25.220890045166016
1531081728.0911617,30848,24.405778884887695
1531081835.3040023,30976,23.884071350097656
1531081942.7240717,31104,24.882780075073242
1531082050.0232623,31232,24.397979736328125
1531082244.7332613,31360,24.635713577270508
1531082351.9875865,31488,24.106544494628906
1531082459.3308017,31616,24.94293785095215
1531082566.5250754,31744,25.21438217163086
1531082762.0219197,31872,23.876745223999023
1531082869.0803478,32000,24.035503387451172
1531082976.157079,32128,24.580955505371094
1531083082.8768973,32256,23.896099090576172
1531083276.5029316,32384,24.418561935424805
1531083383.8767662,32512,24.665870666503906
1531083491.0197284,32640,24.81972885131836
1531083598.2108843,32768,24.455089569091797
1531083792.0929143,32896,25.036991119384766
1531083899.2861035,33024,24.967350006103516
1531084006.560758,33152,24.588855743408203
1531084113.6698942,33280,25.055112838745117
1531084307.7767477,33408,23.864866256713867
1531084415.0946486,33536,24.911304473876953
1531084522.3044295,33664,24.75007438659668
1531084629.6278937,33792,24.543689727783203
1531084825.7691941,33920,24.703100204467773
1531084933.0717962,34048,24.861055374145508
1531085040.537053,34176,24.979366302490234
1531085147.805995,34304,24.96670913696289
1531085343.6329222,34432,24.989744186401367
1531085450.7552562,34560,24.646310806274414
1531085557.9326296,34688,25.40636444091797
1531085664.894825,34816,25.016368865966797
1531085859.532738,34944,24.87274932861328
1531085966.7628102,35072,25.010215759277344
1531086073.8449733,35200,24.90149688720703
1531086180.9686747,35328,25.684812545776367
1531086375.5247548,35456,25.105819702148438
1531086482.4428933,35584,25.571645736694336
1531086589.162798,35712,24.933639526367188
1531086695.8698287,35840,25.855690002441406
1531086890.7811282,35968,25.380718231201172
1531086997.9027789,36096,25.40824317932129
1531087104.8058794,36224,24.952190399169922
1531087211.4064207,36352,24.748241424560547
1531087406.2179706,36480,26.014440536499023
1531087513.185653,36608,24.561901092529297
1531087620.1160316,36736,26.351354598999023
1531087727.079948,36864,24.770082473754883
1531087924.5180948,36992,25.707578659057617
1531088031.5977042,37120,25.018396377563477
1531088138.5938168,37248,25.264278411865234
1531222877.4029799,37504,24.23533821105957
1531222983.9030898,37632,25.2213077545166
1531223090.5655608,37760,24.74323272705078
1531223197.11719,37888,25.072832107543945
1531223389.014426,38016,24.804716110229492
1531223495.3510811,38144,24.53973960876465
1531223601.7591784,38272,25.478137969970703
1531223708.1532917,38400,24.803083419799805
1531223898.2524128,38528,24.716712951660156
1531224004.8490515,38656,25.277416229248047
1531224111.4629562,38784,25.41521453857422
1531224218.0261905,38912,24.779613494873047
1531224409.0635295,39040,24.856075286865234
1531224515.577357,39168,25.172706604003906
1531224622.379237,39296,24.749347686767578
1531224728.8577423,39424,24.662389755249023
1531224920.5195482,39552,25.285091400146484
1531225027.1711845,39680,25.717639923095703
1531225133.9417505,39808,25.396839141845703
1531225240.562565,39936,25.224151611328125
1531225432.6610188,40064,25.022703170776367
1531225539.3753428,40192,25.13780975341797
1531277159.8437374,40576,24.41034507751465
1531277266.037856,40704,25.049715042114258
1531277372.3695207,40832,25.19647979736328
1531277478.4083674,40960,25.064477920532227
1531277668.9201043,41088,24.222888946533203
1531277775.5902593,41216,24.435134887695312
1531277882.2295904,41344,24.918582916259766
1531277988.8219995,41472,24.623289108276367
1531278178.7948453,41600,25.227609634399414
1531278285.1881912,41728,24.39895248413086
1531278391.7318492,41856,24.4009952545166
1531278498.1888452,41984,24.333057403564453
1531278688.273603,42112,24.40125274658203
1531278794.9035723,42240,24.278060913085938
1531278901.4687293,42368,24.591571807861328
1531279008.0785072,42496,24.694904327392578
1531279198.1760771,42624,24.382858276367188
1531279304.7460349,42752,24.783634185791016
1531279411.3412285,42880,24.532623291015625
1531279517.9497256,43008,25.160850524902344
1531279708.2520432,43136,25.061279296875
1531279814.6913078,43264,24.269210815429688
1531279921.3818572,43392,24.332210540771484
1531280027.9933095,43520,24.211448669433594
1531280218.580131,43648,24.89948272705078
1531280325.202324,43776,25.690170288085938
1531280431.789913,43904,24.204139709472656
1531280538.3780272,44032,24.27198028564453
1531280728.9880235,44160,24.357328414916992
1531280835.6509287,44288,24.51417350769043
1531280942.1934206,44416,24.896425247192383
1531281048.6668866,44544,24.575664520263672
1531281239.7493756,44672,25.14015769958496
1531281346.3360581,44800,24.579071044921875
1531281452.9389102,44928,24.544649124145508
1531281559.4052296,45056,24.714595794677734
1531281750.3507445,45184,24.85274887084961
1531281856.7811437,45312,24.67681884765625
1531281963.373945,45440,24.207380294799805
1531282069.8026764,45568,24.45782470703125
1531282262.0553071,45696,25.41619873046875
1531282368.6992872,45824,24.87085723876953
1531282475.4287663,45952,25.59468650817871
1531282581.9418325,46080,25.20293617248535
1531282774.8003109,46208,23.849159240722656
1531282881.3362458,46336,24.97456932067871
1531282988.0937738,46464,24.848201751708984
1531283094.6859643,46592,25.413211822509766
1531283287.028716,46720,25.52959442138672
1531283393.4885237,46848,24.17797088623047
1531283500.2176483,46976,24.765586853027344
1531283606.8849485,47104,25.02456283569336
1531283798.612257,47232,24.62411117553711
1531283905.1662335,47360,24.48700714111328
1531284011.8063195,47488,24.714574813842773
1531284118.4181604,47616,24.242599487304688
1531284309.065474,47744,25.04360580444336
1531284415.7237372,47872,25.132282257080078
1531284522.411513,48000,25.308673858642578
1531284629.0441592,48128,24.540613174438477
1531284820.6699915,48256,24.562894821166992
1531284927.2906072,48384,24.78566551208496
1531285034.0162852,48512,24.81539535522461
1531285140.708425,48640,24.92527198791504
1531285332.4381502,48768,25.443462371826172
1531285439.0609713,48896,24.510080337524414
1531285545.829418,49024,24.494884490966797
1531285652.4382486,49152,25.37899398803711
1531285844.8422852,49280,25.271339416503906
1531285951.5569837,49408,24.980152130126953
1531286058.0521758,49536,25.149158477783203
1531286164.3943164,49664,24.52011489868164
1531286358.4830983,49792,25.459823608398438
1531286465.001761,49920,25.596450805664062
1531286571.648403,50048,25.901153564453125
1531286678.0741956,50176,25.439489364624023
1531286869.0883,50304,25.361894607543945
1531286975.7373438,50432,24.923171997070312
1531287082.338027,50560,25.52249526977539
1531287188.516068,50688,24.808040618896484
1531287380.9926357,50816,25.678173065185547
1531287487.390236,50944,25.007314682006836
1531287594.055583,51072,25.67894744873047
1531287700.4409952,51200,25.14650535583496
1531287893.3867054,51328,24.903486251831055
1531287999.7960443,51456,25.39162826538086
1531288106.266558,51584,24.908472061157227
1531288212.7886364,51712,25.306894302368164
1531288403.9759912,51840,25.172746658325195
1531288510.6135843,51968,24.1674747467041
1531288617.0315168,52096,25.293272018432617
1531288723.4253705,52224,24.909204483032227
1531288916.555431,52352,25.743633270263672
1531289023.1596897,52480,24.46933364868164
1531289129.6125996,52608,24.209060668945312
1531289235.9874818,52736,24.867759704589844
1531289428.2614632,52864,24.709135055541992
1531289534.6435554,52992,24.724979400634766
1531289641.1163628,53120,25.409433364868164
1531289747.4518921,53248,24.827133178710938
1531289938.1318655,53376,25.418746948242188
1531290044.5993965,53504,24.570232391357422
1531290151.143722,53632,24.084712982177734
1531290257.6562772,53760,24.93476676940918
1531290449.300962,53888,24.56396484375
1531290555.8808193,54016,24.404693603515625
1531290662.5985186,54144,24.453506469726562
1531290769.0026338,54272,24.110376358032227
1531290962.2969806,54400,24.09457778930664
1531291068.757301,54528,24.887022018432617
1531291175.4105482,54656,24.763568878173828
1531291281.8253639,54784,24.515663146972656
1531291475.2718492,54912,24.61090087890625
1531291581.726276,55040,25.612689971923828
1531291688.3600368,55168,25.725215911865234
1531291794.85861,55296,25.154146194458008
1531291988.2553523,55424,25.59813690185547
1531292094.8107529,55552,25.65198516845703
1531292201.3355498,55680,25.558673858642578
1531292307.7044642,55808,25.74236297607422
1531292501.984154,55936,25.57411766052246
1531292608.4215417,56064,24.95567512512207
1531292715.0825155,56192,25.383764266967773
1531292821.2769668,56320,26.274063110351562
1531293015.5150697,56448,25.978097915649414
1531293122.2095473,56576,25.702390670776367
1531293228.6490648,56704,25.05417823791504
1531293335.1684349,56832,24.74755859375
1531293529.8191278,56960,25.800933837890625
1531293636.1307967,57088,25.639328002929688
1531293742.6216452,57216,26.201963424682617
1531293849.0039272,57344,25.708078384399414
1531294042.4767222,57472,25.295595169067383
1531294149.1972072,57600,26.117237091064453
1531294255.718465,57728,26.447914123535156
1531294362.1344757,57856,26.205020904541016
1531294557.1897063,57984,26.095256805419922
1531294663.9218638,58112,25.68781089782715
1531294770.3993883,58240,26.80721664428711
1531294876.9695692,58368,25.702133178710938
1531295070.988135,58496,26.432552337646484
1531295177.5173879,58624,25.53383445739746
1531295284.0629919,58752,25.38556480407715
1531295390.662866,58880,25.69564437866211
1531295586.6728425,59008,26.180545806884766
1531295693.3139315,59136,24.592945098876953
1531295799.9709866,59264,25.200143814086914
1531295906.1626942,59392,25.116060256958008
1531296101.9425044,59520,25.43978500366211
1531296208.2627468,59648,25.663917541503906
1531296314.8039901,59776,25.35617446899414
1531296421.2766767,59904,25.573328018188477
1531296615.7847207,60032,24.814960479736328
1531296722.1121907,60160,24.815488815307617
1531296828.6531062,60288,25.358407974243164
1531296935.118233,60416,25.187353134155273
1531297128.9538667,60544,25.72118377685547
1531297235.3032262,60672,25.723188400268555
1531297341.7538724,60800,25.039295196533203
1531297448.414864,60928,25.358238220214844
1531297642.3488975,61056,25.5889892578125
1531297748.6490703,61184,24.978254318237305
1531297854.864529,61312,25.337413787841797
1531297961.4591951,61440,25.183019638061523
1531298155.6219435,61568,25.316295623779297
1531298262.1856132,61696,25.246971130371094
1531298368.6868224,61824,25.122562408447266
1531298474.9275987,61952,25.131174087524414
1531298668.9117205,62080,25.87388801574707
1531298775.405028,62208,24.914335250854492
1531298881.9917712,62336,25.103553771972656
1531298988.1633964,62464,24.88046646118164
1531299181.503364,62592,25.274019241333008
1531299288.099075,62720,24.805282592773438
1531299394.7440863,62848,25.160858154296875
1531299501.2730074,62976,25.555381774902344
1531299695.0244842,63104,25.449003219604492
1531299801.4264731,63232,25.879364013671875
1531299907.8508668,63360,25.49172592163086
1531300014.510796,63488,25.84112548828125
1531300209.3251133,63616,25.543720245361328
1531300315.952557,63744,26.00258445739746
1531300422.6283283,63872,25.69390296936035
1531300529.02638,64000,25.444183349609375
1531300723.5669155,64128,25.81447410583496
1531300830.1549277,64256,26.349863052368164
1531300936.7402918,64384,24.873699188232422
1531301043.3586361,64512,26.06919288635254
1531301237.3656948,64640,25.3894100189209
1531301344.001636,64768,26.15655517578125
1531301450.655265,64896,25.537796020507812
1531301557.040719,65024,25.486547470092773
1531301751.5495398,65152,26.64990234375
1531301857.9694324,65280,24.646114349365234
1531301964.6471372,65408,25.123435974121094
1531302071.331916,65536,25.262502670288086
1531302267.0984905,65664,24.90618896484375
1531302373.770894,65792,25.57927894592285
1531302480.354654,65920,25.099130630493164
1531302586.894079,66048,25.876941680908203
1531302781.5399742,66176,25.848669052124023
1531302888.0073392,66304,25.6164608001709
1531302994.3796732,66432,25.85422134399414
1531303100.959051,66560,25.586162567138672
1531303294.4559436,66688,26.06185531616211
1531303400.998657,66816,25.44920539855957
1531303507.6457367,66944,26.113656997680664
1531303614.0078108,67072,25.568857192993164
1531303809.4607954,67200,26.369516372680664
1531303916.0625062,67328,26.52304458618164
1531304022.6764815,67456,26.282943725585938
1531304129.1290307,67584,26.8309326171875
1531304323.5008643,67712,26.049068450927734
1531304430.1473677,67840,25.413501739501953
1531304536.7849007,67968,26.071041107177734
1531304643.1631203,68096,26.39701271057129
1531304838.1500316,68224,25.53899383544922
1531304944.7226946,68352,26.540542602539062
1531305051.1234279,68480,26.827592849731445
1531305157.633169,68608,26.88201904296875
1531305351.5531175,68736,25.950618743896484
1531305457.8770123,68864,25.896493911743164
1531305564.012431,68992,26.52985382080078
1531305670.193665,69120,25.739574432373047
1531305864.6629763,69248,26.52399444580078
1531305970.6850908,69376,25.910093307495117
1531306077.092057,69504,25.900558471679688
1531306183.1586118,69632,26.117977142333984
1531306377.3809712,69760,26.207048416137695
1531306483.6484225,69888,26.005231857299805
1531306589.9361246,70016,26.698123931884766
1531306696.321369,70144,25.58360481262207
1531306890.723824,70272,26.826976776123047
1531306997.0827932,70400,26.19835662841797
1531307103.259154,70528,26.593944549560547
1531307209.348616,70656,26.530811309814453
1531307403.8159964,70784,25.164051055908203
1531307510.2646737,70912,25.620630264282227
1531307616.451971,71040,25.87451171875
1531307722.4574478,71168,25.869586944580078
1531307916.901033,71296,25.596023559570312
1531308023.1345885,71424,26.702415466308594
1531308129.7962365,71552,25.506824493408203
1531308235.9835768,71680,26.809782028198242
1531308429.5274668,71808,25.432762145996094
1531308535.8651068,71936,26.106151580810547
1531308642.0690105,72064,26.336605072021484
1531308747.9966009,72192,25.69820785522461
1531308942.472797,72320,25.820266723632812
1531309048.4911258,72448,26.283084869384766
1531309154.695854,72576,26.46891975402832
1531309260.8507578,72704,25.43166732788086
1531309455.6923356,72832,26.15812110900879
1531309561.9182167,72960,26.666812896728516
1531309667.9726822,73088,27.275588989257812
1531309774.0654323,73216,26.81446075439453
1531309968.118538,73344,26.90826416015625
1531310074.6006827,73472,26.703781127929688
1531310180.8130505,73600,27.06157875061035
1531310287.0327113,73728,26.935546875
1531310483.5835602,73856,27.362186431884766
1531310589.9096074,73984,27.084627151489258
1531310696.2207973,74112,26.528778076171875
1531310802.4207077,74240,27.258647918701172
1531310997.3264813,74368,26.863975524902344
1531311103.3974102,74496,27.23634147644043
1531311209.9205415,74624,26.530902862548828
1531311316.2939622,74752,26.27446174621582
1531311509.5009537,74880,26.56191635131836
1531311615.6402497,75008,27.02587890625
1531311721.9625754,75136,26.745588302612305
1531311828.0444562,75264,26.88104248046875
1531312023.766815,75392,27.196392059326172
1531312130.000592,75520,26.609590530395508
1531312236.1793587,75648,27.68848419189453
1531312342.1507094,75776,26.487646102905273
1531312536.772419,75904,26.845165252685547
1531312643.144572,76032,26.494083404541016
1531312749.478298,76160,26.834421157836914
1531312855.516478,76288,27.097827911376953
1531313050.9769208,76416,26.637109756469727
1531313157.616227,76544,26.203580856323242
1531313264.2051504,76672,26.482519149780273
1531313370.4996963,76800,27.14889144897461
1531313565.4318974,76928,27.118175506591797
1531313671.9111252,77056,26.628929138183594
1531313778.154857,77184,26.71790885925293
1531313884.5370753,77312,26.859477996826172
1531314080.353274,77440,28.490629196166992
1531314186.444976,77568,27.36435890197754
1531314292.3423762,77696,27.83146095275879
1531321850.2431524,77952,26.558937072753906
1531321956.9646912,78080,27.2303409576416
1531322064.861164,78208,27.309528350830078
1531322172.9080439,78336,27.601144790649414
1531322363.9011486,78464,27.208860397338867
1531322469.7897713,78592,26.98771095275879
1531322575.50537,78720,27.110790252685547
1531322681.1491833,78848,27.180034637451172
1531322873.8910036,78976,28.370189666748047
1531322979.772828,79104,27.4702205657959
1531323085.7813127,79232,27.447935104370117
1531323191.5203698,79360,27.934385299682617
1531323382.6859403,79488,29.03445053100586
1531323488.666766,79616,28.545719146728516
1531323594.5569472,79744,28.363872528076172
1531323700.35036,79872,26.88895606994629
1531323892.3645444,80000,27.319515228271484
1531323998.2553701,80128,27.75185775756836
1531324104.1545072,80256,27.88971519470215
1531324209.935165,80384,27.272640228271484
1531324401.2284079,80512,27.74404525756836
1531324507.2070096,80640,27.980825424194336
1531324613.0278966,80768,27.3750057220459
1531324718.8837507,80896,27.173988342285156
1531324909.310188,81024,27.734111785888672
1531325015.242274,81152,28.285491943359375
1531325121.2063797,81280,27.73765754699707
1531325227.1913898,81408,27.147907257080078
1531325417.322637,81536,28.24455451965332
1531325523.3550503,81664,26.993404388427734
1531325629.1414275,81792,27.818208694458008
1531325735.2886422,81920,28.496049880981445
1531325926.3411944,82048,27.717437744140625
1531326032.4465008,82176,27.33173370361328
1531326138.3873851,82304,28.00855827331543
1531326244.2433329,82432,27.729333877563477
1531326435.9408803,82560,27.861013412475586
1531326541.9947245,82688,29.400394439697266
1531326647.9921184,82816,27.497169494628906
1531326753.7488885,82944,28.075716018676758
1531326944.6604977,83072,28.2399959564209
1531327050.5801256,83200,27.38043785095215
1531327156.6091497,83328,27.54281997680664
1531327262.4388907,83456,28.82839012145996
1531327454.4913623,83584,27.624732971191406
1531327560.47754,83712,27.564653396606445
1531327666.5582628,83840,27.65931510925293
1531327772.2923746,83968,27.823266983032227
1531327963.8189538,84096,28.331148147583008
1531328069.8047416,84224,27.114803314208984
1531328175.6674132,84352,28.559640884399414
1531328281.4226005,84480,28.9732666015625
1531328473.2933195,84608,28.269012451171875
1531328579.252324,84736,28.796178817749023
1531328685.459121,84864,28.028488159179688
1531328791.2663622,84992,29.361064910888672
1531328983.279386,85120,27.542434692382812
1531329089.126784,85248,28.994474411010742
1531329195.384707,85376,29.211467742919922
1531329301.2768102,85504,28.017101287841797
1531329493.5899155,85632,28.657691955566406
1531329599.6088707,85760,28.673416137695312
1531329705.7718058,85888,29.02379035949707
1531329811.6297681,86016,29.434532165527344
1531330003.466211,86144,28.366798400878906
1531330109.4406495,86272,28.121788024902344
1531330215.2172773,86400,28.123506546020508
1531330321.2829256,86528,28.70166778564453
1531330512.9538527,86656,28.470914840698242
1531330618.9512198,86784,29.149551391601562
1531330724.8761652,86912,29.674232482910156
1531330830.6037517,87040,27.59947967529297
1531331023.203875,87168,28.372957229614258
1531331128.9687362,87296,29.008512496948242
1531331235.0788121,87424,28.426067352294922
1531331341.1725867,87552,27.555774688720703
1531331532.9139943,87680,29.54880142211914
1531331639.0586965,87808,29.216527938842773
1531331745.141989,87936,28.788860321044922
1531331851.0625691,88064,28.921815872192383
1531332044.0175908,88192,28.646984100341797
1531332150.094325,88320,29.06723976135254
1531332256.020502,88448,28.968402862548828
1531332361.9037778,88576,29.20770263671875
1531332554.0739183,88704,28.96197509765625
1531332660.087318,88832,28.83722496032715
1531332766.1413,88960,29.18391990661621
1531332872.0117486,89088,28.8326358795166
1531333062.589237,89216,29.75402069091797
1531333168.7141678,89344,29.168975830078125
1531333274.9656363,89472,30.094554901123047
1531333381.0446274,89600,29.961626052856445
1531333573.1432548,89728,29.49762725830078
1531333679.3319561,89856,28.963285446166992
1531333785.5681357,89984,29.790325164794922
1531333891.6788824,90112,29.578964233398438
1531334083.2042518,90240,29.817630767822266
1531334189.3062782,90368,29.228328704833984
1531334295.6134112,90496,28.756074905395508
1531334401.644105,90624,29.200223922729492
1531334592.1251616,90752,29.485275268554688
1531334698.3978906,90880,29.798179626464844
1531334804.5474243,91008,29.681644439697266
1531334910.6772268,91136,29.257638931274414
1531335102.6601477,91264,29.94757080078125
1531335208.8426166,91392,29.617101669311523
1531335314.9510882,91520,29.79498291015625
1531335420.9699123,91648,29.57097625732422
1531335613.1282802,91776,29.47873306274414
1531335719.2121933,91904,29.941181182861328
1531335825.3350995,92032,30.491701126098633
1531335931.6412911,92160,29.978673934936523
1531336125.3694546,92288,29.22193145751953
1531336231.4901202,92416,29.460233688354492
1531336337.7039702,92544,30.20164680480957
1531336443.7947886,92672,29.555356979370117
1531336635.404533,92800,30.25108528137207
1531336741.6144392,92928,29.72520637512207
1531336847.7247179,93056,30.155702590942383
1531336953.8919165,93184,29.74996566772461
1531337147.211899,93312,29.856399536132812
1531337253.2701933,93440,29.622055053710938
1531337359.1889029,93568,29.64559555053711
1531337465.109683,93696,29.50230598449707
1531337658.847677,93824,29.55414581298828
1531337765.0289876,93952,30.01708984375
1531337871.1045465,94080,29.779924392700195
1531337977.1901605,94208,29.666994094848633
1531338169.9138057,94336,30.48258399963379
1531338275.9352975,94464,29.73992156982422
1531338382.172542,94592,29.758071899414062
1531338488.0047672,94720,30.02164077758789
1531338679.5891454,94848,30.114776611328125
1531338785.9881172,94976,30.219219207763672
1531338891.978907,95104,30.493938446044922
1531338998.0877843,95232,31.273590087890625
1531339191.2388403,95360,30.151103973388672
1531339297.1410856,95488,29.303699493408203
1531339403.523923,95616,29.753549575805664
1531339509.5197055,95744,30.23027992248535
1531339702.7859886,95872,31.45117950439453
1531339808.863364,96000,29.62570571899414
1531339914.9629471,96128,30.21977424621582
1531340021.2186775,96256,30.547325134277344
1531340214.1969047,96384,30.619327545166016
1531340320.21884,96512,30.499977111816406
1531340426.2906187,96640,29.795516967773438
1531340532.1198454,96768,30.768756866455078
1531340723.6815026,96896,29.94826316833496
1531340829.580791,97024,30.90963363647461
1531340935.5387704,97152,30.868560791015625
1531341041.4656882,97280,30.702890396118164
1531341235.9190793,97408,30.10124969482422
