wall_time,step,value
1530415869.710416,512,4.450802803039551
1530416146.771396,1024,2.2694640159606934
1530416423.3221145,1536,4.239389419555664
1530416697.9514103,2048,2.764667272567749
1530416972.9431076,2560,1.561877965927124
1530417245.568259,3072,1.522341012954712
1530417517.3135922,3584,1.189220666885376
1530417789.021648,4096,1.912048101425171
1530418061.1612582,4608,1.2711769342422485
1530418334.7667015,5120,1.5777325630187988
1530418607.8448062,5632,1.093816876411438
1530418881.3739789,6144,0.8986452221870422
1530419155.5507402,6656,0.911700427532196
1530419428.7297118,7168,1.2502681016921997
1530419703.5326154,7680,0.8994598984718323
1530419978.5414739,8192,1.1045724153518677
1530420251.0015752,8704,0.895068347454071
1530420524.2703779,9216,0.9103001356124878
1530420797.55022,9728,0.8988001346588135
1530421070.7669325,10240,0.9691556096076965
1530421343.9333432,10752,1.0593969821929932
1530421618.059493,11264,0.9147952198982239
1530421890.0031915,11776,0.9819496870040894
1530422162.6062346,12288,1.5662554502487183
1530422436.8292427,12800,0.8513461351394653
1530422711.6173549,13312,1.23602294921875
1530422984.6528902,13824,0.929928719997406
1530423256.7948778,14336,0.760349452495575
1530423529.1405456,14848,0.9420129060745239
1530423802.6906753,15360,0.8567702174186707
1530424075.724699,15872,1.4511830806732178
1530424350.0124567,16384,0.9128739237785339
1530424623.602681,16896,0.7597266435623169
1530424897.7073653,17408,0.8437593579292297
1530425171.2799034,17920,0.9307340383529663
1530425446.62862,18432,0.8095299005508423
1530425721.0166032,18944,0.9207669496536255
1530425995.9981909,19456,1.292900800704956
1530426270.8021312,19968,0.7777773141860962
1530426545.47941,20480,0.8716846108436584
1530426819.4991481,20992,1.2465312480926514
1530427094.6247454,21504,0.8706815242767334
1530427368.9301898,22016,1.2911931276321411
1530427645.1029923,22528,0.8638647794723511
1530427919.875394,23040,1.1194740533828735
1530428194.6358979,23552,1.268080234527588
1530428470.8935924,24064,0.6329489946365356
1530428746.3009171,24576,0.9373795986175537
1530429021.144959,25088,0.8167870044708252
1530429296.668968,25600,1.2128009796142578
1530429573.2149935,26112,0.8801283240318298
1530429850.1982117,26624,1.0115004777908325
1530430126.0508387,27136,0.8821566104888916
1530430402.200323,27648,0.7710242867469788
1530430677.1107836,28160,1.1178990602493286
1530430953.5145276,28672,1.0980918407440186
1530431228.9673944,29184,0.9377059936523438
1530431506.3006356,29696,0.7522069215774536
1530431782.4879007,30208,1.0129320621490479
1530432058.6708102,30720,1.0811328887939453
1530432335.6569734,31232,1.095314383506775
1530432612.143319,31744,1.1538856029510498
1530432888.5070224,32256,0.7078805565834045
1530433165.2371535,32768,0.8958841562271118
1530433441.6744518,33280,0.696747362613678
1530433717.1855118,33792,0.9330436587333679
1530433992.8176584,34304,1.4920003414154053
1530434270.5821488,34816,0.9726532697677612
1530434546.3469298,35328,0.8786863088607788
1530434823.0213532,35840,0.7201995849609375
1530435099.0735536,36352,1.0371942520141602
1530435375.4757056,36864,0.8015934824943542
1530435652.3305023,37376,1.0791573524475098
1530435930.1505718,37888,0.8879297971725464
1530565481.549836,38912,1.1322481632232666
1530565757.597293,39424,0.7823566794395447
1530566032.6341252,39936,1.141251564025879
1530566308.9225655,40448,0.9777440428733826
1530566584.0172105,40960,1.1370042562484741
1530566859.0840843,41472,0.8301085233688354
1530567134.7667933,41984,0.8068529367446899
1530567409.6569874,42496,1.0153888463974
1530567684.9481955,43008,0.7159475088119507
1530567960.1450279,43520,0.9541624188423157
1530568236.4709141,44032,0.9323344230651855
1530568511.1734114,44544,1.481614112854004
1530568786.4263322,45056,1.1935697793960571
1530569061.0990036,45568,1.55669105052948
1530569336.7019687,46080,0.7237205505371094
1530569612.4152603,46592,1.1379379034042358
1530569887.934073,47104,0.8356449604034424
1530570163.9528604,47616,0.9019683599472046
1530570439.4180176,48128,0.9478703737258911
1530570714.4763923,48640,1.548053503036499
1530570991.4994667,49152,0.8867996335029602
1530571267.0782099,49664,0.812935471534729
1530571542.2503102,50176,0.6172849535942078
1530571817.967734,50688,1.5300941467285156
1530572093.9056885,51200,0.9250383377075195
1530572370.4876492,51712,0.8493810296058655
1530572644.4395826,52224,1.0955102443695068
1530572921.056635,52736,0.7868300676345825
1530573197.2514515,53248,0.6268548369407654
1530573473.2568974,53760,1.1997885704040527
1530573748.9993348,54272,0.8022777438163757
1530574023.779227,54784,0.932005763053894
1530574299.3813128,55296,1.370004653930664
1530574574.6678305,55808,0.7669965028762817
1530574849.6705246,56320,0.7953318953514099
1530575124.9047725,56832,0.9971523284912109
1530575399.9469094,57344,0.9648363590240479
1530575676.2315488,57856,1.1046923398971558
1530575951.5675042,58368,1.250653624534607
1530576228.3378792,58880,0.7964626550674438
1530576504.112747,59392,0.9879729747772217
1530576780.3106256,59904,0.6835383176803589
1530577054.8719296,60416,0.6775521636009216
1530577330.6216424,60928,0.7910304665565491
1530577605.5854409,61440,0.8415349125862122
1530577882.503427,61952,0.6070232391357422
1530578158.6961305,62464,0.7440339922904968
1530578434.8693469,62976,0.9159071445465088
1530578711.0485682,63488,1.243965983390808
1530578988.4192362,64000,0.8006683588027954
1530579265.9053354,64512,0.8980206847190857
1530579542.2853785,65024,0.6295648813247681
1530579819.9938982,65536,1.5664716958999634
1530580096.217672,66048,0.9852074980735779
1530580372.8267097,66560,0.9924939870834351
1530580650.2328336,67072,0.7359353303909302
1530580925.727484,67584,0.7017489075660706
1530581203.2051618,68096,0.881028413772583
1530581481.429221,68608,0.8178046941757202
1530581758.2666187,69120,0.7272189259529114
1530582035.4103692,69632,0.782349169254303
1530582311.8704932,70144,0.9695795774459839
1530582588.7528493,70656,0.7368932366371155
1530582865.377319,71168,1.0390615463256836
1530583142.4966722,71680,0.7540271878242493
1530583420.1588614,72192,0.7127447724342346
1530583697.0853744,72704,1.0987111330032349
1530583973.364985,73216,1.022937536239624
1530584250.2476854,73728,0.6237386465072632
1530584527.4198053,74240,0.9277740716934204
1530584805.1998084,74752,0.8707607388496399
1530585082.538957,75264,1.114770770072937
1530585360.4864016,75776,0.6302415132522583
1530585640.5068383,76288,0.9777041077613831
1530660955.5672944,77312,0.6760587692260742
1530661229.8904023,77824,0.8844579458236694
1530661503.9879053,78336,0.8888916969299316
1530661779.6893525,78848,0.6854079961776733
1530662055.0078263,79360,0.9158234596252441
1530662329.0505385,79872,0.7262313961982727
1530662602.6823542,80384,0.7243115305900574
1530662878.213278,80896,1.0845670700073242
1530663152.7869728,81408,1.033050537109375
1530663427.233999,81920,0.6656798720359802
1530663702.1188998,82432,1.1808520555496216
1530663978.1767528,82944,1.3553546667099
1530664253.0021112,83456,1.0279157161712646
1530664528.0441477,83968,1.5576897859573364
1530664802.6117594,84480,0.7592478394508362
1530665077.550287,84992,0.8684239983558655
1530665353.0826335,85504,0.7028353810310364
1530665628.6239772,86016,1.182196855545044
1530665903.7015467,86528,1.1478148698806763
1530666179.3063736,87040,1.240195393562317
1530666454.484085,87552,0.8850751519203186
1530666729.1725638,88064,1.379252314567566
1530667004.7484255,88576,0.5193167924880981
1530667279.5662065,89088,0.9543009400367737
1530667554.4325814,89600,0.7250385284423828
1530667830.1468549,90112,0.9461263418197632
1530668104.426194,90624,0.7576051950454712
1530668380.9963999,91136,0.70252525806427
1530668655.6745243,91648,0.9557955861091614
1530668930.5224445,92160,1.042033314704895
1530669205.6435487,92672,0.7261442542076111
1530669482.4712021,93184,1.2398104667663574
1530669757.738526,93696,1.1740567684173584
1530670033.3135486,94208,0.9321798086166382
1530670308.0902767,94720,0.7444353103637695
1530670583.6920314,95232,0.9807064533233643
1530670858.855964,95744,0.6810864806175232
1530671134.8414931,96256,1.0220363140106201
1530671410.178059,96768,1.0774387121200562
1530671688.0665545,97280,0.89627605676651
