wall_time,step,value
1531476825.6901577,512,884.5050048828125
1531477611.0738492,1024,579.3343505859375
1531478391.8030934,1536,366.75341796875
1531479166.401405,2048,256.0963134765625
1531479933.6611457,2560,206.83718872070312
1531480704.9289942,3072,307.3597106933594
1531481471.3180304,3584,246.6472930908203
1531482233.8849187,4096,237.5172119140625
1531482996.5583878,4608,205.29583740234375
1531483758.5110393,5120,204.9578399658203
1531484519.4148118,5632,189.0911102294922
1531485279.1816683,6144,200.9281005859375
1531486042.0135107,6656,169.50436401367188
1531486804.3290827,7168,181.51889038085938
1531487566.1615896,7680,190.45770263671875
1531488330.1923745,8192,182.74896240234375
1531489092.798935,8704,173.29025268554688
1531489857.9704354,9216,195.7186737060547
1531490622.0090058,9728,195.75601196289062
1531491386.071643,10240,198.22679138183594
1531492152.0472171,10752,217.0732421875
1531492916.707979,11264,200.6226348876953
1531493681.4707894,11776,215.40872192382812
1531494444.9234865,12288,202.64199829101562
1531495210.6451352,12800,207.84823608398438
1531495973.3563533,13312,218.06173706054688
1531496739.1170146,13824,215.88108825683594
1531497504.7647488,14336,234.0082550048828
1531498268.442311,14848,211.71743774414062
1531499032.4111574,15360,215.93153381347656
1531499796.4777255,15872,213.1365203857422
1531500560.5040777,16384,211.7946319580078
1531501320.493338,16896,232.6124725341797
1531502082.4886665,17408,221.92124938964844
1531502842.643936,17920,240.6847381591797
1531503603.2162926,18432,224.974609375
1531504366.5661976,18944,232.8435516357422
1531505127.577292,19456,226.3681182861328
1531505887.371993,19968,225.48672485351562
1531506650.0560021,20480,225.82569885253906
1531507412.9726338,20992,251.2638702392578
1531508178.0882082,21504,258.6852722167969
1531508944.0402987,22016,253.55166625976562
1531509708.4809918,22528,262.3966369628906
1531510469.4569635,23040,279.04193115234375
1531511237.3634076,23552,245.3024139404297
1531511998.8174918,24064,253.2767791748047
1531512761.5094204,24576,279.8275451660156
1531513523.1131577,25088,255.7306365966797
1531557718.754156,26112,285.73394775390625
1531558479.23819,26624,281.79315185546875
1531559238.2386925,27136,279.5368957519531
1531560000.7268124,27648,295.2162780761719
1531560762.42764,28160,297.0716857910156
1531561525.989695,28672,295.2335205078125
1531562289.8579786,29184,314.1769104003906
1531563053.415123,29696,318.33013916015625
1531563816.916356,30208,297.5307922363281
1531564577.9782329,30720,326.08221435546875
1531565341.2603045,31232,339.18701171875
1531566101.8426697,31744,343.0315246582031
1531566865.8845348,32256,336.64215087890625
1531567629.5658612,32768,344.9114990234375
1531568391.3667762,33280,341.09307861328125
1531569153.8871672,33792,363.9891357421875
1531569918.9379392,34304,371.29754638671875
1531570682.5759065,34816,389.91546630859375
1531571445.4419248,35328,375.92352294921875
1531572210.2478695,35840,382.0662841796875
1531572975.6408865,36352,375.1772155761719
1531573738.246715,36864,350.0773010253906
1531574501.3185976,37376,382.5101623535156
1531575266.1953306,37888,397.09539794921875
1531576031.5279841,38400,390.06201171875
1531576795.9272804,38912,411.98883056640625
1531577560.3910227,39424,404.3847961425781
1531578324.0376093,39936,404.798095703125
1531579089.9216843,40448,410.53521728515625
1531579853.3045466,40960,399.7257080078125
1531580618.381915,41472,399.1600036621094
1531581384.6715891,41984,427.2171325683594
1531582152.3634796,42496,432.6671447753906
1531582918.8291023,43008,459.8935852050781
1531583686.1146774,43520,455.6670837402344
1531584452.853522,44032,445.8460693359375
1531585220.282581,44544,479.17529296875
1531585985.8373055,45056,432.4521789550781
1531586754.6397803,45568,479.2015686035156
1531587523.8691115,46080,475.8683166503906
1531588290.5679626,46592,462.7767333984375
1531589060.7569115,47104,462.2957458496094
1531589831.0970643,47616,471.99151611328125
1531590599.493182,48128,486.4910888671875
1531591366.3287494,48640,449.8152770996094
1531592136.0017748,49152,474.9410095214844
1531592902.617077,49664,475.57403564453125
1531593667.3933144,50176,476.6376647949219
1531594434.2832825,50688,452.5139465332031
1531595199.4247549,51200,456.3502502441406
1531595964.043379,51712,488.8416442871094
1531596728.9060597,52224,485.1270751953125
1531597497.14965,52736,480.29083251953125
1531598265.2009258,53248,484.2817077636719
1531599034.2197626,53760,511.6627197265625
1531599798.8013062,54272,506.2665710449219
1531600564.6821487,54784,488.9403076171875
1531601330.9789028,55296,504.9067077636719
1531602096.7021086,55808,522.97265625
1531602864.372658,56320,537.0164794921875
1531603633.6393576,56832,518.0517578125
1531604400.2415326,57344,523.3790283203125
1531605169.5769176,57856,566.2821044921875
1531605938.273773,58368,544.6958618164062
1531606705.9095404,58880,586.6136474609375
1531607474.5626943,59392,572.560791015625
1531608241.0323987,59904,568.28955078125
1531609008.0940585,60416,569.0658569335938
1531609778.619261,60928,589.671630859375
1531617848.7533443,61440,602.1975708007812
1531618613.2680106,61952,560.7825317382812
1531619382.963509,62464,595.3723754882812
1531620149.5583704,62976,600.642578125
1531620916.8995636,63488,627.6996459960938
1531621687.8728087,64000,593.1602172851562
1531622455.1718016,64512,645.3861083984375
1531623228.4773939,65024,631.82080078125
1531623998.6287248,65536,663.512451171875
1531624769.41916,66048,636.7164916992188
1531625537.0399437,66560,633.334716796875
1531626304.6561728,67072,667.2505493164062
1531627075.6582658,67584,685.7811279296875
1531627845.6598413,68096,706.5172729492188
1531628617.2845366,68608,725.395751953125
1531629385.8540585,69120,712.7557983398438
1531630153.2867653,69632,666.969970703125
1531630922.870461,70144,704.4921875
1531631688.7607412,70656,703.383056640625
1531632460.1472943,71168,709.8701782226562
1531633229.3462677,71680,687.2994995117188
1531634000.4500203,72192,734.5928955078125
1531634769.2521818,72704,675.3848876953125
1531635540.709036,73216,740.9151000976562
1531636307.85363,73728,749.4894409179688
1531637078.475665,74240,798.2683715820312
1531637849.882102,74752,755.7666625976562
1531638615.5974166,75264,740.9127197265625
1531639382.8521938,75776,751.1473999023438
1531640150.9539115,76288,782.9408569335938
1531640922.347065,76800,767.3749389648438
1531641689.608165,77312,796.5447998046875
1531642457.846665,77824,779.291259765625
1531643229.486633,78336,810.994384765625
1531643998.3323903,78848,800.6521606445312
1531644770.879333,79360,810.6721801757812
1531645540.2564802,79872,812.533447265625
1531646308.827291,80384,922.400390625
1531647074.9524662,80896,803.3032836914062
1531647843.702927,81408,859.140380859375
1531648612.0463295,81920,816.92236328125
1531649381.1828995,82432,891.7648315429688
1531650147.740885,82944,827.983642578125
1531650915.6226537,83456,839.07666015625
1531651684.906298,83968,854.9170532226562
1531652456.917117,84480,873.9436645507812
1531653227.717071,84992,955.1742553710938
1531653996.599523,85504,892.435302734375
1531654763.8381224,86016,932.4658813476562
1531655533.7434266,86528,931.2189331054688
1531656305.8723395,87040,914.46240234375
1531657074.4978764,87552,898.2329711914062
1531657846.6682959,88064,965.86767578125
1531658617.5102394,88576,964.9022216796875
1531659391.901024,89088,971.9493408203125
1531660161.414587,89600,967.3673706054688
1531660929.7841635,90112,984.0841064453125
1531661700.5398092,90624,961.4728393554688
1531662469.9467814,91136,975.8880004882812
1531663240.3850377,91648,1046.1234130859375
1531664012.8389118,92160,1039.573486328125
1531664782.9726284,92672,1003.9357299804688
1531665553.8298533,93184,1027.64208984375
1531666324.8000014,93696,1014.5011596679688
1531667098.4778898,94208,1027.4420166015625
1531667867.4449213,94720,1067.412353515625
1531668639.0166478,95232,1090.6456298828125
1531669410.389527,95744,1052.3597412109375
1531670185.716027,96256,1082.583251953125
1531699917.241282,96768,1133.3564453125
1531700688.7503011,97280,1075.555908203125
