wall_time,step,value
1531109755.7629175,128,0.9330744743347168
1531109828.0150506,256,0.6430197358131409
1531109900.2713325,384,0.38702550530433655
1531109972.4795315,512,0.27099332213401794
1531110111.1930454,640,0.1744983196258545
1531110183.66077,768,0.20767158269882202
1531110256.1056082,896,0.1649589091539383
1531110328.6026995,1024,0.19543039798736572
1531110466.5255194,1152,0.1352233588695526
1531110539.0367153,1280,0.12632207572460175
1531110611.3479035,1408,0.10177017003297806
1531110683.682221,1536,0.14261052012443542
1531110822.215128,1664,0.0919606015086174
1531110894.682579,1792,0.07937104254961014
1531110967.0817957,1920,0.07819025218486786
1531111039.4882004,2048,0.07555139064788818
1531111178.354321,2176,0.06205540522933006
1531111250.6824968,2304,0.0597914457321167
1531111323.1186652,2432,0.06473074853420258
1531111395.5928829,2560,0.08000518381595612
1531111532.4505465,2688,0.05180986225605011
1531111604.8174405,2816,0.04213695973157883
1531111677.3263457,2944,0.049901463091373444
1531111749.7070909,3072,0.050204820930957794
1531111887.3391569,3200,0.038502130657434464
1531111959.6054459,3328,0.03898979350924492
1531112031.982446,3456,0.047447480261325836
1531112104.332569,3584,0.03532777354121208
1531112241.2855542,3712,0.04163219779729843
1531112313.6970906,3840,0.042256735265254974
1531112386.041896,3968,0.025618601590394974
1531112458.5053632,4096,0.040762148797512054
1531112593.4473135,4224,0.04131214693188667
1531112665.802891,4352,0.036218076944351196
1531112738.16424,4480,0.039173759520053864
1531112810.5186303,4608,0.035687584429979324
1531112943.964539,4736,0.03560279682278633
1531113016.1864948,4864,0.03676373139023781
1531113088.6040463,4992,0.038358453661203384
1531113160.9747205,5120,0.03978065401315689
1531113296.5645201,5248,0.03334296494722366
1531113368.8270297,5376,0.03926176577806473
1531113441.2841105,5504,0.04532867670059204
1531113513.6868021,5632,0.027152707800269127
1531113645.7056863,5760,0.04043443128466606
1531113718.1497014,5888,0.03697047382593155
1531113790.5588942,6016,0.041074641048908234
1531113862.9339652,6144,0.028431041166186333
1531113994.9515789,6272,0.035115741193294525
1531114067.2117105,6400,0.038788605481386185
1531114139.5612006,6528,0.04182643070816994
1531114211.8620136,6656,0.03988940641283989
1531114344.9114661,6784,0.03197069093585014
1531114417.1827986,6912,0.03327005356550217
1531114489.5101209,7040,0.031375616788864136
1531114561.768265,7168,0.030614139512181282
1531114696.311086,7296,0.031826481223106384
1531114768.5559902,7424,0.031002018600702286
1531114840.8860974,7552,0.03292519599199295
1531114913.1184645,7680,0.037003278732299805
1531367695.4654408,7808,0.031082868576049805
1531367767.0582938,7936,0.024540893733501434
1531367838.7575817,8064,0.027893276885151863
1531367910.3268173,8192,0.025295305997133255
1531368040.9605973,8320,0.035138119012117386
1531368112.6941483,8448,0.027254339307546616
1531368184.417898,8576,0.03322343900799751
1531368256.1638837,8704,0.03520088642835617
1531368385.9603577,8832,0.028589338064193726
1531368457.8446007,8960,0.03127361834049225
1531368529.6082861,9088,0.02627246081829071
1531368601.4177134,9216,0.02121596783399582
1531368730.8132458,9344,0.02273520454764366
1531368802.6628742,9472,0.024321261793375015
1531368874.341464,9600,0.029371049255132675
1531368946.13039,9728,0.030766654759645462
1531369075.375197,9856,0.03068256564438343
1531369147.2050102,9984,0.029023991897702217
1531369218.9250612,10112,0.030199889093637466
1531369290.58822,10240,0.029663342982530594
1531369420.3717184,10368,0.028935078531503677
1531369492.1822557,10496,0.02425629086792469
1531369563.8726246,10624,0.017749503254890442
1531369635.7295668,10752,0.022416355088353157
1531369767.0645483,10880,0.022092022001743317
1531369838.9375827,11008,0.0195329412817955
1531369910.7265203,11136,0.027379922568798065
1531369982.451084,11264,0.02119264006614685
1531370111.9437706,11392,0.030125781893730164
1531370183.6891239,11520,0.018239576369524002
1531370255.4735858,11648,0.01833801344037056
1531370327.2435088,11776,0.027378709986805916
1531370457.0990844,11904,0.01718859374523163
1531370528.736465,12032,0.027158774435520172
1531370600.1917825,12160,0.03309372812509537
1531370671.7952917,12288,0.020203936845064163
1531370802.0549161,12416,0.02049509808421135
1531370873.657389,12544,0.020107895135879517
1531370945.302848,12672,0.02140875905752182
1531371017.0160906,12800,0.02054152637720108
1531371148.1303532,12928,0.017576826736330986
1531371219.9011054,13056,0.019801735877990723
1531371291.5473347,13184,0.019753310829401016
1531371363.2409692,13312,0.022138766944408417
1531371494.5775042,13440,0.023907173424959183
1531371566.4368474,13568,0.023044949397444725
1531371638.2166066,13696,0.014721572399139404
1531371709.8777132,13824,0.01559370756149292
1531371839.9739258,13952,0.017934899777173996
1531371911.7399716,14080,0.01628655008971691
1531371983.6088827,14208,0.01987450011074543
1531372055.2194107,14336,0.019564514979720116
1531372186.910006,14464,0.01979398913681507
1531372258.5505488,14592,0.018968235701322556
1531372330.184039,14720,0.02035570703446865
1531372401.8135417,14848,0.020410960540175438
1531372532.3025277,14976,0.013634655624628067
1531372604.1233013,15104,0.016999321058392525
1531372675.8172386,15232,0.016105089336633682
1531372747.6137815,15360,0.019410554319620132
1531372878.2148669,15488,0.013260300271213055
1531372950.0157957,15616,0.01473328284919262
1531373021.6655257,15744,0.013102572411298752
1531373093.3646374,15872,0.011437976732850075
1531373223.5059588,16000,0.014901363290846348
1531373295.2211144,16128,0.01758863590657711
1531373366.926761,16256,0.019638627767562866
1531373438.7168434,16384,0.017372701317071915
1531373568.7174263,16512,0.018751027062535286
1531373640.4006324,16640,0.015841364860534668
1531373712.137464,16768,0.01236493606120348
1531373783.8199637,16896,0.015648359432816505
1531373914.2410312,17024,0.01703566126525402
1531373985.9243689,17152,0.022628599777817726
1531374057.7410283,17280,0.020602306351065636
1531374129.373685,17408,0.020804934203624725
1531374259.5985754,17536,0.011747544631361961
1531374331.3131871,17664,0.008265016600489616
1531374403.0416565,17792,0.01481755543500185
1531374474.5908618,17920,0.01264179963618517
1531374606.6104228,18048,0.016085056588053703
1531374678.1953526,18176,0.01373209897428751
1531374750.0527072,18304,0.01650507189333439
1531374821.606063,18432,0.010457852855324745
1531374952.8662853,18560,0.019555578008294106
1531375024.6154037,18688,0.017252396792173386
1531375096.5039222,18816,0.01165109220892191
1531375168.2718897,18944,0.01096330676227808
1531375300.054464,19072,0.012087822891771793
1531375371.8500803,19200,0.012444503605365753
1531375443.514823,19328,0.015724200755357742
1531375515.2475765,19456,0.013272260315716267
1531375646.8927987,19584,0.011606292799115181
1531375718.5388966,19712,0.01400001347064972
1531375790.254534,19840,0.012357084080576897
1531375862.0278964,19968,0.02142198756337166
1531375994.6095164,20096,0.019803503528237343
1531376066.3662868,20224,0.022133124992251396
1531376138.065695,20352,0.016072353348135948
1531376209.6751902,20480,0.01822419837117195
1531376341.0581622,20608,0.015115708112716675
1531376412.7776334,20736,0.014826550148427486
1531376484.4242218,20864,0.018507791683077812
1531376556.0466146,20992,0.015266235917806625
1531376686.8958323,21120,0.010182011872529984
1531376758.599113,21248,0.01832370087504387
1531376830.4498422,21376,0.010471337474882603
1531376902.207975,21504,0.024290472269058228
1531377033.5253935,21632,0.012343771755695343
1531377105.2095711,21760,0.012895188294351101
1531377176.847826,21888,0.011141167022287846
1531377248.560368,22016,0.019093837589025497
1531377380.318887,22144,0.014107925817370415
1531377452.065999,22272,0.014563036151230335
1531377523.8251133,22400,0.015579910948872566
1531377595.4266284,22528,0.014639286324381828
1531377726.1594534,22656,0.011487792246043682
1531377797.8821366,22784,0.01684257574379444
1531377869.6936724,22912,0.024032607674598694
1531377941.3921661,23040,0.018584610894322395
1531378073.2306812,23168,0.013906769454479218
1531378144.978571,23296,0.0088325385004282
1531378216.729611,23424,0.013975542038679123
1531378288.5171103,23552,0.01341497153043747
1531378420.0104904,23680,0.008207759819924831
1531378491.6934965,23808,0.010256221517920494
1531378563.419418,23936,0.010845907032489777
1531378635.092505,24064,0.010892044752836227
1531378765.632169,24192,0.011970855295658112
1531378837.2999427,24320,0.014810383319854736
1531378909.0064595,24448,0.01608581468462944
1531378980.6812193,24576,0.010627244599163532
1531379112.4244137,24704,0.014855053275823593
1531379184.2557402,24832,0.01085507869720459
1531379255.9707546,24960,0.016294997185468674
1531379327.6579099,25088,0.015165753662586212
1531379458.8832414,25216,0.01428617537021637
1531379530.4702103,25344,0.011871186085045338
1531379602.183811,25472,0.012851893901824951
1531379673.6648567,25600,0.013926317915320396
1531379804.9689996,25728,0.01412293128669262
1531379876.6124866,25856,0.012854221276938915
1531379948.159437,25984,0.009968035854399204
1531380019.7694762,26112,0.01048580277711153
1531380152.946167,26240,0.007269006688147783
1531380224.4461546,26368,0.01191234402358532
1531380295.8512588,26496,0.01314001064747572
1531380367.372152,26624,0.006842067465186119
1531380498.958521,26752,0.01502932794392109
1531380570.502974,26880,0.014918294735252857
1531380642.0082443,27008,0.01114711444824934
1531380713.4349558,27136,0.009527359157800674
1531380846.9030678,27264,0.008924132212996483
1531380918.4461386,27392,0.011233024299144745
1531380989.9206734,27520,0.00926330778747797
1531381061.5135121,27648,0.014753736555576324
1531381193.1749685,27776,0.013263927772641182
1531381264.8036194,27904,0.017387861385941505
1531381336.3444815,28032,0.015187784098088741
1531381407.8046968,28160,0.012755561619997025
1531381540.4134822,28288,0.011367090977728367
1531381611.8162162,28416,0.00856553390622139
1531381683.2974782,28544,0.00938272662460804
1531381754.7540097,28672,0.011910894885659218
1531381886.7412276,28800,0.011919721961021423
1531381958.5412884,28928,0.01081105973571539
1531382030.2493744,29056,0.007068609353154898
1531382101.9071167,29184,0.011045453138649464
1531382234.8758101,29312,0.008998154662549496
1531382306.3942614,29440,0.026572002097964287
1531382377.8792284,29568,0.007392025552690029
1531382449.1747055,29696,0.01436261460185051
1531382581.1526375,29824,0.01048258040100336
1531382652.7377741,29952,0.012343961745500565
1531382724.4488642,30080,0.010703513398766518
1531382796.1443522,30208,0.01486683078110218
1531382928.96356,30336,0.010102441534399986
1531383000.6737828,30464,0.007625020109117031
1531383072.2817516,30592,0.00966588780283928
1531383143.884831,30720,0.011120650917291641
1531383278.1308727,30848,0.00954065565019846
1531383349.6114795,30976,0.009642220102250576
1531383421.135505,31104,0.014325256459414959
1531383492.531411,31232,0.01202012412250042
1531383626.6413016,31360,0.012222823686897755
1531383698.2299414,31488,0.01892918534576893
1531383769.881438,31616,0.007011886686086655
1531383841.3780558,31744,0.010932940058410168
1531383975.2128778,31872,0.009318767115473747
1531384046.970044,32000,0.009490171447396278
1531384118.6719644,32128,0.009069076739251614
1531384190.2864676,32256,0.012178418226540089
1531384323.3517008,32384,0.009189416654407978
1531384395.0050797,32512,0.008053990080952644
1531384466.709906,32640,0.01163480430841446
1531384538.2609797,32768,0.008524978533387184
1531384671.5905795,32896,0.008424383588135242
1531384743.121109,33024,0.015289966017007828
1531384814.6807778,33152,0.014321675524115562
1531384886.1704118,33280,0.01666105166077614
1531385019.8658066,33408,0.014753701165318489
1531385091.1780035,33536,0.012885749340057373
1531385162.5876026,33664,0.009053637273609638
1531385234.0693185,33792,0.007798569742590189
1531385368.2309341,33920,0.012665149755775928
1531385439.5779817,34048,0.008573868311941624
1531385511.147636,34176,0.010762491263449192
1531385582.6177366,34304,0.008512637577950954
1531385715.6565394,34432,0.005196417681872845
1531385787.2465026,34560,0.006259518209844828
1531385858.919792,34688,0.010292056947946548
1531385930.4927928,34816,0.0075379628688097
1531386063.7873352,34944,0.01036107912659645
1531386135.5437799,35072,0.013089695945382118
1531386207.2913775,35200,0.0061687687411904335
1531386278.8403304,35328,0.009759661741554737
1531386412.5789456,35456,0.011894432827830315
1531386484.3334494,35584,0.005274572875350714
1531386556.042888,35712,0.011220627464354038
1531386627.6230383,35840,0.009054970927536488
1531386760.2146225,35968,0.01505573932081461
1531386831.6425354,36096,0.008404192514717579
1531386903.0076046,36224,0.008552580140531063
1531386974.4354298,36352,0.007005125284194946
1531387108.5995352,36480,0.012984219938516617
1531387180.2408159,36608,0.0075386702083051205
1531387251.9714904,36736,0.0115321334451437
1531387323.6186652,36864,0.009849113412201405
1531387457.1651697,36992,0.013444064185023308
1531387528.4998016,37120,0.013452943414449692
1531387600.0383017,37248,0.009920990094542503
1531387671.5171053,37376,0.006099168676882982
1531387804.7449012,37504,0.013657921925187111
1531387876.2053895,37632,0.007420740555971861
1531387947.6406872,37760,0.00651946384459734
1531388018.9974155,37888,0.006992065813392401
1531388153.0758145,38016,0.008929028175771236
1531388224.4874945,38144,0.013466417789459229
1531388295.7543428,38272,0.007133191917091608
1531388367.1729105,38400,0.004886293318122625
1531388500.3647692,38528,0.011448003351688385
1531388571.766683,38656,0.00947730615735054
1531388643.093204,38784,0.0066907163709402084
1531388714.4816103,38912,0.0073067620396614075
1531388847.8170204,39040,0.010186975821852684
1531388919.2723804,39168,0.009921984747052193
1531388990.922117,39296,0.008037079125642776
1531389062.4661672,39424,0.008760073222219944
1531389196.7676475,39552,0.010897095315158367
1531389268.3495047,39680,0.005671259947121143
1531389339.9032767,39808,0.008985105901956558
1531389411.426816,39936,0.005990072153508663
1531389543.9262269,40064,0.0074285175651311874
1531389615.4599016,40192,0.01790638267993927
1531389687.074898,40320,0.008277596905827522
1531389758.6821744,40448,0.00841121282428503
1531389891.3427818,40576,0.008946046233177185
1531389962.7737331,40704,0.008222110569477081
1531390034.1920786,40832,0.007039668038487434
1531390105.5838811,40960,0.006647321395576
1531390239.5784888,41088,0.005476049147546291
1531390310.834465,41216,0.008298673667013645
1531390382.1944475,41344,0.010211258195340633
1531390453.4564128,41472,0.004069359041750431
1531390587.4771547,41600,0.00836439710110426
1531390658.8463852,41728,0.00549643998965621
1531390730.230992,41856,0.010489046573638916
1531390801.6667519,41984,0.0073320260271430016
1531390935.5364337,42112,0.006465848069638014
1531391006.9168134,42240,0.008895108476281166
1531391078.2199953,42368,0.005601493176072836
1531391149.6161072,42496,0.011128338985145092
1531391283.4327102,42624,0.011322058737277985
1531391354.732845,42752,0.004849867429584265
1531391426.054844,42880,0.009036552160978317
1531391497.3026304,43008,0.007244291715323925
1531391631.0926168,43136,0.008400906808674335
1531391702.5936618,43264,0.007870430126786232
1531391773.9085217,43392,0.005673494655638933
1531391845.291798,43520,0.009102869778871536
1531391979.1014986,43648,0.008816426619887352
1531392050.4639697,43776,0.013202291913330555
1531392121.7473314,43904,0.0101658646017313
1531392193.0356128,44032,0.009197309613227844
1531392328.3540282,44160,0.013158274814486504
1531392399.729723,44288,0.006469765678048134
1531392471.1059983,44416,0.004855684004724026
1531392542.3172963,44544,0.007749037817120552
1531392675.6755927,44672,0.006097084376960993
1531392747.1449835,44800,0.01697422005236149
1531392818.51037,44928,0.013782323338091373
1531392889.8694153,45056,0.00878747459501028
1531393024.0002568,45184,0.005657207686454058
1531393095.1849704,45312,0.01135984342545271
1531393166.6791744,45440,0.0038195722736418247
1531393238.010139,45568,0.006215681787580252
1531393372.6590402,45696,0.004211655352264643
1531393444.0001502,45824,0.008344043046236038
1531393515.4401057,45952,0.004668854642659426
1531393586.7189493,46080,0.008389289490878582
1531416503.406924,46208,0.009138870984315872
1531416574.5231311,46336,0.009909425862133503
1531416646.7303128,46464,0.010298807173967361
1531416719.1237957,46592,0.0062195900827646255
1531416849.3508658,46720,0.010490034706890583
1531416920.6921122,46848,0.00894497986882925
1531416992.0200267,46976,0.003973711747676134
1531417063.4577894,47104,0.013396759517490864
1531417193.1781058,47232,0.0083251828327775
1531417264.5963147,47360,0.008800970390439034
1531417335.8839464,47488,0.006085182540118694
1531417407.3189464,47616,0.009816184639930725
1531417538.4251394,47744,0.007877474650740623
1531417609.7826319,47872,0.005121260415762663
1531417681.1396606,48000,0.00448940135538578
1531417752.456752,48128,0.005824776366353035
1531417882.1544588,48256,0.009469348937273026
1531417953.552503,48384,0.00961984321475029
1531418024.998083,48512,0.006838740780949593
1531418096.4173033,48640,0.009055359289050102
1531418228.211043,48768,0.008462585508823395
1531418299.72408,48896,0.005892218556255102
1531418371.1855109,49024,0.014490991830825806
1531418442.5642374,49152,0.007038109935820103
1531418573.4471676,49280,0.006495501380413771
1531418644.8424573,49408,0.011263982392847538
1531418716.2598307,49536,0.004710218869149685
1531418787.726694,49664,0.005760248750448227
1531418917.7433968,49792,0.007448893040418625
1531418989.053411,49920,0.007473198231309652
1531419060.4035313,50048,0.003151657059788704
1531419131.8639276,50176,0.010430843569338322
1531419264.4192944,50304,0.006642287131398916
1531419335.9491856,50432,0.01071135327219963
1531419407.3633575,50560,0.005040793213993311
1531419478.7440155,50688,0.009226902388036251
1531419609.5679538,50816,0.005950724706053734
1531419681.0233512,50944,0.009362584911286831
1531419752.5162501,51072,0.008054027333855629
1531419823.8084188,51200,0.007628110237419605
1531419955.9121523,51328,0.003739867825061083
1531420027.428415,51456,0.004912576638162136
1531420098.6865275,51584,0.010472304187715054
1531420170.085015,51712,0.00751842325553298
1531420300.470319,51840,0.009314524941146374
1531420371.8558195,51968,0.006713905371725559
1531420443.2360847,52096,0.011228230781853199
1531420514.7646406,52224,0.006317920051515102
1531420645.490847,52352,0.005971258040517569
1531420716.883796,52480,0.008824733085930347
1531420788.3423078,52608,0.006872925907373428
1531420859.709274,52736,0.007229069247841835
1531420991.892082,52864,0.005482909269630909
1531421063.3192246,52992,0.012536775320768356
1531421134.8309777,53120,0.005342845804989338
1531421206.3655097,53248,0.005551647860556841
1531421337.8214164,53376,0.003826502710580826
1531421409.2542877,53504,0.005423613823950291
1531421480.625124,53632,0.009214472025632858
1531421552.1089392,53760,0.004676190670579672
1531421682.3037639,53888,0.006384962238371372
1531421753.961165,54016,0.012543225660920143
1531421825.4269392,54144,0.01084811519831419
1531421896.7463684,54272,0.006321555934846401
1531422027.8132632,54400,0.006137781776487827
1531422099.3290021,54528,0.004689929541200399
1531422170.8653042,54656,0.007408803328871727
1531422242.4074605,54784,0.006757749244570732
1531422374.115854,54912,0.005423945374786854
1531422445.5357466,55040,0.006431912072002888
1531422517.1502929,55168,0.0055436003021895885
1531422588.6328776,55296,0.007927525788545609
1531422719.833961,55424,0.006919932086020708
1531422791.3224385,55552,0.007352089509367943
1531422862.7163455,55680,0.011135236360132694
1531422934.0422282,55808,0.006017007399350405
1531423064.3471744,55936,0.006298732478171587
1531423135.670862,56064,0.008628585375845432
1531423207.1511173,56192,0.006771103944629431
1531423278.5269022,56320,0.004089591559022665
1531423409.8739927,56448,0.004584576468914747
1531423481.4389193,56576,0.008405229076743126
1531423552.9508777,56704,0.012637675739824772
1531423624.4983046,56832,0.00665711285546422
1531423756.0498688,56960,0.011162051931023598
1531423827.562106,57088,0.005040865391492844
1531423899.072909,57216,0.0063505047000944614
1531423970.448739,57344,0.015017530880868435
1531424102.5557778,57472,0.005184647627174854
1531424174.2021132,57600,0.008117377758026123
1531424245.7439945,57728,0.006361252628266811
1531424317.249203,57856,0.00882649701088667
1531424448.5442202,57984,0.006253527011722326
1531424520.148175,58112,0.004275165032595396
1531424591.5954232,58240,0.00444522500038147
1531424663.103763,58368,0.00550701841711998
1531424793.925709,58496,0.007190285250544548
1531424865.4322102,58624,0.007015483919531107
1531424936.8312955,58752,0.0027489832136780024
1531425008.3451202,58880,0.00564377848058939
1531425139.916912,59008,0.00509768258780241
1531425211.4509187,59136,0.008009569719433784
1531425282.9508936,59264,0.004689323715865612
1531425354.468368,59392,0.009969557635486126
1531425485.8567808,59520,0.004858152009546757
1531425557.3257177,59648,0.004689016379415989
1531425628.7483184,59776,0.009053549729287624
1531425700.1287396,59904,0.008004316128790379
1531425832.582405,60032,0.006067709065973759
1531425904.0480235,60160,0.005700138863176107
1531425975.6068985,60288,0.01164049468934536
1531426047.0819292,60416,0.0055609578266739845
1531426178.333804,60544,0.008627484552562237
1531426249.9265113,60672,0.004670949652791023
1531426321.3742516,60800,0.009434187784790993
1531426392.8088489,60928,0.004067139700055122
1531426524.9192863,61056,0.005181923974305391
1531426596.336303,61184,0.005172458942979574
1531426667.9210877,61312,0.0036261752247810364
1531426739.4021785,61440,0.009562766179442406
1531426870.108119,61568,0.007289210334420204
1531426941.6668875,61696,0.007172054145485163
1531427013.1455553,61824,0.009103420190513134
1531427084.6283016,61952,0.005003256723284721
1531427216.9958286,62080,0.01032327488064766
1531427288.4613225,62208,0.011850930750370026
1531427360.0602992,62336,0.0053781783208251
1531427431.5887508,62464,0.005646977573633194
1531427563.6647418,62592,0.005875563248991966
1531427635.304918,62720,0.0077349720522761345
1531427706.9020417,62848,0.004782408010214567
1531427778.4762363,62976,0.002956058131530881
1531427912.034182,63104,0.007905954495072365
1531427983.3586404,63232,0.003632212057709694
1531428054.6384275,63360,0.0037843252066522837
1531428125.9577274,63488,0.0057961586862802505
1531428258.2499537,63616,0.008425207808613777
1531428329.7635872,63744,0.003667334094643593
1531428401.341699,63872,0.005551897920668125
1531428472.8373318,64000,0.008234363049268723
1531428605.7921176,64128,0.008019573986530304
1531428677.2446733,64256,0.007131492719054222
1531428748.8051214,64384,0.005206933245062828
1531428820.1192942,64512,0.006848820485174656
1531428953.0439615,64640,0.004618083592504263
1531429024.5204256,64768,0.0072551085613667965
1531429096.1287827,64896,0.006252164952456951
1531429167.561229,65024,0.003466409631073475
1531429300.926195,65152,0.005072887055575848
1531429372.461141,65280,0.0038401426281780005
1531429443.861096,65408,0.00305079179815948
1531429515.4741602,65536,0.007299467921257019
1531429648.4537592,65664,0.012368655763566494
1531429719.9793532,65792,0.0026489291340112686
1531429791.4828634,65920,0.009158441796898842
1531429862.9978733,66048,0.008306427858769894
1531429995.3193557,66176,0.006427909713238478
1531430066.9272497,66304,0.012165581807494164
1531430138.334909,66432,0.003956187516450882
1531430209.687599,66560,0.012692556716501713
1531430342.3237183,66688,0.008175872266292572
1531430413.778242,66816,0.0045711989514529705
1531430485.3268611,66944,0.004744640085846186
1531430556.7538304,67072,0.003378320951014757
1531430688.9671254,67200,0.0037227815482765436
1531430760.389509,67328,0.0088700195774436
1531430831.925026,67456,0.005377133376896381
1531430903.4556835,67584,0.0035194193478673697
1531431036.796198,67712,0.0029905890114605427
1531431108.2174659,67840,0.004024888388812542
1531431179.6234214,67968,0.005811675917357206
1531431251.1016226,68096,0.006077752914279699
1531431384.0829296,68224,0.003945682197809219
1531431455.5825627,68352,0.008284409530460835
1531431527.000158,68480,0.005191475618630648
1531431598.5228508,68608,0.004036100581288338
1531431731.4888785,68736,0.010499154217541218
1531431803.01875,68864,0.009598653763532639
1531431874.6184525,68992,0.005532057024538517
1531431946.0576386,69120,0.0057006655260920525
1531432079.524357,69248,0.004590760450810194
1531432151.0840628,69376,0.0036805325653403997
1531432222.5384328,69504,0.006830915808677673
1531432294.0928955,69632,0.009476959705352783
1531432427.2331758,69760,0.007166407071053982
1531432498.7465856,69888,0.01674407534301281
1531432570.4575841,70016,0.0036912644281983376
1531432641.9323997,70144,0.002622211817651987
1531432774.9342673,70272,0.006472170352935791
1531432846.4548607,70400,0.006855791434645653
1531432918.0498075,70528,0.002702525584027171
1531432989.7479124,70656,0.007864288985729218
1531433124.864125,70784,0.005163996480405331
1531433196.2836435,70912,0.004937832709401846
1531433267.9640777,71040,0.0026164823211729527
1531433339.530714,71168,0.0035937908105552197
1531433473.2746274,71296,0.008334639482200146
1531433544.9341197,71424,0.005641635041683912
1531433616.526069,71552,0.003937049303203821
1531433688.1586618,71680,0.008356289006769657
1531433823.5415523,71808,0.0033470187336206436
1531433895.0249975,71936,0.005077631212770939
1531433966.6648667,72064,0.004207008518278599
1531434038.178654,72192,0.0045130206272006035
1531434170.7476385,72320,0.003770367940887809
1531434242.3823457,72448,0.0026392925065010786
1531434313.9695303,72576,0.012478163465857506
1531434385.6178374,72704,0.008090348914265633
1531434521.1148243,72832,0.003561256919056177
1531434592.7538717,72960,0.005944855511188507
1531434664.4145641,73088,0.008853152394294739
1531434736.0260425,73216,0.005566214211285114
1531434868.8912716,73344,0.017607618123292923
1531434940.6167326,73472,0.005596098490059376
1531435012.1788337,73600,0.004858042113482952
1531435083.845816,73728,0.00649444991722703
1531435219.0617795,73856,0.003938622772693634
1531435290.667966,73984,0.0036447052843868732
1531435362.249926,74112,0.007165049202740192
1531435433.9645753,74240,0.003178477520123124
1531435567.8392112,74368,0.006845328025519848
1531435639.5415192,74496,0.006285413168370724
1531435711.2917423,74624,0.008272658102214336
1531435782.9751513,74752,0.0044184038415551186
1531435917.3571718,74880,0.0035314299166202545
1531435988.9669356,75008,0.006039241328835487
1531436060.6171327,75136,0.005981162656098604
1531436132.3004923,75264,0.0069530135951936245
1531436267.7435782,75392,0.004719196818768978
1531436339.4396045,75520,0.0035861264914274216
1531436411.261924,75648,0.003238709643483162
1531436482.9347901,75776,0.002339745406061411
1531436616.1213098,75904,0.005597428418695927
1531436687.8789108,76032,0.006719919852912426
1531436759.969287,76160,0.005718964617699385
1531436831.5262282,76288,0.007227877154946327
1531436965.5108447,76416,0.004332932643592358
1531437037.0361814,76544,0.008930440060794353
1531437108.5267375,76672,0.006126457825303078
1531437180.079678,76800,0.006054993253201246
1531437314.165657,76928,0.004869806580245495
1531437385.7359788,77056,0.008801722899079323
1531437457.40187,77184,0.007067862898111343
1531437528.8836892,77312,0.005490579176694155
1531437663.2173147,77440,0.00372324138879776
1531437735.0479264,77568,0.00619097612798214
1531437807.0187051,77696,0.004279583226889372
1531437878.8755305,77824,0.0029408885166049004
1531438012.5395162,77952,0.0045185573399066925
1531438084.1082406,78080,0.005449271760880947
1531438155.644481,78208,0.0055803293362259865
1531438227.2440648,78336,0.006383443251252174
1531438360.7583325,78464,0.0034571290016174316
1531438432.4860876,78592,0.006342077627778053
1531438503.9691978,78720,0.005846918560564518
1531438575.611279,78848,0.005246385466307402
1531438709.9759572,78976,0.0060835834592580795
1531438781.5474982,79104,0.005232400260865688
1531438853.228446,79232,0.003358788788318634
1531438924.901527,79360,0.009361236356198788
1531439060.4128406,79488,0.003389481920748949
1531439132.156005,79616,0.007402947172522545
1531439203.9717262,79744,0.012148622423410416
1531439275.8137405,79872,0.007717510685324669
1531439411.4043727,80000,0.0054350197315216064
1531439483.0946991,80128,0.0040189288556575775
1531439554.8513165,80256,0.005315086804330349
1531439626.533759,80384,0.006340681575238705
1531439760.50532,80512,0.006136209238320589
1531439832.3922756,80640,0.005393646191805601
1531439904.1742918,80768,0.0034716592635959387
1531439975.9010022,80896,0.006755815353244543
1531440110.3767505,81024,0.007480900269001722
1531440182.0420008,81152,0.008860679343342781
1531440253.7379584,81280,0.0044752382673323154
1531440325.45918,81408,0.00497377198189497
1531440459.783303,81536,0.0035161543637514114
1531440531.5990908,81664,0.003823350416496396
1531440603.4168675,81792,0.0036072642542421818
1531440675.0750685,81920,0.008059060201048851
1531440811.2053883,82048,0.0062475805170834064
1531440882.9270606,82176,0.005200566723942757
1531440954.7553384,82304,0.0045458110980689526
1531441026.444511,82432,0.0033930654171854258
1531441161.9883156,82560,0.007088229991495609
1531441233.6936107,82688,0.004427842330187559
1531441305.397702,82816,0.010265633463859558
1531441377.1287165,82944,0.0038632983341813087
1531441511.64573,83072,0.005169874522835016
1531441583.3704739,83200,0.0039088367484509945
1531441655.089446,83328,0.005134810693562031
1531441726.8963668,83456,0.0037022579926997423
1531441863.5352745,83584,0.004817633889615536
1531441935.3150651,83712,0.003550854977220297
1531442007.1045103,83840,0.0027404222637414932
1531442078.7832592,83968,0.006903559900820255
1531442215.367438,84096,0.002887576352804899
1531442287.0042918,84224,0.008134997449815273
1531442358.7265944,84352,0.00537986820563674
1531442430.553464,84480,0.0023499121889472008
1531517259.573972,84608,0.016695497557520866
1531517329.9442036,84736,0.004450933542102575
1531517439.6500595,84608,0.006634614896029234
1531517512.0841043,84736,0.0034513066057115793
1531517584.5166223,84864,0.006446654908359051
1531517657.084792,84992,0.007102755829691887
1531517788.925453,85120,0.007218509912490845
1531517860.349499,85248,0.0031599747017025948
1531517931.8956163,85376,0.006686911918222904
1531518003.3935835,85504,0.00688212551176548
1531518134.3059433,85632,0.00909099355340004
1531518205.7994137,85760,0.008806837722659111
1531518277.266866,85888,0.0054053752683103085
1531518348.7552729,86016,0.004603323061019182
1531518479.291787,86144,0.0037284893915057182
1531518550.831043,86272,0.003757248865440488
1531518622.3927019,86400,0.0037102103233337402
1531518693.9166296,86528,0.004355935379862785
1531518824.7806795,86656,0.008168745785951614
1531518896.4110346,86784,0.0035395948216319084
1531518968.0156147,86912,0.004915135446935892
1531519039.6574743,87040,0.0045891422778368
1531519170.9694371,87168,0.008722905069589615
1531519242.6034439,87296,0.0038939558435231447
1531519314.1786957,87424,0.008218664675951004
1531519385.8553996,87552,0.005783270578831434
1531519518.7738345,87680,0.004342256113886833
1531519590.5179749,87808,0.00515121640637517
1531519662.2314854,87936,0.0051537174731493
1531519733.8538594,88064,0.011488191783428192
1531519865.2057416,88192,0.0032212957739830017
1531519936.8864787,88320,0.003847351763397455
1531520008.540364,88448,0.004339087754487991
1531520080.2300503,88576,0.006255874875932932
1531520212.2522361,88704,0.0033415304496884346
1531520283.9613416,88832,0.0038226787000894547
1531520355.6430745,88960,0.010159043595194817
1531520427.251471,89088,0.0031490307301282883
1531520558.9134347,89216,0.004305857699364424
1531520630.602041,89344,0.0038358476012945175
1531520702.343858,89472,0.004846243187785149
1531520773.9879858,89600,0.00945129245519638
1531520905.8045542,89728,0.005067386664450169
1531520977.5111814,89856,0.004997223149985075
1531521049.252301,89984,0.0023218216374516487
1531521121.0589056,90112,0.005330447107553482
1531521253.1179576,90240,0.01606200635433197
1531521324.8007128,90368,0.01023885142058134
1531521396.5911696,90496,0.003954872954636812
1531521468.4224985,90624,0.003722622524946928
1531521600.7596037,90752,0.005398357752710581
1531521672.409131,90880,0.003293110989034176
1531521744.2825208,91008,0.0033267270773649216
1531521816.068239,91136,0.004161551129072905
1531521949.123076,91264,0.0034887290094047785
1531522021.0596244,91392,0.005840916186571121
1531522092.87979,91520,0.0059729162603616714
1531522164.7785356,91648,0.0028759383130818605
1531522296.786565,91776,0.005738891661167145
1531522368.684361,91904,0.003860945114865899
1531522440.5738509,92032,0.009738756343722343
1531522512.372074,92160,0.0059010908007621765
1531522644.7149732,92288,0.004640041384845972
1531522716.4505367,92416,0.005098327528685331
1531522788.3112667,92544,0.003140175249427557
1531522860.2555323,92672,0.011129701510071754
1531522992.7242281,92800,0.006620459724217653
1531523064.5775511,92928,0.005402077920734882
1531523136.4731414,93056,0.0032927771098911762
1531523208.228253,93184,0.0027246447280049324
1531523340.0967298,93312,0.00832378026098013
1531523411.9227357,93440,0.004476459696888924
1531523483.8859951,93568,0.007310959976166487
1531523555.6936688,93696,0.007196132093667984
1531523687.62446,93824,0.005683776922523975
1531523759.472176,93952,0.006772893946617842
1531523831.373947,94080,0.008845160715281963
1531523903.2144344,94208,0.007730470038950443
1531524035.8647723,94336,0.002336887177079916
1531524107.7895582,94464,0.007087058387696743
1531524179.8455765,94592,0.006874804850667715
1531524251.767677,94720,0.013504741713404655
1531524383.915754,94848,0.004677991848438978
1531524455.7623224,94976,0.01606498844921589
1531524527.6183784,95104,0.004764049779623747
1531524599.4040556,95232,0.006630518473684788
1531524733.2440999,95360,0.008542319759726524
1531524805.338326,95488,0.010273505933582783
1531524877.100293,95616,0.005943233147263527
1531524948.9381886,95744,0.005932352505624294
1531525082.0225601,95872,0.009413042105734348
1531525153.8026097,96000,0.0028977077454328537
1531525225.8085232,96128,0.005675831809639931
1531525297.579531,96256,0.003790611634030938
1531525430.1869028,96384,0.00801788829267025
1531525502.0770247,96512,0.004265155643224716
1531525573.8103359,96640,0.0031581881921738386
1531525645.5936959,96768,0.003973834682255983
1531525778.7806337,96896,0.0041388534009456635
1531525850.719396,97024,0.003740393789485097
1531525922.592123,97152,0.007800309918820858
1531525994.4247897,97280,0.003129593562334776
1531526126.8760872,97408,0.0047668879851698875
1531526198.8588233,97536,0.003166746813803911
1531526270.7245092,97664,0.004169174004346132
