wall_time,step,value
1531394070.299417,512,2.2309796810150146
1531394529.9277089,1024,2.339089870452881
1531394985.386586,1536,2.6095309257507324
1531395442.253725,2048,2.7945969104766846
1531395897.853187,2560,2.888695240020752
1531396353.3940804,3072,3.0059266090393066
1531396809.0862272,3584,3.038961887359619
1531397264.180099,4096,3.2071776390075684
1531397717.5417893,4608,3.230849027633667
1531398170.3351252,5120,3.3917789459228516
1531398621.568824,5632,3.4826157093048096
1531399073.0195446,6144,3.5677199363708496
1531399523.0088477,6656,3.5811450481414795
1531399974.4446547,7168,3.5538394451141357
1531400425.4534361,7680,3.7017199993133545
1531400877.122688,8192,3.7005202770233154
1531401327.3846686,8704,3.707423448562622
1531401779.5871582,9216,3.771573305130005
1531402230.6833124,9728,3.818920612335205
1531402681.948613,10240,3.887864589691162
1531403134.9158418,10752,3.8060779571533203
1531403586.4707983,11264,3.7974369525909424
1531404038.184197,11776,3.9426212310791016
1531404489.0730782,12288,3.9370274543762207
1531404942.3407917,12800,3.924588680267334
1531405394.588356,13312,3.9585964679718018
1531405846.8434699,13824,4.036877155303955
1531406299.731861,14336,3.9384560585021973
1531406752.4786549,14848,4.021736145019531
1531407204.2060792,15360,3.965101957321167
1531407657.1897695,15872,4.096770286560059
1531408108.61574,16384,4.084795951843262
1531408559.7749074,16896,4.1057257652282715
1531409013.6862721,17408,3.9803459644317627
1531409466.2022467,17920,4.120598316192627
1531409918.913342,18432,3.992150068283081
1531410370.3102896,18944,4.14599084854126
1531410820.7220469,19456,4.175475597381592
1531411273.0684996,19968,4.095330715179443
1531411725.4002175,20480,4.126835346221924
1531412175.5830123,20992,4.0671892166137695
1531412624.9776905,21504,4.023134231567383
1531413076.1622226,22016,4.103520393371582
1531413527.5658581,22528,4.117972373962402
1531413977.9701111,23040,4.030786514282227
1531414429.918219,23552,4.144233226776123
1531414881.558349,24064,4.168627738952637
1531415333.5144424,24576,4.087686061859131
1531415785.074307,25088,4.105522155761719
1531442909.082513,26112,4.030799865722656
1531443361.299268,26624,3.9789981842041016
1531443813.242097,27136,4.101035118103027
1531444264.4505956,27648,4.097306251525879
1531444715.5910916,28160,3.9748408794403076
1531445166.800782,28672,4.081797122955322
1531445619.9250472,29184,4.040149211883545
1531446072.4755847,29696,4.012940406799316
1531446525.624398,30208,4.016348838806152
1531446978.6147282,30720,3.997645139694214
1531447431.6667442,31232,3.934164047241211
1531447885.8299782,31744,4.0062432289123535
1531448339.3950837,32256,3.9133143424987793
1531448792.6596198,32768,3.961430311203003
1531449247.2622292,33280,4.0392866134643555
1531449700.5657835,33792,3.9212238788604736
1531450154.6380985,34304,3.7931430339813232
1531450610.2317202,34816,3.963139772415161
1531451063.1983166,35328,4.010634422302246
1531451515.567897,35840,4.065339088439941
1531451969.1766272,36352,3.9862430095672607
1531452424.2935724,36864,3.935309886932373
1531452878.02499,37376,3.9072232246398926
1531453331.3160405,37888,3.9279568195343018
1531453784.6668553,38400,3.8812339305877686
1531454238.752907,38912,3.9329185485839844
1531454693.3557174,39424,3.9141948223114014
1531455148.16594,39936,3.892836093902588
1531455602.9693344,40448,3.8991951942443848
1531456057.5055523,40960,3.8665060997009277
1531456513.325957,41472,3.939727306365967
1531456968.725712,41984,3.9120476245880127
1531457423.9886496,42496,3.8715240955352783
1531457878.8493128,43008,3.83500337600708
1531458340.5120873,43520,3.879624605178833
1531458795.9852223,44032,3.878549098968506
1531459250.7725444,44544,3.848083972930908
1531459706.362851,45056,3.8323447704315186
1531460160.0470965,45568,3.7929458618164062
1531460615.640206,46080,3.9257118701934814
1531461069.1689048,46592,3.8241653442382812
1531461522.2465093,47104,3.7605679035186768
1531461975.495138,47616,3.7986690998077393
1531462429.1084938,48128,3.9024689197540283
1531462882.3335724,48640,3.8314547538757324
1531463336.377303,49152,3.848578691482544
1531463791.3470342,49664,3.7663090229034424
1531464245.2139492,50176,3.8016631603240967
1531464701.2758036,50688,3.811974287033081
1531465155.2471507,51200,3.8523190021514893
1531465610.2568407,51712,3.8869831562042236
1531466064.4529986,52224,3.8326504230499268
1531466520.4720166,52736,3.8063125610351562
1531466975.8556168,53248,3.869135618209839
1531467430.6040635,53760,3.79675555229187
1531467885.347348,54272,3.767186403274536
1531468339.503481,54784,3.8112118244171143
1531468793.8771245,55296,3.7766661643981934
1531469248.495142,55808,3.9005961418151855
1531469704.4483817,56320,3.8144237995147705
1531470159.5624876,56832,3.791724443435669
1531470615.5640922,57344,3.8207778930664062
1531471070.3374023,57856,3.8293380737304688
1531471526.3950515,58368,3.7660374641418457
1531471981.940989,58880,3.8351688385009766
1531472437.6498501,59392,3.8080248832702637
1531472893.7950191,59904,3.7775936126708984
1531473348.787405,60416,3.771467685699463
1531473804.187102,60928,3.7965023517608643
1531474260.646651,61440,3.801403522491455
1531474716.283153,61952,3.789407730102539
1531475173.1286767,62464,3.8092074394226074
1531475629.5021985,62976,3.80358624458313
1531526734.6536899,64000,3.789109468460083
1531527188.8354642,64512,3.712414503097534
1531527642.0984528,65024,3.7720847129821777
1531528094.9759433,65536,3.709429979324341
1531528550.4773607,66048,3.7389400005340576
1531529772.280784,67072,3.817887783050537
1531530225.5188122,67584,3.8087360858917236
1531530680.0645688,68096,3.7398579120635986
1531531133.7321706,68608,3.7178714275360107
1531531587.3284779,69120,3.771475315093994
1531532040.4949918,69632,3.8454253673553467
1531532495.685431,70144,3.7004806995391846
1531532950.0936894,70656,3.725661516189575
1531533404.2668865,71168,3.7395172119140625
1531533858.6227484,71680,3.6895313262939453
1531534311.93246,72192,3.8415329456329346
1531534766.0273623,72704,3.7751986980438232
1531535219.7690349,73216,3.676738739013672
1531535674.6263573,73728,3.7406420707702637
1531536129.6076293,74240,3.7507755756378174
1531536585.720713,74752,3.8434536457061768
1531537041.4388597,75264,3.6436474323272705
1531537497.1720655,75776,3.7411091327667236
1531537952.035711,76288,3.7660744190216064
1531538407.4989364,76800,3.735935926437378
1531538863.068204,77312,3.6822898387908936
1531539320.3057911,77824,3.7714362144470215
1531539776.4636707,78336,3.728755235671997
1531540232.5995464,78848,3.660396099090576
1531540688.8930717,79360,3.681959629058838
1531541145.2226295,79872,3.7336044311523438
1531541602.5622413,80384,3.688460111618042
1531542058.422283,80896,3.7298359870910645
1531542515.606426,81408,3.7251040935516357
1531542972.7997127,81920,3.7238929271698
1531543429.9659252,82432,3.7411880493164062
1531543886.330054,82944,3.694214344024658
1531544343.088222,83456,3.6255524158477783
1531544799.8594837,83968,3.6967334747314453
1531545255.8951688,84480,3.721769332885742
1531545711.1949265,84992,3.7250144481658936
1531546167.6721342,85504,3.6646952629089355
1531546623.9317741,86016,3.7827847003936768
1531547079.512398,86528,3.702910900115967
1531547536.9681044,87040,3.6570422649383545
1531547992.10319,87552,3.633772611618042
1531548448.224734,88064,3.6876163482666016
1531548904.071212,88576,3.716097354888916
1531549361.6039734,89088,3.75555157661438
1531549817.353304,89600,3.7489731311798096
1531550272.9088676,90112,3.6648876667022705
1531550729.4228916,90624,3.6871440410614014
1531551184.7411146,91136,3.7154781818389893
1531551642.3403776,91648,3.7175145149230957
1531552098.6130905,92160,3.7040305137634277
1531552555.3773625,92672,3.568657398223877
1531553010.763231,93184,3.7450528144836426
1531553467.4218435,93696,3.7029290199279785
1531553922.810936,94208,3.652291774749756
1531554379.5889971,94720,3.6247124671936035
1531554836.014011,95232,3.6642348766326904
1531555292.4877243,95744,3.711665630340576
1531555750.287378,96256,3.6344687938690186
1531556206.0284553,96768,3.7333126068115234
1531556662.342783,97280,3.6530280113220215
