wall_time,step,value
1532726564.2006278,128,0.9970942735671997
1532726861.1529865,256,0.40895840525627136
1532727158.0862293,384,0.38310471177101135
1532727454.855173,512,0.2801460027694702
1532728167.6822717,640,0.21380838751792908
1532972675.8922923,640,0.25069066882133484
1532972972.7573514,768,0.24489030241966248
1532973269.6382458,896,0.20382444560527802
1532973566.5649214,1024,0.19972465932369232
1532974322.2650506,1152,0.20087522268295288
1532974619.152715,1280,0.1929018795490265
1532974916.0836544,1408,0.19202879071235657
1532975212.985494,1536,0.16299159824848175
1532975942.6252928,1664,0.18158899247646332
1532976239.6019108,1792,0.13888196647167206
1532976536.5269392,1920,0.15641096234321594
1532976833.6056695,2048,0.14946717023849487
1532977544.0708017,2176,0.1447683721780777
1532977841.011237,2304,0.1435648649930954
1532978137.9604964,2432,0.15155547857284546
1532978434.891271,2560,0.13726885616779327
1532979138.3409307,2688,0.144002765417099
1532979435.5279975,2816,0.1347631961107254
1532979732.718914,2944,0.11900436878204346
1532980029.913459,3072,0.11688549071550369
1532980723.748496,3200,0.1204216405749321
1532981020.9010391,3328,0.12116263806819916
1532981318.1266448,3456,0.1138221025466919
1532981615.370715,3584,0.13468089699745178
1532982294.884058,3712,0.1300077736377716
1532982592.2200973,3840,0.12742115557193756
1532982889.496408,3968,0.1062576025724411
1532983186.7582252,4096,0.11393636465072632
1532983870.561666,4224,0.11084890365600586
1532984167.7789638,4352,0.10010658949613571
1532984464.887934,4480,0.10720852017402649
1532984762.0366263,4608,0.11323972046375275
1532985436.1748567,4736,0.09689702838659286
1532985733.1808403,4864,0.10376930236816406
1532986030.5269737,4992,0.09568679332733154
1532986327.9044344,5120,0.09380120038986206
1532987008.727936,5248,0.1011701226234436
1532987305.9179053,5376,0.09609387069940567
1532987602.9472501,5504,0.08453153073787689
1532987900.0763252,5632,0.10329905152320862
1532988591.4450395,5760,0.08244811743497849
1532988888.474904,5888,0.09022718667984009
1532989185.6364763,6016,0.09953378140926361
1532989482.7852712,6144,0.07840967178344727
1533117365.1936765,6272,0.11147850751876831
1533117661.8655584,6400,0.08655691146850586
1533117958.406476,6528,0.080611951649189
1533118254.8584783,6656,0.08999118953943253
1533118925.583136,6784,0.08866257965564728
1533119222.0635843,6912,0.07826930284500122
1533119518.7886155,7040,0.07363095879554749
1533119815.4127052,7168,0.07840851694345474
1533120489.9241612,7296,0.08403116464614868
1533120786.7890255,7424,0.0805264413356781
1533121083.4686365,7552,0.08828864246606827
1533121380.2140956,7680,0.07908091694116592
1533122053.8790672,7808,0.07625854015350342
1533122350.5281947,7936,0.0692669153213501
1533122647.143069,8064,0.07085519284009933
1533122943.7301626,8192,0.07445847243070602
1533123598.798845,8320,0.07281219214200974
1533123895.542792,8448,0.07928456366062164
1533124192.4767058,8576,0.07344561070203781
1533124489.4479456,8704,0.07767016440629959
1533125151.5318053,8832,0.06834974884986877
1533125448.3819427,8960,0.07316793501377106
1533125745.3014946,9088,0.05722619220614433
1533126042.1635349,9216,0.060120873153209686
1533126706.1195507,9344,0.07165355235338211
1533127003.0896273,9472,0.076134093105793
1533127300.054764,9600,0.07229755073785782
1533127597.0741167,9728,0.06709317862987518
1533128258.1300516,9856,0.06722665578126907
1533128555.0839508,9984,0.06273704022169113
1533128851.7976818,10112,0.06054326146841049
1533129148.5768328,10240,0.06523771584033966
1533129819.5498288,10368,0.07598438858985901
1533130116.386769,10496,0.06198805570602417
1533130413.2864642,10624,0.06935107707977295
1533130710.2242174,10752,0.06869562715291977
1533131371.0484312,10880,0.05586664006114006
1533131667.8203263,11008,0.06914091110229492
1533131964.6028466,11136,0.07332725077867508
1533132261.3776548,11264,0.057920556515455246
1533132926.7317445,11392,0.05650302395224571
1533133223.5616758,11520,0.0677395835518837
1533133520.411059,11648,0.07064992189407349
1533133817.263072,11776,0.05209711939096451
1533134483.205209,11904,0.05666973441839218
1533134779.9799585,12032,0.0498124398291111
1533135076.7184343,12160,0.052012890577316284
1533135373.3974242,12288,0.0604642778635025
1533136036.41337,12416,0.054033808410167694
1533136333.0496998,12544,0.059968870133161545
1533136629.7218273,12672,0.06021834909915924
1533136926.506516,12800,0.05611209198832512
1533137593.6684523,12928,0.049833737313747406
1533137890.3990898,13056,0.06372249126434326
1533138187.215822,13184,0.04891521856188774
1533138483.807745,13312,0.059195540845394135
1533139157.1788888,13440,0.0575457327067852
1533139453.9127388,13568,0.04818000644445419
1533139750.5586274,13696,0.05000292509794235
1533140047.3411288,13824,0.05245746672153473
1533140710.371112,13952,0.048524707555770874
1533141007.1858327,14080,0.06430992484092712
1533141304.0699732,14208,0.05181271582841873
1533141600.7966678,14336,0.05751796066761017
1533142244.3157275,14464,0.043103672564029694
1533142541.0602195,14592,0.06061391532421112
1533142837.910644,14720,0.052881475538015366
1533143134.7337782,14848,0.05423678457736969
1533143790.0377188,14976,0.04725244641304016
1533144086.8003695,15104,0.05400863289833069
1533144383.465346,15232,0.04615766927599907
1533144680.1224885,15360,0.05643990635871887
1533145340.6720042,15488,0.04705515131354332
1533145637.413155,15616,0.05020768195390701
1533145934.154821,15744,0.046081896871328354
1533146230.785076,15872,0.058395788073539734
1533146873.9274802,16000,0.05170020833611488
1533147170.6096146,16128,0.04849584773182869
1533147467.273337,16256,0.05198707431554794
1533147763.9356658,16384,0.04452298954129219
1533148416.1156514,16512,0.054564591497182846
1533148712.880253,16640,0.05255698785185814
1533149009.6934748,16768,0.05460777133703232
1533149306.269151,16896,0.04546138644218445
1533149950.4829435,17024,0.043885886669158936
1533150247.4050941,17152,0.05231552571058273
1533150544.215218,17280,0.04928375408053398
1533150841.02904,17408,0.05909743905067444
1533151498.677879,17536,0.0407090038061142
1533151795.4437506,17664,0.05272649973630905
1533152092.2563727,17792,0.04874661564826965
1533152389.0993686,17920,0.049836449325084686
1533153025.051372,18048,0.04185575246810913
1533153321.8777103,18176,0.05565236136317253
1533153618.7654603,18304,0.04561606049537659
1533153915.637165,18432,0.04662380740046501
1533154553.2772162,18560,0.04421880841255188
1533154850.017012,18688,0.047361958771944046
1533155146.743886,18816,0.04125590994954109
1533155443.4291162,18944,0.041319653391838074
1533156069.3101058,19072,0.04225791618227959
1533156366.1317012,19200,0.04163898900151253
1533156663.0321007,19328,0.03776107728481293
1533156959.9747577,19456,0.04342994838953018
1533157595.7165096,19584,0.034597061574459076
1533157892.5159738,19712,0.030648192390799522
1533158189.341867,19840,0.04683883488178253
1533158486.271784,19968,0.03707827255129814
1533159116.4603732,20096,0.0441087931394577
1533159413.2040825,20224,0.055548690259456635
1533159710.0030987,20352,0.038223087787628174
1533160006.818144,20480,0.04447656497359276
1533160655.4368198,20608,0.04428788274526596
1533160952.2207866,20736,0.0444684773683548
1533161248.8128803,20864,0.04130033776164055
1533161545.5659885,20992,0.05046366527676582
1533162179.0705402,21120,0.03897136077284813
1533162475.8979502,21248,0.04270593449473381
1533162772.6358705,21376,0.04220907762646675
1533163069.4642434,21504,0.039646606892347336
1533163698.0691347,21632,0.035974182188510895
1533163994.701301,21760,0.03521188348531723
1533164291.33175,21888,0.03671383112668991
1533164588.07248,22016,0.02830050140619278
1533165219.0739322,22144,0.04028038680553436
1533165515.734057,22272,0.05120149627327919
1533165812.4874008,22400,0.03725592792034149
1533166109.087328,22528,0.035367026925086975
1533166738.0767643,22656,0.043453481048345566
1533167034.9187622,22784,0.047124043107032776
1533167331.7024503,22912,0.029363200068473816
1533167628.5541158,23040,0.03974238410592079
1533168262.1660926,23168,0.03130082041025162
1533168558.8264139,23296,0.037862762808799744
1533168855.5277774,23424,0.04179048165678978
1533169152.1316752,23552,0.04045708104968071
1533169783.3043141,23680,0.04440143704414368
1533170079.9803112,23808,0.041263312101364136
1533170376.6062627,23936,0.03410141542553902
1533170673.1946588,24064,0.03703266754746437
1533171302.2461562,24192,0.03193601593375206
1533171599.007946,24320,0.039386577904224396
1533171895.4763334,24448,0.041622623801231384
1533172192.3894763,24576,0.027791138738393784
1533172817.2643728,24704,0.04181668534874916
1533173113.8934958,24832,0.032163191586732864
1533173410.665672,24960,0.03776382654905319
1533173707.3959713,25088,0.032420653849840164
1533174339.8146648,25216,0.050851114094257355
1533174636.561231,25344,0.03894759714603424
1533174933.109815,25472,0.03232232481241226
1533175229.7235503,25600,0.04354232922196388
1533175854.112119,25728,0.0317065455019474
1533176151.0186508,25856,0.04440171271562576
1533176447.8177748,25984,0.03008407913148403
1533176744.7819963,26112,0.03786029666662216
1533177379.4863226,26240,0.03417019918560982
1533177676.282614,26368,0.03773535043001175
1533177973.1302392,26496,0.032025665044784546
1533178269.9079456,26624,0.031098736450076103
1533178890.5377805,26752,0.034637294709682465
1533179187.372928,26880,0.03038518689572811
1533179484.1174788,27008,0.03302936255931854
1533179780.8647947,27136,0.03421252220869064
1533180414.1770322,27264,0.044740717858076096
1533180711.114164,27392,0.035776492208242416
1533181007.9659884,27520,0.03239405155181885
1533181304.887403,27648,0.03593836724758148
1533181932.9534907,27776,0.03242141380906105
1533182229.8611896,27904,0.048420488834381104
1533182526.7884746,28032,0.0292112585157156
1533182823.89622,28160,0.033874206244945526
1533183457.235167,28288,0.04355265945196152
1533183754.161026,28416,0.04632939025759697
1533184051.1318014,28544,0.028797391802072525
1533184348.1980894,28672,0.031198889017105103
1533184971.4394424,28800,0.03103972226381302
1533185268.3096278,28928,0.019027670845389366
1533185565.1324375,29056,0.03193828836083412
1533185861.9432125,29184,0.03133973479270935
1533186484.8281512,29312,0.03247808292508125
1533186781.7300494,29440,0.03961113095283508
1533187078.5743577,29568,0.028198515996336937
1533187375.4867759,29696,0.027187813073396683
1533188011.7221985,29824,0.032994940876960754
1533188308.7734723,29952,0.03913494199514389
1533188605.7912374,30080,0.03806161880493164
1533188902.8099322,30208,0.034447237849235535
1533189551.4940853,30336,0.027865136042237282
1533189848.5237253,30464,0.03270004689693451
1533190145.5401309,30592,0.03261025622487068
1533190442.5688019,30720,0.028495728969573975
1533191073.9870336,30848,0.025737322866916656
1533191370.8055153,30976,0.03749270737171173
1533191667.733039,31104,0.037562284618616104
1533191964.6710267,31232,0.031114373356103897
1533192598.5582469,31360,0.033305831253528595
1533192895.4789164,31488,0.02908780425786972
1533193192.3455262,31616,0.035560715943574905
1533193489.2073421,31744,0.028495466336607933
1533194138.8468204,31872,0.030972260981798172
1533194435.6449952,32000,0.031786706298589706
1533194732.3330183,32128,0.04281344264745712
1533195029.1142962,32256,0.023513590916991234
1533195668.1345375,32384,0.04011040925979614
1533195965.1252851,32512,0.0378282405436039
1533196261.989703,32640,0.03380482271313667
1533196558.8421266,32768,0.031774263828992844
1533197195.7061448,32896,0.024661213159561157
1533197492.5924053,33024,0.02563151717185974
1533197789.4735372,33152,0.02229216694831848
1533198086.340408,33280,0.0331566222012043
1533198717.0985155,33408,0.029050271958112717
1533199013.8957093,33536,0.030811060220003128
1533199310.8317873,33664,0.036580272018909454
1533199607.386584,33792,0.030449096113443375
1533200253.769668,33920,0.027111703529953957
1533200550.6276517,34048,0.0229662973433733
1533200847.4992058,34176,0.02606307715177536
1533201144.4016957,34304,0.03658901900053024
1533201794.9113142,34432,0.035235803574323654
1533202091.8602157,34560,0.034293171018362045
1533202388.7665288,34688,0.027812140062451363
1533202685.4767988,34816,0.028339054435491562
1533203332.120038,34944,0.03191201388835907
1533203628.9700158,35072,0.028957996517419815
1533203925.867554,35200,0.0229809507727623
1533204222.6942935,35328,0.029920252040028572
1533204877.866576,35456,0.02997814118862152
1533205174.5680952,35584,0.02829068899154663
1533205471.348783,35712,0.028887830674648285
1533205767.9428902,35840,0.027325838804244995
1533206420.417805,35968,0.030318444594740868
1533206717.257831,36096,0.03180423751473427
1533207014.0226605,36224,0.023803042247891426
1533207310.9359443,36352,0.022489110007882118
1533207965.3959384,36480,0.027272429317235947
1533208262.069575,36608,0.02085539512336254
1533208558.8299742,36736,0.025672107934951782
1533208855.5841508,36864,0.03261319547891617
1533209509.1783907,36992,0.030044417828321457
1533209805.9338524,37120,0.028820296749472618
1533210102.6604846,37248,0.023691747337579727
1533210399.4624531,37376,0.023896830156445503
1533355941.3385625,37504,0.024832619354128838
1533356248.528431,37632,0.024337120354175568
1533356555.8918214,37760,0.03361193835735321
1533356863.0331347,37888,0.03508615493774414
1533357497.1774857,38016,0.03284705430269241
1533357794.0249417,38144,0.02366694062948227
1533358091.1317818,38272,0.03405136615037918
1533358388.0936792,38400,0.02315562218427658
1533359019.589718,38528,0.02750498801469803
1533359316.6391056,38656,0.029208749532699585
1533359613.542386,38784,0.02262459695339203
1533359910.5031674,38912,0.02817574143409729
1533360556.2040973,39040,0.02380363456904888
1533360853.1351495,39168,0.02662963978946209
1533361149.9369576,39296,0.022286703810095787
1533361446.8842342,39424,0.02413352206349373
1533362087.168741,39552,0.030698638409376144
1533362384.1349635,39680,0.02516912668943405
1533362681.1391382,39808,0.03540182486176491
1533362978.2194617,39936,0.02513875626027584
1533363616.6640704,40064,0.023282092064619064
1533363913.7116382,40192,0.028646189719438553
1533364210.850198,40320,0.024072259664535522
1533364507.8821604,40448,0.030199438333511353
1533365155.2133958,40576,0.029804188758134842
1533365452.294659,40704,0.01983126997947693
1533365749.4313197,40832,0.025328058749437332
1533366046.6184728,40960,0.029276041314005852
1533366681.4997995,41088,0.022343704476952553
1533366978.4360745,41216,0.018713554367423058
1533367275.5050838,41344,0.027247454971075058
1533367572.6289732,41472,0.030233830213546753
1533368224.9064388,41600,0.020199891179800034
1533368521.8449533,41728,0.02481917478144169
1533368818.8776023,41856,0.02510608546435833
1533369115.8870041,41984,0.035511355847120285
1533369762.5197089,42112,0.024538343772292137
1533370059.5426195,42240,0.024530848488211632
1533370356.4108932,42368,0.03549950569868088
1533370653.439324,42496,0.022803375497460365
1533371293.6706114,42624,0.02788460999727249
1533371590.6096163,42752,0.02329951710999012
1533371887.7833142,42880,0.025345930829644203
1533372184.7701843,43008,0.022632114589214325
1533372839.478409,43136,0.029258348047733307
1533373136.4262311,43264,0.017039814963936806
1533373433.3024616,43392,0.02773921564221382
1533373730.230629,43520,0.017097149044275284
1533374367.8930955,43648,0.028555741533637047
1533374664.789187,43776,0.025478996336460114
1533374961.7722905,43904,0.03682730346918106
1533375258.69501,44032,0.022962573915719986
1533375910.7744458,44160,0.029678404331207275
1533376207.6411324,44288,0.02466414123773575
1533376504.5703552,44416,0.025193337351083755
1533376801.408134,44544,0.017433131113648415
1533377443.5533302,44672,0.022902820259332657
1533377740.4547246,44800,0.02193903736770153
1533378037.2896252,44928,0.022940218448638916
1533378334.0760858,45056,0.02872883901000023
1533378986.786303,45184,0.022452199831604958
1533379283.9712682,45312,0.028295625001192093
1533379581.1015818,45440,0.019329432398080826
1533379878.18636,45568,0.035110220313072205
1533380529.8403895,45696,0.02480866201221943
1533380826.98159,45824,0.023932432755827904
1533381124.063476,45952,0.023894816637039185
1533381421.0993326,46080,0.022519098594784737
1533382071.3134704,46208,0.0249252300709486
1533382368.3748803,46336,0.028826884925365448
1533382665.5661917,46464,0.01976783201098442
1533382962.7564175,46592,0.020577263087034225
1533383610.5585747,46720,0.024293718859553337
1533383907.5764143,46848,0.02268662303686142
1533384204.733127,46976,0.018529877066612244
1533384501.8778868,47104,0.026697909459471703
1533385153.7554522,47232,0.0250186026096344
1533385451.3410475,47360,0.02095673605799675
1533385749.0769496,47488,0.032237421721220016
1533386046.656165,47616,0.024623500183224678
1533386705.6390727,47744,0.021120568737387657
1533387002.6402636,47872,0.023706773295998573
1533387299.5998707,48000,0.029586466029286385
1533387596.7189047,48128,0.021306874230504036
1533400854.3301497,48256,0.030833330005407333
1533401161.3136218,48384,0.024198846891522408
1533401468.3300657,48512,0.020180851221084595
1533401775.396871,48640,0.02055330201983452
1533402428.1334538,48768,0.020314615219831467
1533402724.5553608,48896,0.02428843267261982
1533403021.138644,49024,0.02335251495242119
1533403317.5509014,49152,0.016595611348748207
1533403969.851906,49280,0.01848381757736206
1533404266.4482253,49408,0.02089126780629158
1533404563.0097015,49536,0.02837701328098774
1533404859.5203497,49664,0.026465121656656265
1533405526.3858917,49792,0.022421756759285927
1533405822.92487,49920,0.02947133779525757
1533406119.3915248,50048,0.021930666640400887
1533406415.9134545,50176,0.016399642452597618
1533407068.2652237,50304,0.025610508397221565
1533407364.8908627,50432,0.020064441487193108
1533407661.498349,50560,0.01834326796233654
1533407958.117569,50688,0.02719198726117611
1533408620.8799176,50816,0.018029382452368736
1533408917.4283428,50944,0.02526198700070381
1533409213.9464374,51072,0.025429803878068924
1533409510.6490738,51200,0.020585808902978897
1533410183.8560548,51328,0.019054466858506203
1533410480.436801,51456,0.026536153629422188
1533410776.873626,51584,0.02100186049938202
1533411073.5732675,51712,0.018233289942145348
1533411732.7270033,51840,0.023292262107133865
1533412029.376188,51968,0.02125503681600094
1533412325.9852116,52096,0.018670227378606796
1533412622.5454748,52224,0.019002024084329605
1533413279.9081516,52352,0.025684837251901627
1533413576.3874369,52480,0.021397631615400314
1533413872.9088752,52608,0.027689922600984573
1533414169.5032308,52736,0.021030720323324203
1533414828.921676,52864,0.015973133966326714
1533415125.420811,52992,0.0174282006919384
1533415421.9856825,53120,0.027285071089863777
1533415718.5827599,53248,0.01695849746465683
1533416390.3006732,53376,0.023040026426315308
1533416686.8866746,53504,0.021251879632472992
1533416983.336367,53632,0.01598382368683815
1533417279.7196922,53760,0.012743666768074036
1533417956.5334477,53888,0.01729491539299488
1533418253.0689116,54016,0.01653977669775486
1533418549.547244,54144,0.020957570523023605
1533418846.0916204,54272,0.020486632362008095
1533419520.7372355,54400,0.017732864245772362
1533419817.1895127,54528,0.020838087424635887
1533420113.683889,54656,0.02230440452694893
1533420410.1072297,54784,0.025903858244419098
1533421097.15766,54912,0.01837989315390587
1533421393.6510532,55040,0.02247147262096405
1533421690.1934505,55168,0.025825167074799538
1533421986.7190514,55296,0.0187132079154253
1533422653.5029924,55424,0.020849786698818207
1533422949.9369433,55552,0.021035142242908478
1533423246.3550477,55680,0.021041305735707283
1533423542.9140282,55808,0.02194315381348133
1533424210.2500987,55936,0.016819927841424942
1533424506.8645437,56064,0.027351681143045425
1533424803.4345717,56192,0.017291298136115074
1533425100.040698,56320,0.02110709436237812
1533425764.1504128,56448,0.020159773528575897
1533426061.0567617,56576,0.01762283407151699
1533426357.901295,56704,0.02244945429265499
1533426654.640025,56832,0.035458389669656754
1533427344.8851733,56960,0.022851064801216125
1533427641.7912853,57088,0.015959013253450394
1533427938.5597796,57216,0.02795310690999031
1533428235.4106297,57344,0.02203614078462124
1533428914.0805345,57472,0.020937496796250343
1533429210.9149966,57600,0.02198941633105278
1533429507.8411005,57728,0.018188990652561188
1533429804.707457,57856,0.022910909727215767
1533430478.9475532,57984,0.019702201709151268
1533430775.9282622,58112,0.01799193024635315
1533431072.7517726,58240,0.021309344097971916
1533431369.6108687,58368,0.022690337151288986
1533432058.645532,58496,0.02326800487935543
1533432355.3789318,58624,0.020836079493165016
1533432652.1043797,58752,0.020726099610328674
1533432948.7938216,58880,0.021460052579641342
1533433626.7911882,59008,0.023434985429048538
1533433923.5852048,59136,0.018123852089047432
1533434220.4092152,59264,0.01743973419070244
1533434517.2405639,59392,0.02037723734974861
1533435189.4730508,59520,0.017380600795149803
1533435486.388621,59648,0.023227166384458542
1533435783.3536823,59776,0.02132362872362137
1533436080.3234637,59904,0.015524782240390778
1533436748.712004,60032,0.016789080575108528
1533437045.5593889,60160,0.016953717917203903
1533437342.436549,60288,0.017260299995541573
1533437639.266685,60416,0.01826927624642849
1533438324.469674,60544,0.023126453161239624
1533438621.414828,60672,0.02109774947166443
1533438918.2683778,60800,0.023035425692796707
1533439215.0795581,60928,0.0156736858189106
1533439895.5320897,61056,0.02010529860854149
1533440192.4594712,61184,0.019324712455272675
1533440489.138049,61312,0.023874685168266296
1533440785.6996434,61440,0.014747957699000835
1533441469.80922,61568,0.012840071693062782
1533441766.7776513,61696,0.023219741880893707
1533442063.7317293,61824,0.01846851408481598
1533442360.6024196,61952,0.017675844952464104
1533443052.8786263,62080,0.023727482184767723
1533443349.6970603,62208,0.014410924166440964
1533443646.421234,62336,0.01750681735575199
1533443943.2638931,62464,0.018720267340540886
1533444622.0170066,62592,0.024342088028788567
1533444918.9613295,62720,0.015392446890473366
1533445215.6183398,62848,0.020651748403906822
1533445512.2820072,62976,0.01904607005417347
1533446194.5928164,63104,0.01848706416785717
1533446491.4771287,63232,0.01838006265461445
1533446788.263316,63360,0.020098621025681496
1533447084.9237554,63488,0.013928615488111973
1533447763.1189039,63616,0.021912124007940292
1533448059.8147357,63744,0.019696341827511787
1533448356.4712791,63872,0.016651451587677002
1533448653.170641,64000,0.02023117057979107
1533449329.4399853,64128,0.016195781528949738
1533449626.0747964,64256,0.02144692838191986
1533449922.866379,64384,0.015615570358932018
1533450219.5495586,64512,0.016243135556578636
1533450904.1808798,64640,0.012067473493516445
1533451200.762783,64768,0.017042942345142365
1533451497.3675396,64896,0.01881251484155655
1533451793.9288163,65024,0.013050406239926815
1533452468.143197,65152,0.02495838887989521
1533452764.7312012,65280,0.019406916573643684
1533453061.2741566,65408,0.02628929540514946
1533453357.916058,65536,0.017963705584406853
1533454052.4999259,65664,0.018490031361579895
1533454349.1098676,65792,0.02000213786959648
1533454645.8702116,65920,0.027363518252968788
1533454942.4335809,66048,0.014319627545773983
1533455621.9670901,66176,0.016252834349870682
1533455918.6590989,66304,0.015732690691947937
1533456215.1381738,66432,0.017913274466991425
1533456511.4770145,66560,0.015196003951132298
1533457212.270571,66688,0.021627143025398254
1533457508.8023274,66816,0.01565728709101677
1533457805.2662473,66944,0.01802663691341877
1533458101.8320842,67072,0.013756894506514072
1533458779.312333,67200,0.023016296327114105
1533459075.7766802,67328,0.025366436690092087
1533459372.0606444,67456,0.01435303594917059
1533459668.4017942,67584,0.014224651269614697
1533460339.1844282,67712,0.015032726339995861
1533460635.872291,67840,0.016723139211535454
1533460932.5480282,67968,0.019492201507091522
1533461229.059335,68096,0.013003809377551079
1533461922.051558,68224,0.022464195266366005
1533462218.8464339,68352,0.03145108371973038
1533462515.7583516,68480,0.015626229345798492
1533462812.576048,68608,0.02101108431816101
1533463487.9393451,68736,0.021480096504092216
1533463784.7388167,68864,0.0147775337100029
1533464081.4873812,68992,0.012447113171219826
1533464378.2567294,69120,0.017619088292121887
1533465064.2217298,69248,0.02189280465245247
1533465360.9971945,69376,0.016756415367126465
1533465657.6958728,69504,0.01792319491505623
1533465954.4698703,69632,0.020396053791046143
1533466649.665505,69760,0.02158438414335251
1533466946.4180038,69888,0.02126842550933361
1533467243.2706132,70016,0.01747303269803524
1533467540.0294166,70144,0.016849197447299957
1533468226.3062065,70272,0.01955975964665413
1533468523.1360228,70400,0.016904857009649277
1533468819.8750517,70528,0.018757781013846397
1533469116.7817934,70656,0.025269735604524612
1533469796.8115618,70784,0.011275636032223701
1533470093.5620573,70912,0.020750805735588074
1533470390.4564226,71040,0.013029639609158039
1533470687.28179,71168,0.01688959449529648
1533471380.7236857,71296,0.017370400950312614
1533471677.5987735,71424,0.015505244955420494
1533471974.425281,71552,0.019803926348686218
1533472271.128138,71680,0.01869114115834236
1533472969.10237,71808,0.01807417906820774
1533473265.9157207,71936,0.024450747296214104
1533473562.7607,72064,0.01701289601624012
1533473859.4677093,72192,0.02288983389735222
1533474552.484382,72320,0.016649506986141205
1533474849.1849303,72448,0.015145947225391865
1533475146.0275192,72576,0.012788900174200535
1533475442.88369,72704,0.01325768232345581
1533476134.1066854,72832,0.017295995727181435
1533476430.9641845,72960,0.015422328375279903
1533476727.8425698,73088,0.014853140339255333
1533477024.640804,73216,0.015439729206264019
1533477715.920951,73344,0.014800900593400002
1533478012.7350593,73472,0.01585613563656807
1533478309.5535276,73600,0.01918286830186844
1533478606.1998158,73728,0.019076677039265633
1533479297.8912268,73856,0.019180867820978165
1533479594.7467237,73984,0.013422992080450058
1533479891.524092,74112,0.022085418924689293
1533480188.092368,74240,0.023744817823171616
1533480890.6696234,74368,0.025019222870469093
1533481187.4834461,74496,0.014877783134579659
1533481484.2626352,74624,0.01775980181992054
1533481780.9499989,74752,0.016838427633047104
1533482310.8391235,74880,0.02126828022301197
1533482617.7521565,75008,0.01794356480240822
1533482924.7815886,75136,0.016122808679938316
1533483231.8830123,75264,0.020197011530399323
1533483896.4049277,75392,0.017206329852342606
1533484192.9275532,75520,0.015477919019758701
1533484489.7313473,75648,0.019780807197093964
1533484786.446295,75776,0.016402261331677437
1533485476.5256395,75904,0.016972539946436882
1533485773.2765207,76032,0.019261430948972702
1533486069.8709993,76160,0.021344389766454697
1533486366.532012,76288,0.021986953914165497
1533487047.6006703,76416,0.014278639107942581
1533487344.2559655,76544,0.012504391372203827
1533487640.9281945,76672,0.013823428191244602
1533487937.6687775,76800,0.013712571002542973
1533488625.265322,76928,0.025209978222846985
1533488921.9532456,77056,0.02229887992143631
1533489218.7871854,77184,0.02301829122006893
1533489515.4937701,77312,0.017640434205532074
1533490199.481811,77440,0.01656811684370041
1533490496.2929375,77568,0.016199108213186264
1533490793.1398985,77696,0.012377778068184853
1533491089.9854772,77824,0.02213602140545845
1533491777.8039634,77952,0.01580720581114292
1533492074.7982552,78080,0.021128129214048386
1533492371.8366709,78208,0.013736456632614136
1533492668.7675874,78336,0.014389303512871265
1533493346.0176485,78464,0.013599872589111328
1533493642.8722737,78592,0.012314654886722565
1533493939.7439492,78720,0.015668313950300217
1533494236.7200332,78848,0.013500717468559742
1533494922.343938,78976,0.01846037060022354
1533495219.2264366,79104,0.018007861450314522
1533495516.0499842,79232,0.020171016454696655
1533495812.8763163,79360,0.012449975125491619
1533496497.2469912,79488,0.01558896154165268
1533496794.0544486,79616,0.018179625272750854
1533497090.7983987,79744,0.01273268647491932
1533497387.599692,79872,0.014023350551724434
1533498064.505727,80000,0.015963755548000336
1533498361.2530963,80128,0.010883020237088203
1533498657.999968,80256,0.0217672698199749
1533498954.6099098,80384,0.015764344483613968
1533499635.46929,80512,0.019224749878048897
1533499932.1615922,80640,0.015185724012553692
1533500228.9214983,80768,0.010146023705601692
1533500525.5727086,80896,0.019486645236611366
1533501217.1665485,81024,0.019180694594979286
1533501513.8202994,81152,0.013112988322973251
1533501810.5136728,81280,0.013399802148342133
1533502107.3070297,81408,0.016805920749902725
1533502801.0237148,81536,0.01734146475791931
1533503097.8332076,81664,0.02450460195541382
1533503394.6990283,81792,0.014082764275372028
1533503691.4217155,81920,0.020014449954032898
1533504379.3246512,82048,0.018602410331368446
1533504676.0344133,82176,0.01263641007244587
1533504972.7366626,82304,0.01468454860150814
1533505269.4385734,82432,0.011021613143384457
1533505943.6216357,82560,0.021199777722358704
1533506240.2535822,82688,0.016205482184886932
1533506536.9641588,82816,0.017591949552297592
1533506833.6954322,82944,0.013754536397755146
1533507536.7580063,83072,0.021108658984303474
1533507833.88022,83200,0.020115802064538002
1533508130.9417222,83328,0.016383888199925423
1533508428.0100906,83456,0.018079377710819244
1533509107.3227873,83584,0.01568371057510376
1533509404.3060389,83712,0.010749046690762043
1533509701.3675854,83840,0.0205784123390913
1533509998.2785313,83968,0.015388496220111847
1533510689.6006088,84096,0.02345050312578678
1533510986.5810604,84224,0.02263256348669529
1533511283.611424,84352,0.018757125362753868
1533511580.5123522,84480,0.015855517238378525
1533512273.3064475,84608,0.013628851622343063
1533512570.3232667,84736,0.015963777899742126
1533512867.13036,84864,0.014792341738939285
1533513164.0499089,84992,0.01804608851671219
1533513857.5391598,85120,0.014629801735281944
1533514154.6234107,85248,0.014745204709470272
1533514451.609115,85376,0.014381774701178074
1533514748.6178637,85504,0.012111075222492218
1533515438.394161,85632,0.016215337440371513
1533515735.40431,85760,0.02228972315788269
1533516032.3711019,85888,0.022001251578330994
1533516329.3345218,86016,0.015151984058320522
1533517028.1288173,86144,0.014611989259719849
1533517325.1060803,86272,0.01513708382844925
1533517622.1626394,86400,0.018717361614108086
1533517919.218773,86528,0.016095517203211784
1533518612.798497,86656,0.015739571303129196
1533518909.8578053,86784,0.015298756770789623
1533519206.834618,86912,0.012226637452840805
1533519503.9990695,87040,0.018834860995411873
1533520192.3299205,87168,0.017111526802182198
1533520489.4019845,87296,0.01634940505027771
1533520786.4241042,87424,0.014332114718854427
1533521083.483582,87552,0.018215591087937355
1533521779.6032176,87680,0.014091446995735168
1533522076.7856753,87808,0.014655394479632378
1533522373.7601678,87936,0.012304883450269699
1533522670.8417385,88064,0.014883158728480339
1533523353.1774836,88192,0.017723513767123222
1533523650.3129845,88320,0.023437675088644028
1533523947.4081893,88448,0.01061011292040348
1533524244.5138485,88576,0.018565285950899124
1533524934.8485038,88704,0.017517054453492165
1533525231.8832881,88832,0.019956637173891068
1533525528.7625415,88960,0.016228051856160164
1533525825.8297145,89088,0.017043540254235268
1533526524.4362326,89216,0.01633855327963829
1533526821.461782,89344,0.012834073044359684
1533527118.3760107,89472,0.01530781202018261
1533527415.3746932,89600,0.013144670985639095
1533528106.8479002,89728,0.018043508753180504
1533528403.9136815,89856,0.01191127672791481
1533528700.8983154,89984,0.012735014781355858
1533528997.8541653,90112,0.017020847648382187
1533529696.1281984,90240,0.012674163095653057
1533529992.9365394,90368,0.01759876124560833
1533530289.7482443,90496,0.01392071321606636
1533530587.122934,90624,0.020164523273706436
1533531281.5620282,90752,0.01649697683751583
1533531578.448574,90880,0.021708915010094643
1533531875.397831,91008,0.010827804915606976
1533532172.2795613,91136,0.012358510866761208
1533532862.1574461,91264,0.018834378570318222
1533533158.9182184,91392,0.014784387312829494
1533533455.8862457,91520,0.012838512659072876
1533533752.8558424,91648,0.013217354193329811
1533534445.9937065,91776,0.023710966110229492
1533534742.8563988,91904,0.014972398988902569
1533535039.7233262,92032,0.014907150529325008
1533535336.6678116,92160,0.011226184666156769
1533536027.5851645,92288,0.017068834975361824
1533536324.4280746,92416,0.016454124823212624
1533536621.2499325,92544,0.011674544773995876
1533536918.0204828,92672,0.01372030470520258
1533537604.8220477,92800,0.013853134587407112
1533537901.675662,92928,0.01282169483602047
1533538198.4745233,93056,0.013794098980724812
1533538495.3075614,93184,0.015178111381828785
1533539185.6653225,93312,0.012209716252982616
1533539482.3436618,93440,0.016646219417452812
1533539778.9521759,93568,0.018619028851389885
1533540075.7501986,93696,0.015870369970798492
1533540754.4049988,93824,0.017385032027959824
1533541051.1611388,93952,0.021908441558480263
1533541347.9890835,94080,0.015438301488757133
1533541644.7416313,94208,0.018588252365589142
1533542333.8614388,94336,0.019334852695465088
1533542630.6629815,94464,0.012822281569242477
1533542927.6786377,94592,0.014106964692473412
1533543224.5910847,94720,0.013631949201226234
1533543915.20751,94848,0.013391967862844467
1533544212.011596,94976,0.015286331064999104
1533544508.918628,95104,0.02182324230670929
1533544805.8250191,95232,0.016079038381576538
1533545507.2320273,95360,0.013884051702916622
1533545804.0813513,95488,0.01360238529741764
1533546101.0466042,95616,0.014455065131187439
1533546398.0287266,95744,0.019316300749778748
1533547083.9396148,95872,0.01742645725607872
1533547380.8222742,96000,0.01611359976232052
1533547677.7991202,96128,0.016669873148202896
1533547974.663951,96256,0.013184074312448502
1533548669.9679596,96384,0.015317733399569988
1533548966.9040587,96512,0.020383331924676895
1533549263.8429189,96640,0.016161685809493065
1533549560.860583,96768,0.014357216656208038
1533550260.160835,96896,0.015412770211696625
1533550557.215084,97024,0.01457647792994976
1533550854.225126,97152,0.012798983603715897
1533551151.1970413,97280,0.013421965762972832
1533551841.7896786,97408,0.009821070358157158
1533552138.622096,97536,0.01206094678491354
1533552435.392436,97664,0.013303231447935104
