wall_time,step,value
1531088419.573239,128,3.7660677433013916
1531088475.2150166,256,0.180195152759552
1531088531.2758539,384,0.2522370219230652
1531088587.5527878,512,0.15972067415714264
1531088698.880868,640,0.15574795007705688
1531088755.0340152,768,0.07908135652542114
1531088811.209274,896,0.07124987989664078
1531088867.412511,1024,0.04052305966615677
1531088977.5184305,1152,0.02064124494791031
1531089033.7718046,1280,0.02567586861550808
1531089090.108666,1408,0.0226186104118824
1531089146.4789834,1536,0.04822830483317375
1531089258.4886093,1664,0.03702578693628311
1531089314.7574267,1792,0.03760974854230881
1531089370.972047,1920,0.027938399463891983
1531089427.3556266,2048,0.027073025703430176
1531089537.5239635,2176,0.025700785219669342
1531089593.8142893,2304,0.019940216094255447
1531089650.2022762,2432,0.01889447309076786
1531089706.4157376,2560,0.03839742764830589
1531089815.9301336,2688,0.01593330316245556
1531089872.2762442,2816,0.026149531826376915
1531089928.5245004,2944,0.024041851982474327
1531089984.7536101,3072,0.02894308790564537
1531090096.0169644,3200,0.024091418832540512
1531090152.3934832,3328,0.017667420208454132
1531090208.736031,3456,0.04197489842772484
1531090265.014845,3584,0.023240482434630394
1531090374.9645698,3712,0.009951574727892876
1531090431.2289352,3840,0.020560428500175476
1531090487.6220741,3968,0.0243331640958786
1531090543.9595044,4096,0.016218848526477814
1531090654.0394545,4224,0.026498563587665558
1531090710.4797943,4352,0.030517879873514175
1531090766.8457308,4480,0.008415894582867622
1531090823.2706323,4608,0.020633015781641006
1531090932.8173118,4736,0.018691247329115868
1531090989.2818813,4864,0.027141086757183075
1531091045.693792,4992,0.015222828835248947
1531091101.9850311,5120,0.030116815119981766
1531091213.4439054,5248,0.023956097662448883
1531091269.6941557,5376,0.02145688608288765
1531091326.0630789,5504,0.03476455807685852
1531091382.3660393,5632,0.04514801502227783
1531091493.2244074,5760,0.008857679553329945
1531091549.6790624,5888,0.013881412334740162
1531091606.1030579,6016,0.016716115176677704
1531091662.5133803,6144,0.011414745822548866
1531091773.308135,6272,0.021960141137242317
1531091829.7257988,6400,0.013256731443107128
1531091886.1295202,6528,0.022464774549007416
1531091942.5446079,6656,0.018872076645493507
1531092053.057887,6784,0.011676251888275146
1531092109.3722908,6912,0.00712326355278492
1531092165.7819943,7040,0.015524424612522125
1531092222.1603813,7168,0.012670041993260384
1531092332.651382,7296,0.020012913271784782
1531092389.0307848,7424,0.020437005907297134
1531092445.415072,7552,0.02210570126771927
1531092501.7900898,7680,0.008089926093816757
1531092613.1294162,7808,0.014941838569939137
1531092669.4961183,7936,0.007730595767498016
1531092725.920402,8064,0.010137047618627548
1531092782.200241,8192,0.01629110425710678
1531092892.9387603,8320,0.014778043143451214
1531092949.3217025,8448,0.010113490745425224
1531093005.8051963,8576,0.0067111351527273655
1531093062.1233778,8704,0.01456601731479168
1531093172.537128,8832,0.013096234761178493
1531093228.8975806,8960,0.02479470893740654
1531093285.3366923,9088,0.012013478204607964
1531093341.6437702,9216,0.038272541016340256
1531093452.578056,9344,0.010420985519886017
1531093509.0031466,9472,0.012977316975593567
1531093565.4028041,9600,0.00972775835543871
1531093621.8171816,9728,0.00795950461179018
1531093732.5148494,9856,0.0068024094216525555
1531093788.9333863,9984,0.014503967948257923
1531093845.336674,10112,0.0287215244024992
1531093901.6980438,10240,0.01385577954351902
1531094013.4532478,10368,0.011914518661797047
1531094069.7844872,10496,0.009324129670858383
1531094126.2368758,10624,0.014824352227151394
1531094182.5574558,10752,0.015133259817957878
1531094292.8970463,10880,0.01568399928510189
1531094349.2439945,11008,0.018443681299686432
1531094405.6800768,11136,0.0064885495230555534
1531094462.00365,11264,0.006176623981446028
1531094573.5940092,11392,0.010334936901926994
1531094630.0071628,11520,0.012311305850744247
1531094686.4058986,11648,0.015231474302709103
1531094742.8794644,11776,0.014336921274662018
1531094853.9537234,11904,0.01889130286872387
1531094910.3592124,12032,0.009476924315094948
1531094966.7170162,12160,0.00900597870349884
1531095023.052512,12288,0.00725478446111083
1531095134.686356,12416,0.005981330294162035
1531095191.1290834,12544,0.008635887876152992
1531095247.5798657,12672,0.01244506984949112
1531095303.995409,12800,0.012311907485127449
1531095414.94671,12928,0.007958745583891869
1531095471.3358386,13056,0.005510289222002029
1531095527.6932313,13184,0.009746900759637356
1531095584.1664937,13312,0.005046606529504061
1531095695.0816352,13440,0.008575073443353176
1531095751.5152833,13568,0.008676286786794662
1531095807.9723542,13696,0.007128940895199776
1531095864.3250082,13824,0.016794249415397644
1531095975.5883467,13952,0.009244744665920734
1531096031.8737466,14080,0.010353160090744495
1531096088.4127488,14208,0.018370581790804863
1531096144.660778,14336,0.025104571133852005
1531096256.0451477,14464,0.020559068769216537
1531096312.4366868,14592,0.009227769449353218
1531096368.8431919,14720,0.011523484252393246
1531096425.2037978,14848,0.006618177518248558
1531096537.6269855,14976,0.007837377488613129
1531096593.97474,15104,0.006942895241081715
1531096650.346335,15232,0.006687557324767113
1531096706.6514587,15360,0.006903055589646101
1531096816.9272456,15488,0.00457134610041976
1531096873.2446768,15616,0.0040167877450585365
1531096929.609558,15744,0.004536085296422243
1531096985.9890046,15872,0.008262027986347675
1531097097.0669591,16000,0.010592067614197731
1531097153.467485,16128,0.004933878779411316
1531097209.7366514,16256,0.006408031098544598
1531097266.1638956,16384,0.011441195383667946
1531097378.1822867,16512,0.005302946083247662
1531097434.601603,16640,0.004963265731930733
1531097491.245782,16768,0.012223850004374981
1531097547.5427623,16896,0.004571513272821903
1531097659.1825352,17024,0.011884059756994247
1531097715.4998407,17152,0.004724015947431326
1531097771.7784035,17280,0.006870822980999947
1531097828.021482,17408,0.007059083785861731
1531097939.5042665,17536,0.0027258330956101418
1531097995.9335036,17664,0.0036564699839800596
1531098052.3187127,17792,0.0031290813349187374
1531098108.6994426,17920,0.008099616505205631
1531098219.2698638,18048,0.005239248741418123
1531098275.5983198,18176,0.007360754068940878
1531098331.9942756,18304,0.0039627645164728165
1531098388.3915923,18432,0.00452101044356823
1531098501.1306689,18560,0.0026150550693273544
1531098557.3481412,18688,0.008563213981688023
1531098613.872644,18816,0.011712475679814816
1531098670.3202243,18944,0.009219793602824211
1531098783.3365939,19072,0.009219123981893063
1531098839.6488674,19200,0.0030756809283047915
1531098896.0576763,19328,0.00253017945215106
1531098952.4033613,19456,0.003574708942323923
1531099063.8471432,19584,0.01020185835659504
1531099120.1431785,19712,0.005841021426022053
1531099176.3995087,19840,0.005382258910685778
1531099232.7846792,19968,0.009261978790163994
1531099345.514481,20096,0.005358236841857433
1531099401.7354035,20224,0.0024316355120390654
1531099458.1526542,20352,0.00567589420825243
1531099514.4919128,20480,0.009427773766219616
1531099628.0022166,20608,0.002318734535947442
1531099684.3269985,20736,0.004868912510573864
1531099740.6780813,20864,0.0050115627236664295
1531099797.1049485,20992,0.005755706690251827
1531099908.2025356,21120,0.006878534331917763
1531099964.5439868,21248,0.007960785180330276
1531100020.8962677,21376,0.003256437135860324
1531100077.204609,21504,0.012057697400450706
1531100189.6423054,21632,0.00876828283071518
1531100245.9602625,21760,0.002862578723579645
1531100302.3677027,21888,0.0046098968014121056
1531100358.5508983,22016,0.005549120716750622
1531100471.0867045,22144,0.006324806250631809
1531100527.329728,22272,0.006442642770707607
1531100583.544834,22400,0.010770417749881744
1531100639.739968,22528,0.010333770886063576
1531100753.0757477,22656,0.011819778010249138
1531100809.336779,22784,0.004010449629276991
1531100865.6429703,22912,0.007149608340114355
1531100921.9776783,23040,0.0022075423039495945
1531101033.9964042,23168,0.002669233363121748
1531101090.6618106,23296,0.00349504966288805
1531101147.2645059,23424,0.0016837395960465074
1531101203.6958144,23552,0.005628423765301704
1531101317.0600932,23680,0.003822114085778594
1531101373.6079872,23808,0.014737468212842941
1531101430.2010686,23936,0.0040575978346168995
1531101486.7169368,24064,0.003528991248458624
1531101597.9984357,24192,0.005378571338951588
1531101654.2708583,24320,0.002553233178332448
1531101710.56572,24448,0.0073305945843458176
1531101766.9534209,24576,0.005185512825846672
1531101879.8302824,24704,0.007050743792206049
1531101936.0489728,24832,0.0030583608895540237
1531101992.3764334,24960,0.006770421285182238
1531102048.6631773,25088,0.005548855289816856
1531102161.149904,25216,0.002907942980527878
1531102217.5387676,25344,0.0041649919003248215
1531102273.8727026,25472,0.0023645013570785522
1531102330.307261,25600,0.0037329578772187233
1531102442.939576,25728,0.006656481418758631
1531102499.2066667,25856,0.015868552029132843
1531102555.554259,25984,0.006506095174700022
1531102611.9007473,26112,0.002697679912671447
1531102724.717218,26240,0.0062199486419558525
1531102780.9564955,26368,0.002688188338652253
1531102837.2192514,26496,0.004618534818291664
1531102893.5067022,26624,0.003870426444336772
1531103006.308611,26752,0.0016616364009678364
1531103062.5437174,26880,0.006115270778536797
1531103118.8919895,27008,0.0021380498073995113
1531103175.244589,27136,0.0034070038236677647
1531103288.0838697,27264,0.0037949641700834036
1531103344.4889448,27392,0.004113018978387117
1531103400.8557334,27520,0.004564185626804829
1531103457.136144,27648,0.0037416527047753334
1531103569.7133782,27776,0.00418618181720376
1531103626.0700672,27904,0.0026828625705093145
1531103682.378124,28032,0.006226347293704748
1531103738.6488924,28160,0.003186891321092844
1531103851.3345897,28288,0.0033231922425329685
1531103907.625531,28416,0.0026774767320603132
1531103963.8591132,28544,0.0020675414707511663
1531104020.161179,28672,0.003774522338062525
1531104133.8021815,28800,0.005499956198036671
1531104190.0863078,28928,0.008187790401279926
1531104246.3872235,29056,0.012759285047650337
1531104302.710692,29184,0.003428530413657427
1531104414.821572,29312,0.0027144714258611202
1531104471.14659,29440,0.0025531963910907507
1531104527.540644,29568,0.005234865937381983
1531104583.9304214,29696,0.004725801758468151
1531104697.1605315,29824,0.013790958561003208
1531104753.436015,29952,0.007168310694396496
1531104809.735621,30080,0.006904012523591518
1531104865.9930012,30208,0.006392301991581917
1531104979.90389,30336,0.007298796437680721
1531105036.0279927,30464,0.007911940105259418
1531105092.3273325,30592,0.005648873746395111
1531105148.5976527,30720,0.006250522565096617
1531105260.9183226,30848,0.010436599142849445
1531105317.1495101,30976,0.02115977555513382
1531105373.4718301,31104,0.00460762670263648
1531105429.7023072,31232,0.003972618840634823
1531105543.6203115,31360,0.010722821578383446
1531105599.852223,31488,0.010354479774832726
1531105656.1216142,31616,0.0061648753471672535
1531105712.4144282,31744,0.006878971122205257
1531105824.6877036,31872,0.00574239157140255
1531105880.917232,32000,0.0037733702920377254
1531105937.3360279,32128,0.008516563102602959
1531105993.6862772,32256,0.0025532355066388845
1531106106.0160773,32384,0.006192476488649845
1531106162.242269,32512,0.0048590535297989845
1531106218.465839,32640,0.006038943771272898
1531106274.7065527,32768,0.00939103588461876
1531106388.5614934,32896,0.012073603458702564
1531106445.011509,33024,0.0016083591617643833
1531106501.5849795,33152,0.007717557717114687
1531106558.1966994,33280,0.004523681942373514
1531106671.4887078,33408,0.0022417125292122364
1531106727.842113,33536,0.004819756373763084
1531106784.2756708,33664,0.023829219862818718
1531106840.4728272,33792,0.00278166844509542
1531106952.8771105,33920,0.010627209208905697
1531107009.1528335,34048,0.004861496854573488
1531107065.4353075,34176,0.0034253548365086317
1531107121.6995313,34304,0.007577945478260517
1531107234.5276678,34432,0.006135213188827038
1531107290.737553,34560,0.002040640451014042
1531107347.0246434,34688,0.01383045595139265
1531107403.3650794,34816,0.008096017874777317
1531107516.1105523,34944,0.0033150259405374527
1531107572.292447,35072,0.004030752461403608
1531107628.4948454,35200,0.002872498705983162
1531107684.6684675,35328,0.0009865454630926251
1531107797.7406275,35456,0.0052296798676252365
1531107854.02418,35584,0.0004431265697348863
1531107910.100827,35712,0.002694307826459408
1531107966.3428752,35840,0.0020945919677615166
1531108079.486969,35968,0.0021516704000532627
1531108135.7597423,36096,0.0026167023461312056
1531108191.9647996,36224,0.0006020583095960319
1531108248.2237916,36352,0.0004649515904020518
1531108360.905495,36480,0.000595881137996912
1531108417.060543,36608,0.007194369565695524
1531108473.2687247,36736,0.0016297700349241495
1531108529.4909186,36864,0.018686184659600258
1531108643.2200286,36992,0.0008614315884187818
1531108699.427403,37120,0.00042960321297869086
1531108755.672415,37248,0.0005256016738712788
1531108811.8041372,37376,0.004193085245788097
1531108924.6802018,37504,0.006936223711818457
1531108980.963304,37632,0.00034000157029367983
1531109037.2837234,37760,0.0027789229061454535
1531109093.5938451,37888,0.003471751231700182
1531109208.2999268,38016,0.0005170067888684571
1531109264.5643795,38144,0.006624278612434864
1531109320.9412556,38272,0.0019006739603355527
1531109377.1323984,38400,0.0016825678758323193
1531109491.2144616,38528,0.004579030908644199
1531109547.508231,38656,0.0020189115311950445
1531109603.7566352,38784,0.003040001727640629
1531314570.67858,39040,0.0026457139756530523
1531314625.2003868,39168,0.0003579888434614986
1531314680.6347916,39296,0.0018526612548157573
1531314736.1177166,39424,0.0014438879443332553
1531314845.9919994,39552,0.0036169649101793766
1531314901.4041495,39680,0.001338547794148326
1531314957.0070517,39808,0.008703792467713356
1531315012.6791086,39936,0.009609372355043888
1531315120.8448834,40064,0.0009498063009232283
1531315176.407439,40192,0.0006422792212106287
1531315231.9614522,40320,0.0016231174813583493
1531315287.5275083,40448,0.014389446936547756
1531315395.253944,40576,0.0031071696430444717
1531315450.7631156,40704,0.0011582521256059408
1531315506.3257127,40832,0.00048672244884073734
1531315561.8797433,40960,0.01611815020442009
1531315669.195198,41088,0.0037645678967237473
1531315724.706855,41216,0.0012322103139013052
1531315780.382968,41344,0.0025211451575160027
1531315835.879323,41472,0.0011334710288792849
1531315945.995788,41600,0.003419634886085987
1531316001.5249698,41728,0.00018414072110317647
1531316057.1497703,41856,0.0012716887285932899
1531316112.767423,41984,0.0026489233132451773
1531316221.2387602,42112,0.00114425178617239
1531316276.7011073,42240,0.003927433397620916
1531316332.4316564,42368,0.0029863251838833094
1531316388.0572808,42496,0.0018441100837662816
1531316496.6018474,42624,0.001684831571765244
1531316552.1250036,42752,0.009144503623247147
1531316607.6900692,42880,0.0017875966150313616
1531316663.243362,43008,0.0030409814789891243
1531316771.5434792,43136,0.00254056416451931
1531316827.1955407,43264,0.006372200790792704
1531316882.7637706,43392,0.0046048774383962154
1531316938.397339,43520,0.000828599208034575
1531317046.577387,43648,0.016783880069851875
1531317102.2097838,43776,4.876629463979043e-05
1531317157.9208138,43904,0.0007893358124420047
1531317213.724851,44032,0.00021429928892757744
1531317323.2797658,44160,0.0005976762040518224
1531317378.8686013,44288,0.0012069877702742815
1531317434.5978913,44416,0.00620020879432559
1531317490.3404481,44544,0.01202448084950447
1531317599.7729564,44672,0.009358247742056847
1531317655.3098903,44800,0.001475655590184033
1531317711.0028484,44928,0.0024708977434784174
1531317766.933134,45056,0.0004281927540432662
1531317875.9298599,45184,0.010857987217605114
1531317931.6838696,45312,0.0002550281642470509
1531317987.4201255,45440,0.0023569052573293447
1531318043.0972695,45568,8.197066199500114e-05
1531318152.0955832,45696,0.00029073318000882864
1531318207.8224654,45824,0.004766557831317186
1531318263.5732439,45952,0.0018878759583458304
1531318319.3271158,46080,0.002074455376714468
1531318428.3614094,46208,0.0005674074054695666
1531318484.0379543,46336,0.0021560185123234987
1531318539.7629025,46464,0.005386750213801861
1531318595.3991368,46592,0.004863251931965351
1531318704.5712433,46720,0.0037573438603430986
1531318760.0015755,46848,0.0006835184758529067
1531318815.7437136,46976,0.010602816939353943
1531318871.6228564,47104,0.00016887644596863538
1531318981.241745,47232,0.0006526763900183141
1531319036.9163501,47360,0.0005153262754902244
1531319092.6243076,47488,0.0008640832966193557
1531319148.3322153,47616,0.0014067126903682947
1531319257.8899617,47744,0.004570621065795422
1531319313.5520217,47872,9.25152053241618e-05
1531319369.3391008,48000,0.0013139741495251656
1531319424.9226522,48128,0.0016371402889490128
1531319534.5283484,48256,0.0006163284415379167
1531319590.2328064,48384,0.0022005210630595684
1531319645.8631043,48512,0.00439784349873662
1531319701.642461,48640,0.0006675142212770879
1531319812.3861194,48768,0.0030344875995069742
1531319868.0368052,48896,0.006950030103325844
1531319923.7852507,49024,0.0031981859356164932
1531319979.5751019,49152,0.0014198797289282084
1531320088.5434422,49280,0.000698723248206079
1531320144.1773956,49408,0.0007338448194786906
1531320199.858729,49536,0.005109589546918869
1531320255.5611606,49664,0.01328398659825325
1531320364.5758402,49792,0.0054730502888560295
1531320420.2591374,49920,0.003402006346732378
1531320475.8885934,50048,0.0009573489078320563
1531341510.7626302,50304,0.009397991932928562
1531341566.3830507,50432,0.00022277577954810113
1531341622.1143844,50560,0.004428999498486519
1531341677.7790067,50688,0.006137922406196594
1531341786.7521818,50816,0.001714272191748023
1531341842.4763675,50944,0.0022773616947233677
1531341898.26774,51072,0.0004981936071999371
1531341954.111939,51200,0.00658627413213253
1531342062.919909,51328,0.0011058003874495625
1531342118.6206017,51456,0.0005234484560787678
1531342174.5199897,51584,0.0022604786790907383
1531342230.2169442,51712,0.00037604913813993335
1531342339.1114962,51840,0.000208648998523131
1531342394.7200599,51968,0.024392349645495415
1531342450.4983115,52096,0.0013536503538489342
1531342506.2296648,52224,0.0005994478124193847
1531342615.0879443,52352,0.0007713345694355667
1531342670.8131213,52480,0.0023228623904287815
1531342726.6216576,52608,0.0025179358199238777
1531342782.308133,52736,0.01818053424358368
1531342892.0771298,52864,0.0004531698068603873
1531342947.8031833,52992,0.000647310633212328
1531343003.6704874,53120,0.006256277207285166
1531343059.5243917,53248,0.0022439525928348303
1531343169.2501197,53376,0.0010845146607607603
1531343224.8402636,53504,0.002358305500820279
1531343280.6114013,53632,0.0004332174139562994
1531343336.3610249,53760,0.0036614893469959497
1531343444.7459555,53888,0.006677803583443165
1531343500.4620466,54016,0.006404680199921131
1531343556.2364774,54144,0.010203385725617409
1531343611.9063015,54272,0.0009192212019115686
1531343721.4962468,54400,0.010292945429682732
1531343777.2917187,54528,0.00044421106576919556
1531343833.0474942,54656,0.0009551045950502157
1531343888.908027,54784,0.000773979933001101
1531343997.8692024,54912,0.008111611939966679
1531344053.5419261,55040,0.0008746974635869265
1531344109.3730423,55168,0.0037505454383790493
1531344165.1610873,55296,0.0106165437027812
1531344275.371729,55424,0.0021938912104815245
1531344331.0671077,55552,0.0008329945849254727
1531344386.7585776,55680,0.0008501945994794369
1531344442.5643816,55808,0.002093307441100478
1531344550.854192,55936,0.0005516002420336008
1531344606.603649,56064,0.0005349756684154272
1531344662.3817322,56192,0.014667149633169174
1531344718.1830518,56320,0.00036131287924945354
1531344826.3409727,56448,0.00028777841362170875
1531344882.0760548,56576,0.001962056150659919
1531344938.0484185,56704,0.0003218960191588849
1531344993.9782932,56832,0.0010690568014979362
1531345103.2831862,56960,0.0011993154184892774
1531345158.9993784,57088,0.00928402878344059
1531345214.8642583,57216,0.0009063479374162853
1531345270.6345441,57344,0.001189111266285181
1531345379.0806463,57472,0.0016758518759161234
1531345434.8730311,57600,0.00030944091849960387
1531345490.621586,57728,0.007544664200395346
1531345546.5381997,57856,0.051322415471076965
1531345656.1690214,57984,0.00429754750803113
1531345711.8890457,58112,0.01429375447332859
1531345767.6586745,58240,0.006734632421284914
1531345823.5289736,58368,0.0018285898258909583
1531345932.5111601,58496,0.0052891881205141544
1531345988.220766,58624,0.005329982377588749
1531346044.071189,58752,0.009230079129338264
1531346099.9401612,58880,0.0018841128330677748
1531346208.1159303,59008,0.0012251832522451878
1531346263.852334,59136,0.00045645356294699013
1531346319.745874,59264,0.00015565883950330317
1531346375.5800016,59392,0.0019532653968781233
1531346483.948024,59520,0.00853333342820406
1531346539.7345922,59648,0.001634424552321434
1531346595.6172864,59776,0.0022312914952635765
1531346651.309492,59904,0.004310890566557646
1531346759.8530047,60032,0.0008406702545471489
1531346815.6800869,60160,0.00016760168364271522
1531346871.4859436,60288,0.000516184838488698
1531346927.3906448,60416,0.0030812788754701614
1531347036.4733086,60544,0.003033996094018221
1531347092.2056139,60672,0.010522924363613129
1531347148.0548356,60800,0.009735572151839733
1531347203.9043028,60928,0.00022415127023123205
1531347312.5821757,61056,0.0008802846423350275
1531347368.294493,61184,0.011944198049604893
1531347424.0578446,61312,0.0034015150740742683
1531347479.775389,61440,0.009217551909387112
1531347588.541398,61568,0.0002555167011450976
1531347644.4072773,61696,0.0013284076703712344
1531347700.1967945,61824,0.03402840718626976
1531347756.019712,61952,0.0013315880205482244
1531347865.5688279,62080,0.0006149354157969356
1531347921.307557,62208,0.017416030168533325
1531347977.11897,62336,0.0028490344993770123
1531348032.973687,62464,0.020733073353767395
1531348142.5451174,62592,0.0027690804563462734
1531348198.3061485,62720,0.0010375332785770297
1531348254.1734288,62848,0.0036687490064650774
1531348309.9217188,62976,0.002040501916781068
1531348419.554887,63104,0.005357976071536541
1531348475.3236573,63232,0.002528655808418989
1531348531.0805957,63360,0.006732732057571411
1531348586.866776,63488,0.0007830568356439471
1531348697.3447917,63616,0.012215170077979565
1531348753.0462596,63744,0.005178620107471943
1531348808.8352442,63872,0.0018168437527492642
1531348864.606949,64000,0.0009377356618642807
1531348975.1212914,64128,0.010968774557113647
1531349030.89597,64256,0.0010613843332976103
1531349086.799024,64384,0.008418302983045578
1531349142.6164453,64512,0.001985483104363084
1531349252.144799,64640,0.00205144751816988
1531349307.8694785,64768,0.0010470828274264932
1531349363.6812959,64896,0.003310245694592595
1531349419.469831,65024,0.0018812878988683224
1531349529.2706513,65152,0.002214756328612566
1531349584.9403794,65280,0.002077988814562559
1531349640.7207165,65408,0.0004048401606269181
1531349696.5846443,65536,0.001252611167728901
1531349807.7564356,65664,0.0019949660636484623
1531349863.537208,65792,0.0006959312013350427
1531349919.320948,65920,0.001303208409808576
1531349975.2539873,66048,0.0005905643338337541
1531350086.8438416,66176,0.004967235028743744
1531350142.5562015,66304,0.007010038010776043
1531350198.3718166,66432,0.004664825275540352
1531350254.1884065,66560,0.0011163722956553102
1531350365.7591233,66688,0.007939166389405727
1531350421.4398162,66816,0.002485759323462844
1531350477.3882716,66944,0.0006926286732777953
1531350533.247236,67072,0.004013003781437874
1531350643.372496,67200,0.00608102697879076
1531350699.0928175,67328,0.0035307437647134066
1531350754.9058695,67456,0.01352651882916689
1531350810.7334929,67584,0.0012394589139148593
1531350922.108463,67712,0.00035060360096395016
1531350977.9249232,67840,0.0026745612267404795
1531351033.7948518,67968,0.00955134630203247
1531351089.7699478,68096,0.0029420184437185526
1531351200.2221546,68224,0.0032760920003056526
1531351255.9874544,68352,0.0011489612516015768
1531351311.8861318,68480,0.006326436996459961
1531351367.6500735,68608,0.001674010418355465
1531351477.860804,68736,0.0004919841885566711
1531351533.7399564,68864,0.022535376250743866
1531351589.5496457,68992,0.0029047380667179823
1531351645.3990152,69120,0.0001463407534174621
1531351756.8941083,69248,0.000501031638123095
1531351812.7399085,69376,0.002996981842443347
1531351868.6261094,69504,0.0029808334074914455
1531351924.544277,69632,0.010197349824011326
1531352523.09645,69760,0.0009614340960979462
1531352577.7487724,69888,0.0015499356668442488
1531352633.2311804,70016,0.0028275155927985907
1531352689.7449543,70144,0.004724825732409954
1531352799.74458,70272,0.00018255176837556064
1531352855.353919,70400,0.0026074363850057125
1531352911.2593105,70528,0.0001788349763955921
1531352967.0671911,70656,0.003715702798217535
1531353074.4090674,70784,0.00032711654785089195
1531353130.2959802,70912,0.00041671950020827353
1531353186.1493104,71040,0.0014224289916455746
1531353241.9932983,71168,0.0010603218106552958
1531353350.095572,71296,0.003994298167526722
1531353405.989407,71424,0.000849202333483845
1531353461.789793,71552,0.010137301869690418
1531353517.663622,71680,0.0008791269501671195
1531353626.0254004,71808,0.0007338625146076083
1531353681.7695208,71936,0.004652406554669142
1531353737.6984751,72064,0.0009054739493876696
1531353793.595256,72192,0.0010375824058428407
1531353903.3570416,72320,0.011686570942401886
1531353959.3029952,72448,0.00976070761680603
1531354015.2358704,72576,0.0014670919626951218
1531354071.2304406,72704,0.00040339803672395647
1531354180.0923238,72832,0.0007470395066775382
1531354235.9081445,72960,0.010413466021418571
1531354291.7534778,73088,0.00033462425926700234
1531354347.6211083,73216,0.0002856423379853368
1531354457.325046,73344,0.0012023517629131675
1531354513.132916,73472,0.0004359300946816802
1531354569.0211327,73600,0.0005024317069910467
1531354625.022674,73728,0.0002991835353896022
1531354733.9569328,73856,2.6510977477300912e-05
1531354789.841927,73984,0.004428642801940441
1531354845.9200993,74112,0.0044568865559995174
1531354901.878535,74240,0.000812112761195749
1531355011.2266457,74368,0.008928184397518635
1531355067.101433,74496,0.0021149059757590294
1531355122.8845851,74624,0.0042849029414355755
1531355178.7310262,74752,0.019286375492811203
1531355287.7839973,74880,0.00024270612630061805
1531355343.4776726,75008,0.007434984669089317
1531355399.3203092,75136,0.0007602188270539045
1531355455.2364388,75264,0.004409638699144125
1531355563.6832418,75392,0.020510151982307434
1531355619.619353,75520,0.005296207498759031
1531355675.5626578,75648,0.0002241352922283113
1531355731.5223978,75776,0.000319657992804423
1531355840.7002368,75904,0.007586621213704348
1531355896.656277,76032,1.5110241292859428e-05
1531355952.6629994,76160,0.0021007114555686712
1531356008.5928783,76288,0.001665556337684393
1531356117.6059403,76416,0.0016711321659386158
1531356173.4887266,76544,0.0012782017001882195
1531356229.376324,76672,0.0013992288149893284
1531356285.1802442,76800,0.020190119743347168
1531356394.798779,76928,0.001424236223101616
1531356450.5801165,77056,0.0011059449752792716
1531356506.4857326,77184,0.004167367238551378
1531356562.4825757,77312,0.000647157256025821
1531356671.2878382,77440,0.001091355225071311
1531356727.1608653,77568,0.002455946523696184
1531356782.9891198,77696,0.010760178789496422
1531356838.8868902,77824,0.0023143067955970764
1531356947.8523948,77952,0.0021151420660316944
1531357003.6144443,78080,0.011446675285696983
1531357059.5970025,78208,0.001662215800024569
1531357115.4420226,78336,0.00145958480425179
1531357223.724028,78464,0.00033734418684616685
1531357279.58357,78592,0.0005385719705373049
1531357335.4469528,78720,0.0014797289622947574
1531357391.3788774,78848,0.00037545565282925963
1531357501.5964608,78976,0.009451573714613914
1531357557.5235438,79104,0.000628619163762778
1531357613.4559822,79232,0.000559830863494426
1531357669.1919174,79360,0.0041184076108038425
1531357779.5684016,79488,0.0015863531734794378
1531357835.2993114,79616,0.0012390775373205543
1531357891.173548,79744,0.0004078297642990947
1531357947.1231475,79872,0.00035519147058948874
1531358056.0978625,80000,0.003947355784475803
1531358111.8996403,80128,0.0002068095636786893
1531358167.7790859,80256,0.0032350311521440744
1531358223.7589028,80384,0.002672221278771758
1531358334.5138788,80512,0.00011272750271018595
1531358390.2888117,80640,0.00013517383194994181
1531358446.1210456,80768,0.00010423760977573693
1531358501.9791079,80896,0.004830570891499519
1531358611.7836986,81024,0.0009284100960940123
1531358667.7084067,81152,0.0030696240719407797
1531358723.550102,81280,0.003062554867938161
1531358779.3640382,81408,0.0031163692474365234
1531358888.8611557,81536,0.0020894899498671293
1531358944.656134,81664,0.0009681261144578457
1531359000.5848799,81792,0.003635693807154894
1531359056.4666877,81920,0.003675079206004739
1531359167.121086,82048,0.0015600752085447311
1531359222.9093926,82176,0.009448270313441753
1531359278.799568,82304,0.009162909351289272
1531359334.80139,82432,0.0018422207795083523
1531359444.2403066,82560,0.004088032525032759
1531359500.0131605,82688,0.004315488506108522
1531359555.9621482,82816,0.001928464975208044
1531359611.8398829,82944,0.01037235464900732
1531359721.6766279,83072,0.0008456377545371652
1531359777.5701926,83200,0.0024897735565900803
1531359833.3696663,83328,0.011957994662225246
1531359889.165561,83456,0.001203250023536384
1531360000.3979173,83584,0.00018924502364825457
1531360056.156776,83712,0.0018829014152288437
1531360112.0030081,83840,0.007286319509148598
1531360167.8715038,83968,0.000744272954761982
1531360277.7550342,84096,6.052312892279588e-05
1531360333.6737537,84224,0.0012008871417492628
1531360389.595613,84352,0.00585126644000411
1531360445.3892884,84480,0.0015457523986697197
1531360555.0288258,84608,0.017411673441529274
1531360610.7682114,84736,0.0017179471906274557
1531360666.6483665,84864,0.0009592389687895775
1531360722.7135034,84992,0.0021984034683555365
1531360833.3317819,85120,0.0012159084435552359
1531360889.208879,85248,0.0005847586435265839
1531360945.117451,85376,0.0002144667669199407
1531361000.9751344,85504,0.0013687378959730268
1531361110.094485,85632,0.0004404320497997105
1531361165.940213,85760,0.004477815702557564
1531361221.907795,85888,0.0001571879256516695
1531361277.8831272,86016,0.004057309590280056
1531361387.41079,86144,0.00012167829845566303
1531361443.2623098,86272,0.0001698662235867232
1531361499.1610675,86400,0.0013225136790424585
1531361555.0396118,86528,0.00042428297456353903
1531361664.7327468,86656,0.001351919723674655
1531361720.6716309,86784,0.00022801998420618474
1531361776.5788171,86912,0.002198535017669201
1531361832.4225192,87040,0.0018829070031642914
1531361943.522218,87168,0.00042112491792067885
1531361999.2357876,87296,0.0018412858480587602
1531362055.1616426,87424,0.0014434339245781302
1531362111.0702686,87552,0.0014092620695009828
1531362221.6636012,87680,0.000765492906793952
1531362277.6131012,87808,0.012024380266666412
1531362333.570609,87936,0.0018997406587004662
1531362389.5449934,88064,0.00019355042604729533
1531362500.6280506,88192,0.0059267873875796795
1531362556.5746346,88320,3.832849324680865e-05
1531362612.570885,88448,0.002903786487877369
1531362668.497438,88576,0.0012024303432554007
1531362778.8926446,88704,0.0003051427484024316
1531362835.003814,88832,0.011486872099339962
1531362890.9666462,88960,0.004388386383652687
1531362946.8846016,89088,0.00854568649083376
1531363056.9093413,89216,0.0025290902704000473
1531363112.7161198,89344,0.004249142948538065
1531363168.7243586,89472,0.012456097640097141
1531363224.6751442,89600,0.0060646021738648415
1531363334.8900185,89728,0.0005761138745583594
1531363390.8038328,89856,0.0002771796134766191
1531363446.6912024,89984,0.019743531942367554
1531363502.6879137,90112,0.0008506469894200563
1531363612.9207096,90240,0.00431699538603425
1531363668.724234,90368,0.0029842862859368324
1531363724.6448088,90496,0.0017713147681206465
1531363780.5243094,90624,0.0034877383150160313
1531363890.5258472,90752,0.01071598008275032
1531363946.3108144,90880,0.00598837248980999
1531364002.0518677,91008,0.010763073340058327
1531364057.9473295,91136,0.0005312617868185043
1531364168.3147304,91264,0.0016003338387236
1531364224.1061664,91392,0.016030970960855484
1531364280.020115,91520,0.005533353425562382
1531364335.917277,91648,0.0004492282751016319
1531364446.7846587,91776,0.002234413754194975
1531364502.6526523,91904,0.00028342087171040475
1531364558.6172104,92032,7.034432928776368e-05
1531364614.4740777,92160,0.003080001100897789
1531364724.364309,92288,7.334275142056867e-05
1531364780.2034776,92416,0.0005391420563682914
1531364836.0997844,92544,0.0011101337149739265
1531364892.075979,92672,0.0011062549892812967
1531365002.2776737,92800,0.0004643610736820847
1531365058.270737,92928,0.0003367509925737977
1531365114.1392856,93056,0.00048275591689161956
1531365170.227489,93184,0.00021182253840379417
1531365281.6657565,93312,0.0016621757531538606
1531365337.4533312,93440,0.0005325499223545194
1531365393.3267179,93568,0.002958331722766161
1531365449.1533067,93696,0.0038810325786471367
1531365559.0524964,93824,0.002792161423712969
1531365614.9127765,93952,0.0005643829936161637
1531365670.656092,94080,0.003116096369922161
1531365726.461339,94208,0.0009020197321660817
1531365836.3735847,94336,0.004560201428830624
1531365892.175358,94464,0.003386329161003232
1531365948.1070645,94592,0.007082239259034395
1531366004.0804808,94720,0.0008632889366708696
1531366113.887904,94848,0.001380321104079485
1531366169.7312195,94976,0.004888458177447319
1531366225.6123567,95104,0.0036518238484859467
1531366281.4986742,95232,0.0006235558539628983
1531366392.7711022,95360,0.0007661427953280509
1531366448.6294394,95488,0.00028086648671887815
1531366504.5468006,95616,0.006766226142644882
1531366560.300139,95744,0.001247757114470005
1531366671.0293338,95872,0.0055709537118673325
1531366726.78538,96000,0.006583970971405506
1531366782.8202639,96128,0.0056310431100428104
1531366838.7971883,96256,0.0032245549373328686
1531366948.590946,96384,0.0017935007344931364
1531367004.44538,96512,0.0006512138643302023
1531367060.3878384,96640,0.004258566070348024
1531367116.1031168,96768,0.0015048953937366605
1531367226.9618611,96896,0.0005484712892211974
1531367282.7928002,97024,0.012898760847747326
1531367338.7434895,97152,0.0010265182936564088
1531367394.7217646,97280,0.0016994838370010257
1531367504.9630628,97408,0.009267906658351421
1531367560.7568169,97536,0.005257896147668362
1531367616.8354332,97664,0.010157054290175438
