wall_time,step,value
1530415645.4302385,128,2.817546844482422
1530415700.0178936,256,1.5752702951431274
1530415754.8521109,384,0.9298593401908875
1530415809.7310543,512,0.5150837898254395
1530415922.794183,640,0.21694818139076233
1530415977.490302,768,0.1225888580083847
1530416032.4150136,896,0.14716613292694092
1530416087.3059332,1024,0.09237566590309143
1530416199.9164674,1152,0.09978589415550232
1530416254.783656,1280,0.13532015681266785
1530416309.656643,1408,0.13135570287704468
1530416364.6965797,1536,0.13426336646080017
1530416476.371752,1664,0.10728713870048523
1530416531.123414,1792,0.11849470436573029
1530416585.952924,1920,0.08995288610458374
1530416640.7455547,2048,0.09241484105587006
1530416751.0778594,2176,0.08496397733688354
1530416805.7544084,2304,0.07165877521038055
1530416860.5056894,2432,0.07648883759975433
1530416915.296265,2560,0.06934326142072678
1530417026.0227613,2688,0.0662001371383667
1530417080.6350887,2816,0.06341870129108429
1530417135.4546525,2944,0.06612224876880646
1530417190.3008726,3072,0.059660978615283966
1530417298.6922278,3200,0.06347831338644028
1530417353.3961449,3328,0.05135923624038696
1530417408.187695,3456,0.05724134296178818
1530417462.9735196,3584,0.05496756732463837
1530417570.4044251,3712,0.046445876359939575
1530417625.117084,3840,0.04491032660007477
1530417679.948563,3968,0.05701878294348717
1530417734.6006732,4096,0.05155471712350845
1530417842.0075521,4224,0.03574337810277939
1530417896.6900384,4352,0.04846574738621712
1530417951.4468796,4480,0.04376433044672012
1530418006.2420201,4608,0.046821240335702896
1530418114.2464457,4736,0.04107111319899559
1530418168.9408014,4864,0.04051239416003227
1530418223.733866,4992,0.02957863174378872
1530418278.4207737,5120,0.03889438137412071
1530418387.8478954,5248,0.04267164692282677
1530418442.460724,5376,0.04006674513220787
1530418497.2428768,5504,0.04351656511425972
1530418552.1243207,5632,0.04492564871907234
1530418660.9241817,5760,0.03835311532020569
1530418715.5501933,5888,0.037718161940574646
1530418770.3395407,6016,0.038759127259254456
1530418824.992073,6144,0.04079991579055786
1530418934.3199341,6272,0.03326983004808426
1530418988.914593,6400,0.042114559561014175
1530419043.6679142,6528,0.0333741158246994
1530419098.3996255,6656,0.034858301281929016
1530419208.319731,6784,0.03977981209754944
1530419263.0408437,6912,0.037895459681749344
1530419317.6397882,7040,0.03722479194402695
1530419372.4035923,7168,0.03466491028666496
1530419481.726628,7296,0.03527157008647919
1530419536.377217,7424,0.04180161654949188
1530419591.1285944,7552,0.03298112004995346
1530419645.9163167,7680,0.03160592168569565
1530419756.4656882,7808,0.029986467212438583
1530419811.2337043,7936,0.031117593869566917
1530419865.978613,8064,0.04094265028834343
1530419920.5931864,8192,0.029248470440506935
1530420031.3416393,8320,0.028229033574461937
1530420085.8331215,8448,0.0382205992937088
1530420140.516666,8576,0.03281612694263458
1530420195.2460368,8704,0.032203610986471176
1530420304.029852,8832,0.033243436366319656
1530420358.705129,8960,0.019960079342126846
1530420413.4722862,9088,0.03628506138920784
1530420468.1993668,9216,0.03624799847602844
1530420577.2842646,9344,0.023412741720676422
1530420631.9452338,9472,0.035083405673503876
1530420686.7933135,9600,0.025172162801027298
1530420741.5183299,9728,0.03563835099339485
1530420850.5642724,9856,0.027334656566381454
1530420905.1202176,9984,0.029479188844561577
1530420959.9417195,10112,0.026473307982087135
1530421014.6223705,10240,0.02170736715197563
1530421123.8005605,10368,0.02898908592760563
1530421178.4648294,10496,0.02735436148941517
1530421233.277546,10624,0.03073546662926674
1530421288.0207953,10752,0.022087065503001213
1530421396.912279,10880,0.022458557039499283
1530421451.3811135,11008,0.025135943666100502
1530421506.1374454,11136,0.02954334020614624
1530421560.788717,11264,0.028986254706978798
1530421671.0663977,11392,0.020149555057287216
1530421725.6426613,11520,0.024248171597719193
1530421780.4340043,11648,0.03371275216341019
1530421835.048497,11776,0.02564326673746109
1530421943.0252514,11904,0.02308420091867447
1530421997.5447555,12032,0.028011444956064224
1530422052.3137636,12160,0.017344525083899498
1530422106.959304,12288,0.026315439492464066
1530422215.6525526,12416,0.02204371988773346
1530422270.352522,12544,0.03132286295294762
1530422325.101672,12672,0.03089243173599243
1530422379.8078492,12800,0.024946583434939384
1530422489.8275738,12928,0.01793353445827961
1530422544.4925964,13056,0.031796932220458984
1530422599.3435395,13184,0.025750499218702316
1530422654.1025996,13312,0.02146477811038494
1530422764.6814308,13440,0.03168957680463791
1530422819.3049123,13568,0.020269976928830147
1530422874.1347528,13696,0.019425878301262856
1530422928.8771603,13824,0.02204270288348198
1530423037.6582878,13952,0.016068417578935623
1530423092.2342978,14080,0.025940516963601112
1530423146.9664822,14208,0.01803438365459442
1530423201.7370324,14336,0.01995222270488739
1530423309.8950982,14464,0.021160798147320747
1530423364.560275,14592,0.015012301504611969
1530423419.3507833,14720,0.017160996794700623
1530423474.1747925,14848,0.021972261369228363
1530423582.159149,14976,0.019465332850813866
1530423636.7981737,15104,0.021706996485590935
1530423691.4924703,15232,0.0261305533349514
1530423746.24187,15360,0.02243458479642868
1530423855.6885753,15488,0.02408800646662712
1530423910.344697,15616,0.01798907108604908
1530423965.1563833,15744,0.02542685717344284
1530424019.9075723,15872,0.018348833546042442
1530424128.7150614,16000,0.023066142573952675
1530424183.2702005,16128,0.017788102850317955
1530424237.9420817,16256,0.03357865288853645
1530424292.6971738,16384,0.01929486356675625
1530424403.0295115,16512,0.020915644243359566
1530424457.6787384,16640,0.021301917731761932
1530424512.3650396,16768,0.01319155003875494
1530424567.1655602,16896,0.014902456663548946
1530424676.6489534,17024,0.016821924597024918
1530424731.3015022,17152,0.02291863039135933
1530424786.200859,17280,0.02147691138088703
1530424841.050654,17408,0.01572972722351551
1530424950.7723148,17536,0.014784147031605244
1530425005.407488,17664,0.013193177990615368
1530425060.1025312,17792,0.019973021000623703
1530425114.92419,17920,0.014769557863473892
1530425224.357961,18048,0.0215409267693758
1530425279.1226404,18176,0.0151481619104743
1530425334.042977,18304,0.015901289880275726
1530425388.9426475,18432,0.0174497589468956
1530425499.7525759,18560,0.0186917707324028
1530425554.5455332,18688,0.01706375740468502
1530425609.4701943,18816,0.021578975021839142
1530425664.3228793,18944,0.015527747571468353
1530425774.1946533,19072,0.01818726398050785
1530425829.0674715,19200,0.02377658523619175
1530425884.047004,19328,0.01233774982392788
1530425938.9545026,19456,0.018941175192594528
1530426049.1305587,19584,0.02123982086777687
1530426103.9352188,19712,0.0192261915653944
1530426158.8261504,19840,0.023886755108833313
1530426213.7784545,19968,0.015054753050208092
1530426323.944674,20096,0.014945490285754204
1530426378.5841737,20224,0.012598229572176933
1530426433.5184932,20352,0.01367012970149517
1530426488.5014544,20480,0.019362710416316986
1530426598.2406352,20608,0.019253458827733994
1530426653.0510986,20736,0.0135128078982234
1530426707.952387,20864,0.015605766326189041
1530426762.7967782,20992,0.022135019302368164
1530426872.28188,21120,0.020002104341983795
1530426927.1832123,21248,0.014597980305552483
1530426982.1035695,21376,0.024138938635587692
1530427036.9639971,21504,0.013528451323509216
1530427147.3222232,21632,0.013447687961161137
1530427202.1961896,21760,0.018215402960777283
1530427257.1173015,21888,0.01202493067830801
1530427311.9771721,22016,0.01611529476940632
1530427421.6791005,22144,0.019436581060290337
1530427476.4140959,22272,0.010576640255749226
1530427531.3823075,22400,0.013679909519851208
1530427586.2620952,22528,0.021306246519088745
1530427697.8320105,22656,0.013535119593143463
1530427752.6622293,22784,0.020670020952820778
1530427807.6052928,22912,0.01883671060204506
1530427862.5466578,23040,0.027148453518748283
1530427972.6413574,23168,0.017472460865974426
1530428027.4427369,23296,0.012523479759693146
1530428082.316141,23424,0.015029432252049446
1530428137.327843,23552,0.012626954354345798
1530428247.3992686,23680,0.017828121781349182
1530428302.2221823,23808,0.013738293200731277
1530428357.0916498,23936,0.01125660166144371
1530428412.0288334,24064,0.014291640371084213
1530428523.6566718,24192,0.013275069184601307
1530428578.3469,24320,0.017838895320892334
1530428633.2926219,24448,0.01036009006202221
1530428688.1964939,24576,0.01440607849508524
1530428799.0863326,24704,0.013106664642691612
1530428853.8267696,24832,0.016653744503855705
1530428908.7857993,24960,0.01827218011021614
1530428963.5385747,25088,0.013082034885883331
1530429074.282874,25216,0.013827036134898663
1530429129.0708523,25344,0.02137862890958786
1530429184.0007954,25472,0.014283064752817154
1530429238.8517478,25600,0.022790567949414253
1530429349.7776017,25728,0.010614467784762383
1530429404.5430238,25856,0.013118243776261806
1530429459.4189897,25984,0.01839028298854828
1530429514.2697568,26112,0.019878355786204338
1530429626.356894,26240,0.015394244343042374
1530429681.0675726,26368,0.015056876465678215
1530429735.9392643,26496,0.01495834719389677
1530429790.9196966,26624,0.01057373732328415
1530429903.3354342,26752,0.016308173537254333
1530429958.0263026,26880,0.015890609472990036
1530430012.911228,27008,0.015243464149534702
1530430067.835381,27136,0.01714969426393509
1530430179.1484613,27264,0.016949206590652466
1530430233.7043123,27392,0.018396668136119843
1530430288.4321377,27520,0.022752897813916206
1530430343.1767483,27648,0.01517045684158802
1530430455.151258,27776,0.013663562946021557
1530430509.533029,27904,0.013762235641479492
1530430564.1919098,28032,0.010809650644659996
1530430618.7360156,28160,0.014976228587329388
1530430730.055965,28288,0.017769215628504753
1530430784.6416063,28416,0.020329410210251808
1530430839.278373,28544,0.021497081965208054
1530430894.0100834,28672,0.011694898828864098
1530431006.565428,28800,0.022606171667575836
1530431061.0552135,28928,0.013294807635247707
1530431115.8520117,29056,0.015155203640460968
1530431170.5948477,29184,0.026797162368893623
1530431282.1003768,29312,0.01584210805594921
1530431336.7675822,29440,0.01406261045485735
1530431391.6547344,29568,0.017858879640698433
1530431446.4669409,29696,0.01247437298297882
1530431559.4598641,29824,0.009921298362314701
1530431614.0648952,29952,0.009556922130286694
1530431668.8699095,30080,0.014077084138989449
1530431723.772539,30208,0.012392532080411911
1530431835.6064174,30336,0.014255138114094734
1530431890.3606842,30464,0.013271358795464039
1530431945.2271452,30592,0.01160950493067503
1530432000.2240696,30720,0.010770946741104126
1530432111.7752767,30848,0.015615517273545265
1530432166.4902537,30976,0.011298814788460732
1530432221.41816,31104,0.010278838686645031
1530432276.319802,31232,0.012029455974698067
1530432388.7880569,31360,0.011808797717094421
1530432443.4432693,31488,0.014347780495882034
1530432498.3193603,31616,0.015039768069982529
1530432553.226126,31744,0.01296459324657917
1530432665.2367177,31872,0.013550354167819023
1530432719.8903599,32000,0.012225869111716747
1530432774.6971815,32128,0.011931220069527626
1530432829.5633595,32256,0.010440190322697163
1530432941.6128387,32384,0.011167485266923904
1530432996.2550876,32512,0.016210095956921577
1530433051.1398332,32640,0.014757020398974419
1530433105.959474,32768,0.010706683620810509
1530433218.3304224,32896,0.01883474737405777
1530433272.9596632,33024,0.016169508919119835
1530433327.803859,33152,0.009585951454937458
1530433382.661642,33280,0.010919854044914246
1530433494.7503016,33408,0.012985662557184696
1530433549.3547604,33536,0.011969422921538353
1530433604.164165,33664,0.013315480202436447
1530433659.091575,33792,0.012786174193024635
1530433769.9166791,33920,0.01441221684217453
1530433824.5258832,34048,0.011121404357254505
1530433879.3427758,34176,0.01475051511079073
1530433934.1983435,34304,0.018956705927848816
1530434045.5654764,34432,0.013934269547462463
1530434100.1627254,34560,0.015232415869832039
1530434155.000145,34688,0.012864693999290466
1530434209.8339436,34816,0.014153529889881611
1530434323.2534263,34944,0.013090177439153194
1530434377.7223573,35072,0.009202253073453903
1530434432.5112302,35200,0.012541405856609344
1530434487.3065538,35328,0.01432123500853777
1530434599.0459142,35456,0.01293105073273182
1530434653.6961076,35584,0.015332585200667381
1530434708.504684,35712,0.011165711097419262
1530434763.2559457,35840,0.012858496978878975
1530434875.7603402,35968,0.013108520768582821
1530434930.4650345,36096,0.012470855377614498
1530434985.4169223,36224,0.010165836662054062
1530435040.3133554,36352,0.01253795437514782
1530435151.8281362,36480,0.015135930851101875
1530435206.5422125,36608,0.014833991415798664
1530435261.3924265,36736,0.010738021694123745
1530435316.2176418,36864,0.010010970756411552
1530435428.168178,36992,0.01238924078643322
1530435482.7441192,37120,0.008620780892670155
1530435537.5217204,37248,0.010760707780718803
1530435592.3583808,37376,0.01102115586400032
1530435705.00245,37504,0.01102672703564167
1530435759.605567,37632,0.017224032431840897
1530435814.5303955,37760,0.012369051575660706
1530435869.2948735,37888,0.01274324394762516
1530435983.1680176,38016,0.009819557890295982
1530436037.8031259,38144,0.014886355958878994
1530565260.1113882,38528,0.015208177268505096
1530565315.2095284,38656,0.01232241652905941
1530565370.398786,38784,0.011617779731750488
1530565425.5868754,38912,0.009730915538966656
1530565534.785209,39040,0.011907420121133327
1530565589.8038158,39168,0.010115348733961582
1530565644.9862022,39296,0.011246412061154842
1530565700.0313551,39424,0.010928573086857796
1530565811.0098145,39552,0.009641971439123154
1530565866.2515876,39680,0.011554722674190998
1530565921.5114539,39808,0.013218492269515991
1530565976.5639453,39936,0.009517873637378216
1530566086.0171378,40064,0.01660393550992012
1530566141.171435,40192,0.008700468577444553
1530566196.459663,40320,0.011602569371461868
1530566251.6409826,40448,0.012743293307721615
1530566362.2023911,40576,0.009139850735664368
1530566417.3745914,40704,0.011750818230211735
1530566472.5822184,40832,0.013718981295824051
1530566527.6800158,40960,0.010471215471625328
1530566637.379347,41088,0.009441941045224667
1530566692.3510606,41216,0.008283494971692562
1530566747.600796,41344,0.010388052091002464
1530566802.7647023,41472,0.015495131723582745
1530566912.4907277,41600,0.010938086546957493
1530566967.6201782,41728,0.009686294011771679
1530567022.8634639,41856,0.013333830051124096
1530567077.9624715,41984,0.013267463073134422
1530567188.1682656,42112,0.00885012187063694
1530567243.2162418,42240,0.01123862899839878
1530567298.4225605,42368,0.014113349840044975
1530567353.7314277,42496,0.01171213947236538
1530567462.6817193,42624,0.00794658437371254
1530567517.8227081,42752,0.012353619560599327
1530567572.9997346,42880,0.020330816507339478
1530567628.1997106,43008,0.010154986754059792
1530567738.0778186,43136,0.013991816900670528
1530567793.2263157,43264,0.022079329937696457
1530567848.4439137,43392,0.00954656396061182
1530567903.6314065,43520,0.009923157282173634
1530568013.1570745,43648,0.010376621969044209
1530568068.3215759,43776,0.014403348788619041
1530568123.5821142,43904,0.012332122772932053
1530568178.8732164,44032,0.012304408475756645
1530568289.5437002,44160,0.011821834370493889
1530568344.6589324,44288,0.0108211450278759
1530568399.8520508,44416,0.011519582942128181
1530568454.9989247,44544,0.014392307959496975
1530568564.3063254,44672,0.016326189041137695
1530568619.507093,44800,0.006624657195061445
1530568674.81487,44928,0.010393038392066956
1530568730.0394194,45056,0.014035113155841827
1530568839.6275697,45184,0.010208928026258945
1530568894.9098477,45312,0.011028827168047428
1530568950.1501145,45440,0.010623829439282417
1530569005.4266279,45568,0.010598277673125267
1530569114.3071766,45696,0.01073944941163063
1530569169.5136867,45824,0.009756451472640038
1530569224.891066,45952,0.011454707942903042
1530569280.151909,46080,0.00987174827605486
1530569389.819304,46208,0.010697414167225361
1530569445.0336099,46336,0.012259852141141891
1530569500.5117984,46464,0.008854923769831657
1530569555.9641166,46592,0.007840079255402088
1530569665.5613267,46720,0.013443781062960625
1530569720.8423085,46848,0.009263214655220509
1530569776.2785785,46976,0.014225265011191368
1530569831.621462,47104,0.009430397301912308
1530569941.220897,47232,0.011009796522557735
1530569996.4984775,47360,0.015749311074614525
1530570051.8523538,47488,0.011603165417909622
1530570107.1855588,47616,0.010658557526767254
1530570217.130337,47744,0.011120888404548168
1530570272.50073,47872,0.012189904227852821
1530570327.804008,48000,0.020343322306871414
1530570383.115555,48128,0.012878254987299442
1530570492.6716542,48256,0.01591341383755207
1530570547.8857489,48384,0.012185021303594112
1530570603.2265558,48512,0.010856389999389648
1530570658.5000057,48640,0.016611944884061813
1530570767.6473303,48768,0.014991756528615952
1530570822.9277234,48896,0.007515276316553354
1530570878.3682318,49024,0.01583200693130493
1530570933.7294917,49152,0.008473203517496586
1530571044.6487145,49280,0.01084230374544859
1530571099.9721947,49408,0.01329212635755539
1530571155.1646342,49536,0.009984576143324375
1530571210.546502,49664,0.006063991226255894
1530571320.3190737,49792,0.009674648754298687
1530571375.7835584,49920,0.01065739057958126
1530571431.347715,50048,0.01404769066721201
1530571486.6720781,50176,0.010688898153603077
1530571595.5319793,50304,0.015185247175395489
1530571650.7943408,50432,0.010348547250032425
1530571706.281674,50560,0.012279373593628407
1530571761.6844726,50688,0.007769104093313217
1530571871.3195229,50816,0.011015038937330246
1530571926.6585815,50944,0.01309222262352705
1530571981.9943368,51072,0.007730482611805201
1530572037.3065631,51200,0.010670866817235947
1530572147.1557348,51328,0.006520486436784267
1530572202.5884182,51456,0.012748956680297852
1530572258.0844564,51584,0.013846047222614288
1530572313.4273958,51712,0.006002720911055803
1530572423.5671368,51840,0.006605606991797686
1530572478.6443412,51968,0.006718878634274006
1530572533.818251,52096,0.012020571157336235
1530572588.971234,52224,0.0076558543369174
1530572697.7953863,52352,0.01009577140212059
1530572753.0203004,52480,0.012496104463934898
1530572808.5211904,52608,0.01364194042980671
1530572864.1390035,52736,0.011051418259739876
1530572974.2693238,52864,0.005145234055817127
1530573029.7762625,52992,0.008862180635333061
1530573085.3213558,53120,0.011888282373547554
1530573140.81471,53248,0.010766662657260895
1530573250.4142928,53376,0.011800991371273994
1530573305.4592896,53504,0.006306362338364124
1530573360.5639977,53632,0.010989145375788212
1530573415.7746217,53760,0.005992038641124964
1530573526.4005682,53888,0.01243555173277855
1530573581.5546951,54016,0.011691550724208355
1530573636.7134838,54144,0.012047790922224522
1530573691.9603024,54272,0.010124711319804192
1530573802.2034771,54400,0.009307832457125187
1530573857.376129,54528,0.012714224867522717
1530573912.4577982,54656,0.01619160920381546
1530573967.660498,54784,0.007831130176782608
1530574077.0169444,54912,0.006748499348759651
1530574132.2234993,55040,0.00894690491259098
1530574187.3455043,55168,0.009436613880097866
1530574242.609952,55296,0.017006488516926765
1530574352.6727052,55424,0.009538590908050537
1530574407.7176778,55552,0.01058795303106308
1530574462.9725816,55680,0.007855973206460476
1530574518.1406715,55808,0.008454072289168835
1530574627.9421053,55936,0.009395074099302292
1530574682.9785252,56064,0.011706461198627949
1530574738.158631,56192,0.007967658340930939
1530574793.2955525,56320,0.010371805168688297
1530574902.8260262,56448,0.007045685313642025
1530574957.7770622,56576,0.007566407788544893
1530575013.017336,56704,0.007324127480387688
1530575068.0786655,56832,0.011782321147620678
1530575178.1194205,56960,0.011890549212694168
1530575233.2268817,57088,0.008446036837995052
1530575288.358203,57216,0.007705978583544493
1530575343.5254078,57344,0.01387205719947815
1530575453.1672735,57472,0.018201086670160294
1530575508.293129,57600,0.007015703245997429
1530575563.452366,57728,0.008226023055613041
1530575618.5361266,57856,0.008645644411444664
1530575729.382665,57984,0.008929116651415825
1530575784.451975,58112,0.007898706011474133
1530575839.5506454,58240,0.006089065223932266
1530575894.6869597,58368,0.009403696283698082
1530576004.796304,58496,0.011352439410984516
1530576059.9147065,58624,0.008263945579528809
1530576115.0583172,58752,0.007701605558395386
1530576170.1716793,58880,0.012731514871120453
1530576281.4535427,59008,0.00950593501329422
1530576336.4137142,59136,0.007683087140321732
1530576391.5611677,59264,0.008654817007482052
1530576446.6776254,59392,0.008820979855954647
1530576557.3247788,59520,0.008540453389286995
1530576612.317341,59648,0.013037724420428276
1530576667.40771,59776,0.012742556631565094
1530576722.4346242,59904,0.00929784681648016
1530576833.384991,60032,0.010215913876891136
1530576888.3396246,60160,0.017428679391741753
1530576943.4023101,60288,0.005954849533736706
1530576998.366969,60416,0.008345568552613258
1530577108.0872474,60544,0.008777234703302383
1530577163.1102037,60672,0.007876263931393623
1530577218.2060523,60800,0.013817385770380497
1530577273.2843623,60928,0.008730020374059677
1530577383.6895394,61056,0.007921721786260605
1530577438.6868434,61184,0.007208345457911491
1530577493.7275581,61312,0.012364516966044903
1530577548.7648017,61440,0.010601522400975227
1530577658.8382778,61568,0.011242590844631195
1530577713.8179944,61696,0.007512738928198814
1530577768.9283903,61824,0.0063004991970956326
1530577823.9704266,61952,0.006283194292336702
1530577935.5639844,62080,0.011288573034107685
1530577990.5354552,62208,0.008591793477535248
1530578045.5412793,62336,0.008336248807609081
1530578100.5582693,62464,0.007077127695083618
1530578211.7842815,62592,0.010284347459673882
1530578266.7255852,62720,0.007357388734817505
1530578321.8632643,62848,0.0055987173691391945
1530578377.033953,62976,0.009158315137028694
1530578488.030926,63104,0.006136850453913212
1530578542.9452698,63232,0.005657110828906298
1530578598.158633,63360,0.012692110612988472
1530578653.17056,63488,0.00790536031126976
1530578764.2257335,63616,0.010816509835422039
1530578819.1602027,63744,0.009009553119540215
1530578874.338033,63872,0.010491597466170788
1530578929.4685175,64000,0.006433119997382164
1530579041.5381548,64128,0.010527951642870903
1530579096.4117062,64256,0.010341241024434566
1530579151.5015247,64384,0.008877420797944069
1530579206.576207,64512,0.008325314149260521
1530579318.9057133,64640,0.00889193918555975
1530579373.880984,64768,0.01178780384361744
1530579428.9717937,64896,0.006855262443423271
1530579483.9298415,65024,0.006982163060456514
1530579595.4012334,65152,0.0071605509147048
1530579650.411452,65280,0.010007736273109913
1530579705.5901425,65408,0.011870389804244041
1530579760.6296227,65536,0.006023553665727377
1530579873.0463061,65664,0.008954126387834549
1530579928.0564044,65792,0.009845851920545101
1530579983.0005713,65920,0.008433877490460873
1530580038.036414,66048,0.008814668282866478
1530580149.401199,66176,0.00878225825726986
1530580204.3396778,66304,0.008098934777081013
1530580259.351663,66432,0.0050061545334756374
1530580314.3869202,66560,0.009288044646382332
1530580425.9675677,66688,0.00929295178502798
1530580480.9916432,66816,0.007231450639665127
1530580536.110111,66944,0.009043592028319836
1530580591.0793471,67072,0.009747035801410675
1530580703.2661533,67200,0.0110411886125803
1530580758.1843326,67328,0.008945852518081665
1530580813.3378704,67456,0.006921301130205393
1530580868.2942572,67584,0.012424269691109657
1530580978.8798823,67712,0.01379384845495224
1530581033.9634123,67840,0.006240980699658394
1530581089.064573,67968,0.009324428625404835
1530581144.137271,68096,0.007454847916960716
1530581256.2630045,68224,0.008139421232044697
1530581311.1759603,68352,0.007796375546604395
1530581366.3610582,68480,0.011194344609975815
1530581421.3568048,68608,0.008354097604751587
1530581534.477408,68736,0.006301575340330601
1530581589.5157537,68864,0.007130234036594629
1530581644.6815214,68992,0.007936033420264721
1530581699.6959848,69120,0.0072390371933579445
1530581811.2970786,69248,0.009402391500771046
1530581866.3206682,69376,0.005067489575594664
1530581921.3362827,69504,0.014411543495953083
1530581976.3118322,69632,0.008771411143243313
1530582088.5346723,69760,0.010624322108924389
1530582143.5015655,69888,0.00775173120200634
1530582198.4752705,70016,0.005141903646290302
1530582253.4151914,70144,0.010791799053549767
1530582365.0050874,70272,0.014687715098261833
1530582420.0743425,70400,0.008185405284166336
1530582475.0272524,70528,0.004948257468640804
1530582530.1399803,70656,0.007202666252851486
1530582641.8916562,70784,0.005018846597522497
1530582696.7756019,70912,0.007716339081525803
1530582751.8119936,71040,0.00736693199723959
1530582806.9403806,71168,0.0093678068369627
1530582918.469616,71296,0.005889585707336664
1530582973.4411101,71424,0.009548058733344078
1530583028.586675,71552,0.007585813291370869
1530583083.583324,71680,0.009167956188321114
1530583195.5465307,71808,0.009519741870462894
1530583250.4704492,71936,0.006952759809792042
1530583305.6063225,72064,0.011361334472894669
1530583360.6599913,72192,0.009639960713684559
1530583473.1205194,72320,0.008056044578552246
1530583528.139252,72448,0.006399340927600861
1530583583.1901946,72576,0.004994179587811232
1530583638.2730963,72704,0.005829273723065853
1530583750.1741352,72832,0.00745196221396327
1530583805.0957909,72960,0.005473735276609659
1530583860.2423825,73088,0.006554062478244305
1530583915.1558578,73216,0.009205237962305546
1530584026.515188,73344,0.007611960172653198
1530584081.4469805,73472,0.011386597529053688
1530584136.3375475,73600,0.007745548617094755
1530584191.347033,73728,0.006333498749881983
1530584303.3488972,73856,0.006975399795919657
1530584358.2690175,73984,0.008270062506198883
1530584413.3197002,74112,0.007301739417016506
1530584468.3733253,74240,0.006448190659284592
1530584580.5479116,74368,0.010142856277525425
1530584635.5208955,74496,0.007247003726661205
1530584690.5413737,74624,0.006619204301387072
1530584745.4374988,74752,0.007929946295917034
1530584858.2748926,74880,0.007871909998357296
1530584913.1093729,75008,0.007119376212358475
1530584968.1796818,75136,0.006647119298577309
1530585023.1206393,75264,0.01110206451267004
1530585135.675454,75392,0.0074629271402955055
1530585190.5414977,75520,0.013219878077507019
1530585245.6082826,75648,0.004384366795420647
1530585300.6815894,75776,0.00748637318611145
1530585413.525823,75904,0.005425027571618557
1530585468.525713,76032,0.007697157561779022
1530585523.5937455,76160,0.006267986260354519
1530585578.570166,76288,0.006276566069573164
1530585693.427772,76416,0.007049348670989275
1530585748.4270973,76544,0.008925649337470531
1530660735.2132852,76928,0.00918087363243103
1530660790.152157,77056,0.010005277581512928
1530660845.2023182,77184,0.006095581687986851
1530660900.260303,77312,0.013439320027828217
1530661008.8655722,77440,0.008337670937180519
1530661063.8102043,77568,0.014933464117348194
1530661118.9702044,77696,0.00892368983477354
1530661174.0307095,77824,0.010835821740329266
1530661283.1285114,77952,0.0073467642068862915
1530661338.1593895,78080,0.0073936935514211655
1530661393.2605915,78208,0.009599399752914906
1530661448.3735468,78336,0.008907422423362732
1530661557.2630389,78464,0.009022671729326248
1530661612.2962623,78592,0.008426188491284847
1530661667.425417,78720,0.005800170823931694
1530661722.5056381,78848,0.006020089611411095
1530661832.930436,78976,0.0048306528478860855
1530661887.9969575,79104,0.008213840425014496
1530661943.1465147,79232,0.006962129846215248
1530661998.2110503,79360,0.007286370266228914
1530662108.339478,79488,0.007751490455120802
1530662163.271944,79616,0.006859598681330681
1530662218.4093363,79744,0.00898569356650114
1530662273.5197558,79872,0.007874052040278912
1530662382.359533,80000,0.009050777181982994
1530662437.3744807,80128,0.009874030016362667
1530662492.5241964,80256,0.009845025837421417
1530662547.6214507,80384,0.010913552716374397
1530662656.0190961,80512,0.006591055076569319
1530662711.0965304,80640,0.00819141510874033
1530662766.2247934,80768,0.010224725119769573
1530662821.2107058,80896,0.005919706076383591
1530662931.3873518,81024,0.005986697971820831
1530662986.4062831,81152,0.005061033181846142
1530663041.4741857,81280,0.009063499979674816
1530663096.6645968,81408,0.008693885058164597
1530663206.128484,81536,0.012955844402313232
1530663261.1112025,81664,0.008073392324149609
1530663316.1187751,81792,0.006152755115181208
1530663371.2715263,81920,0.006330451462417841
1530663480.5245502,82048,0.0068645179271698
1530663535.6487923,82176,0.009405100718140602
1530663590.781125,82304,0.0059537882916629314
1530663645.8690143,82432,0.006779226940125227
1530663755.4525616,82560,0.00946342758834362
1530663810.474206,82688,0.006788888480514288
1530663865.5805657,82816,0.007325040642172098
1530663920.668018,82944,0.006639889441430569
1530664031.5592246,83072,0.007716684602200985
1530664086.6323786,83200,0.007691623643040657
1530664141.7345657,83328,0.006342051550745964
1530664196.7385318,83456,0.009195451624691486
1530664306.2644172,83584,0.009884597733616829
1530664361.3494241,83712,0.007751148194074631
1530664416.3779073,83840,0.007447544950991869
1530664471.5415926,83968,0.009912904351949692
1530664581.3529885,84096,0.005142634734511375
1530664636.4034784,84224,0.004585991147905588
1530664691.4785836,84352,0.007182388566434383
1530664746.5114555,84480,0.0054078614339232445
1530664855.8340964,84608,0.008437037467956543
1530664910.7704296,84736,0.008309798315167427
1530664965.810373,84864,0.007418788969516754
1530665020.8886008,84992,0.0057830410078167915
1530665130.8627703,85120,0.005499156191945076
1530665185.7397537,85248,0.0065922364592552185
1530665240.7934074,85376,0.0059087746776640415
1530665295.8671534,85504,0.005738104227930307
1530665406.3562887,85632,0.005831809714436531
1530665461.2988415,85760,0.009238028898835182
1530665516.5691805,85888,0.004972510971128941
1530665571.6184292,86016,0.005446465220302343
1530665681.8883908,86144,0.0059896791353821754
1530665736.8494825,86272,0.005181827582418919
1530665791.883099,86400,0.0076772673055529594
1530665846.9593942,86528,0.00814107060432434
1530665956.9457202,86656,0.008131595328450203
1530666011.9247901,86784,0.005697079934179783
1530666066.934937,86912,0.010390724055469036
1530666122.066707,87040,0.008460338227450848
1530666232.5392814,87168,0.008439378812909126
1530666287.5637434,87296,0.0038963928818702698
1530666342.696404,87424,0.007306911051273346
1530666397.7653234,87552,0.0057230740785598755
1530666507.6796794,87680,0.008373908698558807
1530666562.5258,87808,0.006463795900344849
1530666617.5741813,87936,0.007888545282185078
1530666672.6769605,88064,0.009715694934129715
1530666782.4559069,88192,0.005377219524234533
1530666837.5699022,88320,0.006507419515401125
1530666892.6777868,88448,0.012243561446666718
1530666947.7763255,88576,0.005279331933706999
1530667057.972705,88704,0.014477364718914032
1530667113.025596,88832,0.00845499336719513
1530667168.0579317,88960,0.0070041934959590435
1530667223.1512873,89088,0.01428142562508583
1530667332.8600276,89216,0.009237575344741344
1530667387.7180653,89344,0.006766146514564753
1530667442.9156833,89472,0.007507356349378824
1530667497.9752822,89600,0.0051161907613277435
1530667607.7129076,89728,0.0092814601957798
1530667662.7694063,89856,0.006677298806607723
1530667717.8328767,89984,0.005891717504709959
1530667772.784154,90112,0.008744004182517529
1530667883.3333385,90240,0.009200046770274639
1530667938.3581233,90368,0.0075093708001077175
1530667993.3972554,90496,0.007240630686283112
1530668048.4894323,90624,0.00801006332039833
1530668157.8672159,90752,0.0049087838269770145
1530668212.9673905,90880,0.007196452468633652
1530668267.921728,91008,0.008466065861284733
1530668322.8856912,91136,0.0060356296598911285
1530668434.1790233,91264,0.008358322083950043
1530668489.1368532,91392,0.007915791124105453
1530668544.1686056,91520,0.010480949655175209
1530668599.2818308,91648,0.00722609693184495
1530668708.9665124,91776,0.006400483660399914
1530668763.9007204,91904,0.00790014024823904
1530668818.9708955,92032,0.006475647911429405
1530668874.0098825,92160,0.004538296721875668
1530668983.8708677,92288,0.0051091015338897705
1530669038.800107,92416,0.012075287289917469
1530669093.988028,92544,0.008201630786061287
1530669148.897743,92672,0.007622160948812962
1530669258.9092374,92800,0.014719233848154545
1530669313.9514883,92928,0.007379847578704357
1530669368.9565957,93056,0.006577346473932266
1530669424.043495,93184,0.006658394820988178
1530669535.7627878,93312,0.006996757350862026
1530669590.7517772,93440,0.006472581531852484
1530669645.8713524,93568,0.007612229790538549
1530669700.8439903,93696,0.009043497033417225
1530669811.0575187,93824,0.0068587567657232285
1530669866.1053035,93952,0.006418837234377861
1530669921.1391969,94080,0.006306923925876617
1530669976.2751842,94208,0.009719480760395527
1530670086.5837324,94336,0.006280688103288412
1530670141.497633,94464,0.007646298501640558
1530670196.6684499,94592,0.00557094719260931
1530670251.7966225,94720,0.005635465495288372
1530670361.3928206,94848,0.005254346877336502
1530670416.3126693,94976,0.005861189216375351
1530670471.368663,95104,0.005469501484185457
1530670526.375745,95232,0.0095906313508749
1530670636.9415293,95360,0.011283734813332558
1530670691.9302866,95488,0.009718558751046658
1530670747.0043538,95616,0.007616199087351561
1530670802.0208824,95744,0.005945547018200159
1530670912.2712922,95872,0.010958177037537098
1530670967.2603717,96000,0.008865362033247948
1530671022.3395944,96128,0.0072973123751580715
1530671077.4889395,96256,0.006537734996527433
1530671188.234155,96384,0.008285445161163807
1530671243.092402,96512,0.008418388664722443
1530671298.136577,96640,0.007190827280282974
1530671353.3508906,96768,0.006175109185278416
1530671463.3465414,96896,0.006388922221958637
1530671518.6013694,97024,0.01041012816131115
1530671573.8296292,97152,0.006703068967908621
1530671628.9234176,97280,0.003803377505391836
1530671741.4207084,97408,0.005357372108846903
