wall_time,step,value
1532727873.025725,512,6.1908369064331055
1532974028.0123553,1024,5.976286888122559
1532975648.2493548,1536,3.109210252761841
1532977249.8557856,2048,3.6042332649230957
1532978843.5908518,2560,3.3825387954711914
1532980429.2213318,3072,4.3247904777526855
1532982000.0881495,3584,3.4393773078918457
1532983575.8892922,4096,3.434100866317749
1532985141.5077748,4608,3.2437198162078857
1532986714.3149593,5120,2.7384350299835205
1532988296.6866233,5632,3.1844191551208496
1533118631.770854,6656,3.2063779830932617
1533120196.1918707,7168,2.455775022506714
1533121760.0876086,7680,3.3048806190490723
1533123304.786411,8192,2.5064761638641357
1533124857.3621283,8704,3.129263401031494
1533126412.051692,9216,2.364448308944702
1533127963.9889421,9728,2.790470600128174
1533129525.4507792,10240,3.098573923110962
1533131077.0405912,10752,2.242687702178955
1533132632.7710893,11264,2.064417839050293
1533134189.3235471,11776,2.4623239040374756
1533135742.528078,12288,2.23990797996521
1533137299.7274737,12800,2.617460250854492
1533138863.220942,13312,2.8281733989715576
1533140416.3213263,13824,2.206874132156372
1533141950.3061185,14336,2.7810921669006348
1533143495.9799652,14848,2.4068965911865234
1533145046.6871817,15360,2.668391227722168
1533146579.8408709,15872,2.024444341659546
1533148121.9379554,16384,2.3375158309936523
1533149656.212383,16896,1.9170210361480713
1533151204.508658,17408,2.863410472869873
1533152730.7943513,17920,2.080820083618164
1533154259.0979695,18432,2.413027048110962
1533155775.1266284,18944,2.023566246032715
1533157301.6519053,19456,2.631132125854492
1533158822.2922323,19968,1.9414948225021362
1533160361.207407,20480,2.601280927658081
1533161884.7103703,20992,1.9817801713943481
1533163403.8361256,21504,2.12676739692688
1533164924.8653522,22016,1.709620714187622
1533166443.8080497,22528,2.0971062183380127
1533167967.9253426,23040,2.1020824909210205
1533169489.241166,23552,2.1315770149230957
1533171008.0937204,24064,1.745038628578186
1533172523.0509923,24576,1.9929661750793457
1533174045.7677178,25088,2.0835788249969482
1533175559.6719632,25600,2.1525731086730957
1533177085.142062,26112,2.0501532554626465
1533178596.2613516,26624,1.892257809638977
1533180119.7682166,27136,1.8351384401321411
1533181638.6103323,27648,1.8963594436645508
1533183162.7528574,28160,2.1736385822296143
1533184677.1080005,28672,2.674833297729492
1533186190.5529044,29184,2.0380184650421143
1533187717.399395,29696,2.611509084701538
1533189257.0185108,30208,2.1200826168060303
1533190779.581168,30720,1.8655412197113037
1533192304.680181,31232,2.371212959289551
1533193844.6444714,31744,2.2499399185180664
1533195373.771242,32256,1.762977123260498
1533196901.5337834,32768,1.8856276273727417
1533198422.8264997,33280,1.6359238624572754
1533199959.392927,33792,1.898305058479309
1533201500.7554276,34304,2.5225296020507812
1533203037.9614012,34816,2.185856342315674
1533204583.7616727,35328,2.3346269130706787
1533206126.202625,35840,2.0431222915649414
1533207671.2566118,36352,2.0325558185577393
1533209215.262439,36864,2.2348945140838623
1533210753.27874,37376,1.9702357053756714
1533357202.8410609,37888,2.134192705154419
1533358724.9400105,38400,1.6112583875656128
1533360261.6652918,38912,2.573570728302002
1533361792.417981,39424,1.8741931915283203
1533363322.1279414,39936,1.8003859519958496
1533364860.5340543,40448,2.7312724590301514
1533366386.792084,40960,1.6688382625579834
1533367930.2326028,41472,2.1505162715911865
1533369467.8766932,41984,2.4674761295318604
1533370999.024454,42496,1.715355396270752
1533372544.8943157,43008,2.1936280727386475
1533374073.3184035,43520,1.7164679765701294
1533375616.5049267,44032,1.9022879600524902
1533377149.077523,44544,1.5515141487121582
1533378692.1539335,45056,2.102250099182129
1533380235.0082893,45568,2.4704902172088623
1533381776.543394,46080,1.6666384935379028
1533383315.848588,46592,1.544854760169983
1533384858.903854,47104,1.5731124877929688
1533386410.9903395,47616,1.8528661727905273
1533402134.0012486,48640,1.8591053485870361
1533403675.6634698,49152,2.1079540252685547
1533405232.2746627,49664,2.1969120502471924
1533406774.0976508,50176,2.300602912902832
1533408326.5092542,50688,1.5825116634368896
1533409889.6030812,51200,1.8845328092575073
1533411438.5050118,51712,1.8243290185928345
1533412985.6799028,52224,1.7076973915100098
1533414534.6655774,52736,1.2883795499801636
1533416096.2480452,53248,1.6903421878814697
1533417662.3681257,53760,1.461370825767517
1533419226.6636953,54272,1.4415290355682373
1533420803.0216658,54784,1.6641579866409302
1533422359.4504056,55296,1.3278034925460815
1533423916.0816505,55808,1.8213815689086914
1533425469.547238,56320,1.7150144577026367
1533427050.2797716,56832,2.324547290802002
1533428619.4680367,57344,1.6856948137283325
1533430184.4272058,57856,2.3596084117889404
1533431764.1202977,58368,2.0819032192230225
1533433332.3283124,58880,1.626350998878479
1533434894.9625142,59392,1.7732784748077393
1533436454.2142835,59904,1.4939277172088623
1533438029.9264526,60416,1.8489065170288086
1533439601.0879762,60928,1.6864509582519531
1533441175.3292737,61440,1.6497052907943726
1533442758.4343193,61952,1.567345142364502
1533444327.5719635,62464,1.7698756456375122
1533445900.1292756,62976,2.531618356704712
1533447468.8561661,63488,1.5282373428344727
1533449035.256149,64000,1.370039701461792
1533450609.9538739,64512,1.6546268463134766
1533452173.843457,65024,1.5669811964035034
1533453758.4014785,65536,2.233546495437622
1533455327.8259864,66048,1.4996755123138428
1533456918.280106,66560,2.1895272731781006
1533458485.2757547,67072,1.7379226684570312
1533460044.9217095,67584,1.7543021440505981
1533461627.6301236,68096,1.8638488054275513
1533463193.545901,68608,1.6708015203475952
1533464769.9959538,69120,1.6631540060043335
1533466355.4452198,69632,2.240057945251465
1533467931.9506226,70144,1.4442497491836548
1533469502.5458968,70656,2.1346499919891357
1533471086.4816225,71168,2.1684792041778564
1533472674.8053856,71680,2.4252283573150635
1533474258.2294793,72192,2.0376341342926025
1533475839.816751,72704,1.3486413955688477
1533477421.4980156,73216,1.48898446559906
1533479003.5107095,73728,2.3502449989318848
1533480596.4914367,74240,2.432871103286743
1533483602.1613064,75264,2.149479389190674
1533485182.2206044,75776,1.4823681116104126
1533486753.3133256,76288,2.245758295059204
1533488331.024488,76800,1.535190224647522
1533489905.2079222,77312,1.479680061340332
1533491483.3052142,77824,2.540172815322876
1533493051.6226008,78336,1.7425330877304077
1533494628.0518093,78848,2.333261013031006
1533496203.018099,79360,1.3810447454452515
1533497770.2591746,79872,1.516204833984375
1533499341.2524211,80384,1.854974389076233
1533500922.8669014,80896,2.260451078414917
1533502506.8405151,81408,1.6343332529067993
1533504085.1436772,81920,2.622760772705078
1533505649.4069176,82432,1.4527453184127808
1533507242.202135,82944,1.8252331018447876
1533508812.6638696,83456,1.5918084383010864
1533510394.982515,83968,1.6000878810882568
1533511978.685158,84480,2.094137668609619
1533513562.951989,84992,1.5443257093429565
1533515143.7438064,85504,2.188469886779785
1533516733.6264985,86016,1.5731252431869507
1533518318.075294,86528,2.026921033859253
1533519897.7144697,87040,1.511914610862732
1533521484.7570584,87552,1.7669146060943604
1533523058.4035604,88064,1.4007141590118408
1533524640.2443554,88576,2.114344358444214
1533526229.651842,89088,1.423430323600769
1533527812.3377717,89600,1.4216238260269165
1533529401.531082,90112,2.435877561569214
1533530986.9990373,90624,1.8800463676452637
1533532567.648527,91136,1.599578619003296
1533534151.599791,91648,2.0544257164001465
1533535733.0237179,92160,1.4229415655136108
1533537310.4063106,92672,1.4888348579406738
1533538891.3360472,93184,2.2031397819519043
1533540460.1678216,93696,1.544981598854065
1533542039.2755096,94208,2.5770115852355957
1533543620.8641832,94720,2.1461615562438965
1533545212.7516987,95232,1.5829637050628662
1533546789.424457,95744,1.5743370056152344
1533548375.5525734,96256,1.2452027797698975
1533549965.6756475,96768,1.5223976373672485
1533551547.3087347,97280,1.6004046201705933
