wall_time,step,value
1531476825.6901577,512,5.754883289337158
1531477611.0738492,1024,5.59034538269043
1531478391.8030934,1536,3.4507412910461426
1531479166.401405,2048,3.55993914604187
1531479933.6611457,2560,3.9580345153808594
1531480704.9289942,3072,4.061737060546875
1531481471.3180304,3584,3.1730945110321045
1531482233.8849187,4096,2.7755675315856934
1531482996.5583878,4608,2.7783010005950928
1531483758.5110393,5120,2.6673712730407715
1531484519.4148118,5632,2.555434226989746
1531485279.1816683,6144,2.3782501220703125
1531486042.0135107,6656,2.0900871753692627
1531486804.3290827,7168,2.6910834312438965
1531487566.1615896,7680,2.7731966972351074
1531488330.1923745,8192,2.3206064701080322
1531489092.798935,8704,2.987118721008301
1531489857.9704354,9216,2.3672921657562256
1531490622.0090058,9728,2.222923994064331
1531491386.071643,10240,3.0165154933929443
1531492152.0472171,10752,3.0812251567840576
1531492916.707979,11264,2.209998846054077
1531493681.4707894,11776,2.197662591934204
1531494444.9234865,12288,2.507143974304199
1531495210.6451352,12800,2.084641695022583
1531495973.3563533,13312,2.3842403888702393
1531496739.1170146,13824,2.467428684234619
1531497504.7647488,14336,2.380302667617798
1531498268.442311,14848,1.9752697944641113
1531499032.4111574,15360,2.1295292377471924
1531499796.4777255,15872,1.9811702966690063
1531500560.5040777,16384,2.0962955951690674
1531501320.493338,16896,1.9854731559753418
1531502082.4886665,17408,1.999375581741333
1531502842.643936,17920,2.142500877380371
1531503603.2162926,18432,2.444281816482544
1531504366.5661976,18944,1.829322338104248
1531505127.577292,19456,1.6045440435409546
1531505887.371993,19968,1.7798620462417603
1531506650.0560021,20480,2.2073147296905518
1531507412.9726338,20992,2.049182415008545
1531508178.0882082,21504,1.9705805778503418
1531508944.0402987,22016,1.88499116897583
1531509708.4809918,22528,2.0094797611236572
1531510469.4569635,23040,2.236457586288452
1531511237.3634076,23552,1.8427298069000244
1531511998.8174918,24064,1.6275981664657593
1531512761.5094204,24576,1.892001986503601
1531513523.1131577,25088,1.614732265472412
1531557718.754156,26112,2.071279764175415
1531558479.23819,26624,1.8672635555267334
1531559238.2386925,27136,2.0325536727905273
1531560000.7268124,27648,2.212707042694092
1531560762.42764,28160,1.8168774843215942
1531561525.989695,28672,2.359053611755371
1531562289.8579786,29184,1.6923409700393677
1531563053.415123,29696,1.662042498588562
1531563816.916356,30208,1.7668911218643188
1531564577.9782329,30720,1.595381259918213
1531565341.2603045,31232,1.7019870281219482
1531566101.8426697,31744,1.9442088603973389
1531566865.8845348,32256,2.085191249847412
1531567629.5658612,32768,2.1305088996887207
1531568391.3667762,33280,1.9743181467056274
1531569153.8871672,33792,1.7365093231201172
1531569918.9379392,34304,1.647807002067566
1531570682.5759065,34816,1.923195242881775
1531571445.4419248,35328,1.983982801437378
1531572210.2478695,35840,1.87592613697052
1531572975.6408865,36352,2.1134769916534424
1531573738.246715,36864,1.8960826396942139
1531574501.3185976,37376,1.9881443977355957
1531575266.1953306,37888,2.1441991329193115
1531576031.5279841,38400,1.9853453636169434
1531576795.9272804,38912,2.081186294555664
1531577560.3910227,39424,2.3368659019470215
1531578324.0376093,39936,2.123068332672119
1531579089.9216843,40448,1.6351500749588013
1531579853.3045466,40960,1.555290699005127
1531580618.381915,41472,1.6099720001220703
1531581384.6715891,41984,1.8483281135559082
1531582152.3634796,42496,2.3706228733062744
1531582918.8291023,43008,2.0543253421783447
1531583686.1146774,43520,1.9696851968765259
1531584452.853522,44032,1.725355625152588
1531585220.282581,44544,2.2777040004730225
1531585985.8373055,45056,1.567943811416626
1531586754.6397803,45568,2.081688165664673
1531587523.8691115,46080,1.7532727718353271
1531588290.5679626,46592,1.7136915922164917
1531589060.7569115,47104,1.5348305702209473
1531589831.0970643,47616,1.683835506439209
1531590599.493182,48128,1.7733697891235352
1531591366.3287494,48640,1.5046361684799194
1531592136.0017748,49152,1.8332184553146362
1531592902.617077,49664,1.8228167295455933
1531593667.3933144,50176,1.4007805585861206
1531594434.2832825,50688,1.5330266952514648
1531595199.4247549,51200,1.5844082832336426
1531595964.043379,51712,1.5320552587509155
1531596728.9060597,52224,1.410388469696045
1531597497.14965,52736,1.5837619304656982
1531598265.2009258,53248,1.546537160873413
1531599034.2197626,53760,1.7635290622711182
1531599798.8013062,54272,1.4101927280426025
1531600564.6821487,54784,1.5400723218917847
1531601330.9789028,55296,1.4481725692749023
1531602096.7021086,55808,1.897756576538086
1531602864.372658,56320,1.701168417930603
1531603633.6393576,56832,1.5658332109451294
1531604400.2415326,57344,1.4478055238723755
1531605169.5769176,57856,1.4115636348724365
1531605938.273773,58368,1.467294454574585
1531606705.9095404,58880,1.535347819328308
1531607474.5626943,59392,1.4621286392211914
1531608241.0323987,59904,1.5487908124923706
1531609008.0940585,60416,1.336980938911438
1531609778.619261,60928,2.0304713249206543
1531617848.7533443,61440,1.7153619527816772
1531618613.2680106,61952,1.5289195775985718
1531619382.963509,62464,1.7917786836624146
1531620149.5583704,62976,1.5268858671188354
1531620916.8995636,63488,1.6144973039627075
1531621687.8728087,64000,1.827952265739441
1531622455.1718016,64512,1.631231665611267
1531623228.4773939,65024,1.719375729560852
1531623998.6287248,65536,1.784090518951416
1531624769.41916,66048,1.7814950942993164
1531625537.0399437,66560,1.6731626987457275
1531626304.6561728,67072,1.525266170501709
1531627075.6582658,67584,2.516310453414917
1531627845.6598413,68096,2.0713818073272705
1531628617.2845366,68608,1.85489022731781
1531629385.8540585,69120,1.9474670886993408
1531630153.2867653,69632,1.1955993175506592
1531630922.870461,70144,1.8322986364364624
1531631688.7607412,70656,1.3669073581695557
1531632460.1472943,71168,1.3141703605651855
1531633229.3462677,71680,1.4908674955368042
1531634000.4500203,72192,1.8723708391189575
1531634769.2521818,72704,1.182417392730713
1531635540.709036,73216,2.2511587142944336
1531636307.85363,73728,1.3700709342956543
1531637078.475665,74240,1.6647652387619019
1531637849.882102,74752,1.6260621547698975
1531638615.5974166,75264,1.3257519006729126
1531639382.8521938,75776,1.3329192399978638
1531640150.9539115,76288,1.4166322946548462
1531640922.347065,76800,1.8342269659042358
1531641689.608165,77312,1.3545206785202026
1531642457.846665,77824,1.966889500617981
1531643229.486633,78336,2.2676894664764404
1531643998.3323903,78848,1.4420576095581055
1531644770.879333,79360,1.3410927057266235
1531645540.2564802,79872,1.4525604248046875
1531646308.827291,80384,2.8269848823547363
1531647074.9524662,80896,1.6461248397827148
1531647843.702927,81408,1.5646806955337524
1531648612.0463295,81920,1.333030104637146
1531649381.1828995,82432,1.5498111248016357
1531650147.740885,82944,1.1372772455215454
1531650915.6226537,83456,1.4474469423294067
1531651684.906298,83968,1.3726356029510498
1531652456.917117,84480,1.9725842475891113
1531653227.717071,84992,1.8905192613601685
1531653996.599523,85504,1.4430452585220337
1531654763.8381224,86016,1.7541651725769043
1531655533.7434266,86528,1.4272549152374268
1531656305.8723395,87040,1.4737212657928467
1531657074.4978764,87552,1.1507750749588013
1531657846.6682959,88064,1.3089216947555542
1531658617.5102394,88576,1.8206778764724731
1531659391.901024,89088,1.571946620941162
1531660161.414587,89600,1.520297884941101
1531660929.7841635,90112,1.6854057312011719
1531661700.5398092,90624,1.6862609386444092
1531662469.9467814,91136,1.4012333154678345
1531663240.3850377,91648,2.2002615928649902
1531664012.8389118,92160,1.1720283031463623
1531664782.9726284,92672,1.839036464691162
1531665553.8298533,93184,1.35774564743042
1531666324.8000014,93696,1.3701515197753906
1531667098.4778898,94208,1.1884335279464722
1531667867.4449213,94720,1.4995096921920776
1531668639.0166478,95232,1.8217906951904297
1531669410.389527,95744,1.3141244649887085
1531670185.716027,96256,1.7148479223251343
1531699917.241282,96768,1.8198788166046143
1531700688.7503011,97280,1.3091216087341309
