wall_time,step,value
1533323626.659838,128,0.831008791923523
1533324067.227284,256,0.5465734601020813
1533324507.7592478,384,0.4353223443031311
1533324948.3672218,512,0.3045271933078766
1533325994.1862884,640,0.25978296995162964
1533326435.2580185,768,0.29208505153656006
1533326876.294052,896,0.2737412750720978
1533327317.3145127,1024,0.2173992097377777
1533328402.2819755,1152,0.2523372173309326
1533328842.7128751,1280,0.21965613961219788
1533329283.165278,1408,0.20557092130184174
1533329723.4262178,1536,0.220910906791687
1533330779.3936472,1664,0.19775156676769257
1533331220.0741844,1792,0.1846441626548767
1533331660.6649625,1920,0.18379022181034088
1533332101.2051024,2048,0.18005114793777466
1533333153.5876162,2176,0.18176424503326416
1533333594.2121491,2304,0.14163604378700256
1533334034.7086756,2432,0.15332460403442383
1533334475.3500917,2560,0.14319778978824615
1533335502.6375802,2688,0.14661628007888794
1533335943.0470333,2816,0.15224218368530273
1533336383.4066763,2944,0.1456814557313919
1533336823.8165336,3072,0.1361890286207199
1533337818.1680472,3200,0.13985155522823334
1533338258.5661073,3328,0.12155117094516754
1533338698.9870083,3456,0.13047045469284058
1533339139.406822,3584,0.13807837665081024
1533340121.8506103,3712,0.12627777457237244
1533340562.1788402,3840,0.11524590104818344
1533341002.4207964,3968,0.11684176325798035
1533341442.5743876,4096,0.11534903943538666
1533342412.6468308,4224,0.13835357129573822
1533342852.9530153,4352,0.1201186403632164
1533343293.31299,4480,0.11787694692611694
1533343733.6860292,4608,0.13632602989673615
1533344722.7849438,4736,0.10579993575811386
1533345162.9925187,4864,0.118979312479496
1533345603.2759995,4992,0.11056268215179443
1533346043.368378,5120,0.12046587467193604
1533347044.8580186,5248,0.11896252632141113
1533347485.2031088,5376,0.10965669900178909
1533347925.4606247,5504,0.09890945255756378
1533348365.7581022,5632,0.10822523385286331
1533349369.857097,5760,0.09807371348142624
1533349810.4205692,5888,0.10558877885341644
1533350250.9536536,6016,0.10513173043727875
1533350691.5096285,6144,0.0978521779179573
1533351667.9904013,6272,0.0985577255487442
1533352108.370578,6400,0.08556968718767166
1533352548.6977508,6528,0.09995704144239426
1533352989.0618284,6656,0.11645402014255524
1533353984.3168228,6784,0.0892360582947731
1533354424.9450502,6912,0.09373048692941666
1533354865.5946019,7040,0.08060367405414581
1533355306.322621,7168,0.08862580358982086
1533669523.966192,7296,0.0805080235004425
1533669963.783182,7424,0.07632820308208466
1533670403.5875523,7552,0.08834968507289886
1533670843.2300103,7680,0.08112627267837524
1533671837.724024,7808,0.10512077808380127
1533672278.0248904,7936,0.08847948908805847
1533672718.2416887,8064,0.0913926213979721
1533823094.5770187,7808,0.09059955179691315
1533823534.3001807,7936,0.07772587984800339
1533823973.9363496,8064,0.06853960454463959
1533824413.606839,8192,0.08317269384860992
1533825389.120333,8320,0.09625370800495148
1533825829.1257858,8448,0.08530988544225693
1533826269.1112714,8576,0.0838019847869873
1533826709.1941257,8704,0.07929357886314392
1533827677.9863,8832,0.0890410989522934
1533828118.0468037,8960,0.08267126977443695
1533828558.1347706,9088,0.07502911239862442
1533828998.369529,9216,0.07157392799854279
1533829965.9465175,9344,0.08018346130847931
1533830406.1489358,9472,0.07523535937070847
1533830846.20837,9600,0.07341054826974869
1533831286.32113,9728,0.07986079901456833
1533832263.3320842,9856,0.07687883079051971
1533832703.8070126,9984,0.06907591223716736
1533833144.3712394,10112,0.06874395161867142
1533833584.7868538,10240,0.07899343222379684
1533834556.3920403,10368,0.06729057431221008
1533834996.693932,10496,0.07782438397407532
1533835436.979255,10624,0.0663600042462349
1533835877.1941195,10752,0.0603717640042305
1533836856.2139924,10880,0.07781103998422623
1533837296.6521907,11008,0.06575610488653183
1533837736.9599986,11136,0.07191964983940125
1533838177.5613692,11264,0.0822673812508583
1533839159.824318,11392,0.07102929800748825
1533839600.0786572,11520,0.08011168241500854
1533840040.2445383,11648,0.06083151698112488
1533840480.6267843,11776,0.07793828845024109
1533841467.4551384,11904,0.07411506026983261
1533841907.7162302,12032,0.07136212289333344
1533842348.0132666,12160,0.07827714085578918
1533842788.3119063,12288,0.062396250665187836
1533843766.2688851,12416,0.05376052111387253
1533844206.4780173,12544,0.06660831719636917
1533844646.8085833,12672,0.06464867293834686
1533845087.1538286,12800,0.0589800663292408
1533846082.0113418,12928,0.061145346611738205
1533846522.2045853,13056,0.05517756938934326
1533846962.435019,13184,0.06043244153261185
1533847402.6710675,13312,0.060375314205884933
1533848378.8394158,13440,0.04853319004178047
1533848819.2274187,13568,0.0572466105222702
1533849259.5105176,13696,0.0679638609290123
1533849699.8398948,13824,0.06561680138111115
1533850686.062839,13952,0.052661117166280746
1533851126.2703786,14080,0.058266300708055496
1533851566.5007644,14208,0.05847413092851639
1533852006.7651222,14336,0.04639343172311783
1533852992.6586843,14464,0.04602961242198944
1533853432.8681545,14592,0.05578982084989548
1533853873.1138675,14720,0.04535667970776558
1533854313.197703,14848,0.07449546456336975
1533855292.7937946,14976,0.04384388402104378
1533855733.4377918,15104,0.05456344410777092
1533856174.0290806,15232,0.048182517290115356
1533856614.704749,15360,0.05085785686969757
1533857597.1802194,15488,0.045843515545129776
1533858037.7166624,15616,0.050319913774728775
1533858478.266853,15744,0.0483502596616745
1533858918.7096233,15872,0.053205765783786774
1533859912.5308847,16000,0.05704575031995773
1533860353.036544,16128,0.057846616953611374
1533860793.321313,16256,0.0695408508181572
1533861233.735915,16384,0.05052412301301956
1533862237.103745,16512,0.06169555336236954
1533862677.3749318,16640,0.04889503866434097
1533863117.8662903,16768,0.05946779251098633
1533863558.6628485,16896,0.050573162734508514
1533864541.9349058,17024,0.055131834000349045
1533864982.344175,17152,0.06227029860019684
1533865422.74371,17280,0.05146937817335129
1533865863.046849,17408,0.04347275570034981
1533866859.670494,17536,0.053242918103933334
1533867300.2090771,17664,0.052346061915159225
1533867740.843185,17792,0.06846661120653152
1533868181.5122988,17920,0.043995730578899384
1533869182.4950936,18048,0.047389741986989975
1533869622.9609194,18176,0.060338094830513
1533870063.4681127,18304,0.05349196866154671
1533870504.094412,18432,0.039220068603754044
1533871493.715504,18560,0.05339294672012329
1533871934.20958,18688,0.03611665964126587
1533872374.711298,18816,0.04998113214969635
1533872815.430356,18944,0.046887654811143875
1533873811.6932356,19072,0.045878827571868896
1533874252.2158434,19200,0.04532380402088165
1533874692.7546904,19328,0.047823432832956314
1533875133.2376435,19456,0.04939625784754753
1533876125.3787713,19584,0.05083606392145157
1533876565.6067085,19712,0.044507164508104324
1533877006.011465,19840,0.03396332263946533
1533877446.2928982,19968,0.04266263172030449
1533878435.6228461,20096,0.06093607842922211
1533878875.840073,20224,0.05125190317630768
1533879316.024608,20352,0.039888814091682434
1533879756.2430425,20480,0.03498166427016258
1533880727.4247236,20608,0.05216463655233383
1533881167.887913,20736,0.04297253489494324
1533881608.2114136,20864,0.044605083763599396
1533882048.5326264,20992,0.048394881188869476
1533883019.8992293,21120,0.02704346925020218
1533883460.3182652,21248,0.05000338703393936
1533883900.8803363,21376,0.053732387721538544
1533884341.3080766,21504,0.039971183985471725
1533885313.7363386,21632,0.04522896558046341
1533885754.0383942,21760,0.04167918115854263
1533886194.3902364,21888,0.03883365914225578
1533886634.6301959,22016,0.046606093645095825
1533887611.9198155,22144,0.0470639243721962
1533888052.0946798,22272,0.04365730285644531
1533888492.348828,22400,0.042990513145923615
1533888932.6019256,22528,0.046165719628334045
1533889903.3401842,22656,0.029686320573091507
1533890343.8050847,22784,0.050952911376953125
1533890784.1585474,22912,0.04026796668767929
1533891224.3998778,23040,0.030070554465055466
1533892213.5957334,23168,0.05331023782491684
1533892653.9265828,23296,0.04092800244688988
1533893094.4031374,23424,0.04527650400996208
1533893534.703796,23552,0.029050951823592186
1533894513.677301,23680,0.04370184615254402
1533894954.025056,23808,0.04367087036371231
1533895394.220444,23936,0.040085531771183014
1533895834.4875164,24064,0.053590573370456696
1533896821.0647886,24192,0.031969282776117325
1533897261.3109584,24320,0.03495384007692337
1533897701.7422478,24448,0.029186224564909935
1533898142.1553688,24576,0.038169004023075104
1533899117.199256,24704,0.030887218192219734
1533899557.4059048,24832,0.0290790144354105
1533899997.6055624,24960,0.04010104015469551
1533900437.772297,25088,0.04550328105688095
1533901399.452784,25216,0.05538813769817352
1533901839.5563745,25344,0.03466632962226868
1533902279.619512,25472,0.04136749356985092
1533902719.7219586,25600,0.038771286606788635
1533903683.5124018,25728,0.04753655567765236
1533904123.458497,25856,0.035995371639728546
1533904563.4907417,25984,0.04328349605202675
1533905003.500061,26112,0.04032778739929199
1533905987.9799697,26240,0.03842587023973465
1533906428.451121,26368,0.03469415381550789
1533906868.9532642,26496,0.03759722039103508
1533907309.4819994,26624,0.03904949501156807
1533908282.361005,26752,0.0383874736726284
1533908722.7372897,26880,0.04450782388448715
1533909163.1226552,27008,0.047787200659513474
1533909603.3694654,27136,0.0471695177257061
1533910587.9412773,27264,0.04455048218369484
1533911028.4883766,27392,0.04083852469921112
1533911468.9514487,27520,0.03350070118904114
1533911909.4729962,27648,0.033384982496500015
1533912875.0857317,27776,0.03421993926167488
1533913315.529506,27904,0.043680109083652496
1533913755.9177303,28032,0.04008783400058746
1533914196.1782122,28160,0.029798217117786407
1533915057.8719618,28288,0.05421283468604088
1533915514.7357757,28416,0.036356065422296524
1533915971.6439223,28544,0.03933233022689819
1533916428.5952334,28672,0.039797618985176086
1533917414.181444,28800,0.04562518000602722
1533917854.4636106,28928,0.03809164837002754
1533918294.7757134,29056,0.036269109696149826
1533918735.1265032,29184,0.04001870006322861
1533919714.3953397,29312,0.04425499215722084
1533920154.7173135,29440,0.03447218984365463
1533920595.0251594,29568,0.037984542548656464
1533921035.3275967,29696,0.029782889410853386
1533922014.0441012,29824,0.03041999787092209
1533922454.675966,29952,0.03291810303926468
1533922895.2413702,30080,0.034838125109672546
1533923335.8328822,30208,0.04257304593920708
1533924326.333342,30336,0.03774350881576538
1533924766.813614,30464,0.03284868225455284
1533925207.2750401,30592,0.04141581431031227
1533925647.581012,30720,0.05158601701259613
1533926626.8405938,30848,0.025106878951191902
1533927067.6143982,30976,0.0405643992125988
1533927508.1787405,31104,0.029806137084960938
1533927948.8345547,31232,0.02558181621134281
1533928938.8314886,31360,0.03597421944141388
1533929379.594988,31488,0.027060985565185547
1533929820.5042825,31616,0.029036233201622963
1533930261.3673418,31744,0.03593673184514046
1533931237.6552877,31872,0.035610564053058624
1533931678.059938,32000,0.027066659182310104
1533932118.4253788,32128,0.02840331383049488
1533932558.7104344,32256,0.03139655292034149
1533933551.749012,32384,0.03408389165997505
1533933992.65968,32512,0.04487237334251404
1533934433.5315447,32640,0.02570926770567894
1533934874.2036638,32768,0.040324851870536804
1533935866.377958,32896,0.039020147174596786
1533936306.9789512,33024,0.029590487480163574
1533936747.6359606,33152,0.027435295283794403
1533937188.2826495,33280,0.029101431369781494
1533938186.5857935,33408,0.03893560916185379
1533938626.7059517,33536,0.04146713390946388
1533939066.87416,33664,0.02843315526843071
1533939507.186606,33792,0.041892506182193756
1533940501.0185742,33920,0.029831912368535995
1533940941.7309148,34048,0.03779846429824829
1533941382.3938177,34176,0.03249716758728027
1533941823.103386,34304,0.028720902279019356
1533942818.564149,34432,0.030744751915335655
1533943258.8232448,34560,0.032084450125694275
1533943699.226986,34688,0.02774348296225071
1533944139.5805736,34816,0.039353497326374054
1533945137.5539415,34944,0.03123864345252514
1533945578.0083208,35072,0.04020804911851883
1533946018.2402,35200,0.03317205607891083
1533946458.682072,35328,0.03190648928284645
1533947453.0817776,35456,0.028449218720197678
1533947893.8698158,35584,0.03961460292339325
1533948334.5965629,35712,0.03050171211361885
1533948775.3049603,35840,0.03125999495387077
1533949774.0461464,35968,0.030360370874404907
1533950214.4754517,36096,0.04342082887887955
1533950654.90474,36224,0.03749387338757515
1533951095.5060203,36352,0.039431337267160416
1533952099.13566,36480,0.035508159548044205
1533952539.5224931,36608,0.02714397944509983
1533952979.8819783,36736,0.03654101863503456
1533953420.386686,36864,0.026942763477563858
1533954419.7857015,36992,0.03281606733798981
1533954860.3096902,37120,0.03636198490858078
1533955300.7315335,37248,0.03582841530442238
1533955741.3869376,37376,0.023358985781669617
1533956725.1009269,37504,0.039165280759334564
1533957165.8937106,37632,0.027014533057808876
1533957606.6637871,37760,0.029876815155148506
1533958047.355615,37888,0.03715728968381882
1533959045.4809365,38016,0.0381145253777504
1533959486.3087797,38144,0.031032569706439972
1533959927.1130383,38272,0.027996499091386795
1533960367.9384434,38400,0.026648487895727158
1533961366.51422,38528,0.03932265192270279
1533961807.1610184,38656,0.029827173799276352
1533962247.8933983,38784,0.04214384779334068
1533962688.4346607,38912,0.024913854897022247
1533963669.5261843,39040,0.029747920110821724
1533964110.1135116,39168,0.03175659850239754
1533964550.6639335,39296,0.03399283066391945
1533964991.1667905,39424,0.03166353702545166
1533965982.1201296,39552,0.028955968096852303
1533966422.6652427,39680,0.02554916962981224
1533966863.0219274,39808,0.034368764609098434
1533967303.588236,39936,0.02647762931883335
1533968298.5535867,40064,0.02406497672200203
1533968739.1320062,40192,0.0268809013068676
1533969179.7332091,40320,0.02817351743578911
1533969620.3639183,40448,0.044919561594724655
1533970618.8498797,40576,0.028817597776651382
1533971059.655969,40704,0.025279272347688675
1533971500.4585643,40832,0.021337278187274933
1533971941.204292,40960,0.02846604958176613
1533972948.533664,41088,0.04213191568851471
1533973389.129604,41216,0.026277806609869003
1533973829.582522,41344,0.03780002519488335
1533974270.1355734,41472,0.026715371757745743
1533975264.2240007,41600,0.027777014300227165
1533975704.9926655,41728,0.02888229489326477
1533976145.7710092,41856,0.029811324551701546
1533976586.4906266,41984,0.03173491358757019
1533977576.4309459,42112,0.0356176421046257
1533978016.4298854,42240,0.03360973671078682
1533978456.4823987,42368,0.0357748419046402
1533978896.4156265,42496,0.035986870527267456
1533979905.5399,42624,0.022653017193078995
1533980345.9155407,42752,0.03378075733780861
1533980786.4403472,42880,0.026686977595090866
1533981226.8764377,43008,0.023491911590099335
1533982230.317316,43136,0.028302356600761414
1533982670.96364,43264,0.024256637319922447
1533983111.6551588,43392,0.038425929844379425
1533983552.3730526,43520,0.03213771432638168
1533984544.0452292,43648,0.0257797222584486
1533984984.6981843,43776,0.034430865198373795
1533985425.3578336,43904,0.020503008738160133
1533985865.8928285,44032,0.026924610137939453
1533986879.4287343,44160,0.024471482262015343
1533987320.1561403,44288,0.027016490697860718
1533987760.7311962,44416,0.025295253843069077
1533988201.3529332,44544,0.02683987095952034
1533989204.117343,44672,0.021363236010074615
1533989644.461367,44800,0.02551402524113655
1533990084.7866845,44928,0.025928262621164322
1533990525.0551927,45056,0.03392433375120163
1533991514.8132179,45184,0.03243911638855934
1533991955.0681565,45312,0.02816864848136902
1533992395.5039816,45440,0.024213185533881187
1533992835.778072,45568,0.030906137079000473
1533993838.0555263,45696,0.015861380845308304
1533994278.4189718,45824,0.03198271989822388
1533994718.7881374,45952,0.03053254634141922
1533995159.1670508,46080,0.03046676330268383
1533996151.2936795,46208,0.02673335373401642
1533996591.5832212,46336,0.024964675307273865
1533997031.965433,46464,0.022222137078642845
1533997472.2301142,46592,0.028636187314987183
1533998475.6786554,46720,0.036499690264463425
1533998916.3166397,46848,0.027340460568666458
1533999357.01771,46976,0.030645985156297684
1533999797.618399,47104,0.02792009711265564
1534000792.4353485,47232,0.024267932400107384
1534001233.1638668,47360,0.030967913568019867
1534001673.773233,47488,0.03133945167064667
1534002114.4492636,47616,0.02592919021844864
1534003112.713522,47744,0.020428476855158806
1534003553.3799307,47872,0.026783090084791183
1534003993.9204354,48000,0.026782752946019173
1534004434.623235,48128,0.024181684479117393
1534005433.7898564,48256,0.02332708239555359
1534005874.3756938,48384,0.028849845752120018
1534006314.9168847,48512,0.02344299666583538
1534006755.1466448,48640,0.02288002520799637
1534007760.4750893,48768,0.03989430516958237
1534008201.1082172,48896,0.02870185673236847
1534008641.7229247,49024,0.024272026494145393
1534009082.360969,49152,0.03126372769474983
1534010077.2905102,49280,0.025787586346268654
1534010517.684124,49408,0.02960648015141487
1534010957.9639246,49536,0.03481791540980339
1534011398.3954523,49664,0.025715108960866928
1534012383.5983725,49792,0.028049714863300323
1534012824.1292465,49920,0.032089535146951675
1534013264.6916656,50048,0.02297438494861126
1534013705.3976626,50176,0.02384619042277336
1534014705.1553962,50304,0.02536442130804062
1534015145.6707175,50432,0.02339348942041397
1534015586.2528892,50560,0.030153896659612656
1534016026.6592643,50688,0.025048956274986267
1534017032.3044631,50816,0.023152820765972137
1534017472.6950223,50944,0.017285823822021484
1534017913.1928422,51072,0.02606857568025589
1534018353.7599356,51200,0.019441502168774605
1534019357.0886242,51328,0.03266632556915283
1534019797.680487,51456,0.02904554270207882
1534020238.4615438,51584,0.02918931283056736
1534020679.0791745,51712,0.03360048681497574
1534021691.2535093,51840,0.025731952860951424
1534022131.958282,51968,0.0328817218542099
1534022572.9114764,52096,0.019950712099671364
1534023013.7076523,52224,0.024240445345640182
1534024010.2758985,52352,0.03156794607639313
1534024450.7589576,52480,0.024237461388111115
1534024891.3496017,52608,0.02090481109917164
1534025331.828589,52736,0.020050467923283577
1534026335.177576,52864,0.01825842447578907
1534026775.5081785,52992,0.027015363797545433
1534027215.8209352,53120,0.02647249400615692
1534027656.1109548,53248,0.019569287076592445
1534028643.192634,53376,0.02157745696604252
1534029083.5389414,53504,0.023126116022467613
1534029523.8637707,53632,0.024700943380594254
1534029964.2020974,53760,0.034226953983306885
1534030973.7921011,53888,0.016446160152554512
1534031414.4604414,54016,0.01947690360248089
1534031855.0519545,54144,0.024203574284911156
1534032295.5077171,54272,0.021076075732707977
1534033297.8504694,54400,0.03492126986384392
1534033738.735619,54528,0.02404186688363552
1534034179.557576,54656,0.032477740198373795
1534034620.38335,54784,0.022193532437086105
1534035621.240405,54912,0.02892334759235382
1534036061.7960334,55040,0.029198862612247467
1534036502.3429396,55168,0.025088408961892128
1534036943.048369,55296,0.022249964997172356
1534037940.6351657,55424,0.027030542492866516
1534038381.2059019,55552,0.029834184795618057
1534038821.8959973,55680,0.03304283320903778
1534039262.482523,55808,0.03096042014658451
1534040266.7109506,55936,0.028786154463887215
1534040707.3561883,56064,0.020417455583810806
1534041148.0482404,56192,0.01930307224392891
1534041588.9073408,56320,0.031347136944532394
1534042592.5925446,56448,0.03009602427482605
1534043032.730239,56576,0.02283739484846592
1534043472.9057565,56704,0.031992122530937195
1534043913.0706933,56832,0.02867025136947632
1534097417.1134386,56960,0.026578351855278015
1534097856.7598574,57088,0.022595372051000595
1534098296.5641074,57216,0.021546324715018272
1534098736.3005261,57344,0.02408040687441826
1534099734.2240317,57472,0.033829495310783386
1534100174.6678946,57600,0.020833604037761688
1534100614.9809105,57728,0.02213381975889206
1534101055.3659673,57856,0.031564947217702866
1534102042.3617733,57984,0.018973326310515404
1534102482.734072,58112,0.028307851403951645
1534102923.2804751,58240,0.02296834997832775
1534103363.7538557,58368,0.022724445909261703
1534104371.3174236,58496,0.021435417234897614
1534104811.6426458,58624,0.02271776832640171
1534105252.0149229,58752,0.021896371617913246
1534105692.3616807,58880,0.028733178973197937
1534106696.5745366,59008,0.02219844050705433
1534107136.99663,59136,0.019826721400022507
1534107577.5143769,59264,0.019932998344302177
1534108017.9325564,59392,0.017147043719887733
1534109020.5688155,59520,0.018046675249934196
1534109460.9334912,59648,0.02092495560646057
1534109901.3693287,59776,0.031728725880384445
1534110341.8451643,59904,0.025058289989829063
1534111340.3143845,60032,0.02200666256248951
1534111780.8918898,60160,0.028987804427742958
1534112221.4385746,60288,0.02302516996860504
1534112661.9038515,60416,0.038486234843730927
1534113660.6232545,60544,0.025306567549705505
1534114101.0313497,60672,0.019281873479485512
1534114541.3346741,60800,0.022415846586227417
1534114981.805735,60928,0.02295874059200287
1534115993.1494122,61056,0.027047336101531982
1534116433.5934432,61184,0.024117758497595787
1534116873.9965434,61312,0.028812380507588387
1534117314.5408766,61440,0.02098001353442669
1534118318.5982308,61568,0.02117798663675785
1534118758.8461642,61696,0.02973002940416336
1534119199.0878775,61824,0.01995343156158924
1534119639.4183586,61952,0.02156073786318302
1534120639.5049303,62080,0.025765806436538696
1534121079.6943405,62208,0.02566784992814064
1534121519.8320262,62336,0.023125015199184418
1534121960.0050967,62464,0.01705039292573929
1534122975.275435,62592,0.02392498031258583
1534123415.5066264,62720,0.02393127977848053
1534123856.0850492,62848,0.022290602326393127
1534124296.5504148,62976,0.01988222636282444
1534125309.5377705,63104,0.019031139090657234
1534125749.936889,63232,0.023982252925634384
1534126190.3762016,63360,0.0270589180290699
1534126630.737669,63488,0.02367575839161873
1534127634.2822924,63616,0.028065264225006104
1534128074.6452727,63744,0.02431710623204708
1534128515.0553434,63872,0.023789722472429276
1534128955.3547544,64000,0.023272555321455002
1534129957.4704914,64128,0.02842378430068493
1534130398.21326,64256,0.022232644259929657
1534130838.8203275,64384,0.02790950797498226
1534131279.4925377,64512,0.03179413825273514
1534132270.3792763,64640,0.0189550518989563
1534132710.9040935,64768,0.018300041556358337
1534133151.4792597,64896,0.023618455976247787
1534133591.9333308,65024,0.02223215065896511
1534134598.7139223,65152,0.03498075157403946
1534135039.5215669,65280,0.029639380052685738
1534135480.302204,65408,0.022857384756207466
1534135921.0884469,65536,0.020346414297819138
1534136934.3228576,65664,0.016257600858807564
1534137374.6480849,65792,0.022311251610517502
1534137814.9851174,65920,0.0171140655875206
1534138255.3682725,66048,0.026707690209150314
1534139266.4597816,66176,0.03060072287917137
1534139707.333746,66304,0.017955690622329712
1534140148.0611172,66432,0.02019980177283287
1534140588.733018,66560,0.016907740384340286
1534141600.3972676,66688,0.022535130381584167
1534142041.3369966,66816,0.016750626266002655
1534142482.1101015,66944,0.019844213500618935
1534142922.8786602,67072,0.017945237457752228
1534143942.9217124,67200,0.017581015825271606
1534144383.3103466,67328,0.02388555370271206
1534144823.7065656,67456,0.015537487342953682
1534145264.0582426,67584,0.022217877209186554
1534146281.5987277,67712,0.023984286934137344
1534146722.2454374,67840,0.020770519971847534
1534147162.9503176,67968,0.025422269478440285
1534147603.6044624,68096,0.01810663379728794
1534148625.875557,68224,0.018701687455177307
1534149066.378732,68352,0.02061227150261402
1534149506.8539908,68480,0.02142059989273548
1534149947.2974782,68608,0.025349605828523636
1534150957.3784332,68736,0.017681995406746864
1534151397.9694943,68864,0.02836085669696331
1534151838.6021388,68992,0.023150218650698662
1534152279.304905,69120,0.016732430085539818
1534153301.0198157,69248,0.021352645009756088
1534153741.559269,69376,0.021537350490689278
1534154182.029482,69504,0.019329290837049484
1534154622.4420733,69632,0.02112617902457714
1534155638.9180849,69760,0.021871143952012062
1534156079.436176,69888,0.01916196197271347
1534156519.908019,70016,0.01853804662823677
1534156960.182727,70144,0.01878359168767929
1534157986.2738433,70272,0.0241751279681921
1534158426.9107196,70400,0.0186226237565279
1534158867.4462721,70528,0.01936965063214302
1534159308.1363509,70656,0.01536344364285469
1534160318.3728223,70784,0.018773697316646576
1534160759.1317654,70912,0.025854451581835747
1534161199.9526596,71040,0.0223475880920887
1534161640.6770163,71168,0.0135083869099617
1534162654.6189141,71296,0.022722112014889717
1534163095.178844,71424,0.020824503153562546
1534163535.8973866,71552,0.015134044922888279
1534163976.4619443,71680,0.02642621099948883
1534164998.6512482,71808,0.03514187037944794
1534165439.1449072,71936,0.013861030340194702
1534165879.6801276,72064,0.018525125458836555
1534166320.1872892,72192,0.01810191385447979
1534167333.2000964,72320,0.0211930088698864
1534167773.6933038,72448,0.023551112040877342
1534168214.114764,72576,0.022162962704896927
1534168654.5314412,72704,0.023292889818549156
1534169666.8465416,72832,0.01912946254014969
1534170107.2061884,72960,0.021798735484480858
1534170547.625821,73088,0.022928843274712563
1534170988.0542688,73216,0.01669899933040142
1534172003.930337,73344,0.018085848540067673
1534172444.2839804,73472,0.020691215991973877
1534172884.6676006,73600,0.024186871945858
1534173324.9437447,73728,0.019317571073770523
1534174348.4538085,73856,0.021627329289913177
1534174788.7052457,73984,0.017711956053972244
1534175228.8891804,74112,0.02865317277610302
1534175669.3893807,74240,0.029010236263275146
1534176691.561944,74368,0.01988452859222889
1534177131.656566,74496,0.02131550945341587
1534177571.8593543,74624,0.018877381458878517
1534178012.021897,74752,0.02345545031130314
1534179032.4982245,74880,0.02231011539697647
1534179472.693279,75008,0.03277832642197609
1534179913.0269732,75136,0.020616192370653152
1534180353.2568297,75264,0.02290327474474907
1534181374.2269995,75392,0.023098774254322052
1534181814.904388,75520,0.0329892672598362
1534182255.5946681,75648,0.027349436655640602
1534182696.1829565,75776,0.01726488023996353
1534183295.2291183,75904,0.043001603335142136
1534183751.9130173,76032,0.019258463755249977
1534184208.5387201,76160,0.01821327954530716
1534184665.2853775,76288,0.0207627322524786
1534185680.629453,76416,0.015789316967129707
1534186120.8659177,76544,0.029110796749591827
1534186561.1319716,76672,0.02503831498324871
1534187001.36351,76800,0.01881474442780018
1534188013.01412,76928,0.016472142189741135
1534188453.6095328,77056,0.015389081090688705
1534188894.0995655,77184,0.018637122586369514
1534189334.797579,77312,0.026302127167582512
1534190366.1628878,77440,0.017323601990938187
1534190806.6069148,77568,0.013761207461357117
1534191247.1513722,77696,0.022922923788428307
1534191687.5927854,77824,0.016018908470869064
1534192713.665033,77952,0.017963957041502
1534193154.324662,78080,0.028950951993465424
1534193595.0771823,78208,0.0158669576048851
1534194035.8086896,78336,0.019995706155896187
1534195056.3898642,78464,0.025150654837489128
1534195496.5959265,78592,0.018928537145256996
1534195936.7515273,78720,0.01435777172446251
1534196377.2068486,78848,0.02300065942108631
1534197401.893679,78976,0.01582370698451996
1534197842.102511,79104,0.0249776728451252
