wall_time,step,value
1532280328.740503,512,21.64388656616211
1532281135.3856788,1024,-6.837004661560059
1532281939.4091632,1536,-5.14963436126709
1532282738.146014,2048,-5.5845465660095215
1532283531.2099802,2560,-2.3809890747070312
1532284323.3483148,3072,-5.319977760314941
1532285112.8148036,3584,-3.479372501373291
1532285897.0825706,4096,-1.0337283611297607
1532286680.0659056,4608,-4.834902763366699
1532287462.809194,5120,-1.7772178649902344
1532288247.3364322,5632,-1.0669059753417969
1532289032.874679,6144,-1.4447095394134521
1532289821.8202205,6656,-5.170844554901123
1532290606.456716,7168,-7.000337600708008
1532291391.369626,7680,-2.1803369522094727
1532292179.3235471,8192,-5.317828178405762
1532292966.0006616,8704,-1.0930415391921997
1532293754.3791656,9216,-6.672245025634766
1532294547.9785352,9728,-0.3019520938396454
1532295339.4682128,10240,0.42762240767478943
1532296128.5677192,10752,-3.1919713020324707
1532296915.2206419,11264,-2.1073696613311768
1532297700.986065,11776,1.302538514137268
1532298488.9306397,12288,-1.2281197309494019
1532299276.5372906,12800,-2.0185678005218506
1532300063.0169268,13312,-1.946519136428833
1532300847.450516,13824,-4.8761420249938965
1532301632.5578055,14336,0.47375985980033875
1532302418.443552,14848,-1.2711765766143799
1532303204.4211464,15360,-0.9259027242660522
1532454738.9686668,16384,-0.8857260942459106
1532455523.9536624,16896,-6.003997802734375
1532456311.0430665,17408,-1.2358767986297607
1532457096.6194866,17920,-1.0878510475158691
1532457881.0639248,18432,3.000096321105957
1532458669.1121838,18944,1.310317039489746
1532459451.71654,19456,-4.1078009605407715
1532460240.7243216,19968,1.155930757522583
1532461027.7820241,20480,-2.9791626930236816
1532461813.649555,20992,-1.8443610668182373
1532462600.184157,21504,-3.560142993927002
1532463384.4874754,22016,-3.365088939666748
1532464168.5173845,22528,-0.3109656870365143
1532464954.6140847,23040,-2.9351019859313965
1532525986.229992,24064,2.250774383544922
1532526771.5508091,24576,0.292247474193573
1532527557.5507565,25088,2.5418362617492676
1532528342.1613204,25600,1.5780500173568726
1532529127.6654406,26112,1.2532100677490234
1532529913.0456216,26624,2.3348333835601807
1532530695.9588265,27136,0.4631372094154358
1532531480.4951525,27648,-0.11116515100002289
1532532265.066222,28160,-1.9217021465301514
1532533052.52346,28672,0.003676624968647957
1532533837.0595055,29184,-0.12524011731147766
1532534619.5277069,29696,-4.707444190979004
1532535403.6984117,30208,2.4565436840057373
1532536187.79525,30720,-2.0901198387145996
1532536972.8104486,31232,-2.692983627319336
1532537757.2706888,31744,-1.84153413772583
1532538542.1343265,32256,3.5930733680725098
1532539327.4220164,32768,0.5516764521598816
1532540107.3179357,33280,-2.160489559173584
1532540893.1569948,33792,-1.2143728733062744
1532541680.711588,34304,4.196563720703125
1532542464.8370936,34816,-1.9541826248168945
1532543246.5681381,35328,-2.6743288040161133
1532544031.7810256,35840,1.1135127544403076
1532544815.589709,36352,3.5930192470550537
1532545600.476775,36864,-3.7379817962646484
1532546384.411997,37376,-0.39563557505607605
1532547168.516285,37888,1.3332921266555786
1532547952.7947955,38400,0.7009381055831909
1532548739.4010625,38912,-0.017910562455654144
1532549522.5735688,39424,-5.255309104919434
1532550308.035855,39936,3.4447460174560547
1532551095.1610606,40448,2.2170183658599854
1532551882.6458914,40960,1.601839303970337
1532552671.5016932,41472,0.6851135492324829
1532553457.0654833,41984,-1.1005470752716064
1532554242.0310218,42496,-2.0965445041656494
1532555026.005512,43008,-1.7262814044952393
1532555813.4671493,43520,1.9608794450759888
1532556602.1846097,44032,-1.0241119861602783
1532557388.9871986,44544,-0.8306999206542969
1532558176.7120125,45056,-1.4213316440582275
1532558965.4960337,45568,0.23891589045524597
1532559752.5316925,46080,-1.4576364755630493
1532560541.4464304,46592,-0.2944204807281494
1532561332.0877652,47104,-0.5873358249664307
1532562123.8380942,47616,-0.6330060362815857
1532562915.0286474,48128,0.946756899356842
1532563705.3476996,48640,-4.048804759979248
1532564498.307606,49152,1.9309394359588623
1532565291.5084817,49664,3.069103717803955
1532566079.7890007,50176,-0.49747830629348755
1532566872.1348925,50688,-3.0219101905822754
1532567661.5044794,51200,0.7128869295120239
1532568451.550313,51712,-0.956868588924408
1532569241.3308792,52224,-4.165954113006592
1532570033.0745962,52736,0.5029352903366089
1532570826.1778343,53248,-0.8429227471351624
1532571619.6464875,53760,-3.5594234466552734
1532572412.2771115,54272,-2.355499744415283
1532573206.8994892,54784,2.4823503494262695
1532574000.310471,55296,0.8433170318603516
1532574794.2349808,55808,2.108333110809326
1532575583.1143298,56320,-9.630045890808105
1532576373.1998494,56832,-0.7380626797676086
1532577168.4936337,57344,0.4785449206829071
1532577962.9287524,57856,1.581614375114441
1532578755.811206,58368,-3.9388797283172607
1532579550.1730235,58880,-1.0473122596740723
1532729096.1764846,59392,0.965350866317749
1532729885.6556258,59904,-0.9078320264816284
1532730677.4709651,60416,-5.027403354644775
1532731469.9321654,60928,-2.0697226524353027
1532732258.817722,61440,-3.2544608116149902
1532733049.4421904,61952,1.2336738109588623
1532733843.9981833,62464,0.07850885391235352
1532734635.2005994,62976,-0.2553754448890686
1532735425.4683204,63488,3.030787944793701
1532736218.6034641,64000,0.2589713931083679
1532737010.1489024,64512,-1.4471654891967773
1532737801.245379,65024,1.088826298713684
1532738593.4779732,65536,-0.7337830066680908
1532739388.1032047,66048,-0.789280354976654
1532740179.7024028,66560,-0.099723681807518
1532740967.1279948,67072,-3.0118703842163086
1532741760.073356,67584,0.08433443307876587
1532742548.854315,68096,-2.671877861022949
1532743339.2732694,68608,-0.9119632244110107
1532744129.5772886,69120,-1.7810407876968384
1532744920.2566023,69632,-1.1599246263504028
1532745709.6295047,70144,3.9398298263549805
1532746500.3089585,70656,2.0956382751464844
1532747288.4549103,71168,-2.5091259479522705
1532748081.9417768,71680,2.803819179534912
1532748871.6912763,72192,-4.177005290985107
1532749662.3028815,72704,-5.263237953186035
1532750458.4164011,73216,4.978095054626465
1532751247.5269365,73728,-4.209471225738525
1532752038.8003664,74240,0.6902806162834167
1532752831.664342,74752,-0.8434125185012817
1532753622.267597,75264,-2.4569249153137207
1532754412.9087439,75776,-1.2111756801605225
1532755205.8560529,76288,-0.5936615467071533
1532755997.4199874,76800,5.63833475112915
1532756788.4636261,77312,-2.86270809173584
1532757582.5736206,77824,0.16828399896621704
1532758374.21642,78336,1.5836848020553589
1532759167.4787855,78848,-2.53060245513916
1532759961.9864664,79360,-1.3955247402191162
1532760751.983578,79872,-2.8870134353637695
1532761543.3471797,80384,-3.491048574447632
1532762337.4814453,80896,2.3816232681274414
1532763131.5082223,81408,1.5029571056365967
1532763928.1492183,81920,1.1352031230926514
1532764720.218045,82432,-2.1611838340759277
1532765516.5758948,82944,0.921096682548523
1532766309.7400942,83456,-0.1922900676727295
1532767101.9877007,83968,-4.555718421936035
1532767896.411254,84480,3.340625762939453
1532774454.9771636,85504,0.8782330751419067
1532775246.3780193,86016,-7.150068283081055
1532776036.890229,86528,3.9164927005767822
1532776827.0028145,87040,0.849946141242981
1532777616.2269392,87552,4.724896430969238
1532778407.1600697,88064,-0.7166808843612671
1532779201.241439,88576,1.5276799201965332
1532779989.467579,89088,1.644960880279541
1532780782.990383,89600,-2.7290232181549072
1532781572.0852487,90112,-1.9416159391403198
1532782362.037406,90624,-3.838223934173584
1532783151.1815321,91136,-1.9366472959518433
1532783941.4377534,91648,3.6820120811462402
1532784736.3136134,92160,1.277284860610962
1532785525.3934479,92672,-4.748038291931152
1532786316.6627183,93184,-0.7414149045944214
1532787107.219788,93696,-1.763185977935791
1532787900.9436138,94208,-0.1169494241476059
1532788692.674608,94720,-4.807207107543945
1532789484.5960836,95232,-3.166457176208496
1532790279.0479658,95744,-0.7107311487197876
1532791072.7128446,96256,3.4814364910125732
1532791864.8630486,96768,1.7393313646316528
1532792657.3825989,97280,3.275792121887207
