wall_time,step,value
1532646222.2197962,128,0.7959342002868652
1532646473.4353065,256,0.4624485373497009
1532646724.8210526,384,0.4442850351333618
1532646976.0650468,512,0.29186517000198364
1532647522.0312128,640,0.2795700430870056
1532647773.3254933,768,0.2623797059059143
1532648024.7536814,896,0.22057783603668213
1532648276.031668,1024,0.22529730200767517
1532648838.6867912,1152,0.18865786492824554
1532649089.9251897,1280,0.17641250789165497
1532649341.1796076,1408,0.15748777985572815
1532649592.3974392,1536,0.17288467288017273
1532650147.6438463,1664,0.1425844430923462
1532650398.938467,1792,0.14572592079639435
1532650650.316955,1920,0.14352238178253174
1532650901.655677,2048,0.15884333848953247
1532651446.7909362,2176,0.16387687623500824
1532651698.1517482,2304,0.13298042118549347
1532651949.561275,2432,0.1363721787929535
1532652200.8167315,2560,0.1293148398399353
1532652731.6610737,2688,0.12089464068412781
1532652983.0842447,2816,0.12080713361501694
1532653234.3887835,2944,0.12397555261850357
1532653485.806527,3072,0.10493046790361404
1532653988.6586025,3200,0.10223492980003357
1532654240.1209965,3328,0.10877759009599686
1532654491.466596,3456,0.10758566856384277
1532654742.8072286,3584,0.11395415663719177
1532655220.9282484,3712,0.10513576865196228
1532655472.154118,3840,0.11209787428379059
1532655723.438974,3968,0.08947871625423431
1532655974.7738607,4096,0.09234454482793808
1532656457.6755261,4224,0.09931114315986633
1532656708.975531,4352,0.09477502852678299
1532656960.314837,4480,0.08527036011219025
1532657211.7242508,4608,0.08995895087718964
1532657692.040853,4736,0.09500515460968018
1532657943.4654624,4864,0.09351995587348938
1532658194.8244593,4992,0.07407160848379135
1532658446.2270262,5120,0.07579124718904495
1532658930.1111906,5248,0.08403424918651581
1532659181.4354115,5376,0.07018659263849258
1532659432.791321,5504,0.07518050074577332
1532659684.177581,5632,0.07033044099807739
1532660175.671727,5760,0.06138084456324577
1532660426.961107,5888,0.0743308812379837
1532660678.2324615,6016,0.07271301746368408
1532660929.5413427,6144,0.07518356293439865
1532661428.9391875,6272,0.07383954524993896
1532661680.3221936,6400,0.06082748994231224
1532661931.5524147,6528,0.06823667138814926
1532662182.9123247,6656,0.07694031298160553
1532662696.6820433,6784,0.0727246105670929
1532662947.9218087,6912,0.08277931809425354
1532663199.1100895,7040,0.056728728115558624
1532663450.374073,7168,0.05256358161568642
1532663969.4189472,7296,0.07302673161029816
1532664220.6782384,7424,0.06231958791613579
1532664471.899693,7552,0.07840096205472946
1532664723.192704,7680,0.06459706276655197
1532665248.4321668,7808,0.058933958411216736
1532665499.7841551,7936,0.04956992343068123
1532665751.123674,8064,0.06384734809398651
1532666002.248005,8192,0.053071148693561554
1532666527.2732072,8320,0.061451900750398636
1532666778.5474136,8448,0.060838621109724045
1532667030.0243897,8576,0.06069120764732361
1532667281.5796328,8704,0.0514419749379158
1532667802.3949475,8832,0.07550870627164841
1532668053.9612737,8960,0.05751504749059677
1532668305.5233707,9088,0.06086499243974686
1532668556.9689043,9216,0.043330252170562744
1532669078.9815292,9344,0.05983542278409004
1532669330.5163236,9472,0.06429129838943481
1532669581.9909232,9600,0.04786435142159462
1532669833.5913959,9728,0.06441602855920792
1532670362.1270833,9856,0.05961383879184723
1532670613.6325848,9984,0.06270375847816467
1532670864.9719415,10112,0.04663899913430214
1532671116.2990847,10240,0.051910631358623505
1532671635.5279584,10368,0.05719154328107834
1532671886.9399831,10496,0.05472828447818756
1532672138.4530492,10624,0.058240436017513275
1532672389.9934108,10752,0.05513554811477661
1532672906.4094357,10880,0.05393087863922119
1532673157.6589496,11008,0.05410008132457733
1532673409.0648553,11136,0.04372004047036171
1532673660.4790936,11264,0.053107693791389465
1532674183.4794924,11392,0.0527135394513607
1532674434.9376018,11520,0.06529651582241058
1532674686.4365711,11648,0.04473020136356354
1532674937.773689,11776,0.05370490252971649
1532675463.7511292,11904,0.048801060765981674
1532675715.217101,12032,0.04885225370526314
1532675966.5727947,12160,0.051573555916547775
1532676218.1112556,12288,0.04737333208322525
1532676733.8439336,12416,0.05958935618400574
1532676985.269025,12544,0.051943447440862656
1532677236.6613646,12672,0.038332756608724594
1532677487.995396,12800,0.04225516319274902
1532678006.1173315,12928,0.047417350113391876
1532678257.6041262,13056,0.046030499041080475
1532678509.1183064,13184,0.05731816589832306
1532678760.66861,13312,0.04097158461809158
1532679277.5606036,13440,0.03929874673485756
1532679529.1952121,13568,0.045148737728595734
1532679780.7699754,13696,0.03560984507203102
1532680032.421058,13824,0.04654000699520111
1532680548.4976478,13952,0.037671271711587906
1532680799.8363,14080,0.031145207583904266
1532681051.198628,14208,0.04264724999666214
1532681302.575821,14336,0.0434231236577034
1532681814.516455,14464,0.04704326391220093
1532682065.7675292,14592,0.04315891116857529
1532682317.2218657,14720,0.04491782188415527
1532682568.6145334,14848,0.04056106507778168
1532683079.6914718,14976,0.045745596289634705
1532683331.0207913,15104,0.03998337686061859
1532683582.4094172,15232,0.034277819097042084
1532683833.6627908,15360,0.03964060917496681
1532684351.2390537,15488,0.04355568811297417
1532684602.4005697,15616,0.04274330288171768
1532684853.5117667,15744,0.0356920100748539
1532685104.8960087,15872,0.04088205099105835
1532685621.5101185,16000,0.04220714420080185
1532685872.8950844,16128,0.03723311796784401
1532686124.3075955,16256,0.040275938808918
1532686375.6291516,16384,0.04938127472996712
1532686900.649644,16512,0.04190324991941452
1532687152.063912,16640,0.03754834458231926
1532687403.6005986,16768,0.039618633687496185
1532687655.097836,16896,0.04124414920806885
1532688179.9829898,17024,0.03694816678762436
1532688431.3761048,17152,0.041242815554142
1532688682.6739595,17280,0.04591478034853935
1532688933.9190943,17408,0.040239367634058
1532689444.1356635,17536,0.03677264228463173
1532689695.373544,17664,0.03353036195039749
1532689946.6691675,17792,0.04851469770073891
1532690198.0695217,17920,0.040563035756349564
1532690718.7323163,18048,0.04930694401264191
1532690970.04915,18176,0.03288169577717781
1532691221.2771566,18304,0.040897294878959656
1532691472.5519497,18432,0.03663139045238495
1532691989.928059,18560,0.05097996070981026
1532692241.1187048,18688,0.03519816696643829
1532692492.401456,18816,0.042905718088150024
1532692743.6430364,18944,0.026130707934498787
1532693262.2278295,19072,0.03679722547531128
1532693513.4916434,19200,0.03376542404294014
1532693764.7682054,19328,0.031244028359651566
1532694016.0151632,19456,0.03528371825814247
1532694540.103019,19584,0.03155943751335144
1532694791.5670574,19712,0.024940606206655502
1532695042.9840312,19840,0.03873281180858612
1532695294.2948103,19968,0.04122718796133995
1532695813.981862,20096,0.040018584579229355
1532696065.3252661,20224,0.037699710577726364
1532696316.6077518,20352,0.04599285498261452
1532696567.8902655,20480,0.029239458963274956
1532697082.5336134,20608,0.036370210349559784
1532697333.8565054,20736,0.03003593534231186
1532697585.0975251,20864,0.033965714275836945
1532697836.3803194,20992,0.03567759320139885
1532698348.3440857,21120,0.038446493446826935
1532698599.8463256,21248,0.03957753628492355
1532698851.172905,21376,0.03306202217936516
1532699102.6355927,21504,0.03047589771449566
1532699619.146526,21632,0.031331662088632584
1532699870.4900427,21760,0.02837849035859108
1532700121.9203353,21888,0.03045308031141758
1532700373.2630913,22016,0.030360642820596695
1532700893.0086842,22144,0.030825085937976837
1532701144.3461432,22272,0.03294721618294716
1532701395.8481958,22400,0.030310142785310745
1532701647.0383747,22528,0.03698870912194252
1532702176.6235535,22656,0.031075308099389076
1532702427.924642,22784,0.039014510810375214
1532702679.2001038,22912,0.03679549694061279
1532702930.528113,23040,0.04063625633716583
1532703455.3512259,23168,0.030260924249887466
1532703706.815204,23296,0.028777215629816055
1532703958.160047,23424,0.030128516256809235
1532704209.5551188,23552,0.04026458412408829
1532704735.062027,23680,0.03354305773973465
1532704986.672842,23808,0.027366723865270615
1532705238.307769,23936,0.030775077641010284
1532705490.0395067,24064,0.02713179402053356
1532706010.2817872,24192,0.03151239454746246
1532706261.6542647,24320,0.03749975189566612
1532706512.9269533,24448,0.026837117969989777
1532706764.2093508,24576,0.028077593073248863
1532707293.0524304,24704,0.0295411366969347
1532707544.4093142,24832,0.030345793813467026
1532707795.7177112,24960,0.027904946357011795
1532708047.0211236,25088,0.023041004315018654
1532708563.5161872,25216,0.04021299630403519
1532708814.7684388,25344,0.03330974653363228
1532709066.1938121,25472,0.02699880674481392
1532709317.6160927,25600,0.028836160898208618
1532709836.5473137,25728,0.02837272733449936
1532710087.9132235,25856,0.03629646822810173
1532710339.3402755,25984,0.03243772312998772
1532710590.6793504,26112,0.03977717459201813
1532711110.3221936,26240,0.025382427498698235
1532711361.6783864,26368,0.027318883687257767
1532711613.0090182,26496,0.03088611736893654
1532711864.356751,26624,0.0317109115421772
1532712392.3214567,26752,0.034648582339286804
1532712643.649897,26880,0.023157108575105667
1532712894.9909108,27008,0.035331841558218
1532713146.2939801,27136,0.03444531559944153
1532713670.3345397,27264,0.02570362575352192
1532713921.7268949,27392,0.023342806845903397
1532714173.0648162,27520,0.0312734916806221
1532714424.4997363,27648,0.02939300239086151
1532714953.0132499,27776,0.024643488228321075
1532715204.4106143,27904,0.031149448826909065
1532715455.7512531,28032,0.021885404363274574
1532715706.9625878,28160,0.020494606345891953
1532716232.7646153,28288,0.028023919090628624
1532716484.1343782,28416,0.029823681339621544
1532716735.591619,28544,0.03203197196125984
1532716986.9315176,28672,0.02774696610867977
1532717516.058973,28800,0.020347662270069122
1532717767.4866033,28928,0.026425162330269814
1532718018.7819178,29056,0.022762153297662735
1532718270.2178428,29184,0.02959236316382885
1532718792.941652,29312,0.032239943742752075
1532719044.6314445,29440,0.02598588541150093
1532719296.344705,29568,0.028592946007847786
1532719548.0950747,29696,0.029263397678732872
1532720071.4719832,29824,0.023341991007328033
1532720322.7849004,29952,0.023802857846021652
1532720574.2217739,30080,0.024969978258013725
1532720825.5562758,30208,0.02255546674132347
1532721354.8350635,30336,0.025616351515054703
1532721606.2363083,30464,0.02404547482728958
1532721857.5648308,30592,0.02484796941280365
1532722108.7962031,30720,0.020024525001645088
1532722635.115504,30848,0.029618199914693832
1532722886.2505817,30976,0.02686830796301365
1532723137.4735434,31104,0.031137516722083092
1532723388.7768478,31232,0.027728205546736717
1532723922.33846,31360,0.028944388031959534
1532724173.675433,31488,0.01950235478579998
1532724424.9644527,31616,0.02700124680995941
1532724676.291141,31744,0.024817215278744698
1532725208.740628,31872,0.031912967562675476
1532725460.1399543,32000,0.019821805879473686
1532725711.4220662,32128,0.023246122524142265
1532725962.7517316,32256,0.03115968033671379
1532890699.7030694,32384,0.024118471890687943
1532890950.9829133,32512,0.02578876167535782
1532891202.1705518,32640,0.025870300829410553
1532891453.4482481,32768,0.025711804628372192
1532891968.9479773,32896,0.027443205937743187
1532892220.1359825,33024,0.021464448422193527
1532892471.2963707,33152,0.02190924808382988
1532892722.5186987,33280,0.02600150741636753
1532893233.3067722,33408,0.02645532414317131
1532893484.4316258,33536,0.02827507257461548
1532893735.597833,33664,0.021146342158317566
1532893986.9217362,33792,0.03325284272432327
1532894503.7492146,33920,0.029222911223769188
1532894754.9637399,34048,0.022770285606384277
1532895006.344342,34176,0.02968806028366089
1532895257.609755,34304,0.02107166312634945
1532895775.2138748,34432,0.028002899140119553
1532896026.5004928,34560,0.020523076876997948
1532896277.9013894,34688,0.021172840148210526
1532896529.1879847,34816,0.025381796061992645
1532897046.3939857,34944,0.02506427839398384
1532897297.6613886,35072,0.024820838123559952
1532897549.1270695,35200,0.022165579721331596
1532897800.6021929,35328,0.026064958423376083
1532898319.1737506,35456,0.022962661460042
1532898570.550971,35584,0.02792222425341606
1532898821.8967752,35712,0.022985195741057396
1532899073.1248493,35840,0.027019919827580452
1532899588.8350918,35968,0.026627400889992714
1532899840.1301544,36096,0.023432649672031403
1532900091.4469633,36224,0.019735297188162804
1532900342.818326,36352,0.026001157239079475
1532900860.8205464,36480,0.021573631092905998
1532901111.980401,36608,0.018607379868626595
1532901363.156781,36736,0.02280920185148716
1532901614.4593873,36864,0.02619227208197117
1532902130.4785786,36992,0.018887894228100777
1532902381.8280363,37120,0.02288886532187462
1532902633.2000153,37248,0.024313054978847504
1532902884.4273686,37376,0.024068718776106834
1532903407.3422077,37504,0.02134949341416359
1532903658.6003485,37632,0.02768895961344242
1532903909.7598836,37760,0.021050849929451942
1532904161.0249352,37888,0.03352099284529686
1532904683.0506861,38016,0.023126572370529175
1532904934.2489462,38144,0.020713020116090775
1532905185.613204,38272,0.024267833679914474
1532905436.7861493,38400,0.025800831615924835
1532905958.323351,38528,0.02351202256977558
1532906209.759064,38656,0.020253948867321014
1532906461.059298,38784,0.03002922050654888
1532906712.4133008,38912,0.0368049219250679
1532907241.4799979,39040,0.022775065153837204
1532907492.7364302,39168,0.023269563913345337
1532907743.9976068,39296,0.019133221358060837
1532907995.3246982,39424,0.02455558069050312
1532908519.82289,39552,0.02378031797707081
1532908771.0234396,39680,0.023524194955825806
1532909022.3209453,39808,0.03386330232024193
1532909273.5598485,39936,0.021320059895515442
1532909799.4796078,40064,0.015576501376926899
1532910050.601891,40192,0.015909209847450256
1532910302.0262623,40320,0.0186952855437994
1532910553.1832902,40448,0.022371802479028702
1532911075.3086958,40576,0.0233342032879591
1532911326.5767744,40704,0.025376897305250168
1532911577.7872064,40832,0.019136687740683556
1532911829.0018666,40960,0.03244548663496971
1532912358.2906556,41088,0.017079254612326622
1532912609.711739,41216,0.022057007998228073
1532912861.0181324,41344,0.0245183277875185
1532913112.3047588,41472,0.02483244612812996
1532913635.7851417,41600,0.023270444944500923
1532913886.9613776,41728,0.02383291907608509
1532914138.0015326,41856,0.02030402421951294
1532914388.9652421,41984,0.028069807216525078
1532914928.7706773,42112,0.027919979766011238
1532915180.1565485,42240,0.021119002252817154
1532915431.5782454,42368,0.023228080943226814
1532915682.9900172,42496,0.022869322448968887
1532916209.7154434,42624,0.020713910460472107
1532916461.1250343,42752,0.02154483087360859
1532916712.3198752,42880,0.016531407833099365
1532916963.7393873,43008,0.016646038740873337
1532917491.8293593,43136,0.0280794445425272
1532917743.2146966,43264,0.01849495619535446
1532917994.6033938,43392,0.02498866617679596
1532918245.939772,43520,0.026537083089351654
1532918774.1717453,43648,0.02174743264913559
1532919025.538353,43776,0.026884382590651512
1532919277.0051544,43904,0.02714182436466217
1532919528.3341818,44032,0.023175179958343506
1532920052.3860843,44160,0.02516099624335766
1532920303.74175,44288,0.0213511660695076
1532920555.1645818,44416,0.019825108349323273
1532920806.624059,44544,0.019142501056194305
1532921335.070156,44672,0.02165926620364189
1532921586.4939663,44800,0.018269209191203117
1532921837.939212,44928,0.023917973041534424
1532922089.3957002,45056,0.022389188408851624
1532922618.5069976,45184,0.022701457142829895
1532922869.9285696,45312,0.017825081944465637
1532923121.3110986,45440,0.020467892289161682
1532923372.6324465,45568,0.025709034875035286
1532923903.3687716,45696,0.019062314182519913
1532924154.5930066,45824,0.020039400085806847
1532924405.8855963,45952,0.02438070997595787
1532924657.1469533,46080,0.02076774463057518
1532925178.854664,46208,0.0232536680996418
1532925430.196952,46336,0.020082809031009674
1532925681.4479272,46464,0.021062294021248817
1532925932.873031,46592,0.022045539692044258
1532926457.884581,46720,0.022415539249777794
1532926709.3105905,46848,0.017442161217331886
1532926960.7428203,46976,0.020201290026307106
1532927212.239379,47104,0.017817961052060127
1532927742.4368858,47232,0.028530612587928772
1532927993.8053079,47360,0.018381301313638687
1532928245.0917218,47488,0.023406896740198135
1532928496.4238987,47616,0.024797704070806503
1532929026.5490606,47744,0.019080275669693947
1532929277.8948848,47872,0.025151560083031654
1532929529.2940483,48000,0.019112734124064445
1532929780.5933688,48128,0.019094374030828476
1532930309.3783476,48256,0.019746946170926094
1532930560.7620924,48384,0.018701665103435516
1532930812.105483,48512,0.019385553896427155
1532931063.5146909,48640,0.01688016951084137
1532931581.4820058,48768,0.01682852953672409
1532931832.8059366,48896,0.023118069395422935
1532932084.1127846,49024,0.016869602724909782
1532932335.5421557,49152,0.02250964567065239
1532932863.2369537,49280,0.02081139199435711
1532933114.532064,49408,0.023766372352838516
1532933365.8667507,49536,0.023123422637581825
1532933617.2115483,49664,0.018323929980397224
1532934142.4607425,49792,0.01883501559495926
1532934393.6886504,49920,0.028838373720645905
1532934644.9878993,50048,0.02695450186729431
1532934896.2334566,50176,0.020958170294761658
1532935421.877527,50304,0.024105876684188843
1532935672.9493086,50432,0.0202174112200737
1532935924.0929365,50560,0.02169535867869854
1532936175.195345,50688,0.020512184128165245
1532936697.7211952,50816,0.027372265234589577
1532936948.9687057,50944,0.017767300829291344
1532937200.3312743,51072,0.02062586322426796
1532937451.646269,51200,0.02233983390033245
1532937981.4476428,51328,0.017825232818722725
1532938232.658862,51456,0.02442556619644165
1532938483.8971326,51584,0.02490909956395626
1532938735.1973453,51712,0.018635917454957962
1532939261.5025003,51840,0.016067102551460266
1532939512.726214,51968,0.021832339465618134
1532939763.8339784,52096,0.01916331984102726
1532940015.1594217,52224,0.01887408457696438
1532940539.9647331,52352,0.0150675717741251
1532940791.2125297,52480,0.02555694803595543
1532941042.559044,52608,0.02173323929309845
1532941293.8781567,52736,0.015984414145350456
1532941816.6812701,52864,0.018768027424812317
1532942067.8977284,52992,0.020306997001171112
1532942319.2650194,53120,0.023541785776615143
1532942570.523288,53248,0.017081301659345627
1532943099.3089697,53376,0.015163674019277096
1532943350.5938046,53504,0.018453819677233696
1532943602.0719268,53632,0.021531902253627777
1532943853.5666761,53760,0.025812894105911255
1532944380.5682619,53888,0.022571345791220665
1532944631.7885442,54016,0.0227615125477314
1532944883.0972936,54144,0.023756636306643486
1532945134.3236296,54272,0.02077854610979557
1532945659.1984818,54400,0.023732591420412064
1532945910.5837145,54528,0.019221993163228035
1532946161.8837633,54656,0.023043151944875717
1532946413.0540025,54784,0.015586182475090027
1532946945.7861264,54912,0.02530052326619625
1532947197.2177396,55040,0.021659299731254578
1532947448.5391607,55168,0.017307328060269356
1532947699.782568,55296,0.019985277205705643
1532948224.3186746,55424,0.018375631421804428
1532948475.7568002,55552,0.02037343941628933
1532948727.1028333,55680,0.02371632307767868
1532948978.451421,55808,0.025535210967063904
1532949503.88034,55936,0.016252921894192696
1532949755.1696463,56064,0.01862224005162716
1532950006.4895766,56192,0.019666025415062904
1532950257.9230003,56320,0.017972279340028763
1532950790.5103042,56448,0.023335793986916542
1532951041.9490857,56576,0.02346516214311123
1532951293.2549891,56704,0.018010929226875305
1532951544.638117,56832,0.015245274640619755
1532952073.3641558,56960,0.022227365523576736
1532952324.6476102,57088,0.014481057412922382
1532952575.9314888,57216,0.01638336107134819
1532952827.1609209,57344,0.017176242545247078
1532953354.929363,57472,0.022238921374082565
1532953606.2937431,57600,0.011684589087963104
1532953857.6878107,57728,0.011820957064628601
1532954109.0235116,57856,0.022544028237462044
1532954638.2437994,57984,0.017072059214115143
1532954889.6329157,58112,0.018953239545226097
1532955140.9838035,58240,0.01640406996011734
1532955392.3314128,58368,0.02306240424513817
1532955920.316229,58496,0.016299324110150337
1532956171.539025,58624,0.018552208319306374
1532956422.9817727,58752,0.0190096665173769
1532956674.410726,58880,0.015968699008226395
1532957202.5344756,59008,0.01626124046742916
1532957453.8336504,59136,0.017033861950039864
1532957705.198217,59264,0.021778684109449387
1532957956.6329396,59392,0.017559470608830452
1532958483.3652549,59520,0.02317988872528076
1532958734.5987978,59648,0.017466340214014053
1532958985.818952,59776,0.015820786356925964
1532959236.9739,59904,0.01922125183045864
1532959767.9853942,60032,0.025677988305687904
1532960019.4262974,60160,0.01804814487695694
1532960270.7279656,60288,0.03186316788196564
1532960522.125436,60416,0.01926087588071823
1532961052.6750185,60544,0.017726367339491844
1532961304.118212,60672,0.020151779055595398
1532961555.3447323,60800,0.011524124071002007
1532961806.6749573,60928,0.013477234169840813
1532962333.3571472,61056,0.017801452428102493
1532962584.651941,61184,0.021642809733748436
1532962836.0522785,61312,0.019621046259999275
1532963087.266301,61440,0.01864427886903286
1532963616.6268651,61568,0.019648004323244095
1532963868.1020348,61696,0.020080441609025
1532964119.3293264,61824,0.012361017055809498
1532964370.812606,61952,0.016771219670772552
1532964895.9335456,62080,0.015431556850671768
1532965146.988277,62208,0.01707117259502411
1532965398.2837675,62336,0.01598026603460312
1532965649.5050561,62464,0.01563251204788685
1532966181.5958977,62592,0.01668682135641575
1532966432.9734879,62720,0.01927102729678154
1532966684.2529378,62848,0.016553066670894623
1532966935.569809,62976,0.015578336082398891
1532967466.3306587,63104,0.01862195134162903
1532967717.599362,63232,0.01708395592868328
1532967969.0423126,63360,0.014215045608580112
1532968220.3907125,63488,0.018067287281155586
1532968749.7587113,63616,0.02521073818206787
1532969001.1461163,63744,0.021284589543938637
1532969252.5108428,63872,0.01637127436697483
1532969503.908809,64000,0.015619928017258644
1532970032.613978,64128,0.02321959286928177
1532970284.0546293,64256,0.015590805560350418
1532970535.5896518,64384,0.02570243924856186
1532970786.9272687,64512,0.014476107433438301
1532971307.8747876,64640,0.015328919515013695
1532971559.4559436,64768,0.01682872138917446
1532971810.8879151,64896,0.016395466402173042
1532972062.301302,65024,0.01660434529185295
1533035682.3611257,65152,0.01749436743557453
1533035933.552977,65280,0.012485593557357788
1533036184.8310723,65408,0.01438530720770359
1533036436.127424,65536,0.025757836177945137
1533036959.8486352,65664,0.015121780335903168
1533037211.23945,65792,0.015570148825645447
1533037462.5492003,65920,0.019369857385754585
1533037713.8704057,66048,0.0233943909406662
1533038242.8032465,66176,0.01741986721754074
1533038494.0731618,66304,0.01580573245882988
1533038745.5115948,66432,0.015280098654329777
1533038997.0052922,66560,0.017536018043756485
1533039524.6521537,66688,0.017219865694642067
1533039775.9771504,66816,0.01644989103078842
1533040027.1688907,66944,0.017140567302703857
1533040278.4957774,67072,0.019041268154978752
1533040810.5344803,67200,0.016070911660790443
1533041061.7552462,67328,0.018680378794670105
1533041313.0127263,67456,0.01827717013657093
1533041564.2719705,67584,0.019190002232789993
1533042096.0951803,67712,0.018661901354789734
1533042347.2985277,67840,0.0188742745667696
1533042598.4614146,67968,0.018459700047969818
1533042849.6975133,68096,0.019158441573381424
1533043375.2205713,68224,0.014287690632045269
1533043626.4197688,68352,0.02145206183195114
1533043877.6499815,68480,0.01917414367198944
1533044128.976684,68608,0.012625519186258316
1533044660.847157,68736,0.016936171799898148
1533044912.264208,68864,0.020217960700392723
1533045163.6966183,68992,0.013185132294893265
1533045415.1311476,69120,0.02040475606918335
1533045950.7070477,69248,0.016093406826257706
1533046202.1125615,69376,0.02015327848494053
1533046453.4959183,69504,0.0171127300709486
1533046704.913817,69632,0.016742367297410965
1533047230.8576317,69760,0.01789058744907379
1533047482.1970515,69888,0.019583985209465027
1533047733.5074518,70016,0.026189135387539864
1533047984.8439736,70144,0.015264686197042465
1533048510.6497295,70272,0.014494847506284714
1533048762.1283062,70400,0.017806194722652435
1533049013.454383,70528,0.01763700693845749
1533049264.9036765,70656,0.013967957347631454
1533049792.7035654,70784,0.0160977803170681
1533050043.9804552,70912,0.014183958992362022
1533050295.2785544,71040,0.013985026627779007
1533050546.6672995,71168,0.018667884171009064
1533051078.5228014,71296,0.02002524584531784
1533051329.7857428,71424,0.020448816940188408
1533051581.1379778,71552,0.01987854205071926
1533051832.4753623,71680,0.0200674869120121
1533052364.1232917,71808,0.015130724757909775
1533052615.4472988,71936,0.015477619133889675
1533052866.68245,72064,0.015218853950500488
1533053118.1443975,72192,0.019176840782165527
1533053648.4353404,72320,0.022480584681034088
1533053899.7782438,72448,0.020825885236263275
1533054151.0989456,72576,0.02276345156133175
1533054402.379522,72704,0.02010377123951912
1533054933.1456661,72832,0.014056488871574402
1533055184.46612,72960,0.03285204619169235
1533055435.7229445,73088,0.012523905374109745
1533055686.9846861,73216,0.019785650074481964
1533056214.3993127,73344,0.02526124007999897
1533056465.3573213,73472,0.016909871250391006
1533056716.36258,73600,0.0176381953060627
1533056967.56524,73728,0.012703534215688705
1533057495.2203104,73856,0.017658915370702744
1533057746.6113575,73984,0.01627955585718155
1533057998.1501067,74112,0.011980008333921432
1533058249.5895822,74240,0.015080854296684265
1533058779.6703014,74368,0.017094595357775688
1533059030.9943917,74496,0.015408306382596493
1533059282.3859415,74624,0.015279524028301239
1533059533.725011,74752,0.01612391322851181
1533060066.7760224,74880,0.016337987035512924
1533060318.1356273,75008,0.0187492985278368
1533060569.5283656,75136,0.017405323684215546
1533060820.9609199,75264,0.014413746073842049
1533061355.1493366,75392,0.01804138347506523
1533061606.556628,75520,0.012268281541764736
1533061857.9798944,75648,0.01620769128203392
1533062109.4230084,75776,0.019198399037122726
1533062634.3084426,75904,0.022123074159026146
1533062885.7756999,76032,0.019953526556491852
1533063137.1076827,76160,0.015628239139914513
1533063388.2697816,76288,0.01886264979839325
1533063927.5471392,76416,0.01618052087724209
1533064178.8293345,76544,0.01964546926319599
1533064430.2475858,76672,0.01342086773365736
1533064681.5880976,76800,0.017706751823425293
1533065214.4579644,76928,0.020554115995764732
1533065465.9548862,77056,0.014748888090252876
1533065717.479762,77184,0.013267727568745613
1533065968.8928754,77312,0.02017035149037838
1533066493.2640216,77440,0.01735485903918743
1533066744.6975589,77568,0.0158744677901268
1533066996.1145098,77696,0.016603561118245125
1533067247.4512956,77824,0.011736183427274227
1533067775.0432732,77952,0.014618250541388988
1533068026.1186547,78080,0.013339270837605
1533068277.305492,78208,0.018984828144311905
1533068528.4861023,78336,0.018628494814038277
1533069048.4779508,78464,0.016185546293854713
1533069299.727338,78592,0.014968502335250378
1533069551.0593855,78720,0.013344193808734417
1533069802.3763707,78848,0.018398676067590714
1533070333.3027704,78976,0.016332119703292847
1533070584.6816604,79104,0.017050810158252716
1533070836.061393,79232,0.014796316623687744
1533071087.4189298,79360,0.01378725841641426
1533071620.70808,79488,0.018564337864518166
1533071872.1612792,79616,0.015601474791765213
1533072123.496136,79744,0.01996130309998989
1533072374.850412,79872,0.012297422625124454
1533072903.7746947,80000,0.017024436965584755
1533073155.0956595,80128,0.011723191477358341
1533073406.489991,80256,0.015441708266735077
1533073658.0536432,80384,0.01483725756406784
1533074185.8154151,80512,0.011865724809467793
1533074436.928078,80640,0.015149305574595928
1533074688.0750077,80768,0.011877111159265041
1533074939.3266516,80896,0.011642573401331902
1533075466.0854437,81024,0.018888169899582863
1533075717.3575878,81152,0.015707150101661682
1533075968.6256862,81280,0.019853882491588593
1533076219.978598,81408,0.01490710861980915
1533076752.3857849,81536,0.017313798889517784
1533077003.6577997,81664,0.010457813739776611
1533077255.0660322,81792,0.012662840075790882
1533077506.518717,81920,0.01758129522204399
1533078045.9462056,82048,0.01622415892779827
1533078297.357767,82176,0.014621195383369923
1533078548.632911,82304,0.023745255544781685
1533078799.9267704,82432,0.017258580774068832
1533079328.464807,82560,0.014367884024977684
1533079579.8213747,82688,0.012678736820816994
1533079831.3770607,82816,0.01841406337916851
1533080082.8545282,82944,0.017027273774147034
1533080603.1396868,83072,0.018438737839460373
1533080854.289727,83200,0.01536175049841404
1533081105.4538915,83328,0.01420826930552721
1533081356.6605127,83456,0.018626106902956963
1533081886.8997917,83584,0.01506539061665535
1533082138.034836,83712,0.011176351457834244
1533082389.106615,83840,0.01720624789595604
1533082640.243044,83968,0.019631966948509216
1533083165.264521,84096,0.013406001962721348
1533083416.5923436,84224,0.014437525533139706
1533083667.889419,84352,0.01692492701113224
1533083919.2087026,84480,0.01345040649175644
1533084450.6808705,84608,0.01390914712101221
1533084701.9768822,84736,0.014416060410439968
1533084953.2349582,84864,0.014649583026766777
1533085204.4653637,84992,0.014256106689572334
1533085729.8375425,85120,0.01708265207707882
1533085980.985735,85248,0.016199590638279915
1533086232.399677,85376,0.01634753681719303
1533086483.8073783,85504,0.014766882173717022
1533087009.2528093,85632,0.014885727316141129
1533087260.4893074,85760,0.02089798077940941
1533087511.897369,85888,0.018098708242177963
1533087763.2249694,86016,0.011613092385232449
1533088297.7043142,86144,0.01723201386630535
1533088549.0445733,86272,0.015910468995571136
1533088800.4085357,86400,0.015815861523151398
1533089051.6128497,86528,0.013526811264455318
1533089573.7552822,86656,0.016948023810982704
1533089825.0873682,86784,0.013586760498583317
1533090076.5447767,86912,0.018884776160120964
1533090327.892792,87040,0.018662916496396065
1533090854.6164057,87168,0.01848703622817993
1533091106.09556,87296,0.014436633326113224
1533091357.413146,87424,0.019269676879048347
1533091608.7600503,87552,0.022271497175097466
1533092143.9567904,87680,0.016009019687771797
1533092395.2211382,87808,0.01572519913315773
1533092646.4444222,87936,0.011084641329944134
1533092897.624192,88064,0.012236245907843113
1533093430.9456782,88192,0.019438160583376884
1533093682.5057032,88320,0.014372110366821289
1533093933.9161656,88448,0.01466653123497963
1533094185.3120477,88576,0.025666892528533936
1533094723.6808717,88704,0.010704253800213337
1533094975.1330745,88832,0.014326615259051323
1533095226.4758356,88960,0.010875292122364044
1533095477.7545588,89088,0.023766877129673958
1533096009.5118463,89216,0.01623602770268917
1533096260.7441394,89344,0.021607154980301857
1533096512.196579,89472,0.016193093731999397
1533096763.7024875,89600,0.015675978735089302
1533097286.563978,89728,0.023282157257199287
1533097537.9677904,89856,0.015604835934937
1533097789.3614023,89984,0.01704060472548008
1533098040.6841488,90112,0.016158225014805794
1533098569.2651227,90240,0.012721158564090729
1533098820.8211339,90368,0.012504536658525467
1533099072.3553774,90496,0.017459649592638016
1533099323.9404395,90624,0.01693345420062542
1533099859.9781706,90752,0.012656752951443195
1533100111.2415452,90880,0.024191226810216904
1533100362.813306,91008,0.01484488882124424
1533100614.300989,91136,0.021764252334833145
1533101152.3372185,91264,0.013973948545753956
1533101403.639141,91392,0.014280087314546108
1533101654.943739,91520,0.014000395312905312
1533101906.2797575,91648,0.01881490834057331
1533102432.253849,91776,0.010136719793081284
1533102683.5902183,91904,0.015863614156842232
1533102934.8223937,92032,0.019081152975559235
1533103186.246287,92160,0.012126895599067211
1533103718.2307715,92288,0.020174618810415268
1533103969.7092943,92416,0.02073362097144127
1533104221.042549,92544,0.014946498908102512
1533104472.433256,92672,0.015607486478984356
1533105004.673362,92800,0.016645431518554688
1533105256.1092124,92928,0.011246847920119762
1533105507.457847,93056,0.01434969250112772
1533105758.7464373,93184,0.015191886574029922
1533106295.5844688,93312,0.015011236071586609
1533106546.7634015,93440,0.015667807310819626
1533106798.0049772,93568,0.013739487156271935
1533107049.1341164,93696,0.018373072147369385
1533107575.3075478,93824,0.015947848558425903
1533107826.6518168,93952,0.01613583229482174
1533108077.9605424,94080,0.011486345902085304
1533108329.4454367,94208,0.012128917500376701
1533108858.848018,94336,0.014070621691644192
1533109110.259489,94464,0.018380699679255486
1533109361.6342185,94592,0.009337930008769035
1533109612.9872346,94720,0.017671290785074234
1533110142.1924963,94848,0.013521632179617882
1533110393.6049242,94976,0.01198713481426239
1533110644.9962132,95104,0.012179798446595669
1533110896.4462917,95232,0.019002478569746017
1533111421.5898397,95360,0.0156840980052948
1533111672.7298632,95488,0.013842746615409851
1533111924.0430145,95616,0.013985044322907925
1533112175.5775151,95744,0.016323531046509743
1533112703.68791,95872,0.016964618116617203
1533112955.0326023,96000,0.012816820293664932
1533113206.4250557,96128,0.016381019726395607
1533113457.77815,96256,0.014233407564461231
1533113993.1368,96384,0.010019471868872643
1533114244.4634976,96512,0.014400950632989407
1533114495.7829876,96640,0.01376347616314888
1533114747.256616,96768,0.01681460626423359
1533115272.209704,96896,0.012642638757824898
1533115523.5655718,97024,0.013247212395071983
1533115774.757551,97152,0.01136975921690464
1533116026.160561,97280,0.01265530101954937
1533116553.9957163,97408,0.011836523190140724
1533116805.2942338,97536,0.012923830188810825
1533117056.827724,97664,0.01020042970776558
