wall_time,step,value
1532280328.740503,512,0.043709542602300644
1532281135.3856788,1024,0.051814209669828415
1532281939.4091632,1536,0.05635096877813339
1532282738.146014,2048,0.08614682406187057
1532283531.2099802,2560,0.11585499346256256
1532284323.3483148,3072,0.08359917998313904
1532285112.8148036,3584,0.11123820394277573
1532285897.0825706,4096,0.07906235754489899
1532286680.0659056,4608,0.114112488925457
1532287462.809194,5120,0.07379642874002457
1532288247.3364322,5632,0.149466872215271
1532289032.874679,6144,0.14052437245845795
1532289821.8202205,6656,0.10584022849798203
1532290606.456716,7168,0.11511088907718658
1532291391.369626,7680,0.12957382202148438
1532292179.3235471,8192,0.11983691900968552
1532292966.0006616,8704,0.13289041817188263
1532293754.3791656,9216,0.10002671182155609
1532294547.9785352,9728,0.14085526764392853
1532295339.4682128,10240,0.11713176965713501
1532296128.5677192,10752,0.10747308284044266
1532296915.2206419,11264,0.12012273073196411
1532297700.986065,11776,0.12168489396572113
1532298488.9306397,12288,0.1422249972820282
1532299276.5372906,12800,0.14225687086582184
1532300063.0169268,13312,0.12854383885860443
1532300847.450516,13824,0.13026587665081024
1532301632.5578055,14336,0.10881242901086807
1532302418.443552,14848,0.12972502410411835
1532303204.4211464,15360,0.16564394533634186
1532454738.9686668,16384,0.13543571531772614
1532455523.9536624,16896,0.14135189354419708
1532456311.0430665,17408,0.14633722603321075
1532457096.6194866,17920,0.06085410341620445
1532457881.0639248,18432,0.13124822080135345
1532458669.1121838,18944,0.09905540198087692
1532459451.71654,19456,0.19291676580905914
1532460240.7243216,19968,0.15811342000961304
1532461027.7820241,20480,0.1435084193944931
1532461813.649555,20992,0.152714803814888
1532462600.184157,21504,0.10813513398170471
1532463384.4874754,22016,0.19092261791229248
1532464168.5173845,22528,0.1389402598142624
1532464954.6140847,23040,0.0935601070523262
1532525986.229992,24064,0.09901657700538635
1532526771.5508091,24576,0.1080385074019432
1532527557.5507565,25088,0.14859363436698914
1532528342.1613204,25600,0.11265061795711517
1532529127.6654406,26112,0.11937818676233292
1532529913.0456216,26624,0.11464700847864151
1532530695.9588265,27136,0.1047092154622078
1532531480.4951525,27648,0.09047486633062363
1532532265.066222,28160,0.1615370362997055
1532533052.52346,28672,0.1955530196428299
1532533837.0595055,29184,0.13492894172668457
1532534619.5277069,29696,0.06259606033563614
1532535403.6984117,30208,0.06909900903701782
1532536187.79525,30720,0.15459716320037842
1532536972.8104486,31232,0.13296233117580414
1532537757.2706888,31744,0.11124072968959808
1532538542.1343265,32256,0.06583131104707718
1532539327.4220164,32768,0.1501401960849762
1532540107.3179357,33280,0.1477935016155243
1532540893.1569948,33792,0.10611914843320847
1532541680.711588,34304,0.09664123505353928
1532542464.8370936,34816,0.10602620244026184
1532543246.5681381,35328,0.16085200011730194
1532544031.7810256,35840,0.09249641746282578
1532544815.589709,36352,0.11780574917793274
1532545600.476775,36864,0.15869596600532532
1532546384.411997,37376,0.13796700537204742
1532547168.516285,37888,0.1564403772354126
1532547952.7947955,38400,0.13279300928115845
1532548739.4010625,38912,0.13079272210597992
1532549522.5735688,39424,0.13040104508399963
1532550308.035855,39936,0.15134213864803314
1532551095.1610606,40448,0.09407041221857071
1532551882.6458914,40960,0.08454925566911697
1532552671.5016932,41472,0.10823627561330795
1532553457.0654833,41984,0.13370686769485474
1532554242.0310218,42496,0.09326591342687607
1532555026.005512,43008,0.10515500605106354
1532555813.4671493,43520,0.11888108402490616
1532556602.1846097,44032,0.12611253559589386
1532557388.9871986,44544,0.10797256976366043
1532558176.7120125,45056,0.116095632314682
1532558965.4960337,45568,0.12096183747053146
1532559752.5316925,46080,0.10325850546360016
1532560541.4464304,46592,0.12266134470701218
1532561332.0877652,47104,0.13313134014606476
1532562123.8380942,47616,0.16046328842639923
1532562915.0286474,48128,0.14915962517261505
1532563705.3476996,48640,0.11966630816459656
1532564498.307606,49152,0.09296377003192902
1532565291.5084817,49664,0.10810614377260208
1532566079.7890007,50176,0.11151383817195892
1532566872.1348925,50688,0.12064630538225174
1532567661.5044794,51200,0.1235719621181488
1532568451.550313,51712,0.10417330265045166
1532569241.3308792,52224,0.0863121822476387
1532570033.0745962,52736,0.11784834414720535
1532570826.1778343,53248,0.1134386882185936
1532571619.6464875,53760,0.06970018148422241
1532572412.2771115,54272,0.09391860663890839
1532573206.8994892,54784,0.1239175871014595
1532574000.310471,55296,0.21544522047042847
1532574794.2349808,55808,0.1433054357767105
1532575583.1143298,56320,0.1468871533870697
1532576373.1998494,56832,0.13258126378059387
1532577168.4936337,57344,0.10061942785978317
1532577962.9287524,57856,0.06373950839042664
1532578755.811206,58368,0.12702594697475433
1532579550.1730235,58880,0.13026310503482819
1532729096.1764846,59392,0.1631636917591095
1532729885.6556258,59904,0.15560613572597504
1532730677.4709651,60416,0.15657725930213928
1532731469.9321654,60928,0.13550548255443573
1532732258.817722,61440,0.1234196126461029
1532733049.4421904,61952,0.07685192674398422
1532733843.9981833,62464,0.20137344300746918
1532734635.2005994,62976,0.17518161237239838
1532735425.4683204,63488,0.10346256196498871
1532736218.6034641,64000,0.06672070175409317
1532737010.1489024,64512,0.10211142152547836
1532737801.245379,65024,0.08800406754016876
1532738593.4779732,65536,0.1169457957148552
1532739388.1032047,66048,0.1222117617726326
1532740179.7024028,66560,0.10003791749477386
1532740967.1279948,67072,0.10501231253147125
1532741760.073356,67584,0.12878035008907318
1532742548.854315,68096,0.14533157646656036
1532743339.2732694,68608,0.14574304223060608
1532744129.5772886,69120,0.1317828744649887
1532744920.2566023,69632,0.11727927625179291
1532745709.6295047,70144,0.14896148443222046
1532746500.3089585,70656,0.1873358190059662
1532747288.4549103,71168,0.0993005633354187
1532748081.9417768,71680,0.10893461853265762
1532748871.6912763,72192,0.10115060210227966
1532749662.3028815,72704,0.1165512353181839
1532750458.4164011,73216,0.11489396542310715
1532751247.5269365,73728,0.07627272605895996
1532752038.8003664,74240,0.14421764016151428
1532752831.664342,74752,0.12320312857627869
1532753622.267597,75264,0.10950476676225662
1532754412.9087439,75776,0.10751135647296906
1532755205.8560529,76288,0.17250697314739227
1532755997.4199874,76800,0.13065144419670105
1532756788.4636261,77312,0.11944937705993652
1532757582.5736206,77824,0.1069527417421341
1532758374.21642,78336,0.11009334027767181
1532759167.4787855,78848,0.1484665870666504
1532759961.9864664,79360,0.11515235155820847
1532760751.983578,79872,0.14528124034404755
1532761543.3471797,80384,0.08897363394498825
1532762337.4814453,80896,0.08757808804512024
1532763131.5082223,81408,0.10791660100221634
1532763928.1492183,81920,0.11299366503953934
1532764720.218045,82432,0.11320485919713974
1532765516.5758948,82944,0.11116724461317062
1532766309.7400942,83456,0.08779076486825943
1532767101.9877007,83968,0.13575448095798492
1532767896.411254,84480,0.18277549743652344
1532774454.9771636,85504,0.1481822282075882
1532775246.3780193,86016,0.11418698728084564
1532776036.890229,86528,0.20770885050296783
1532776827.0028145,87040,0.08957783877849579
1532777616.2269392,87552,0.13774898648262024
1532778407.1600697,88064,0.07954061776399612
1532779201.241439,88576,0.11312005668878555
1532779989.467579,89088,0.08987627923488617
1532780782.990383,89600,0.09977772831916809
1532781572.0852487,90112,0.10513214021921158
1532782362.037406,90624,0.08949314057826996
1532783151.1815321,91136,0.18930216133594513
1532783941.4377534,91648,0.0939592570066452
1532784736.3136134,92160,0.12944991886615753
1532785525.3934479,92672,0.15261992812156677
1532786316.6627183,93184,0.09296570718288422
1532787107.219788,93696,0.08840780705213547
1532787900.9436138,94208,0.12035154551267624
1532788692.674608,94720,0.15027537941932678
1532789484.5960836,95232,0.08171427249908447
1532790279.0479658,95744,0.0976715236902237
1532791072.7128446,96256,0.07675634324550629
1532791864.8630486,96768,0.12101717293262482
1532792657.3825989,97280,0.13363409042358398
