wall_time,step,value
1531610764.8654077,512,0.40749743580818176
1531611739.7733765,1024,0.35103800892829895
1531671176.4327574,2048,0.2760263681411743
1531672132.631645,2560,0.25419583916664124
1531673080.2407358,3072,0.2433140128850937
1531674013.5040226,3584,0.23309992253780365
1531674948.7817793,4096,0.22418469190597534
1531675878.8909276,4608,0.2096376121044159
1531676818.4276567,5120,0.20304813981056213
1531677756.3685105,5632,0.19833187758922577
1531678700.5826008,6144,0.18381576240062714
1531679643.8757184,6656,0.18223410844802856
1531680588.9789326,7168,0.17895901203155518
1531681534.7723894,7680,0.17633040249347687
1531682481.1491604,8192,0.16814970970153809
1531683431.643553,8704,0.16359685361385345
1531684376.9923017,9216,0.15534475445747375
1531685324.2766705,9728,0.15599705278873444
1531686275.3736124,10240,0.15599718689918518
1531687222.0312407,10752,0.14785654842853546
1531688165.6722205,11264,0.1478232890367508
1531689109.8011067,11776,0.14676442742347717
1531690055.4894998,12288,0.13865405321121216
1531691000.116253,12800,0.13699288666248322
1531691945.5239816,13312,0.13672758638858795
1531692892.8767087,13824,0.13229221105575562
1531693841.0964673,14336,0.12569169700145721
1531694784.1547668,14848,0.12804573774337769
1531695726.6248565,15360,0.12670472264289856
1531696670.5837193,15872,0.12271121889352798
1531702104.2336535,16896,0.11540525406599045
1531703042.815654,17408,0.11633501946926117
1531703985.2655697,17920,0.11516114324331284
1531704927.892312,18432,0.11255867034196854
1531705867.6705558,18944,0.1149873360991478
1531706813.1405742,19456,0.11116012930870056
1531707755.308649,19968,0.11023345589637756
1531708697.9956846,20480,0.10606477409601212
1531709641.6236482,20992,0.10787524282932281
1531710583.0056427,21504,0.10392609983682632
1531711527.8855217,22016,0.10729442536830902
1531712470.5623221,22528,0.10631506890058517
1531713411.681882,23040,0.10097059607505798
1531714357.7204888,23552,0.09853596985340118
1531715301.6130998,24064,0.09920863062143326
1531716243.656979,24576,0.1005634143948555
1531717186.5753632,25088,0.09670379012823105
1531718127.6380663,25600,0.09776231646537781
1531719072.5079224,26112,0.09700341522693634
1531720011.567528,26624,0.10202261805534363
1531720957.8607361,27136,0.09315957129001617
1531721902.2589402,27648,0.09498254209756851
1531722840.9020514,28160,0.0943625345826149
1531723784.0123332,28672,0.0911981388926506
1531724728.3589053,29184,0.08989468216896057
1531725671.8474076,29696,0.09289522469043732
1531726618.4587018,30208,0.0908023864030838
1531727563.2110558,30720,0.08907617628574371
1531728503.6888156,31232,0.08858633041381836
1531729451.6487868,31744,0.09285100549459457
1531730393.674234,32256,0.09029519557952881
1531738178.6635492,33280,0.08711452782154083
1531739122.427342,33792,0.08807487040758133
1531740070.1241732,34304,0.0869145616889
1531741016.4028213,34816,0.08717554062604904
1531741957.406793,35328,0.08671298623085022
1531742901.903209,35840,0.08495541661977768
1531743845.393397,36352,0.08069960027933121
1531744785.7588804,36864,0.0838988721370697
1531745727.232926,37376,0.0822819247841835
1531746672.4651299,37888,0.07903051376342773
1531747617.7907948,38400,0.08184018731117249
1531764241.2467046,39424,0.07893963158130646
1531765180.1117766,39936,0.0827936977148056
1531766128.5902357,40448,0.07642345130443573
1531767077.7056859,40960,0.07526644319295883
1531768020.4667454,41472,0.07821881771087646
1531768964.4511008,41984,0.07646854966878891
1531769909.0835934,42496,0.07566209137439728
1531770854.704697,43008,0.07552718371152878
1531773354.649678,44032,0.07337798923254013
1531774292.4892318,44544,0.07554378360509872
1531775234.4115446,45056,0.07378436625003815
1531776177.7018912,45568,0.0745173916220665
1531777113.433077,46080,0.07511694729328156
1531778057.1297429,46592,0.0746954157948494
1531779005.0804763,47104,0.07379619032144547
1531779946.5426679,47616,0.07495735585689545
1531780887.6867511,48128,0.07230372726917267
1531781829.940153,48640,0.07246270775794983
1531782771.3679547,49152,0.07282011955976486
1531783713.2508745,49664,0.07491783797740936
1531784659.0656033,50176,0.06945028901100159
1531785600.3793156,50688,0.07052282989025116
1531786545.3558266,51200,0.07174172252416611
1531787487.9056187,51712,0.06834255903959274
1531788430.2214139,52224,0.07142473012208939
1531789380.6910036,52736,0.06886611133813858
1531790322.8536398,53248,0.06983698904514313
1531791267.2163122,53760,0.07058136910200119
1531792211.5751026,54272,0.06913424283266068
1531793159.6859634,54784,0.07091476768255234
1531794106.8896809,55296,0.0686982199549675
1531795051.0639198,55808,0.06770232319831848
1531795993.7337937,56320,0.06844896078109741
1531796939.6990604,56832,0.06745198369026184
1531797887.3583066,57344,0.06873723864555359
1531798830.931151,57856,0.06843768805265427
1531799772.205008,58368,0.06897696107625961
1531800714.2436748,58880,0.0673765167593956
1531801660.070294,59392,0.06579452753067017
1531802605.3083436,59904,0.06646722555160522
1531803552.4083529,60416,0.06435378640890121
1531804498.2135122,60928,0.0650305300951004
1531805446.2405725,61440,0.06508900970220566
1531806392.8915017,61952,0.06629953533411026
1531807336.9772754,62464,0.06466834992170334
1531808284.717898,62976,0.06531528383493423
1531809230.5768554,63488,0.06635633111000061
1531810181.5913558,64000,0.06582733988761902
1531811127.4553094,64512,0.06617176532745361
1531812077.7629535,65024,0.06667003035545349
1531813028.1630502,65536,0.06341136246919632
1531813979.6690075,66048,0.0655350387096405
1531814931.637893,66560,0.06578275561332703
1531815881.488351,67072,0.06251262128353119
1531816834.4975686,67584,0.06448053568601608
1531817786.24096,68096,0.06289093941450119
1531818740.4807367,68608,0.06508152186870575
1531819693.5049357,69120,0.06300541013479233
1531820645.0153198,69632,0.0606718547642231
1531821596.1212018,70144,0.061298586428165436
1531822551.838152,70656,0.06373417377471924
1531823503.5842993,71168,0.06297235935926437
1531824454.4332516,71680,0.061522696167230606
1531825409.3375852,72192,0.061440665274858475
1531826361.7568774,72704,0.06154792383313179
1531827313.8029387,73216,0.06121808663010597
1531828269.004389,73728,0.06344664841890335
1531829222.8448048,74240,0.06348619610071182
1531830176.1676161,74752,0.061788421124219894
1531831128.5182643,75264,0.06236472353339195
1531832081.3225987,75776,0.05953982472419739
1531833031.7131271,76288,0.06288371235132217
1531833981.2904391,76800,0.06166024133563042
1531834932.4503443,77312,0.059742819517850876
1531835887.3525817,77824,0.05928533896803856
1531916658.6518357,78336,0.06069772690534592
1531917613.4785225,78848,0.05999473109841347
1531918559.910375,79360,0.06231286749243736
1531919510.464168,79872,0.05847196280956268
1531920460.7945418,80384,0.05923307314515114
1531921409.5714202,80896,0.06040533632040024
1531922361.2172801,81408,0.056554242968559265
1531923313.3837695,81920,0.059418998658657074
1531924267.9731886,82432,0.056395772844552994
1531925218.6117249,82944,0.060026075690984726
1531926165.31679,83456,0.06101355701684952
1531927114.423532,83968,0.05854884162545204
1531928069.8827043,84480,0.059361524879932404
1531929021.1196811,84992,0.05535547435283661
1531929971.2009768,85504,0.05735595524311066
1531930925.420812,86016,0.059700045734643936
1531931876.5492773,86528,0.056648604571819305
1531932826.8010638,87040,0.0583643838763237
1531933778.1362965,87552,0.05721239745616913
1531934729.698032,88064,0.057500362396240234
1531935682.0542176,88576,0.05665890499949455
1531936632.2763016,89088,0.05771586298942566
1531937581.7781556,89600,0.05850691720843315
1531938536.3039656,90112,0.055261675268411636
1531939487.2245317,90624,0.05543145909905434
1531940438.9219215,91136,0.056624896824359894
1531941389.04794,91648,0.055741678923368454
1531942339.9069037,92160,0.05757828429341316
1531943290.724241,92672,0.05888505280017853
1531944244.6936975,93184,0.05673923343420029
1531945193.536791,93696,0.058992113918066025
1531946145.8532057,94208,0.054104361683130264
1531947097.9012637,94720,0.055242981761693954
1531948049.208462,95232,0.05558885633945465
1531949001.6083486,95744,0.056941889226436615
1531949954.9167185,96256,0.054797377437353134
1531950913.3335118,96768,0.05476852133870125
1531951867.162907,97280,0.056981559842824936
