wall_time,step,value
1531010007.7380207,512,13.827327728271484
1531010589.1308618,1024,9.885869026184082
1531011161.7817378,1536,-1.507034420967102
1531011731.9294431,2048,-7.548964500427246
1531012308.1822565,2560,-5.27304744720459
1531012877.9986663,3072,-6.249434471130371
1531013448.1083686,3584,-4.131098747253418
1531014016.198112,4096,-7.078433990478516
1531014583.0995188,4608,-6.478102207183838
1531015149.9085405,5120,-0.3909147381782532
1531015718.415713,5632,0.36823421716690063
1531016289.6494434,6144,2.04011869430542
1531016860.4055827,6656,-0.7701129913330078
1531017434.0118737,7168,0.5731474161148071
1531018006.2553647,7680,2.391587734222412
1531018577.161898,8192,-1.9816462993621826
1531019151.0632308,8704,0.001706041395664215
1531019722.8137624,9216,-2.9193077087402344
1531020297.2463698,9728,1.4901485443115234
1531020868.4894593,10240,-0.2786531448364258
1531021443.136181,10752,2.039327621459961
1531022015.3998652,11264,3.873873233795166
1531022588.7566466,11776,1.886631727218628
1531023162.046969,12288,0.40141811966896057
1531023735.7170215,12800,1.8788018226623535
1531024307.5804863,13312,2.233393430709839
1531024881.072827,13824,1.1364099979400635
1531025455.1642513,14336,1.9787648916244507
1531026028.0162597,14848,1.1725276708602905
1531026602.2476947,15360,3.099750518798828
1531027175.5828989,15872,-1.8707993030548096
1531027750.004218,16384,3.006227970123291
1531028323.028434,16896,-1.214752435684204
1531028895.9208267,17408,3.419740676879883
1531029469.0218456,17920,3.376683235168457
1531030043.0953805,18432,1.637617826461792
1531030615.8809834,18944,4.146227836608887
1531031189.2825696,19456,2.193824291229248
1531031762.4969945,19968,0.40030694007873535
1531032335.201076,20480,0.2710713744163513
1531032908.5563293,20992,3.291433334350586
1531033480.8592963,21504,-0.974018931388855
1531034054.7922347,22016,-0.049255870282649994
1531034627.0062761,22528,0.8516970276832581
1531035198.9052234,23040,-0.5961319208145142
1531035771.3570123,23552,1.676602840423584
1531036343.6353333,24064,-0.0017505623400211334
1531036918.7562056,24576,1.1375161409378052
1531037493.1891904,25088,1.5869083404541016
1531038067.2828488,25600,2.9980573654174805
1531038640.252898,26112,1.0398530960083008
1531039216.2515132,26624,6.278487205505371
1531039791.5265448,27136,-2.781452178955078
1531040365.9386895,27648,-1.2198996543884277
1531040942.0039108,28160,2.315239906311035
1531041516.9598346,28672,2.4784975051879883
1531042090.247689,29184,4.666108131408691
1531042665.0424383,29696,-2.795562267303467
1531043237.6215997,30208,0.5416019558906555
1531043811.361565,30720,1.6426209211349487
1531044383.82004,31232,3.4482035636901855
1531044955.9373672,31744,0.0179852657020092
1531045531.0217977,32256,0.5550346374511719
1531046106.3668826,32768,3.3391292095184326
1531046680.1319132,33280,1.936657190322876
1531047253.2199612,33792,-2.471437931060791
1531047825.33185,34304,3.903862953186035
1531048398.312806,34816,1.169374942779541
1531048972.7214766,35328,3.2552261352539062
1531049546.0634048,35840,3.503000259399414
1531050120.5885239,36352,3.7550034523010254
1531181973.072494,37376,3.0296478271484375
1531182544.4840353,37888,-1.5914554595947266
1531183115.2341666,38400,5.047219753265381
1531183685.9040518,38912,-2.1554791927337646
1531184257.4863207,39424,-2.251279592514038
1531184827.9986749,39936,2.8576271533966064
1531185398.361753,40448,3.5889639854431152
1531185968.5944364,40960,3.715562582015991
1531186540.7057722,41472,2.1837878227233887
1531187113.3010828,41984,-0.6121675372123718
1531187686.1084673,42496,-1.2450017929077148
1531188257.7664468,43008,0.4033447206020355
1531188830.0037384,43520,1.69991135597229
1531189401.9400508,44032,4.551799297332764
1531189974.3603647,44544,3.820343255996704
1531190545.4111989,45056,3.1044256687164307
1531191116.9322562,45568,-0.6789842247962952
1531191689.1438904,46080,4.258448123931885
1531192261.2892313,46592,0.04411855340003967
1531192834.6430569,47104,0.9466182589530945
1531193406.338571,47616,2.008596420288086
1531193979.390227,48128,1.2398779392242432
1531194552.9366193,48640,-2.149840831756592
1531195125.6324732,49152,1.96973717212677
1531195697.662445,49664,1.7390122413635254
1531196268.5691059,50176,-4.1636810302734375
1531196840.4631722,50688,4.348076820373535
1531197412.022473,51200,-2.773690700531006
1531197985.2102742,51712,0.9113006591796875
1531198558.6702826,52224,2.3033950328826904
1531199132.5871236,52736,1.1295559406280518
1531199707.0124133,53248,1.1697320938110352
1531200279.3574524,53760,1.6737444400787354
1531200852.9375753,54272,0.9596299529075623
1531201426.6039472,54784,-0.3898950219154358
1531202000.8397348,55296,3.472224712371826
1531202575.743163,55808,-1.764408826828003
1531203149.077689,56320,5.342260837554932
1531203720.907088,56832,5.43253231048584
1531204295.4791546,57344,-0.22706696391105652
1531204870.4421217,57856,1.6995489597320557
1531205443.3928983,58368,2.9638631343841553
1531206017.7255576,58880,-1.5875906944274902
1531206590.8458953,59392,3.9443445205688477
1531207165.6479516,59904,2.890251874923706
1531207740.496046,60416,3.5495123863220215
1531208315.381212,60928,3.869673013687134
1531208890.9050622,61440,2.267486572265625
1531209466.2031467,61952,-0.7417038679122925
1531210042.2324023,62464,2.6774773597717285
1531210619.221205,62976,-2.184204578399658
1531211195.3769417,63488,-2.1734414100646973
1531211772.737439,64000,2.013143539428711
1531212350.5268412,64512,2.2328391075134277
1531212927.984665,65024,-0.6725831031799316
1531213503.5170467,65536,0.38606342673301697
1531214082.2865298,66048,-1.979048490524292
1531214659.7072635,66560,3.5675876140594482
1531215236.4064465,67072,1.5246881246566772
1531215814.934134,67584,1.4649262428283691
1531216392.3074818,68096,-0.3073715269565582
1531216969.6348953,68608,0.8545883297920227
1531217549.5194623,69120,-3.171149492263794
1531218126.7587156,69632,-2.9503793716430664
1531218705.247821,70144,-1.9274320602416992
1531219282.6077406,70656,4.645992279052734
1531219859.7527754,71168,1.256427526473999
1531220437.583774,71680,0.03639310598373413
1531221014.7277992,72192,5.424740791320801
1531221591.634797,72704,-1.7064483165740967
1531222169.2959352,73216,1.7103896141052246
1531242364.8648348,74240,2.5199873447418213
1531242937.8235333,74752,-0.1348080337047577
1531252535.9330325,75776,5.185859680175781
1531253108.662199,76288,-1.3769915103912354
1531253683.4369671,76800,2.322176694869995
1531254255.86737,77312,-0.955834686756134
1531254831.45111,77824,0.267769992351532
1531255404.9150605,78336,6.336835861206055
1531255977.0273736,78848,2.4581780433654785
1531256551.324057,79360,3.0963973999023438
1531257125.332949,79872,1.9916081428527832
1531257699.596799,80384,-1.2841521501541138
1531258272.7061405,80896,0.33407068252563477
1531258846.1564035,81408,3.3004629611968994
1531259420.1615856,81920,5.615458965301514
1531259995.2696226,82432,5.276464939117432
1531260569.6137226,82944,-0.3326130211353302
1531261142.9707394,83456,5.019427299499512
1531261719.9071953,83968,4.493575096130371
1531262295.9812667,84480,2.7788288593292236
1531262870.8050487,84992,0.3026413321495056
1531263444.473083,85504,0.6648606061935425
1531264020.3839364,86016,0.6107892394065857
1531264596.3853896,86528,4.696780681610107
1531265170.916936,87040,-3.2501609325408936
1531265744.3313832,87552,2.818443775177002
1531266319.2112112,88064,-0.7954196929931641
1531266895.1728451,88576,-1.7960988283157349
1531267469.9317017,89088,3.886357069015503
1531268044.1324484,89600,-0.6661145687103271
1531268620.1305094,90112,0.872126579284668
1531269198.3885047,90624,-0.23053249716758728
1531269775.508948,91136,-1.4835841655731201
1531270353.0890481,91648,-0.3409595191478729
1531270931.4479969,92160,3.9947681427001953
1531271508.9205306,92672,0.17953915894031525
1531272084.732329,93184,-2.819545269012451
1531272662.947092,93696,4.520807266235352
1531273237.6182733,94208,-2.1680264472961426
1531273812.4534483,94720,4.926161289215088
1531274387.7036197,95232,3.9871811866760254
1531274963.6212544,95744,4.311769008636475
1531275539.0646126,96256,4.038997650146484
1531276115.6397462,96768,-0.6013347506523132
1531276690.6016552,97280,-0.9869619011878967
