wall_time,step,value
1531009531.9614568,128,0.999763548374176
1531009651.3117208,256,0.9997603893280029
1531009770.801505,384,0.9997600317001343
1531009890.282873,512,0.9997618198394775
1531010124.0588496,640,0.9997617602348328
1531010243.4318247,768,0.9997650384902954
1531010362.8227804,896,0.9997666478157043
1531010482.1812718,1024,0.999769389629364
1531010705.5397046,1152,0.9997695684432983
1531010824.8024566,1280,0.999770998954773
1531010944.1167006,1408,0.9997697472572327
1531011063.4926145,1536,0.9997679591178894
1531011278.5695908,1664,0.9997662901878357
1531011398.209876,1792,0.99976646900177
1531011517.7065797,1920,0.9997663497924805
1531011637.116637,2048,0.9997667074203491
1531011848.9262164,2176,0.9997672438621521
1531011968.4532769,2304,0.9997670650482178
1531012088.0079603,2432,0.9997669458389282
1531012207.57817,2560,0.9997668266296387
1531012424.9919183,2688,0.9997682571411133
1531012544.4507937,2816,0.9997665286064148
1531012664.024015,2944,0.9997663497924805
1531012783.526445,3072,0.99976646900177
1531012994.7066429,3200,0.9997665882110596
1531013114.1349797,3328,0.9997664093971252
1531013233.6915345,3456,0.9997665286064148
1531013353.1176794,3584,0.9997667670249939
1531013564.757802,3712,0.9997668862342834
1531013684.0705886,3840,0.9997674226760864
1531013803.5905595,3968,0.999767005443573
1531013923.0797634,4096,0.9997676014900208
1531014133.050284,4224,0.9997667670249939
1531014252.4768486,4352,0.9997664093971252
1531014371.9178965,4480,0.9997662901878357
1531014491.4586897,4608,0.9997660517692566
1531014699.8534987,4736,0.9997661709785461
1531014819.3574893,4864,0.999765932559967
1531014938.9394143,4992,0.9997669458389282
1531015058.4664195,5120,0.9997668266296387
1531015266.7903795,5248,0.9997681975364685
1531015386.329067,5376,0.999767541885376
1531015505.6468282,5504,0.9997677206993103
1531015625.241068,5632,0.9997682571411133
1531015835.3196948,5760,0.9997683763504028
1531015954.7978241,5888,0.9997677803039551
1531016074.0414863,6016,0.9997674226760864
1531016193.512952,6144,0.9997687935829163
1531016406.5422618,6272,0.9997689723968506
1531016526.0540166,6400,0.9997683763504028
1531016645.5062568,6528,0.999769389629364
1531016765.0452323,6656,0.9997692108154297
1531016977.313945,6784,0.999769389629364
1531017096.7312922,6912,0.9997696280479431
1531017216.2559555,7040,0.9997696876525879
1531017335.7894244,7168,0.9997709393501282
1531017550.5858276,7296,0.9997697472572327
1531017669.893745,7424,0.9997698068618774
1531017789.2384543,7552,0.9997709393501282
1531017908.6453192,7680,0.9997716546058655
1531018122.949061,7808,0.9997701644897461
1531018242.388335,7936,0.9997717142105103
1531018361.7449553,8064,0.9997715353965759
1531018481.236285,8192,0.9997714757919312
1531018693.7625067,8320,0.999772310256958
1531018813.0804834,8448,0.999772310256958
1531018932.4573982,8576,0.9997736215591431
1531019051.6475139,8704,0.9997732043266296
1531019267.700546,8832,0.9997730851173401
1531019387.141926,8960,0.9997738599777222
1531019506.6100008,9088,0.9997743368148804
1531019626.0383682,9216,0.9997733235359192
1531019839.4427874,9344,0.9997745156288147
1531019958.83946,9472,0.9997742176055908
1531020078.2358954,9600,0.9997742772102356
1531020197.618227,9728,0.9997749924659729
1531020413.876669,9856,0.9997739791870117
1531020533.3961742,9984,0.9997750520706177
1531020652.7381918,10112,0.9997744560241699
1531020772.2511783,10240,0.9997754096984863
1531020985.413909,10368,0.9997755885124207
1531021104.8417149,10496,0.9997754693031311
1531021224.418686,10624,0.9997746348381042
1531021343.8946102,10752,0.99977707862854
1531021559.7833974,10880,0.9997757077217102
1531021679.2438757,11008,0.999776303768158
1531021798.6970873,11136,0.999776303768158
1531021918.2049842,11264,0.9997777938842773
1531022132.058467,11392,0.9997774362564087
1531022251.5994713,11520,0.9997762441635132
1531022371.2461476,11648,0.9997760057449341
1531022490.7262642,11776,0.9997766613960266
1531022705.6289165,11904,0.9997761249542236
1531022825.171933,12032,0.9997760057449341
1531022944.6087704,12160,0.9997745752334595
1531023063.8973699,12288,0.9997754096984863
1531023278.8691492,12416,0.9997760653495789
1531023398.534536,12544,0.9997760057449341
1531023518.1562865,12672,0.9997767210006714
1531023637.8268154,12800,0.9997764825820923
1531023852.3608687,12928,0.9997764825820923
1531023971.8204367,13056,0.999775230884552
1531024091.3948088,13184,0.9997757077217102
1531024210.95217,13312,0.9997759461402893
1531024424.2900178,13440,0.9997754693031311
1531024543.6619713,13568,0.9997747540473938
1531024663.1563458,13696,0.9997752904891968
1531024782.627441,13824,0.9997755885124207
1531024997.6419928,13952,0.9997764825820923
1531025117.1440065,14080,0.9997760653495789
1531025236.648775,14208,0.9997756481170654
1531025356.0527318,14336,0.9997768998146057
1531025571.9227273,14464,0.9997776746749878
1531025691.2828987,14592,0.999776303768158
1531025810.8985734,14720,0.9997753500938416
1531025930.5234585,14848,0.9997761845588684
1531026144.773661,14976,0.9997751712799072
1531026264.2488182,15104,0.9997749328613281
1531026383.814134,15232,0.9997750520706177
1531026503.3924375,15360,0.9997767210006714
1531026719.012362,15488,0.9997777938842773
1531026838.4888592,15616,0.9997774362564087
1531026957.8655398,15744,0.9997775554656982
1531027076.9049027,15872,0.9997758865356445
1531027292.2276826,16000,0.9997777342796326
1531027411.7544787,16128,0.9997769594192505
1531027531.17709,16256,0.9997764825820923
1531027650.5752118,16384,0.9997767210006714
1531027866.6606758,16512,0.999778151512146
1531027986.1859972,16640,0.9997795224189758
1531028105.7959747,16768,0.9997779726982117
1531028225.2102573,16896,0.9997778534889221
1531028439.7841392,17024,0.9997773766517639
1531028559.239314,17152,0.9997785091400146
1531028678.7052608,17280,0.9997785687446594
1531028798.2317657,17408,0.9997807741165161
1531029012.6192887,17536,0.9997798204421997
1531029132.1798513,17664,0.9997813105583191
1531029251.5159385,17792,0.999779999256134
1531029370.985487,17920,0.9997802972793579
1531029585.7102666,18048,0.9997806549072266
1531029705.2399018,18176,0.9997816681861877
1531029824.711825,18304,0.9997807741165161
1531029944.3313987,18432,0.9997800588607788
1531030159.6470816,18560,0.9997798800468445
1531030279.0997334,18688,0.9997788071632385
1531030398.5307477,18816,0.9997806549072266
1531030517.6865292,18944,0.9997789859771729
1531030732.5335543,19072,0.999780535697937
1531030852.013541,19200,0.9997790455818176
1531030971.4395394,19328,0.9997791647911072
1531031090.8716846,19456,0.9997797608375549
1531031305.9711971,19584,0.9997794032096863
1531031425.4029078,19712,0.9997807741165161
1531031544.8191912,19840,0.999779999256134
1531031664.4036953,19968,0.9997807145118713
1531031879.0220098,20096,0.9997811317443848
1531031998.434227,20224,0.9997795820236206
1531032117.7438545,20352,0.999779224395752
1531032237.2139826,20480,0.9997793436050415
1531032451.9830172,20608,0.9997811913490295
1531032571.4703832,20736,0.9997816681861877
1531032691.1448221,20864,0.9997822046279907
1531032810.9086485,20992,0.9997831583023071
1531033025.1835887,21120,0.999782145023346
1531033144.6955798,21248,0.9997820854187012
1531033264.1012473,21376,0.9997828006744385
1531033383.5679371,21504,0.9997820854187012
1531033597.8371737,21632,0.9997820854187012
1531033717.3096569,21760,0.9997813105583191
1531033836.8447495,21888,0.9997816681861877
1531033956.435689,22016,0.9997814297676086
1531034171.3240643,22144,0.9997820258140564
1531034290.6849728,22272,0.9997840523719788
1531034410.130548,22400,0.9997852444648743
1531034529.188631,22528,0.999783992767334
1531034743.6154025,22656,0.9997848272323608
1531034863.088591,22784,0.9997844099998474
1531034982.5775561,22912,0.9997850060462952
1531035102.235641,23040,0.9997815489768982
1531035315.7731674,23168,0.9997830390930176
1531035435.3003643,23296,0.9997840523719788
1531035554.7178345,23424,0.9997817873954773
1531035674.2407353,23552,0.9997816681861877
1531035887.985336,23680,0.9997810125350952
1531036007.4287167,23808,0.9997822642326355
1531036126.8482895,23936,0.99978107213974
1531036246.1993868,24064,0.9997801780700684
1531036460.3499591,24192,0.9997816681861877
1531036579.6939998,24320,0.999782383441925
1531036699.1062086,24448,0.9997826218605042
1531036818.4493372,24576,0.9997823238372803
1531037035.3352075,24704,0.9997813701629639
1531037154.7013757,24832,0.9997828006744385
1531037274.13758,24960,0.9997832179069519
1531037393.8332014,25088,0.9997811317443848
1531037610.041807,25216,0.9997814297676086
1531037729.7403343,25344,0.9997826218605042
1531037849.360291,25472,0.9997829794883728
1531037968.9953601,25600,0.999783992767334
1531038184.1388507,25728,0.9997825622558594
1531038303.5826216,25856,0.9997822046279907
1531038423.0604541,25984,0.9997819662094116
1531038542.4826834,26112,0.999782919883728
1531038756.9098203,26240,0.9997842907905579
1531038876.458158,26368,0.9997836351394653
1531038996.0810251,26496,0.9997836351394653
1531039115.6273048,26624,0.9997839331626892
1531039332.9637682,26752,0.9997833967208862
1531039452.4544108,26880,0.9997849464416504
1531039572.1593797,27008,0.9997855424880981
1531039691.8803816,27136,0.9997841715812683
1531039908.1876023,27264,0.9997861385345459
1531040027.8268085,27392,0.9997861385345459
1531040147.3465805,27520,0.9997857213020325
1531040266.717639,27648,0.9997860789299011
1531040482.6932998,27776,0.9997864961624146
1531040602.2908568,27904,0.9997861981391907
1531040721.9830792,28032,0.9997869729995728
1531040841.5219557,28160,0.9997867941856384
1531041058.5794532,28288,0.9997876286506653
1531041178.2185962,28416,0.9997888803482056
1531041297.7306142,28544,0.9997882843017578
1531041417.4615147,28672,0.9997883439064026
1531041633.5235672,28800,0.999788224697113
1531041753.0716386,28928,0.9997875690460205
1531041872.6883316,29056,0.999788224697113
1531041992.2632859,29184,0.9997889995574951
1531042206.944718,29312,0.9997866153717041
1531042326.426478,29440,0.9997883439064026
1531042445.999133,29568,0.9997877478599548
1531042565.6557894,29696,0.9997864961624146
1531042781.7421694,29824,0.9997881054878235
1531042901.3128831,29952,0.999786913394928
1531043020.8142085,30080,0.9997885227203369
1531043140.354786,30208,0.9997884631156921
1531043354.3597367,30336,0.9997884631156921
1531043473.8867455,30464,0.9997884631156921
1531043593.5231671,30592,0.9997884035110474
1531043712.740744,30720,0.9997892379760742
1531043928.054531,30848,0.9997895359992981
1531044047.5935464,30976,0.9997898936271667
1531044167.1354518,31104,0.9997878670692444
1531044286.7619736,31232,0.999788224697113
1531044500.216433,31360,0.9997881054878235
1531044619.5597773,31488,0.9997876882553101
1531044738.95511,31616,0.9997881054878235
1531044857.8981106,31744,0.9997887015342712
1531045072.5228891,31872,0.9997881650924683
1531045191.9440444,32000,0.9997888207435608
1531045311.4318054,32128,0.9997905492782593
1531045430.9203506,32256,0.9997887015342712
1531045647.5137193,32384,0.9997896552085876
1531045766.9626918,32512,0.9997888803482056
1531045886.2275112,32640,0.9997889995574951
1531046005.64655,32768,0.999790370464325
1531046222.898396,32896,0.9997907876968384
1531046342.357579,33024,0.999789834022522
1531046461.5733545,33152,0.9997915029525757
1531046580.6551974,33280,0.9997891187667847
1531046796.6090252,33408,0.9997909069061279
1531046916.165097,33536,0.9997917413711548
1531047035.678657,33664,0.9997892379760742
1531047155.4145644,33792,0.9997884631156921
1531047369.6908321,33920,0.9997910261154175
1531047489.0383224,34048,0.9997910261154175
1531047608.3785245,34176,0.9997915625572205
1531047727.8959742,34304,0.9997897148132324
1531047941.9435532,34432,0.9997912645339966
1531048061.381816,34560,0.999790608882904
1531048180.763383,34688,0.9997909665107727
1531048300.1671507,34816,0.9997920989990234
1531048514.7610729,34944,0.9997897744178772
1531048634.310446,35072,0.9997923374176025
1531048753.815717,35200,0.9997923970222473
1531048873.2332323,35328,0.9997936487197876
1531049089.1968503,35456,0.9997923970222473
1531049208.7782176,35584,0.9997928738594055
1531049328.43223,35712,0.9997940063476562
1531049447.7146564,35840,0.9997944235801697
1531049662.5574267,35968,0.9997919797897339
1531049781.8640206,36096,0.9997939467430115
1531049901.0668514,36224,0.9997920393943787
1531050020.4176302,36352,0.9997942447662354
1531050237.1347487,36480,0.9997929334640503
1531050356.695288,36608,0.9997918605804443
1531050476.3526793,36736,0.9997922778129578
1531181516.5376937,36992,0.9997936487197876
1531181636.1334097,37120,0.9997925758361816
1531181755.648057,37248,0.9997913241386414
1531181875.3967972,37376,0.9997924566268921
1531182089.8782082,37504,0.999789834022522
1531182209.4138544,37632,0.999792754650116
1531182328.9595811,37760,0.9997909069061279
1531182448.5722985,37888,0.9997935891151428
1531182661.380269,38016,0.9997915625572205
1531182780.8582847,38144,0.9997915625572205
1531182900.2651284,38272,0.9997925162315369
1531183019.4677844,38400,0.9997938871383667
1531183232.179304,38528,0.9997931122779846
1531183351.881901,38656,0.9997922778129578
1531183471.4344726,38784,0.9997935891151428
1531183591.014354,38912,0.9997904896736145
1531183802.8320692,39040,0.9997953772544861
1531183922.5644832,39168,0.9997941255569458
1531184042.2532883,39296,0.9997943639755249
1531184161.760593,39424,0.9997965097427368
1531184374.3739164,39552,0.999796986579895
1531184493.277388,39680,0.9997928738594055
1531184612.7572062,39808,0.9997957944869995
1531184732.1905031,39936,0.9997959733009338
1531184944.775018,40064,0.9997948408126831
1531185064.1452985,40192,0.9997974634170532
1531185183.4642713,40320,0.9997990131378174
1531185302.9572432,40448,0.9997938871383667
1531185514.963209,40576,0.9997963905334473
1531185634.2807705,40704,0.9997949004173279
1531185753.5598872,40832,0.9997951984405518
1531185872.8381658,40960,0.9997944235801697
1531186085.3061898,41088,0.9997922778129578
1531186204.6738973,41216,0.9997907280921936
1531186324.0239017,41344,0.999790608882904
1531186443.5542653,41472,0.9997926354408264
1531186657.6252658,41600,0.9997921586036682
1531186777.2032485,41728,0.9997921586036682
1531186896.7067358,41856,0.9997920989990234
1531187016.210622,41984,0.9997932314872742
1531187229.9667969,42112,0.9997910857200623
1531187349.498848,42240,0.9997953772544861
1531187469.038389,42368,0.9997971653938293
1531187588.601436,42496,0.9997952580451965
1531187802.9230695,42624,0.9997963309288025
1531187922.2950313,42752,0.999796450138092
1531188041.7116678,42880,0.9997967481613159
1531188161.2534554,43008,0.9997974038124084
1531188374.5475607,43136,0.9997984170913696
1531188494.0073888,43264,0.9997960925102234
1531188613.4329138,43392,0.9997979402542114
1531188732.9195485,43520,0.9997978210449219
1531188946.6012187,43648,0.9997984766960144
1531189066.1175287,43776,0.9997989535331726
1531189185.5279503,43904,0.9997983574867249
1531189304.9321365,44032,0.9997996687889099
1531189518.6385245,44160,0.9997976422309875
1531189638.212023,44288,0.9997993111610413
1531189757.662265,44416,0.9997973442077637
1531189877.2603054,44544,0.9997999668121338
1531190091.0625346,44672,0.999802827835083
1531190210.531336,44800,0.999804675579071
1531190329.924711,44928,0.999800980091095
1531190449.3131237,45056,0.9998034834861755
1531190661.9927247,45184,0.9998033046722412
1531190781.4287004,45312,0.9998013973236084
1531190900.810441,45440,0.9998012185096741
1531191020.427648,45568,0.9998016953468323
1531191233.7411065,45696,0.9998028874397278
1531191353.1377234,45824,0.9998022317886353
1531191472.5742507,45952,0.9998006820678711
1531191592.0785105,46080,0.9998043179512024
1531191805.7562783,46208,0.9998042583465576
1531191925.194098,46336,0.9997994899749756
1531192044.778431,46464,0.9998053908348083
1531192164.1075087,46592,0.9998037219047546
1531192377.7295897,46720,0.9998038411140442
1531192497.2598505,46848,0.9998058676719666
1531192616.760269,46976,0.9997997879981995
1531192736.3038938,47104,0.9998064041137695
1531192951.3423767,47232,0.9998054504394531
1531193070.7515194,47360,0.9998058080673218
1531193190.2987409,47488,0.9998059868812561
1531193309.7866926,47616,0.9998061656951904
1531193522.895375,47744,0.9998056888580322
1531193642.3706927,47872,0.9998029470443726
1531193761.8602493,48000,0.9998035430908203
1531193881.0930078,48128,0.9998067617416382
1531194096.1742754,48256,0.9998034834861755
1531194215.675904,48384,0.9998037219047546
1531194335.3022454,48512,0.999803900718689
1531194454.9943607,48640,0.9998043179512024
1531194669.4417617,48768,0.9998079538345337
1531194788.9949303,48896,0.9998052716255188
1531194908.4953644,49024,0.9998077750205994
1531195028.2075493,49152,0.999807596206665
1531195242.2255619,49280,0.9998080134391785
1531195361.8493834,49408,0.9998077750205994
1531195481.1382895,49536,0.9998065233230591
1531195600.4871278,49664,0.9998079538345337
1531195814.2148962,49792,0.9998062252998352
1531195933.7760038,49920,0.9998075366020203
1531196053.2284844,50048,0.9998064041137695
1531196172.7655547,50176,0.9998060464859009
1531196385.3222272,50304,0.9998087882995605
1531196504.8437653,50432,0.999809205532074
1531196624.1943505,50560,0.9998079538345337
1531196743.6064577,50688,0.9998132586479187
1531196957.226702,50816,0.9998120069503784
1531197076.6942549,50944,0.9998090267181396
1531197196.043571,51072,0.9998111724853516
1531197315.120991,51200,0.9998081922531128
1531197528.7454503,51328,0.9998090863227844
1531197648.2725098,51456,0.9998089075088501
1531197767.6769524,51584,0.9998096227645874
1531197887.414328,51712,0.9998134970664978
1531198101.8691883,51840,0.9998084902763367
1531198221.2512994,51968,0.9998095631599426
1531198340.8547988,52096,0.999811053276062
1531198460.332496,52224,0.9998127818107605
1531198675.3443265,52352,0.9998109340667725
1531198794.9635773,52480,0.9998103380203247
1531198914.4953122,52608,0.9998105764389038
1531199034.023578,52736,0.9998103976249695
1531199249.2922122,52864,0.9998128414154053
1531199368.7406416,52992,0.999811053276062
1531199488.267515,53120,0.9998093247413635
1531199607.8842638,53248,0.999812126159668
1531199823.5134406,53376,0.9998146295547485
1531199942.913634,53504,0.999809741973877
1531200062.4187217,53632,0.9998080134391785
1531200181.9382598,53760,0.9998120069503784
1531200396.0013337,53888,0.9998117089271545
1531200515.5852842,54016,0.9998114109039307
1531200635.063573,54144,0.9998133778572083
1531200754.501399,54272,0.9998101592063904
1531200969.7210937,54400,0.9998108148574829
1531201089.223191,54528,0.9998139142990112
1531201208.7322695,54656,0.9998120069503784
1531201328.3351438,54784,0.999810516834259
1531201543.4732091,54912,0.9998099207878113
1531201663.174714,55040,0.9998117089271545
1531201782.951332,55168,0.9998120069503784
1531201902.4093406,55296,0.9998126029968262
1531202117.4024148,55424,0.9998147487640381
1531202236.9294121,55552,0.9998160600662231
1531202356.4238625,55680,0.9998164176940918
1531202476.1241038,55808,0.9998125433921814
1531202692.389086,55936,0.9998140931129456
1531202811.8407297,56064,0.9998140931129456
1531202931.1908205,56192,0.9998146891593933
1531203050.6120772,56320,0.9998156428337097
1531203265.4877615,56448,0.9998210668563843
1531203384.9042711,56576,0.9998182654380798
1531203504.314627,56704,0.9998190999031067
1531203623.704062,56832,0.9998129606246948
1531203837.5422995,56960,0.9998170733451843
1531203956.929695,57088,0.9998207092285156
1531204076.3889585,57216,0.9998167753219604
1531204195.96394,57344,0.9998161792755127
1531204411.9196858,57472,0.9998181462287903
1531204531.2827055,57600,0.999816358089447
1531204650.6372962,57728,0.9998166561126709
1531204769.7571988,57856,0.9998153448104858
1531204986.707962,57984,0.9998155236244202
1531205105.965335,58112,0.99981689453125
1531205225.2661266,58240,0.9998148083686829
1531205344.5134966,58368,0.9998167753219604
1531205560.0616727,58496,0.9998171925544739
1531205679.6043139,58624,0.999816358089447
1531205799.1799126,58752,0.9998173713684082
1531205918.654764,58880,0.999814510345459
1531206134.1859334,59008,0.9998182654380798
1531206253.6044059,59136,0.9998182058334351
1531206372.957709,59264,0.9998176097869873
1531206492.334846,59392,0.9998164772987366
1531206707.5878918,59520,0.9998198747634888
1531206827.0590272,59648,0.9998198747634888
1531206946.6023383,59776,0.9998176097869873
1531207066.2510045,59904,0.9998215436935425
1531207282.1215534,60032,0.9998228549957275
1531207401.6056387,60160,0.999817430973053
1531207521.1651871,60288,0.9998207092285156
1531207640.7233148,60416,0.9998206496238708
1531207857.34384,60544,0.9998201727867126
1531207976.8313527,60672,0.9998217821121216
1531208096.3135793,60800,0.9998250603675842
1531208215.7966661,60928,0.9998242855072021
1531208431.8225834,61056,0.9998276233673096
1531208551.4036388,61184,0.9998286366462708
1531208670.818241,61312,0.9998235106468201
1531208790.4444637,61440,0.9998227953910828
1531209007.408071,61568,0.9998252987861633
1531209126.990281,61696,0.999825656414032
1531209246.319576,61824,0.9998239278793335
1531209365.7427216,61952,0.9998223781585693
1531209582.6677475,62080,0.9998252391815186
1531209701.9242682,62208,0.9998260736465454
1531209821.3386297,62336,0.9998239874839783
1531209940.883095,62464,0.9998221397399902
1531210158.8407867,62592,0.9998237490653992
1531210278.3604665,62720,0.9998248815536499
1531210397.934177,62848,0.9998228549957275
1531210517.42047,62976,0.9998248219490051
1531210735.83343,63104,0.9998258352279663
1531210855.338385,63232,0.9998289346694946
1531210974.8265252,63360,0.9998263120651245
1531211094.2658637,63488,0.9998230934143066
1531211311.9319994,63616,0.9998229146003723
1531211431.5112612,63744,0.9998209476470947
1531211550.9757109,63872,0.9998230934143066
1531211670.416463,64000,0.999824583530426
1531211889.3047533,64128,0.999824047088623
1531212009.0560694,64256,0.9998250603675842
1531212128.5997164,64384,0.9998257756233215
1531212248.1336858,64512,0.9998224973678589
1531212467.1614306,64640,0.9998286962509155
1531212586.7223928,64768,0.9998257756233215
1531212706.5790148,64896,0.9998309016227722
1531212826.0198615,65024,0.999828577041626
1531213044.485305,65152,0.9998289942741394
1531213164.0438616,65280,0.999830424785614
1531213283.5572045,65408,0.999828577041626
1531213403.0847952,65536,0.999832272529602
1531213620.025956,65664,0.9998322129249573
1531213739.6722724,65792,0.9998286962509155
1531213859.1277313,65920,0.9998304843902588
1531213978.7019684,66048,0.9998299479484558
1531214198.7073238,66176,0.9998309016227722
1531214318.1581855,66304,0.9998360276222229
1531214437.6032245,66432,0.9998293519020081
1531214557.0337827,66560,0.9998310804367065
1531214776.2675226,66688,0.9998318552970886
1531214895.586104,66816,0.9998297095298767
1531215015.074869,66944,0.9998284578323364
1531215134.5255547,67072,0.9998295903205872
1531215352.9442387,67200,0.9998278617858887
1531215472.5806763,67328,0.9998304843902588
1531215592.031341,67456,0.9998317360877991
1531215711.6278756,67584,0.999830961227417
1531215931.405683,67712,0.9998335838317871
1531216050.8880708,67840,0.9998352527618408
1531216170.2549036,67968,0.9998345971107483
1531216289.7900174,68096,0.9998317360877991
1531216508.8300402,68224,0.9998266100883484
1531216628.335648,68352,0.9998319745063782
1531216747.7822554,68480,0.9998291730880737
1531216867.3632972,68608,0.999830961227417
1531217086.2266467,68736,0.9998282790184021
1531217205.698659,68864,0.9998328685760498
1531217325.2364078,68992,0.9998329281806946
1531217444.825895,69120,0.9998297095298767
1531217666.0025032,69248,0.9998303055763245
1531217785.4484506,69376,0.9998301863670349
1531217905.0196354,69504,0.9998312592506409
1531218024.545833,69632,0.9998321533203125
1531218243.4155934,69760,0.9998323917388916
1531218363.0808108,69888,0.9998341798782349
1531218482.5847175,70016,0.9998355507850647
1531218602.2845378,70144,0.9998353123664856
1531218821.6081078,70272,0.9998340010643005
1531218941.174863,70400,0.9998338222503662
1531219060.7998557,70528,0.9998366832733154
1531219180.417801,70656,0.9998320937156677
1531219399.1745598,70784,0.9998354315757751
1531219518.5131528,70912,0.9998332262039185
1531219637.875984,71040,0.9998340010643005
1531219757.2155786,71168,0.9998341202735901
1531219976.1819067,71296,0.9998325705528259
1531220095.4046474,71424,0.9998345971107483
1531220214.9932399,71552,0.9998338222503662
1531220334.5967715,71680,0.9998364448547363
1531220553.8800728,71808,0.9998349547386169
1531220673.59905,71936,0.9998356103897095
1531220793.0590296,72064,0.9998349547386169
1531220912.5716126,72192,0.9998347163200378
1531221131.2607267,72320,0.9998329877853394
1531221250.9023597,72448,0.9998372793197632
1531221370.2584736,72576,0.9998331069946289
1531221489.6255922,72704,0.9998354911804199
1531221708.0114884,72832,0.9998306632041931
1531221827.5688303,72960,0.9998344779014587
1531221947.1368148,73088,0.9998335242271423
1531222066.8398073,73216,0.9998332262039185
1531222285.5196404,73344,0.9998334050178528
1531222405.2423067,73472,0.9998353719711304
1531222524.8370018,73600,0.999835193157196
1531241907.3826237,73856,0.9998350739479065
1531242026.5878692,73984,0.9998354911804199
1531242145.8434932,74112,0.9998332858085632
1531242264.88294,74240,0.9998363852500916
1531242480.8137794,74368,0.9998385310173035
1531242600.1795852,74496,0.9998372793197632
1531242719.6821744,74624,0.9998392462730408
1531242839.0523348,74752,0.999834418296814
1531243053.9735107,74880,0.9998356103897095
1531243173.5024354,75008,0.9998321533203125
1531252070.8862941,75392,0.9998365044593811
1531252192.30149,75520,0.9998356699943542
1531252314.2307084,75648,0.9998326897621155
1531252436.4420893,75776,0.9998325705528259
1531252651.8920386,75904,0.9998313784599304
1531252771.1578195,76032,0.9998338222503662
1531252890.471137,76160,0.9998337626457214
1531253009.4280753,76288,0.9998350739479065
1531253224.6876056,76416,0.9998349547386169
1531253344.1735597,76544,0.9998344779014587
1531253463.7931356,76672,0.9998376965522766
1531253583.1377432,76800,0.9998372197151184
1531253799.3847156,76928,0.9998341202735901
1531253919.005767,77056,0.999836266040802
1531254038.6331112,77184,0.9998379349708557
1531254158.2050126,77312,0.9998322129249573
1531254372.1935863,77440,0.999832272529602
1531254491.8650823,77568,0.9998332262039185
1531254611.5490363,77696,0.9998337626457214
1531254731.1835854,77824,0.9998352527618408
1531254947.518318,77952,0.9998365044593811
1531255066.8373728,78080,0.9998378157615662
1531255185.8907645,78208,0.9998348951339722
1531255305.0875533,78336,0.9998342394828796
1531255520.8596554,78464,0.9998351335525513
1531255639.9482458,78592,0.9998371601104736
1531255758.9385865,78720,0.9998360872268677
1531255878.2328188,78848,0.9998377561569214
1531256093.0861878,78976,0.9998301267623901
1531256212.5603507,79104,0.9998317360877991
1531256331.6183043,79232,0.9998362064361572
1531256451.064521,79360,0.999836266040802
1531256667.4397595,79488,0.999836266040802
1531256786.7603142,79616,0.999833345413208
1531256906.299133,79744,0.9998347759246826
1531257025.5675325,79872,0.9998348355293274
1531257241.3687491,80000,0.9998342394828796
1531257360.758902,80128,0.9998325705528259
1531257480.084119,80256,0.9998360276222229
1531257599.4784207,80384,0.9998313784599304
1531257815.6911604,80512,0.9998326897621155
1531257935.0779417,80640,0.9998336434364319
1531258054.6768012,80768,0.9998348355293274
1531258174.197116,80896,0.9998313784599304
1531258388.7953727,81024,0.999835729598999
1531258508.4072354,81152,0.9998359084129333
1531258628.0558577,81280,0.9998316168785095
1531258747.4860604,81408,0.9998332858085632
1531258962.402546,81536,0.9998336434364319
1531259081.835977,81664,0.9998362064361572
1531259201.3037236,81792,0.9998391270637512
1531259320.7892587,81920,0.9998356103897095
1531259536.485876,82048,0.9998332858085632
1531259656.0563817,82176,0.9998345375061035
1531259775.7407756,82304,0.999837338924408
1531259895.190519,82432,0.9998346567153931
1531260111.4519582,82560,0.9998379945755005
1531260230.8515553,82688,0.9998368620872498
1531260350.290967,82816,0.9998360872268677
1531260469.7441833,82944,0.9998341202735901
1531260685.760235,83072,0.999839723110199
1531260805.147213,83200,0.999839186668396
1531260924.703825,83328,0.9998332858085632
1531261044.1344535,83456,0.9998335242271423
1531261259.1133325,83584,0.9998387694358826
1531261378.674853,83712,0.9998359084129333
1531261498.2241652,83840,0.9998356699943542
1531261617.6005008,83968,0.9998380541801453
1531261835.790954,84096,0.999833881855011
1531261955.1321645,84224,0.9998335838317871
1531262074.5726318,84352,0.9998385310173035
1531262194.117231,84480,0.9998345375061035
1531262411.9469078,84608,0.9998380541801453
1531262531.672387,84736,0.9998381733894348
1531262651.184027,84864,0.9998360872268677
1531262770.6228607,84992,0.9998346567153931
1531262986.7695959,85120,0.9998384714126587
1531263106.0088372,85248,0.9998351335525513
1531263225.4002674,85376,0.9998342394828796
1531263344.8112798,85504,0.9998330473899841
1531263560.7448137,85632,0.9998317956924438
1531263680.3999884,85760,0.999832034111023
1531263799.9160306,85888,0.9998341202735901
1531263919.179125,86016,0.9998325109481812
1531264136.560853,86144,0.999835729598999
1531264256.181532,86272,0.9998313188552856
1531264375.3487146,86400,0.9998348951339722
1531264494.8151789,86528,0.9998328685760498
1531264712.582534,86656,0.9998294711112976
1531264832.009232,86784,0.9998322129249573
1531264951.4256895,86912,0.9998288154602051
1531265070.910415,87040,0.9998281598091125
1531265287.1307862,87168,0.9998300671577454
1531265406.7003922,87296,0.9998307228088379
1531265525.9352448,87424,0.9998288750648499
1531265645.2012913,87552,0.9998327493667603
1531265860.328202,87680,0.9998298287391663
1531265979.540345,87808,0.9998289942741394
1531266098.8291435,87936,0.9998265504837036
1531266218.2847524,88064,0.99982750415802
1531266435.3776948,88192,0.9998297095298767
1531266554.9237251,88320,0.9998313784599304
1531266674.5615926,88448,0.9998303055763245
1531266794.1652863,88576,0.9998296499252319
1531267011.4071002,88704,0.9998325705528259
1531267131.1071608,88832,0.9998347163200378
1531267250.7831216,88960,0.9998294115066528
1531267370.4649112,89088,0.9998334050178528
1531267586.0783305,89216,0.9998311400413513
1531267705.4606988,89344,0.9998314380645752
1531267825.0647328,89472,0.9998326301574707
1531267944.6850514,89600,0.9998297095298767
1531268160.3645008,89728,0.9998317360877991
1531268279.6585348,89856,0.9998313188552856
1531268399.1163208,89984,0.9998288750648499
1531268518.6627326,90112,0.9998334646224976
1531268736.4749339,90240,0.9998300075531006
1531268855.9068248,90368,0.999829888343811
1531268975.5060327,90496,0.9998287558555603
1531269094.9103851,90624,0.9998323321342468
1531269314.4810288,90752,0.9998345971107483
1531269434.0217474,90880,0.9998303055763245
1531269553.6979697,91008,0.9998306035995483
1531269673.252054,91136,0.9998313784599304
1531269891.789897,91264,0.9998311400413513
1531270011.3467543,91392,0.9998318552970886
1531270130.9356487,91520,0.9998338222503662
1531270250.5858307,91648,0.9998279213905334
1531270469.2292154,91776,0.9998351335525513
1531270588.9869318,91904,0.9998335242271423
1531270708.6343753,92032,0.9998360276222229
1531270828.2906528,92160,0.9998332858085632
1531271047.64589,92288,0.9998350739479065
1531271167.3217616,92416,0.9998340606689453
1531271287.0728042,92544,0.9998332858085632
1531271406.6870518,92672,0.9998356103897095
1531271625.028815,92800,0.9998341798782349
1531271744.444027,92928,0.9998352527618408
1531271863.8543591,93056,0.9998376965522766
1531271983.2534685,93184,0.9998289942741394
1531272201.1332805,93312,0.9998339414596558
1531272320.6551974,93440,0.9998360872268677
1531272440.0935035,93568,0.9998351335525513
1531272559.7866538,93696,0.9998325705528259
1531272779.050806,93824,0.9998322129249573
1531272898.6226962,93952,0.9998357892036438
1531273018.2520895,94080,0.9998323917388916
1531273137.7640233,94208,0.9998295307159424
1531273353.7040179,94336,0.9998347163200378
1531273473.119779,94464,0.9998341798782349
1531273592.5210998,94592,0.999833881855011
1531273711.9442227,94720,0.9998359084129333
1531273928.640003,94848,0.9998334646224976
1531274047.868497,94976,0.9998313784599304
1531274167.229225,95104,0.9998331069946289
1531274286.5499406,95232,0.999835193157196
1531274503.762801,95360,0.9998319745063782
1531274623.0148385,95488,0.9998366832733154
1531274742.2642286,95616,0.9998351335525513
1531274861.603755,95744,0.9998372793197632
1531275079.7114015,95872,0.9998370409011841
1531275199.1352363,96000,0.999833345413208
1531275318.5455585,96128,0.9998353719711304
1531275437.8945572,96256,0.9998357892036438
1531275655.0547376,96384,0.9998299479484558
1531275774.5237436,96512,0.9998341798782349
1531275893.910635,96640,0.999833881855011
1531276013.3988523,96768,0.9998375177383423
1531276231.7419462,96896,0.9998340606689453
1531276351.2591963,97024,0.9998359084129333
1531276470.8505683,97152,0.9998369216918945
1531276590.282913,97280,0.9998311400413513
1531276806.8850613,97408,0.9998342990875244
1531276926.2732677,97536,0.999833345413208
