wall_time,step,value
1532211835.844858,512,5.5695576667785645
1532212902.6640596,1024,4.870645046234131
1532213965.1221545,1536,2.8884902000427246
1532215016.808246,2048,3.9274747371673584
1532216066.5280282,2560,3.4075167179107666
1532217119.5284595,3072,3.4080209732055664
1532218159.1825743,3584,2.960707902908325
1532219192.8400283,4096,2.847496271133423
1532220227.5581698,4608,2.3329451084136963
1532221262.0250633,5120,2.403524160385132
1532222294.0847907,5632,2.686753511428833
1532223326.9756246,6144,3.285073757171631
1532224358.7021954,6656,2.5301809310913086
1532225389.581817,7168,2.427276611328125
1532226419.0129468,7680,2.626782178878784
1532227451.9571564,8192,2.327430009841919
1532228482.315992,8704,2.1949472427368164
1532229519.065823,9216,2.3355977535247803
1532230553.6473858,9728,2.3757896423339844
1532231592.3109717,10240,1.895151972770691
1532232631.2789192,10752,2.8879613876342773
1532233670.5502968,11264,2.357924222946167
1532234707.8423347,11776,2.6353864669799805
1532235743.7454927,12288,2.414909839630127
1532236780.4880965,12800,2.266037940979004
1532237819.1036024,13312,2.2237050533294678
1532238856.869159,13824,2.4368062019348145
1532239892.8128107,14336,2.3833882808685303
1532240928.6561606,14848,2.121764898300171
1532241968.4734445,15360,1.7820210456848145
1532243010.5796466,15872,2.0714006423950195
1532244053.1014898,16384,2.250628709793091
1532245094.8648496,16896,2.0534393787384033
1532246131.426584,17408,2.7491118907928467
1532247168.944183,17920,1.9360626935958862
1532248206.723506,18432,2.7921159267425537
1532249246.896603,18944,2.4178130626678467
1532250288.4563456,19456,2.308954954147339
1532251324.7493966,19968,2.3268585205078125
1532252365.6812773,20480,2.308576822280884
1532253407.885968,20992,1.7709994316101074
1532254445.4346404,21504,1.9337270259857178
1532255487.1327593,22016,1.9005495309829712
1532256526.9234774,22528,1.9950064420700073
1532257565.359028,23040,1.961126685142517
1532258605.3483467,23552,1.929486870765686
1532259645.7098868,24064,1.8858915567398071
1532260690.185323,24576,1.5987135171890259
1532261732.5866015,25088,2.0190975666046143
1532262776.7745848,25600,2.0295228958129883
1532263816.169713,26112,1.617667317390442
1532264860.2795498,26624,2.231184482574463
1532265902.3509958,27136,1.87367582321167
1532266946.4710054,27648,1.759554147720337
1532267990.4375546,28160,1.8014310598373413
1532269033.3374324,28672,2.314271926879883
1532270079.2880995,29184,1.8655002117156982
1532271124.1401296,29696,1.8909332752227783
1532272166.0315447,30208,1.5094329118728638
1532273211.2966135,30720,2.3601882457733154
1532274258.2336159,31232,2.0072646141052246
1532275303.8052523,31744,2.187532424926758
1532276348.0623565,32256,1.7698990106582642
1532277392.7904198,32768,1.9076989889144897
1532278435.0134459,33280,2.874776601791382
1532279480.1359391,33792,1.5967713594436646
1532307913.1835148,34304,1.928662896156311
1532308955.471007,34816,1.7418299913406372
1532310002.8966832,35328,2.3328356742858887
1532311046.666798,35840,1.853943943977356
1532312093.4499738,36352,1.4566222429275513
1532313138.278634,36864,2.927374839782715
1532385029.7338338,37888,2.488447666168213
1532386072.362616,38400,2.0252525806427
1532387117.2527976,38912,1.7366976737976074
1532388164.2880933,39424,1.8398542404174805
1532389210.6588192,39936,2.0346126556396484
1532390256.3059747,40448,1.6220382452011108
1532391299.3045247,40960,1.887990117073059
1532392345.5743363,41472,2.1858887672424316
1532393393.071727,41984,1.346197485923767
1532394438.2029018,42496,1.430558443069458
1532395484.6360059,43008,1.8492497205734253
1532396531.7477014,43520,1.6610910892486572
1532397576.8105896,44032,1.7300604581832886
1532398622.457974,44544,1.5453511476516724
1532399668.1244943,45056,1.4769006967544556
1532400714.6357448,45568,2.4784343242645264
1532401761.3923213,46080,1.948318362236023
1532402808.208273,46592,1.4257794618606567
1532403856.7498562,47104,1.7670975923538208
1532404908.4012315,47616,1.4595205783843994
1532405956.2833855,48128,2.203374147415161
1532407007.6723514,48640,1.6352704763412476
1532408056.4300497,49152,1.534355640411377
1532409105.3134968,49664,1.7791701555252075
1532410153.4209104,50176,1.45832097530365
1532411201.9594812,50688,1.5903133153915405
1532412251.6114864,51200,1.927294135093689
1532413303.2299335,51712,1.5801928043365479
1532414353.1584365,52224,1.860114574432373
1532415405.3690794,52736,2.217419147491455
1532416456.3886178,53248,1.4820361137390137
1532417503.3011353,53760,1.561042308807373
1532418554.292904,54272,1.5140868425369263
1532419604.4479187,54784,1.7860772609710693
1532420654.0977507,55296,1.6625808477401733
1532421707.558549,55808,2.566664218902588
1532422757.604635,56320,1.6245319843292236
1532423807.2984772,56832,1.73617422580719
1532424855.4097874,57344,1.6186200380325317
1532425902.749055,57856,1.3470842838287354
1532426948.5521817,58368,1.7754799127578735
1532427999.8453248,58880,1.5410881042480469
1532429053.250141,59392,1.643978476524353
1532430105.757364,59904,2.0705416202545166
1532431159.8845873,60416,1.6092967987060547
1532432213.597787,60928,2.045719623565674
1532433266.7716246,61440,1.7469542026519775
1532434315.7554984,61952,1.2958730459213257
1532435368.7119966,62464,1.7245805263519287
1532436423.7684162,62976,1.5548523664474487
1532437477.9097018,63488,1.5075936317443848
1532438528.7609658,64000,1.8228590488433838
1532439583.854934,64512,1.710723638534546
1532440636.619084,65024,2.7155561447143555
1532441690.9774017,65536,1.4776694774627686
1532442746.778201,66048,1.7163021564483643
1532443800.6281633,66560,1.5007507801055908
1532444854.0340984,67072,1.7695194482803345
1532445908.4415615,67584,1.7557132244110107
1532446964.1046288,68096,1.7927215099334717
1532448016.5187657,68608,1.6881177425384521
1532449068.936284,69120,1.8922960758209229
1532450123.8630574,69632,1.9728940725326538
1532451177.8021765,70144,1.4281656742095947
1532452232.2836428,70656,1.8994522094726562
1532453282.7835157,71168,1.2173212766647339
1532471927.3936546,71680,1.6343830823898315
1532472975.102633,72192,1.602272629737854
1532474021.978157,72704,1.7251536846160889
1532475069.36011,73216,1.3640507459640503
1532476117.9002562,73728,1.7253774404525757
1532477166.9439814,74240,1.7570276260375977
1532478218.3607237,74752,1.3952491283416748
1532479270.0369678,75264,1.9578994512557983
1532480320.8068557,75776,1.8340787887573242
1532481369.3628716,76288,1.343955636024475
1532482418.9143426,76800,1.3408012390136719
1532483471.5499358,77312,1.408684253692627
1532484520.0422404,77824,1.589393973350525
1532485572.129884,78336,2.0084047317504883
1532486622.8585167,78848,2.0683419704437256
1532487672.650323,79360,1.6993345022201538
1532488726.6069796,79872,2.062502145767212
1532489776.6824965,80384,1.8901180028915405
1532490832.5102866,80896,1.914229393005371
1532491885.5122783,81408,2.0007987022399902
1532492936.4017105,81920,1.4499852657318115
1532493986.8332822,82432,1.5974597930908203
1532495041.4477994,82944,1.19155752658844
1532496097.292273,83456,2.1060004234313965
1532497150.041841,83968,1.8719314336776733
1532498203.5028722,84480,1.717046856880188
1532499257.6514509,84992,1.9263834953308105
1532500311.8473227,85504,1.4768311977386475
1532501363.5124626,86016,1.8117916584014893
1532502417.54043,86528,1.788822054862976
1532503468.1583047,87040,1.4366505146026611
1532504518.911394,87552,1.9348098039627075
1532505568.0424647,88064,1.4876439571380615
1532506620.5021336,88576,1.720515251159668
1532507672.8142865,89088,1.7695194482803345
1532508728.1065853,89600,1.5388271808624268
1532509781.076522,90112,1.2259904146194458
1532510834.4277186,90624,1.423209309577942
1532511888.9685097,91136,1.8753634691238403
1532512943.9951372,91648,1.8869832754135132
1532513998.4543362,92160,2.5891003608703613
1532515054.6514955,92672,1.8331143856048584
1532516108.4031086,93184,1.4180129766464233
1532517162.2497342,93696,1.4677305221557617
1532518217.663987,94208,1.6359399557113647
1532519269.4996157,94720,2.0050575733184814
1532520324.8195503,95232,1.4424846172332764
1532521379.5151515,95744,1.7099424600601196
1532522437.539155,96256,1.419154405593872
1532523495.0685275,96768,2.0032804012298584
1532524548.9572194,97280,1.9848809242248535
