wall_time,step,value
1531009531.9614568,128,15.029377937316895
1531009651.3117208,256,13.256119728088379
1531009770.801505,384,14.895862579345703
1531009890.282873,512,13.3037748336792
1531010124.0588496,640,12.644882202148438
1531010243.4318247,768,10.926961898803711
1531010362.8227804,896,11.766186714172363
1531010482.1812718,1024,10.97404956817627
1531010705.5397046,1152,11.66064739227295
1531010824.8024566,1280,10.481022834777832
1531010944.1167006,1408,11.073058128356934
1531011063.4926145,1536,14.986703872680664
1531011278.5695908,1664,12.222725868225098
1531011398.209876,1792,11.05262565612793
1531011517.7065797,1920,11.42178726196289
1531011637.116637,2048,12.127184867858887
1531011848.9262164,2176,13.018038749694824
1531011968.4532769,2304,13.649674415588379
1531012088.0079603,2432,12.642870903015137
1531012207.57817,2560,12.252683639526367
1531012424.9919183,2688,12.18228816986084
1531012544.4507937,2816,12.219304084777832
1531012664.024015,2944,12.389437675476074
1531012783.526445,3072,12.604214668273926
1531012994.7066429,3200,12.675537109375
1531013114.1349797,3328,13.75576400756836
1531013233.6915345,3456,12.383193969726562
1531013353.1176794,3584,12.801046371459961
1531013564.757802,3712,11.355220794677734
1531013684.0705886,3840,13.05345344543457
1531013803.5905595,3968,11.053489685058594
1531013923.0797634,4096,12.546682357788086
1531014133.050284,4224,12.180211067199707
1531014252.4768486,4352,11.550740242004395
1531014371.9178965,4480,12.750032424926758
1531014491.4586897,4608,12.21109390258789
1531014699.8534987,4736,11.662363052368164
1531014819.3574893,4864,14.588513374328613
1531014938.9394143,4992,12.33569049835205
1531015058.4664195,5120,10.889985084533691
1531015266.7903795,5248,11.458711624145508
1531015386.329067,5376,12.52927017211914
1531015505.6468282,5504,10.413108825683594
1531015625.241068,5632,13.727355003356934
1531015835.3196948,5760,11.29372501373291
1531015954.7978241,5888,12.036314010620117
1531016074.0414863,6016,10.847074508666992
1531016193.512952,6144,11.813610076904297
1531016406.5422618,6272,10.941784858703613
1531016526.0540166,6400,10.420153617858887
1531016645.5062568,6528,13.85118293762207
1531016765.0452323,6656,12.087994575500488
1531016977.313945,6784,12.39914321899414
1531017096.7312922,6912,10.579118728637695
1531017216.2559555,7040,10.484485626220703
1531017335.7894244,7168,10.953537940979004
1531017550.5858276,7296,11.23957633972168
1531017669.893745,7424,12.026408195495605
1531017789.2384543,7552,11.137487411499023
1531017908.6453192,7680,11.011825561523438
1531018122.949061,7808,10.841663360595703
1531018242.388335,7936,10.89635944366455
1531018361.7449553,8064,9.700788497924805
1531018481.236285,8192,11.462199211120605
1531018693.7625067,8320,10.725815773010254
1531018813.0804834,8448,11.460339546203613
1531018932.4573982,8576,12.038357734680176
1531019051.6475139,8704,10.17024040222168
1531019267.700546,8832,10.558741569519043
1531019387.141926,8960,11.780029296875
1531019506.6100008,9088,10.504422187805176
1531019626.0383682,9216,11.302392959594727
1531019839.4427874,9344,11.70141887664795
1531019958.83946,9472,10.419142723083496
1531020078.2358954,9600,11.943296432495117
1531020197.618227,9728,12.185608863830566
1531020413.876669,9856,10.41654109954834
1531020533.3961742,9984,12.63992977142334
1531020652.7381918,10112,11.2227201461792
1531020772.2511783,10240,12.620965003967285
1531020985.413909,10368,11.793539047241211
1531021104.8417149,10496,11.321993827819824
1531021224.418686,10624,11.332929611206055
1531021343.8946102,10752,11.913064002990723
1531021559.7833974,10880,13.127142906188965
1531021679.2438757,11008,10.998350143432617
1531021798.6970873,11136,12.796205520629883
1531021918.2049842,11264,12.332466125488281
1531022132.058467,11392,11.645744323730469
1531022251.5994713,11520,11.623764038085938
1531022371.2461476,11648,11.597635269165039
1531022490.7262642,11776,11.651103019714355
1531022705.6289165,11904,11.112431526184082
1531022825.171933,12032,11.781438827514648
1531022944.6087704,12160,10.758781433105469
1531023063.8973699,12288,12.492828369140625
1531023278.8691492,12416,11.84451961517334
1531023398.534536,12544,10.793102264404297
1531023518.1562865,12672,11.36962890625
1531023637.8268154,12800,11.197653770446777
1531023852.3608687,12928,11.067339897155762
1531023971.8204367,13056,10.808327674865723
1531024091.3948088,13184,12.365677833557129
1531024210.95217,13312,11.365020751953125
1531024424.2900178,13440,11.804557800292969
1531024543.6619713,13568,12.444334983825684
1531024663.1563458,13696,10.959235191345215
1531024782.627441,13824,10.54985237121582
1531024997.6419928,13952,11.442776679992676
1531025117.1440065,14080,11.81169319152832
1531025236.648775,14208,12.29118824005127
1531025356.0527318,14336,10.136783599853516
1531025571.9227273,14464,10.440816879272461
1531025691.2828987,14592,11.525954246520996
1531025810.8985734,14720,10.704617500305176
1531025930.5234585,14848,11.362618446350098
1531026144.773661,14976,9.626093864440918
1531026264.2488182,15104,10.781765937805176
1531026383.814134,15232,10.893045425415039
1531026503.3924375,15360,10.6559419631958
1531026719.012362,15488,10.154067993164062
1531026838.4888592,15616,12.590753555297852
1531026957.8655398,15744,11.319580078125
1531027076.9049027,15872,12.382070541381836
1531027292.2276826,16000,10.486150741577148
1531027411.7544787,16128,10.84235954284668
1531027531.17709,16256,10.956268310546875
1531027650.5752118,16384,10.747176170349121
1531027866.6606758,16512,10.2288818359375
1531027986.1859972,16640,10.51852798461914
1531028105.7959747,16768,11.770469665527344
1531028225.2102573,16896,11.23380184173584
1531028439.7841392,17024,9.804289817810059
1531028559.239314,17152,10.454375267028809
1531028678.7052608,17280,10.81788158416748
1531028798.2317657,17408,11.480679512023926
1531029012.6192887,17536,12.033263206481934
1531029132.1798513,17664,11.185609817504883
1531029251.5159385,17792,11.592340469360352
1531029370.985487,17920,10.603236198425293
1531029585.7102666,18048,10.178400993347168
1531029705.2399018,18176,10.035689353942871
1531029824.711825,18304,10.449381828308105
1531029944.3313987,18432,11.57455825805664
1531030159.6470816,18560,10.324366569519043
1531030279.0997334,18688,11.560507774353027
1531030398.5307477,18816,10.120312690734863
1531030517.6865292,18944,9.64865493774414
1531030732.5335543,19072,11.027701377868652
1531030852.013541,19200,9.753815650939941
1531030971.4395394,19328,11.546360969543457
1531031090.8716846,19456,10.13948917388916
1531031305.9711971,19584,11.024015426635742
1531031425.4029078,19712,10.655451774597168
1531031544.8191912,19840,10.48492431640625
1531031664.4036953,19968,11.986570358276367
1531031879.0220098,20096,12.102128982543945
1531031998.434227,20224,10.288263320922852
1531032117.7438545,20352,12.199761390686035
1531032237.2139826,20480,9.877297401428223
1531032451.9830172,20608,10.746735572814941
1531032571.4703832,20736,10.483158111572266
1531032691.1448221,20864,10.31191635131836
1531032810.9086485,20992,11.071304321289062
1531033025.1835887,21120,9.484665870666504
1531033144.6955798,21248,10.06881046295166
1531033264.1012473,21376,10.983216285705566
1531033383.5679371,21504,9.947856903076172
1531033597.8371737,21632,10.031599044799805
1531033717.3096569,21760,9.694913864135742
1531033836.8447495,21888,10.396072387695312
1531033956.435689,22016,10.606886863708496
1531034171.3240643,22144,10.686306953430176
1531034290.6849728,22272,10.483681678771973
1531034410.130548,22400,9.445162773132324
1531034529.188631,22528,10.093384742736816
1531034743.6154025,22656,10.287671089172363
1531034863.088591,22784,10.944780349731445
1531034982.5775561,22912,10.35539722442627
1531035102.235641,23040,10.259865760803223
1531035315.7731674,23168,12.441058158874512
1531035435.3003643,23296,10.384647369384766
1531035554.7178345,23424,10.395820617675781
1531035674.2407353,23552,9.986285209655762
1531035887.985336,23680,10.640850067138672
1531036007.4287167,23808,10.696917533874512
1531036126.8482895,23936,10.06911563873291
1531036246.1993868,24064,9.95691204071045
1531036460.3499591,24192,10.479997634887695
1531036579.6939998,24320,10.970368385314941
1531036699.1062086,24448,9.94156551361084
1531036818.4493372,24576,10.422629356384277
1531037035.3352075,24704,10.046070098876953
1531037154.7013757,24832,11.818580627441406
1531037274.13758,24960,10.471295356750488
1531037393.8332014,25088,10.7592134475708
1531037610.041807,25216,10.497550010681152
1531037729.7403343,25344,10.644257545471191
1531037849.360291,25472,12.072047233581543
1531037968.9953601,25600,11.368144035339355
1531038184.1388507,25728,10.205288887023926
1531038303.5826216,25856,11.652010917663574
1531038423.0604541,25984,11.487446784973145
1531038542.4826834,26112,10.538329124450684
1531038756.9098203,26240,12.154024124145508
1531038876.458158,26368,10.562793731689453
1531038996.0810251,26496,10.913414001464844
1531039115.6273048,26624,10.596478462219238
1531039332.9637682,26752,11.206993103027344
1531039452.4544108,26880,10.755890846252441
1531039572.1593797,27008,9.627604484558105
1531039691.8803816,27136,11.65274429321289
1531039908.1876023,27264,10.12610912322998
1531040027.8268085,27392,10.934819221496582
1531040147.3465805,27520,9.967991828918457
1531040266.717639,27648,10.189797401428223
1531040482.6932998,27776,10.937217712402344
1531040602.2908568,27904,9.881172180175781
1531040721.9830792,28032,11.455872535705566
1531040841.5219557,28160,10.571455001831055
1531041058.5794532,28288,9.975428581237793
1531041178.2185962,28416,10.6207857131958
1531041297.7306142,28544,10.76026439666748
1531041417.4615147,28672,9.777200698852539
1531041633.5235672,28800,10.299262046813965
1531041753.0716386,28928,9.727426528930664
1531041872.6883316,29056,12.608270645141602
1531041992.2632859,29184,10.12215805053711
1531042206.944718,29312,10.637535095214844
1531042326.426478,29440,10.102082252502441
1531042445.999133,29568,10.422281265258789
1531042565.6557894,29696,10.362783432006836
1531042781.7421694,29824,10.549497604370117
1531042901.3128831,29952,9.786468505859375
1531043020.8142085,30080,9.868156433105469
1531043140.354786,30208,10.715371131896973
1531043354.3597367,30336,10.819713592529297
1531043473.8867455,30464,10.244718551635742
1531043593.5231671,30592,10.461435317993164
1531043712.740744,30720,9.877311706542969
1531043928.054531,30848,11.741547584533691
1531044047.5935464,30976,9.988365173339844
1531044167.1354518,31104,10.90927791595459
1531044286.7619736,31232,10.662642478942871
1531044500.216433,31360,10.093111038208008
1531044619.5597773,31488,10.436223983764648
1531044738.95511,31616,9.849419593811035
1531044857.8981106,31744,11.242835998535156
1531045072.5228891,31872,10.560336112976074
1531045191.9440444,32000,10.466145515441895
1531045311.4318054,32128,9.944506645202637
1531045430.9203506,32256,9.543363571166992
1531045647.5137193,32384,10.233305931091309
1531045766.9626918,32512,9.778727531433105
1531045886.2275112,32640,10.597740173339844
1531046005.64655,32768,11.445210456848145
1531046222.898396,32896,10.19534969329834
1531046342.357579,33024,10.394774436950684
1531046461.5733545,33152,10.341531753540039
1531046580.6551974,33280,9.987854957580566
1531046796.6090252,33408,10.152484893798828
1531046916.165097,33536,9.905725479125977
1531047035.678657,33664,11.622344017028809
1531047155.4145644,33792,9.80620288848877
1531047369.6908321,33920,10.191130638122559
1531047489.0383224,34048,10.27048397064209
1531047608.3785245,34176,10.57157039642334
1531047727.8959742,34304,10.56787395477295
1531047941.9435532,34432,9.93213176727295
1531048061.381816,34560,9.811182975769043
1531048180.763383,34688,10.540773391723633
1531048300.1671507,34816,10.508870124816895
1531048514.7610729,34944,11.684464454650879
1531048634.310446,35072,10.92689037322998
1531048753.815717,35200,11.178484916687012
1531048873.2332323,35328,9.618104934692383
1531049089.1968503,35456,13.204439163208008
1531049208.7782176,35584,8.94499397277832
1531049328.43223,35712,10.221019744873047
1531049447.7146564,35840,10.025486946105957
1531049662.5574267,35968,10.297553062438965
1531049781.8640206,36096,10.883626937866211
1531049901.0668514,36224,11.419120788574219
1531050020.4176302,36352,10.071173667907715
1531050237.1347487,36480,9.549566268920898
1531050356.695288,36608,9.597527503967285
1531050476.3526793,36736,11.609001159667969
1531181516.5376937,36992,10.554351806640625
1531181636.1334097,37120,9.824501991271973
1531181755.648057,37248,10.462944030761719
1531181875.3967972,37376,10.598873138427734
1531182089.8782082,37504,10.15106201171875
1531182209.4138544,37632,11.524242401123047
1531182328.9595811,37760,10.187089920043945
1531182448.5722985,37888,9.638105392456055
1531182661.380269,38016,9.594704627990723
1531182780.8582847,38144,9.825573921203613
1531182900.2651284,38272,10.292224884033203
1531183019.4677844,38400,10.51460075378418
1531183232.179304,38528,9.370030403137207
1531183351.881901,38656,9.499166488647461
1531183471.4344726,38784,9.970649719238281
1531183591.014354,38912,10.057026863098145
1531183802.8320692,39040,9.866933822631836
1531183922.5644832,39168,9.73006820678711
1531184042.2532883,39296,9.540984153747559
1531184161.760593,39424,9.70241641998291
1531184374.3739164,39552,9.515377044677734
1531184493.277388,39680,10.248639106750488
1531184612.7572062,39808,10.312751770019531
1531184732.1905031,39936,10.362545013427734
1531184944.775018,40064,9.730659484863281
1531185064.1452985,40192,9.69206428527832
1531185183.4642713,40320,9.75776481628418
1531185302.9572432,40448,9.987396240234375
1531185514.963209,40576,10.22852897644043
1531185634.2807705,40704,9.975601196289062
1531185753.5598872,40832,9.390443801879883
1531185872.8381658,40960,10.794889450073242
1531186085.3061898,41088,10.16037368774414
1531186204.6738973,41216,10.576297760009766
1531186324.0239017,41344,10.399441719055176
1531186443.5542653,41472,10.6009521484375
1531186657.6252658,41600,9.476882934570312
1531186777.2032485,41728,9.945064544677734
1531186896.7067358,41856,9.519976615905762
1531187016.210622,41984,9.457694053649902
1531187229.9667969,42112,9.633048057556152
1531187349.498848,42240,10.127395629882812
1531187469.038389,42368,10.715659141540527
1531187588.601436,42496,11.066643714904785
1531187802.9230695,42624,10.69843864440918
1531187922.2950313,42752,9.871460914611816
1531188041.7116678,42880,11.123970031738281
1531188161.2534554,43008,10.976827621459961
1531188374.5475607,43136,10.006782531738281
1531188494.0073888,43264,10.815515518188477
1531188613.4329138,43392,9.67327880859375
1531188732.9195485,43520,9.825260162353516
1531188946.6012187,43648,9.384383201599121
1531189066.1175287,43776,10.88407039642334
1531189185.5279503,43904,9.494321823120117
1531189304.9321365,44032,9.875402450561523
1531189518.6385245,44160,9.691200256347656
1531189638.212023,44288,11.958841323852539
1531189757.662265,44416,9.868739128112793
1531189877.2603054,44544,10.673154830932617
1531190091.0625346,44672,10.06044864654541
1531190210.531336,44800,9.45561695098877
1531190329.924711,44928,10.183236122131348
1531190449.3131237,45056,9.337996482849121
1531190661.9927247,45184,10.761479377746582
1531190781.4287004,45312,9.864554405212402
1531190900.810441,45440,9.805497169494629
1531191020.427648,45568,10.166801452636719
1531191233.7411065,45696,9.744940757751465
1531191353.1377234,45824,10.07028865814209
1531191472.5742507,45952,10.664176940917969
1531191592.0785105,46080,11.921022415161133
1531191805.7562783,46208,10.811347961425781
1531191925.194098,46336,9.419609069824219
1531192044.778431,46464,11.62817668914795
1531192164.1075087,46592,9.321860313415527
1531192377.7295897,46720,11.92835521697998
1531192497.2598505,46848,10.359574317932129
1531192616.760269,46976,9.639724731445312
1531192736.3038938,47104,10.635702133178711
1531192951.3423767,47232,9.856797218322754
1531193070.7515194,47360,9.630899429321289
1531193190.2987409,47488,10.089427947998047
1531193309.7866926,47616,12.114089965820312
1531193522.895375,47744,9.692167282104492
1531193642.3706927,47872,9.849417686462402
1531193761.8602493,48000,10.430335998535156
1531193881.0930078,48128,10.162317276000977
1531194096.1742754,48256,10.857133865356445
1531194215.675904,48384,9.908574104309082
1531194335.3022454,48512,10.760665893554688
1531194454.9943607,48640,11.123921394348145
1531194669.4417617,48768,11.689926147460938
1531194788.9949303,48896,10.713333129882812
1531194908.4953644,49024,10.064130783081055
1531195028.2075493,49152,9.807884216308594
1531195242.2255619,49280,10.58319091796875
1531195361.8493834,49408,9.292572021484375
1531195481.1382895,49536,10.056700706481934
1531195600.4871278,49664,9.832152366638184
1531195814.2148962,49792,10.301542282104492
1531195933.7760038,49920,9.375472068786621
1531196053.2284844,50048,9.776996612548828
1531196172.7655547,50176,10.928613662719727
1531196385.3222272,50304,9.389864921569824
1531196504.8437653,50432,9.755098342895508
1531196624.1943505,50560,10.21227741241455
1531196743.6064577,50688,11.083685874938965
1531196957.226702,50816,9.662519454956055
1531197076.6942549,50944,10.294925689697266
1531197196.043571,51072,10.155539512634277
1531197315.120991,51200,9.64799976348877
1531197528.7454503,51328,10.418704986572266
1531197648.2725098,51456,10.765612602233887
1531197767.6769524,51584,10.194509506225586
1531197887.414328,51712,10.743693351745605
1531198101.8691883,51840,9.60975170135498
1531198221.2512994,51968,10.462564468383789
1531198340.8547988,52096,10.086165428161621
1531198460.332496,52224,9.456313133239746
1531198675.3443265,52352,9.884503364562988
1531198794.9635773,52480,11.46915340423584
1531198914.4953122,52608,10.034420013427734
1531199034.023578,52736,10.180440902709961
1531199249.2922122,52864,9.688380241394043
1531199368.7406416,52992,10.712425231933594
1531199488.267515,53120,10.525397300720215
1531199607.8842638,53248,10.754470825195312
1531199823.5134406,53376,10.862153053283691
1531199942.913634,53504,9.417560577392578
1531200062.4187217,53632,9.986542701721191
1531200181.9382598,53760,11.309281349182129
1531200396.0013337,53888,11.286802291870117
1531200515.5852842,54016,10.305176734924316
1531200635.063573,54144,9.879573822021484
1531200754.501399,54272,10.715167999267578
1531200969.7210937,54400,10.151350021362305
1531201089.223191,54528,10.458629608154297
1531201208.7322695,54656,10.26488208770752
1531201328.3351438,54784,9.789541244506836
1531201543.4732091,54912,9.97181224822998
1531201663.174714,55040,9.659958839416504
1531201782.951332,55168,9.784622192382812
1531201902.4093406,55296,10.469388961791992
1531202117.4024148,55424,9.642472267150879
1531202236.9294121,55552,9.44782543182373
1531202356.4238625,55680,10.057286262512207
1531202476.1241038,55808,9.576895713806152
1531202692.389086,55936,10.087360382080078
1531202811.8407297,56064,9.855939865112305
1531202931.1908205,56192,9.450704574584961
1531203050.6120772,56320,9.763811111450195
1531203265.4877615,56448,10.520230293273926
1531203384.9042711,56576,10.383206367492676
1531203504.314627,56704,10.302510261535645
1531203623.704062,56832,10.445449829101562
1531203837.5422995,56960,10.774576187133789
1531203956.929695,57088,9.741630554199219
1531204076.3889585,57216,9.985809326171875
1531204195.96394,57344,9.586759567260742
1531204411.9196858,57472,9.594095230102539
1531204531.2827055,57600,10.035948753356934
1531204650.6372962,57728,9.751070022583008
1531204769.7571988,57856,10.33481502532959
1531204986.707962,57984,9.636045455932617
1531205105.965335,58112,10.454337120056152
1531205225.2661266,58240,10.636094093322754
1531205344.5134966,58368,10.672051429748535
1531205560.0616727,58496,9.319897651672363
1531205679.6043139,58624,10.184610366821289
1531205799.1799126,58752,10.12036418914795
1531205918.654764,58880,11.090333938598633
1531206134.1859334,59008,10.08544635772705
1531206253.6044059,59136,9.917936325073242
1531206372.957709,59264,9.36539363861084
1531206492.334846,59392,10.741100311279297
1531206707.5878918,59520,10.364218711853027
1531206827.0590272,59648,10.196840286254883
1531206946.6023383,59776,10.468795776367188
1531207066.2510045,59904,10.34008502960205
1531207282.1215534,60032,10.59782600402832
1531207401.6056387,60160,10.08359146118164
1531207521.1651871,60288,10.375482559204102
1531207640.7233148,60416,10.768417358398438
1531207857.34384,60544,9.96495246887207
1531207976.8313527,60672,9.330465316772461
1531208096.3135793,60800,10.370262145996094
1531208215.7966661,60928,9.921351432800293
1531208431.8225834,61056,10.129731178283691
1531208551.4036388,61184,10.104782104492188
1531208670.818241,61312,10.355880737304688
1531208790.4444637,61440,10.465822219848633
1531209007.408071,61568,9.571657180786133
1531209126.990281,61696,9.737957000732422
1531209246.319576,61824,9.8837308883667
1531209365.7427216,61952,10.108598709106445
1531209582.6677475,62080,9.919662475585938
1531209701.9242682,62208,10.217157363891602
1531209821.3386297,62336,11.817869186401367
1531209940.883095,62464,10.032294273376465
1531210158.8407867,62592,10.24411392211914
1531210278.3604665,62720,9.99589729309082
1531210397.934177,62848,10.105239868164062
1531210517.42047,62976,10.665180206298828
1531210735.83343,63104,10.334830284118652
1531210855.338385,63232,10.104941368103027
1531210974.8265252,63360,10.253247261047363
1531211094.2658637,63488,9.498067855834961
1531211311.9319994,63616,10.842296600341797
1531211431.5112612,63744,9.88489818572998
1531211550.9757109,63872,9.655191421508789
1531211670.416463,64000,9.539637565612793
1531211889.3047533,64128,9.47670841217041
1531212009.0560694,64256,11.42855167388916
1531212128.5997164,64384,9.8355073928833
1531212248.1336858,64512,9.679137229919434
1531212467.1614306,64640,9.568143844604492
1531212586.7223928,64768,9.915870666503906
1531212706.5790148,64896,10.033259391784668
1531212826.0198615,65024,9.898655891418457
1531213044.485305,65152,10.785513877868652
1531213164.0438616,65280,9.977949142456055
1531213283.5572045,65408,10.474474906921387
1531213403.0847952,65536,11.58069133758545
1531213620.025956,65664,10.947616577148438
1531213739.6722724,65792,10.007241249084473
1531213859.1277313,65920,9.70564079284668
1531213978.7019684,66048,10.159910202026367
1531214198.7073238,66176,9.80074691772461
1531214318.1581855,66304,10.290145874023438
1531214437.6032245,66432,9.803356170654297
1531214557.0337827,66560,9.591556549072266
1531214776.2675226,66688,9.864542961120605
1531214895.586104,66816,10.067036628723145
1531215015.074869,66944,10.04388427734375
1531215134.5255547,67072,10.063610076904297
1531215352.9442387,67200,9.536467552185059
1531215472.5806763,67328,9.624551773071289
1531215592.031341,67456,10.063436508178711
1531215711.6278756,67584,9.908163070678711
1531215931.405683,67712,11.855304718017578
1531216050.8880708,67840,9.85000228881836
1531216170.2549036,67968,10.502336502075195
1531216289.7900174,68096,9.41480541229248
1531216508.8300402,68224,10.833840370178223
1531216628.335648,68352,9.898420333862305
1531216747.7822554,68480,9.378753662109375
1531216867.3632972,68608,10.122537612915039
1531217086.2266467,68736,9.403634071350098
1531217205.698659,68864,10.301591873168945
1531217325.2364078,68992,10.605960845947266
1531217444.825895,69120,9.349108695983887
1531217666.0025032,69248,9.614120483398438
1531217785.4484506,69376,10.420040130615234
1531217905.0196354,69504,9.182302474975586
1531218024.545833,69632,10.171485900878906
1531218243.4155934,69760,9.684882164001465
1531218363.0808108,69888,9.844722747802734
1531218482.5847175,70016,10.413269996643066
1531218602.2845378,70144,9.948938369750977
1531218821.6081078,70272,9.785951614379883
1531218941.174863,70400,9.57242202758789
1531219060.7998557,70528,9.757658004760742
1531219180.417801,70656,9.646685600280762
1531219399.1745598,70784,10.059259414672852
1531219518.5131528,70912,10.69417953491211
1531219637.875984,71040,10.599331855773926
1531219757.2155786,71168,9.59858226776123
1531219976.1819067,71296,9.886310577392578
1531220095.4046474,71424,10.089408874511719
1531220214.9932399,71552,10.834085464477539
1531220334.5967715,71680,9.386531829833984
1531220553.8800728,71808,10.396498680114746
1531220673.59905,71936,10.133256912231445
1531220793.0590296,72064,10.743911743164062
1531220912.5716126,72192,10.148355484008789
1531221131.2607267,72320,10.041865348815918
1531221250.9023597,72448,10.40730094909668
1531221370.2584736,72576,10.519993782043457
1531221489.6255922,72704,9.916955947875977
1531221708.0114884,72832,9.671302795410156
1531221827.5688303,72960,9.730640411376953
1531221947.1368148,73088,10.504998207092285
1531222066.8398073,73216,9.448516845703125
1531222285.5196404,73344,10.719347953796387
1531222405.2423067,73472,10.351056098937988
1531222524.8370018,73600,10.388714790344238
1531241907.3826237,73856,10.27354907989502
1531242026.5878692,73984,9.465414047241211
1531242145.8434932,74112,9.577895164489746
1531242264.88294,74240,9.477619171142578
1531242480.8137794,74368,10.452735900878906
1531242600.1795852,74496,9.545539855957031
1531242719.6821744,74624,9.52280044555664
1531242839.0523348,74752,9.73673152923584
1531243053.9735107,74880,9.720878601074219
1531243173.5024354,75008,9.798579216003418
1531252070.8862941,75392,9.943839073181152
1531252192.30149,75520,9.927530288696289
1531252314.2307084,75648,10.322928428649902
1531252436.4420893,75776,10.285983085632324
1531252651.8920386,75904,10.399401664733887
1531252771.1578195,76032,10.044702529907227
1531252890.471137,76160,9.971748352050781
1531253009.4280753,76288,9.723401069641113
1531253224.6876056,76416,10.241180419921875
1531253344.1735597,76544,10.207457542419434
1531253463.7931356,76672,10.279671669006348
1531253583.1377432,76800,9.504414558410645
1531253799.3847156,76928,9.723814964294434
1531253919.005767,77056,9.319243431091309
1531254038.6331112,77184,10.111775398254395
1531254158.2050126,77312,10.185769081115723
1531254372.1935863,77440,10.452189445495605
1531254491.8650823,77568,9.170141220092773
1531254611.5490363,77696,11.436418533325195
1531254731.1835854,77824,9.638429641723633
1531254947.518318,77952,10.242419242858887
1531255066.8373728,78080,9.609091758728027
1531255185.8907645,78208,9.459675788879395
1531255305.0875533,78336,10.100090026855469
1531255520.8596554,78464,9.525504112243652
1531255639.9482458,78592,10.17000675201416
1531255758.9385865,78720,10.1524076461792
1531255878.2328188,78848,10.271480560302734
1531256093.0861878,78976,10.096282005310059
1531256212.5603507,79104,9.879719734191895
1531256331.6183043,79232,10.11831283569336
1531256451.064521,79360,10.707301139831543
1531256667.4397595,79488,9.637778282165527
1531256786.7603142,79616,11.140565872192383
1531256906.299133,79744,9.453771591186523
1531257025.5675325,79872,10.598915100097656
1531257241.3687491,80000,9.59895133972168
1531257360.758902,80128,10.838859558105469
1531257480.084119,80256,11.653436660766602
1531257599.4784207,80384,9.784821510314941
1531257815.6911604,80512,10.719120025634766
1531257935.0779417,80640,10.039026260375977
1531258054.6768012,80768,9.64678955078125
1531258174.197116,80896,10.362530708312988
1531258388.7953727,81024,9.873385429382324
1531258508.4072354,81152,9.891589164733887
1531258628.0558577,81280,11.685765266418457
1531258747.4860604,81408,9.347919464111328
1531258962.402546,81536,9.560174942016602
1531259081.835977,81664,9.978493690490723
1531259201.3037236,81792,9.137229919433594
1531259320.7892587,81920,10.042118072509766
1531259536.485876,82048,9.432968139648438
1531259656.0563817,82176,9.209395408630371
1531259775.7407756,82304,9.828832626342773
1531259895.190519,82432,9.425261497497559
1531260111.4519582,82560,9.968083381652832
1531260230.8515553,82688,9.601971626281738
1531260350.290967,82816,9.48293685913086
1531260469.7441833,82944,9.536446571350098
1531260685.760235,83072,10.456307411193848
1531260805.147213,83200,10.31070327758789
1531260924.703825,83328,9.51082706451416
1531261044.1344535,83456,9.771008491516113
1531261259.1133325,83584,9.464068412780762
1531261378.674853,83712,9.175975799560547
1531261498.2241652,83840,10.510467529296875
1531261617.6005008,83968,9.910542488098145
1531261835.790954,84096,9.704839706420898
1531261955.1321645,84224,10.892217636108398
1531262074.5726318,84352,10.073445320129395
1531262194.117231,84480,10.076557159423828
1531262411.9469078,84608,9.526030540466309
1531262531.672387,84736,9.372541427612305
1531262651.184027,84864,9.67783260345459
1531262770.6228607,84992,11.118881225585938
1531262986.7695959,85120,9.673917770385742
1531263106.0088372,85248,10.40539264678955
1531263225.4002674,85376,9.816144943237305
1531263344.8112798,85504,9.970226287841797
1531263560.7448137,85632,10.243080139160156
1531263680.3999884,85760,9.599008560180664
1531263799.9160306,85888,9.71042251586914
1531263919.179125,86016,10.839452743530273
1531264136.560853,86144,9.700940132141113
1531264256.181532,86272,9.931632041931152
1531264375.3487146,86400,9.805363655090332
1531264494.8151789,86528,10.294941902160645
1531264712.582534,86656,10.724421501159668
1531264832.009232,86784,10.166019439697266
1531264951.4256895,86912,10.200228691101074
1531265070.910415,87040,10.410727500915527
1531265287.1307862,87168,9.40849494934082
1531265406.7003922,87296,9.454014778137207
1531265525.9352448,87424,9.638358116149902
1531265645.2012913,87552,11.494327545166016
1531265860.328202,87680,10.696770668029785
1531265979.540345,87808,9.824690818786621
1531266098.8291435,87936,9.959226608276367
1531266218.2847524,88064,9.470958709716797
1531266435.3776948,88192,10.302254676818848
1531266554.9237251,88320,9.977387428283691
1531266674.5615926,88448,9.408077239990234
1531266794.1652863,88576,9.863611221313477
1531267011.4071002,88704,9.86412239074707
1531267131.1071608,88832,10.144875526428223
1531267250.7831216,88960,9.569974899291992
1531267370.4649112,89088,9.947188377380371
1531267586.0783305,89216,9.628803253173828
1531267705.4606988,89344,9.522187232971191
1531267825.0647328,89472,10.281035423278809
1531267944.6850514,89600,10.820511817932129
1531268160.3645008,89728,9.787399291992188
1531268279.6585348,89856,10.151463508605957
1531268399.1163208,89984,10.177961349487305
1531268518.6627326,90112,9.196646690368652
1531268736.4749339,90240,9.167165756225586
1531268855.9068248,90368,9.709559440612793
1531268975.5060327,90496,9.153254508972168
1531269094.9103851,90624,10.105047225952148
1531269314.4810288,90752,9.950543403625488
1531269434.0217474,90880,10.524994850158691
1531269553.6979697,91008,10.131275177001953
1531269673.252054,91136,9.348560333251953
1531269891.789897,91264,10.060515403747559
1531270011.3467543,91392,9.656518936157227
1531270130.9356487,91520,9.418638229370117
1531270250.5858307,91648,9.972722053527832
1531270469.2292154,91776,9.486968994140625
1531270588.9869318,91904,10.214958190917969
1531270708.6343753,92032,9.683294296264648
1531270828.2906528,92160,10.386133193969727
1531271047.64589,92288,9.849088668823242
1531271167.3217616,92416,10.65579891204834
1531271287.0728042,92544,9.645812034606934
1531271406.6870518,92672,9.638879776000977
1531271625.028815,92800,9.740530014038086
1531271744.444027,92928,9.67151165008545
1531271863.8543591,93056,9.405818939208984
1531271983.2534685,93184,11.067818641662598
1531272201.1332805,93312,10.156393051147461
1531272320.6551974,93440,9.560750007629395
1531272440.0935035,93568,9.727550506591797
1531272559.7866538,93696,10.391592979431152
1531272779.050806,93824,9.83073902130127
1531272898.6226962,93952,9.626285552978516
1531273018.2520895,94080,9.817912101745605
1531273137.7640233,94208,10.424535751342773
1531273353.7040179,94336,10.613296508789062
1531273473.119779,94464,9.515867233276367
1531273592.5210998,94592,10.171833038330078
1531273711.9442227,94720,10.060846328735352
1531273928.640003,94848,9.622488975524902
1531274047.868497,94976,10.1453218460083
1531274167.229225,95104,10.62710952758789
1531274286.5499406,95232,9.306086540222168
1531274503.762801,95360,9.892011642456055
1531274623.0148385,95488,9.912184715270996
1531274742.2642286,95616,8.9887056350708
1531274861.603755,95744,9.720271110534668
1531275079.7114015,95872,9.914202690124512
1531275199.1352363,96000,9.639065742492676
1531275318.5455585,96128,9.487903594970703
1531275437.8945572,96256,9.915033340454102
1531275655.0547376,96384,10.155776977539062
1531275774.5237436,96512,11.643338203430176
1531275893.910635,96640,10.092572212219238
1531276013.3988523,96768,10.517413139343262
1531276231.7419462,96896,9.714670181274414
1531276351.2591963,97024,10.938385963439941
1531276470.8505683,97152,9.35738754272461
1531276590.282913,97280,9.382623672485352
1531276806.8850613,97408,9.992805480957031
1531276926.2732677,97536,9.608270645141602
