wall_time,step,value
1531051263.548378,512,7.8201518058776855
1531051790.0386732,1024,5.674315452575684
1531052305.950537,1536,4.434548377990723
1531052824.4005413,2048,3.2420897483825684
1531053338.704078,2560,3.395034074783325
1531053859.692829,3072,2.8781771659851074
1531054377.8688557,3584,3.038851022720337
1531054895.2410152,4096,2.4171090126037598
1531055411.0586748,4608,2.672487497329712
1531055927.9782515,5120,2.568277597427368
1531056443.6437182,5632,2.434807300567627
1531056959.5571098,6144,2.574352502822876
1531057474.1925433,6656,3.018968343734741
1531057987.3323479,7168,2.164567470550537
1531058501.5678313,7680,2.7957992553710938
1531059012.9780562,8192,2.1101698875427246
1531059525.6159837,8704,2.7231059074401855
1531060037.918529,9216,2.392117977142334
1531060551.1775568,9728,2.412468194961548
1531061064.4688828,10240,2.094578742980957
1531061576.9953573,10752,1.798804759979248
1531062088.818426,11264,2.3192365169525146
1531062602.2846086,11776,2.2418272495269775
1531063114.4728932,12288,1.9987541437149048
1531063628.300708,12800,1.6943398714065552
1531064141.2981331,13312,1.66364324092865
1531064653.8946579,13824,2.070603609085083
1531065166.7206705,14336,1.648065447807312
1531065678.8419993,14848,1.8157899379730225
1531066194.366839,15360,2.579782009124756
1531066706.949469,15872,1.5185760259628296
1531067221.9546604,16384,1.6091351509094238
1531067734.8299427,16896,1.7310066223144531
1531068247.1872633,17408,1.735793948173523
1531068758.8034213,17920,1.6910688877105713
1531069271.8661876,18432,1.8850685358047485
1531069785.0879169,18944,1.7797694206237793
1531070299.3491588,19456,1.6367740631103516
1531070812.636676,19968,1.7484354972839355
1531071325.6840973,20480,1.6085330247879028
1531071838.9899826,20992,1.7950233221054077
1531072354.2758508,21504,1.8129470348358154
1531072868.7212355,22016,1.5410889387130737
1531073383.957851,22528,1.437455654144287
1531073898.5018916,23040,1.3767139911651611
1531074412.847621,23552,2.172093391418457
1531074927.338089,24064,1.4281920194625854
1531075441.7996514,24576,1.9509333372116089
1531075958.005535,25088,1.6346515417099
1531076473.8660383,25600,1.558085322380066
1531076988.6510763,26112,1.4537347555160522
1531077503.088054,26624,1.7516207695007324
1531078016.9264872,27136,1.5838768482208252
1531078531.914009,27648,2.059973955154419
1531079045.57602,28160,1.9809094667434692
1531079561.7421649,28672,1.8332123756408691
1531080078.2919188,29184,1.8084287643432617
1531080592.775905,29696,1.4658113718032837
1531081107.1875784,30208,1.5861737728118896
1531081624.0193658,30720,1.4643115997314453
1531082140.7427475,31232,1.4810563325881958
1531082658.020686,31744,1.494465947151184
1531083172.3216755,32256,1.3693854808807373
1531083688.0538902,32768,1.4278534650802612
1531084203.541118,33280,1.8274928331375122
1531084721.523051,33792,1.199713110923767
1531085239.5727913,34304,1.5683698654174805
1531085755.4421353,34816,1.5259240865707397
1531086271.5386262,35328,1.7899415493011475
1531086786.7078586,35840,1.769516944885254
1531087302.16138,36352,1.4660115242004395
1531087820.5338643,36864,2.3194148540496826
1531223285.6297247,37888,1.4021098613739014
1531223794.6967247,38400,1.1152653694152832
1531224305.7429526,38912,1.7674819231033325
1531224817.3378105,39424,1.3590184450149536
1531225329.4261816,39936,1.6118710041046143
1531277565.6306372,40960,1.511714220046997
1531278075.6295974,41472,1.169535756111145
1531278584.883706,41984,1.9389628171920776
1531279094.9758954,42496,1.2585604190826416
1531279605.057875,43008,1.5489494800567627
1531280115.4351115,43520,1.7714873552322388
1531280625.6599195,44032,1.5834060907363892
1531281136.5537822,44544,1.7542144060134888
1531281646.9072204,45056,1.1137492656707764
1531282158.643948,45568,1.324977993965149
1531282671.6189249,46080,1.6474523544311523
1531283183.7173727,46592,1.5333222150802612
1531283695.3252974,47104,1.5187314748764038
1531284205.75679,47616,1.4495103359222412
1531284717.1682022,48128,1.3388243913650513
1531285229.260137,48640,1.2993625402450562
1531285741.65209,49152,1.4737911224365234
1531286255.5033464,49664,1.5741723775863647
1531286765.9253907,50176,1.6464998722076416
1531287277.8238845,50688,1.5495097637176514
1531287790.2272093,51200,1.6510615348815918
1531288300.6625657,51712,1.6116056442260742
1531288813.2783155,52224,1.171165108680725
1531289325.1717813,52736,1.2228902578353882
1531289835.0515664,53248,1.2171263694763184
1531290345.9427607,53760,1.237414002418518
1531290859.1431167,54272,1.6633219718933105
1531291371.8902676,54784,1.2224311828613281
1531291885.08826,55296,1.1514925956726074
1531292398.722666,55808,1.4186400175094604
1531292912.4190762,56320,1.2948384284973145
1531293426.770502,56832,1.2218596935272217
1531293939.2120924,57344,1.285217046737671
1531294454.1881409,57856,1.4760031700134277
1531294967.8592117,58368,1.392144799232483
1531295483.6528604,58880,2.1127376556396484
1531295998.9630573,59392,1.4759875535964966
1531296512.7790425,59904,2.2772204875946045
1531297025.9367378,60416,1.5549302101135254
1531297539.4258847,60928,1.3171855211257935
1531298052.4647453,61440,1.7997349500656128
1531298565.8033836,61952,1.0506532192230225
1531299078.154588,62464,1.1474030017852783
1531299591.6767356,62976,1.2531230449676514
1531300106.1258147,63488,1.374861717224121
1531300620.43604,64000,1.4468116760253906
1531301134.1359837,64512,1.424641489982605
1531301648.353987,65024,1.4814233779907227
1531302163.9244974,65536,1.3993823528289795
1531302678.4354503,66048,1.720581293106079
1531303191.281497,66560,1.1356557607650757
1531303706.6054542,67072,1.2390565872192383
1531304220.5409384,67584,1.5034443140029907
1531304735.106189,68096,1.7304924726486206
1531305248.7075832,68608,1.3604639768600464
1531305761.699141,69120,1.3454174995422363
1531306274.5110104,69632,1.6383252143859863
1531306787.8155096,70144,1.2597695589065552
1531307300.7088807,70656,1.1238477230072021
1531307813.9070425,71168,1.2287129163742065
1531308326.6649928,71680,1.0477328300476074
1531308839.6164603,72192,1.2594681978225708
1531309352.8405478,72704,1.1687978506088257
1531309865.2856648,73216,1.1105825901031494
1531310380.6211863,73728,1.1967555284500122
1531310894.5251844,74240,1.1369633674621582
1531311406.5942738,74752,1.1492760181427002
1531311920.9088492,75264,1.3268314599990845
1531312433.9859672,75776,1.3785896301269531
1531312947.8184433,76288,1.1717945337295532
1531313462.5114372,76800,1.346034288406372
1531313977.4670672,77312,1.2961500883102417
1531322261.277771,78336,1.4781641960144043
1531322771.1807663,78848,1.4896570444107056
1531323279.9605122,79360,1.3693044185638428
1531323789.6441638,79872,1.3802235126495361
1531324298.3601913,80384,1.1478514671325684
1531324806.6854825,80896,1.20924973487854
1531325314.5252278,81408,1.5828100442886353
1531325823.5708842,81920,1.299524188041687
1531326333.13347,82432,1.3262041807174683
1531326841.8562486,82944,1.6869057416915894
1531327351.55747,83456,1.3479101657867432
1531327861.03993,83968,1.1057641506195068
1531328370.5081394,84480,1.4891283512115479
1531328880.6213558,84992,1.1122915744781494
1531329390.718446,85504,1.5997005701065063
1531329900.7359667,86016,1.3883472681045532
1531330410.2223017,86528,1.265712857246399
1531330920.5111887,87040,1.3340650796890259
1531331430.0311732,87552,1.1881396770477295
1531331941.1882493,88064,1.1665459871292114
1531332451.2106154,88576,1.584265947341919
1531332959.6987064,89088,1.0288245677947998
1531333470.322137,89600,1.2767019271850586
1531333980.1757736,90112,1.5820895433425903
1531334489.2412179,90624,1.264817237854004
1531334999.8741744,91136,1.35850191116333
1531335510.037744,91648,1.2448821067810059
1531336022.4701152,92160,1.2353957891464233
1531336532.3742633,92672,1.2353184223175049
1531337044.34446,93184,1.5000393390655518
1531337555.7609253,93696,1.0301527976989746
1531338067.1267972,94208,1.4468886852264404
1531338576.6414104,94720,1.3552324771881104
1531339088.4049034,95232,1.149646282196045
1531339599.9075902,95744,1.1697434186935425
1531340111.4919336,96256,1.1557620763778687
1531340620.7217815,96768,0.9967856407165527
1531341133.0832446,97280,1.7709403038024902
