wall_time,step,value
1530532661.1769357,512,105.33401489257812
1530532856.8213606,1024,55.438392639160156
1530533049.9535348,1536,15.946803092956543
1530533242.9335706,2048,12.57699966430664
1530533437.2839382,2560,20.24831199645996
1530533632.0412338,3072,14.282135009765625
1530533828.949524,3584,13.356216430664062
1530534024.3602297,4096,0.39871084690093994
1530534222.1905143,4608,4.610705852508545
1530534418.6987484,5120,-1.9978047609329224
1530534615.277205,5632,3.766378402709961
1530534812.1461725,6144,1.6803810596466064
1530535008.9622414,6656,-1.790311336517334
1530535205.3937635,7168,2.068176746368408
1530535402.0147903,7680,4.665703773498535
1530535599.8484104,8192,8.780452728271484
1530535798.354337,8704,-2.574864387512207
1530535995.0460215,9216,-3.1616954803466797
1530536192.3334093,9728,2.910693407058716
1530536388.9002264,10240,5.726401329040527
1530536585.5819235,10752,8.029409408569336
1530536783.011166,11264,8.573427200317383
1530536980.9806628,11776,4.117853164672852
1530537178.4039629,12288,7.295269966125488
1530537377.0086246,12800,9.234922409057617
1530537575.2900724,13312,6.428218841552734
1530537774.3132915,13824,-3.915656328201294
1530537971.6000693,14336,-7.829280376434326
1530538169.720398,14848,4.5336503982543945
1530538367.0920982,15360,-3.4482905864715576
1530538564.7792704,15872,-3.6700024604797363
1530538761.6220844,16384,-2.0882105827331543
1530538959.1364279,16896,3.1453096866607666
1530539157.1255684,17408,9.404247283935547
1530539355.3893383,17920,-5.617565631866455
1530539553.458062,18432,0.26205992698669434
1530539750.9276288,18944,-8.528726577758789
1530539948.776753,19456,-10.916238784790039
1530540147.3070965,19968,-0.7570366859436035
1530540345.675602,20480,-2.5010571479797363
1530540543.4648168,20992,-3.3573660850524902
1530540742.448534,21504,-14.050130844116211
1530540940.4608247,22016,-11.565398216247559
1530541140.86477,22528,6.370328903198242
1530541339.1481974,23040,-6.935859203338623
1530541538.109118,23552,11.663252830505371
1530541737.7893815,24064,-20.769668579101562
1530541938.7989028,24576,-8.929655075073242
1530542137.4089448,25088,-9.494318008422852
1530542335.5208848,25600,12.553706169128418
1530542534.864392,26112,15.78558349609375
1530542734.1327322,26624,-21.13825225830078
1530542932.8862805,27136,-22.286088943481445
1530543132.51672,27648,-10.426111221313477
1530543333.1756234,28160,-15.229397773742676
1530543531.6374693,28672,-33.84397506713867
1530543731.231598,29184,-9.125883102416992
1530543932.147553,29696,-27.288257598876953
1530544133.4568546,30208,-32.27970886230469
1530544332.7159967,30720,-16.461950302124023
1530544532.3541417,31232,-31.479694366455078
1530544733.8766706,31744,-46.18992614746094
1530544933.862187,32256,-37.99038314819336
1530545133.7066574,32768,-26.94253158569336
1530545333.8793852,33280,-37.803558349609375
1530545534.1869998,33792,-34.059322357177734
1530545734.5442681,34304,-23.17367935180664
1530545935.3813586,34816,-21.9724063873291
1530546134.7194088,35328,-18.237855911254883
1530546336.8361425,35840,-37.31938171386719
1530546536.6128812,36352,-32.26261901855469
1530546737.4722242,36864,-25.481563568115234
1530546938.0261087,37376,-20.56208038330078
1530547139.6561694,37888,-14.387886047363281
1530547340.860374,38400,-20.470796585083008
1530620365.5659225,39424,-32.48335266113281
1530620560.4649494,39936,-20.842267990112305
1530620757.5461893,40448,-37.06068420410156
1530620952.6516984,40960,-4.683523178100586
1530621149.727964,41472,-44.598724365234375
1530621345.606759,41984,-70.55253601074219
1530621541.6049316,42496,-58.57478713989258
1530621738.6785824,43008,-39.740325927734375
1530621935.458547,43520,-27.411500930786133
1530622132.2302642,44032,-0.9541240334510803
1530622328.7338662,44544,8.599947929382324
1530622523.9270325,45056,23.67367935180664
1530622720.3755999,45568,31.280147552490234
1530622918.385117,46080,4.416655540466309
1530623114.9966846,46592,-26.11054801940918
1530636788.8153858,47616,13.500019073486328
1530636986.9775753,48128,22.512300491333008
1530637183.8141398,48640,4.317355155944824
1530637380.6365197,49152,1.9154847860336304
1530637577.879592,49664,-30.41562843322754
1530637774.1245697,50176,-32.79686737060547
1530637971.2303965,50688,-53.49717330932617
1530638168.1499426,51200,-58.233367919921875
1530638365.3322258,51712,-31.876983642578125
1530638562.4770048,52224,-28.051591873168945
1530638759.8025873,52736,-23.919946670532227
1530638956.9147925,53248,-5.420759201049805
1530639154.3021276,53760,-8.813193321228027
1530639351.2835703,54272,-61.74946594238281
1530639548.065127,54784,-57.09377670288086
1530639745.6880262,55296,-54.395355224609375
1530639942.2660303,55808,-45.753318786621094
1530640138.8726194,56320,-65.53602600097656
1530640336.0279558,56832,-59.346519470214844
1530640533.6790442,57344,-88.87567901611328
1530640731.4566936,57856,-25.25729751586914
1530640928.1244779,58368,-79.7615966796875
1530641126.1481164,58880,-58.02685546875
1530641324.4167156,59392,-67.43800354003906
1530641522.4333003,59904,-84.52662658691406
1530641720.6877446,60416,-85.72860717773438
1530641919.7232034,60928,-65.82620239257812
1530642118.8502715,61440,67.74198913574219
1530642318.219968,61952,-96.07035827636719
1530642516.7830815,62464,14.518402099609375
1530642715.890679,62976,167.17605590820312
1530642915.2408543,63488,-4.447751998901367
1530643113.365943,64000,-194.66506958007812
1530643313.5035515,64512,-132.4500732421875
1530643512.2598822,65024,-142.6232452392578
1530643711.2922077,65536,-12.624296188354492
1530643909.717128,66048,17.168254852294922
1530644107.7203853,66560,-174.9992218017578
1530644305.837661,67072,10.390898704528809
1530644506.0005352,67584,-172.1671905517578
1530644704.9749627,68096,-21.52138900756836
1530644904.4326909,68608,81.12300109863281
1530645104.862529,69120,-179.67385864257812
1530645305.7872422,69632,133.6698760986328
1530645505.3577871,70144,-37.60236358642578
1530645704.2356992,70656,-104.17532348632812
1530645903.2307065,71168,-215.48175048828125
1530646102.181273,71680,-82.76936340332031
1530646301.374044,72192,-145.0281982421875
1530646502.2977524,72704,119.05471801757812
1530646702.1708975,73216,314.38739013671875
1530646902.6808503,73728,279.23651123046875
1530647103.671826,74240,120.88128662109375
1530647303.2847936,74752,123.099609375
1530647501.8649383,75264,321.2969970703125
1530647701.8794267,75776,213.3275146484375
1530647901.8757894,76288,406.11785888671875
1530648102.7133372,76800,161.34347534179688
1530648301.9658978,77312,359.18017578125
1530648501.7560859,77824,344.85040283203125
1530648701.7880826,78336,118.65066528320312
1530648901.4318497,78848,358.0897521972656
1530649103.072848,79360,61.113739013671875
1530649303.798372,79872,79.46267700195312
1530649504.2384267,80384,-92.0081787109375
1530649705.1287043,80896,48.89939880371094
1530649906.726378,81408,11.754836082458496
1530650107.920086,81920,-89.17312622070312
1530650308.5048053,82432,261.4225158691406
1530650509.2661211,82944,-56.05919647216797
1530650711.3404593,83456,71.90980529785156
1530650911.7376862,83968,-16.582332611083984
1530651112.3624141,84480,174.7141571044922
1530651314.2184107,84992,267.1973876953125
1530651517.2983477,85504,44.94491195678711
1530707823.7293873,86528,58.76199722290039
1530708019.1862664,87040,-81.94602966308594
1530708215.6215842,87552,-204.06631469726562
1530708411.8241985,88064,49.7819938659668
1530708608.1779377,88576,-52.765411376953125
1530708805.4594598,89088,-37.18958282470703
1530709002.4278984,89600,-105.10891723632812
1530709198.8378716,90112,-276.23828125
1530709395.345727,90624,-128.91845703125
1530709593.6825473,91136,-123.34814453125
1530709789.8748412,91648,76.91888427734375
1530709986.1101243,92160,74.31672668457031
1530710183.3820944,92672,-123.76734161376953
1530710381.1533794,93184,-117.99282836914062
1530710579.3005846,93696,-39.78626251220703
1530710775.7979457,94208,-44.65918731689453
1530710972.0215435,94720,-180.94027709960938
1530711169.9998026,95232,68.12640380859375
1530711366.9780023,95744,-316.71380615234375
1530711563.572188,96256,-118.90010070800781
1530711759.9192302,96768,-82.28276062011719
1530711956.6361897,97280,-75.09783172607422
