wall_time,step,value
1530492560.0344515,512,0.026212770491838455
1530492878.5347438,1024,0.020337484776973724
1530493199.3420165,1536,0.040943458676338196
1530493519.0754018,2048,0.031166374683380127
1530493838.6078007,2560,0.07371262460947037
1530494159.9452844,3072,0.05543665960431099
1530494479.8879983,3584,0.08342607319355011
1530494800.8721068,4096,0.05608777701854706
1530495120.4428203,4608,0.07175057381391525
1530495439.490618,5120,0.0486743226647377
1530495758.5495024,5632,0.09857837855815887
1530496077.5543475,6144,0.057278212159872055
1530496396.5227127,6656,0.028590373694896698
1530496714.4753537,7168,0.08722630888223648
1530497031.92399,7680,0.07704507559537888
1530497348.2043476,8192,0.10202436149120331
1530497665.5347698,8704,0.11064107716083527
1530782325.4462621,9728,0.08407805114984512
1530782641.3260126,10240,0.0689980685710907
1530782956.918376,10752,0.062442708760499954
1530783270.8692522,11264,0.056736547499895096
1530783584.9977636,11776,0.08613266050815582
1530783899.1007495,12288,0.09337130934000015
1530784212.7485487,12800,0.10302942991256714
1530784527.2192302,13312,0.1243647113442421
1530784842.2486427,13824,0.10842540860176086
1530785157.103204,14336,0.08168581873178482
1530785470.8019962,14848,0.13710157573223114
1530785786.352177,15360,0.07408718019723892
1530786100.6732419,15872,0.0928361713886261
1530786413.8314369,16384,0.11695300042629242
1530786729.9514012,16896,0.10392830520868301
1530787044.9561253,17408,0.1262521594762802
1530787360.0145392,17920,0.07726363092660904
1530787674.1150358,18432,0.08714044839143753
1530787989.5698345,18944,0.10094676911830902
1530788303.5114102,19456,0.14115563035011292
1530788617.2048428,19968,0.13028326630592346
1530788930.7305262,20480,0.11363328993320465
1530789245.3539598,20992,0.11060959845781326
1530789559.3847826,21504,0.16983769834041595
1530789875.1938274,22016,0.11744984239339828
1530790190.2204683,22528,0.1488727182149887
1530790505.4090784,23040,0.0732758641242981
1530790821.1805818,23552,0.1502235382795334
1530791137.9444218,24064,0.11928795278072357
1530791453.2245052,24576,0.0642906203866005
1530791768.1011202,25088,0.0912671759724617
1530792085.5263636,25600,0.05905456095933914
1530792401.3978956,26112,0.10541968792676926
1530792718.328744,26624,0.08751031756401062
1530793033.6039941,27136,0.07738193869590759
1530793349.8513062,27648,0.09266732633113861
1530793664.9510846,28160,0.13106496632099152
1530793981.9738796,28672,0.1468670666217804
1530794296.7587118,29184,0.07615318149328232
1530794611.9105823,29696,0.12328260391950607
1530794927.1217308,30208,0.14264804124832153
1530795242.6351764,30720,0.07594696432352066
1530795559.414366,31232,0.15426495671272278
1530795876.9466472,31744,0.10248494893312454
1530796193.2908826,32256,0.11329836398363113
1530796510.3173115,32768,0.19369706511497498
1530796828.752195,33280,0.12303879112005234
1530797146.2479436,33792,0.1388208568096161
1530797464.1105254,34304,0.19135963916778564
1530797780.4165246,34816,0.1171962171792984
1530798097.1492958,35328,0.06040685623884201
1530798414.5668252,35840,0.10639031231403351
1530798732.8247101,36352,0.1495569944381714
1530799049.349006,36864,0.13174982368946075
1530799366.428123,37376,0.07854760438203812
1530799685.6471133,37888,0.1404038667678833
1530800004.6162286,38400,0.12638285756111145
1530800321.7409575,38912,0.13833001255989075
1530800639.0639732,39424,0.08595877885818481
1530800956.7934003,39936,0.17115044593811035
1530801274.4736836,40448,0.11987647414207458
1530801591.609232,40960,0.12521056830883026
1530801909.0302553,41472,0.12884700298309326
1530802226.8686292,41984,0.14363522827625275
1530802543.7707963,42496,0.14833618700504303
1530802862.1801274,43008,0.14564037322998047
1530803179.6753817,43520,0.08051260560750961
1530803496.7849882,44032,0.19838319718837738
1530803814.9192474,44544,0.10989116132259369
1530804133.8375075,45056,0.09089785814285278
1530804451.4025838,45568,0.11534822732210159
1530804770.3387597,46080,0.13429632782936096
1530805091.6178305,46592,0.10532860457897186
1530805413.214007,47104,0.11983800679445267
1530839224.486188,48128,0.17948776483535767
1530839540.6097767,48640,0.1684183031320572
1530839858.0912547,49152,0.1264105886220932
1530840173.9451215,49664,0.16327796876430511
1530840490.361783,50176,0.17754565179347992
1530840806.968161,50688,0.15379725396633148
1530841122.630072,51200,0.11209293454885483
1530841438.3754256,51712,0.1330341100692749
1530841755.7991083,52224,0.13852334022521973
1530842072.0811393,52736,0.10598371922969818
1530842388.6307402,53248,0.07800527662038803
1530842704.5279365,53760,0.09961864352226257
1530843020.9256887,54272,0.1466723531484604
1530843336.847135,54784,0.1526833027601242
1530843653.6105344,55296,0.08785782754421234
1530843968.8474498,55808,0.08884117007255554
1530844284.8625278,56320,0.10116887837648392
1530844602.044836,56832,0.05433356761932373
1530844918.2172968,57344,0.1287454217672348
1530845234.8393445,57856,0.15422795712947845
1530845550.462822,58368,0.11053629219532013
1530845867.402745,58880,0.14741337299346924
1530846183.6578107,59392,0.11050882935523987
1530846500.8585844,59904,0.0778268575668335
1530846816.98874,60416,0.11348789930343628
1530847133.4287431,60928,0.07749628275632858
1530847450.5731947,61440,0.1091785803437233
1530847766.2989092,61952,0.076994389295578
1530848082.613624,62464,0.09240300953388214
1530848398.9182043,62976,0.10386887937784195
1530848715.7765787,63488,0.1045127585530281
1530849032.3877897,64000,0.10510429739952087
1530849350.0554566,64512,0.14617760479450226
1530849666.5578876,65024,0.10477325320243835
1530849982.7974946,65536,0.09944935142993927
1530850300.5656426,66048,0.13369449973106384
1530850617.1990242,66560,0.1339128464460373
1530850934.3401744,67072,0.1481540948152542
1530851251.5245814,67584,0.12763351202011108
1530851569.7698784,68096,0.13422608375549316
1530851888.3789086,68608,0.16183146834373474
1530852204.6150157,69120,0.07719495892524719
1530852523.5784934,69632,0.15313342213630676
1530852840.6529744,70144,0.0811234787106514
1530877730.053822,71168,0.12433004379272461
1530878044.9855032,71680,0.0921521708369255
1530878358.7204623,72192,0.12384866923093796
1530878672.2789705,72704,0.11857620626688004
1530878986.7289977,73216,0.13426785171031952
1530879299.5198221,73728,0.12345761060714722
1530879613.226383,74240,0.10525956749916077
1530879926.165058,74752,0.15085017681121826
1530886940.423737,75776,0.12764620780944824
1530887255.1365094,76288,0.13315103948116302
1530887569.83135,76800,0.13093653321266174
1530887884.230404,77312,0.10484959930181503
1530888199.7555091,77824,0.08945596218109131
1530888515.6347601,78336,0.058314502239227295
1530888831.7750072,78848,0.11322692036628723
1530889147.1805773,79360,0.09072566777467728
1530889462.0187545,79872,0.05202601104974747
1530889777.9506774,80384,0.12466084212064743
1530890094.2180116,80896,0.13828258216381073
1530890409.650153,81408,0.12237371504306793
1530890725.0589535,81920,0.08544136583805084
1530891040.7483735,82432,0.11348878592252731
1530891356.2010577,82944,0.11288769543170929
1530891672.0065506,83456,0.10364093631505966
1530891987.1827257,83968,0.15625795722007751
1530892304.0154574,84480,0.16369885206222534
1530892620.1824734,84992,0.05708514153957367
1530892935.7971706,85504,0.11674299836158752
1530893252.831931,86016,0.09230907261371613
1530893569.9421642,86528,0.1395738422870636
1530893886.9540298,87040,0.13036507368087769
1530894202.543207,87552,0.10250445455312729
1530894518.7978065,88064,0.16358594596385956
1530894835.189171,88576,0.1449781060218811
1530895152.0030088,89088,0.13976792991161346
1530895468.498223,89600,0.09030433744192123
1530895785.1477928,90112,0.12727226316928864
1530896101.4733932,90624,0.1514221429824829
1530896417.0193434,91136,0.1554412841796875
1530896733.407999,91648,0.11233788728713989
1530897049.891458,92160,0.10997531563043594
1530897365.934105,92672,0.11026252806186676
1530897681.3579514,93184,0.117594413459301
1530897998.4503207,93696,0.15118035674095154
1530898315.3906176,94208,0.09626474231481552
1530898631.687224,94720,0.07821591943502426
1530898947.4725986,95232,0.13009941577911377
1530899264.526832,95744,0.09106157720088959
1530904795.8330503,96768,0.08969611674547195
1530905110.230365,97280,0.10451514273881912
