wall_time,step,value
1531836366.956615,512,1.926469087600708
1531836817.1862016,1024,2.527777910232544
1531837268.9408624,1536,2.3627023696899414
1531837719.846361,2048,2.473313808441162
1531838169.4866264,2560,2.5894622802734375
1531838619.9778345,3072,2.551176071166992
1531839069.5828702,3584,2.647773027420044
1531839520.0566678,4096,2.785747766494751
1531839967.7763486,4608,2.759167432785034
1531840418.1266956,5120,2.8717212677001953
1531840868.0093904,5632,3.1076607704162598
1531841318.2906625,6144,3.027242660522461
1531841767.367894,6656,2.9556567668914795
1531842216.597513,7168,3.053740978240967
1531842665.9441803,7680,3.1459269523620605
1531843116.7223608,8192,3.175541400909424
1531843565.0428383,8704,3.2299163341522217
1531844013.603856,9216,3.2482571601867676
1531844462.3387313,9728,3.3023884296417236
1531844910.5501647,10240,3.3208065032958984
1531845360.72905,10752,3.4581851959228516
1531845810.519302,11264,3.4144718647003174
1531846258.884332,11776,3.350890636444092
1531846708.6498177,12288,3.3302085399627686
1531847158.9506788,12800,3.443711042404175
1531847608.2451768,13312,3.5820236206054688
1531848058.4813175,13824,3.5200657844543457
1531848506.7487547,14336,3.6087450981140137
1531848956.0160546,14848,3.638240098953247
1531849404.0305874,15360,3.6329808235168457
1531849854.396659,15872,3.695725679397583
1531850303.1985822,16384,3.766401767730713
1531850752.1086278,16896,3.7767882347106934
1531851201.657699,17408,3.7950336933135986
1531851650.1666052,17920,3.6140975952148438
1531852098.8543668,18432,3.722238063812256
1531852549.3145797,18944,3.764854907989502
1531852998.3249102,19456,3.7977702617645264
1531853446.601098,19968,3.798161029815674
1531853896.2416084,20480,3.84118390083313
1531854346.238841,20992,3.705408811569214
1531854795.8059874,21504,3.7384257316589355
1531855246.1053908,22016,3.745241641998291
1531855696.6792939,22528,3.7781383991241455
1531856146.0008984,23040,3.7780792713165283
1531856597.7976649,23552,3.6562893390655518
1531857047.9372797,24064,3.76552152633667
1531857500.3250484,24576,3.7469735145568848
1531857950.3150892,25088,3.788153886795044
1531858401.0952716,25600,3.8126778602600098
1531858850.9496334,26112,3.80141019821167
1531859303.3225272,26624,3.7837014198303223
1531859754.4848669,27136,3.8049495220184326
1531860205.320567,27648,3.7302184104919434
1531860656.8681674,28160,3.8104329109191895
1531861108.9659922,28672,3.7956089973449707
1531861560.626869,29184,3.7553696632385254
1531862010.6903183,29696,3.8000235557556152
1531862461.0855632,30208,3.747204542160034
1531862911.2463126,30720,3.8254997730255127
1531863363.1567402,31232,3.7647476196289062
1531863813.8411279,31744,3.87253999710083
1531864265.245577,32256,3.9115328788757324
1531864716.145219,32768,3.7645950317382812
1531865167.2310128,33280,3.9366869926452637
1531865617.7316723,33792,3.8693974018096924
1531866068.2948837,34304,3.854893922805786
1531866520.613232,34816,3.956122875213623
1531866971.8653598,35328,3.8614425659179688
1531867424.0974565,35840,3.864439010620117
1531867875.609033,36352,3.919931411743164
1531868328.2702308,36864,3.778738498687744
1531868781.0663881,37376,3.85693359375
1531952893.7055027,38400,3.7747528553009033
1531953341.5481896,38912,3.927213668823242
1531953790.4151053,39424,3.7464759349823
1531954237.1567914,39936,3.8551089763641357
1531954685.719457,40448,3.7920753955841064
1531955134.863761,40960,3.8238558769226074
1531955582.3916874,41472,3.84938383102417
1531956030.7705696,41984,3.811307191848755
1531956479.0266294,42496,3.888169765472412
1531956927.5783706,43008,3.8094112873077393
1531957376.2203932,43520,3.8410840034484863
1531957825.1417375,44032,3.881502628326416
1531958273.2273593,44544,3.8813490867614746
1531958720.9720752,45056,3.9253432750701904
1531959169.1039777,45568,3.8760647773742676
1531959618.2314398,46080,3.96671724319458
1531960066.7549787,46592,3.930751085281372
1531960520.3332863,47104,3.804471254348755
1531960976.3167045,47616,4.018295764923096
1531961429.7629426,48128,3.9003663063049316
1531961882.9937227,48640,3.8547959327697754
1531962336.4272459,49152,3.7448763847351074
1531962789.773354,49664,3.6851916313171387
1531963243.7630708,50176,3.5894837379455566
1531963697.227793,50688,3.6207211017608643
1531964151.330405,51200,3.6313910484313965
1531964605.226133,51712,3.6883225440979004
1531965057.1408687,52224,3.6614718437194824
1531965510.5045838,52736,3.6009011268615723
1531965963.2842038,53248,3.6532909870147705
1531966415.3337288,53760,3.574681043624878
1531966867.4497752,54272,3.485430955886841
1531967318.312266,54784,3.5248653888702393
1531967769.4902546,55296,3.4879024028778076
1531968222.5992105,55808,3.483797788619995
1531968677.0352018,56320,3.519155979156494
1531969129.6320143,56832,3.5928025245666504
1531969583.0013838,57344,3.578381061553955
1531970036.1670737,57856,3.5499324798583984
1531970489.4273362,58368,3.5653724670410156
1531970942.926294,58880,3.5269737243652344
1531971396.9268823,59392,3.5268936157226562
1531971850.6197255,59904,3.6566319465637207
1531972305.4889534,60416,3.6496055126190186
1531972759.978302,60928,3.575610399246216
1531973215.1533058,61440,3.6018333435058594
1531973670.6022663,61952,3.5296969413757324
1531974126.4510183,62464,3.5355734825134277
1531974582.2735288,62976,3.6011440753936768
1531975036.948272,63488,3.575572967529297
1531975492.1676953,64000,3.465489625930786
1531975946.7318633,64512,3.371286392211914
1531976402.634386,65024,3.5541491508483887
1531976857.2992668,65536,3.5136656761169434
1531977311.942081,66048,3.502180576324463
1531977767.0084271,66560,3.5558979511260986
1531978221.2745655,67072,3.684978485107422
1531978675.1949599,67584,3.6243090629577637
1531979128.6521604,68096,3.5557198524475098
1531979584.135609,68608,3.5566933155059814
1531980039.491723,69120,3.5751101970672607
1531980494.3860629,69632,3.5670325756073
1531980948.7415078,70144,3.5971484184265137
1531981404.720406,70656,3.6002583503723145
1531981860.9228077,71168,3.547917127609253
1532019770.7173905,72192,3.617018938064575
1532020221.6924233,72704,3.636327028274536
1532020673.7183368,73216,3.73993182182312
1532021125.3915825,73728,3.6799139976501465
1532021578.2660198,74240,3.605621337890625
1532022031.4954963,74752,3.6457958221435547
1532022484.1106377,75264,3.697739362716675
1532022936.2637637,75776,3.8372974395751953
1532023388.477363,76288,3.8022475242614746
1532023842.1128702,76800,3.6554532051086426
1532024295.6545124,77312,3.7586002349853516
1532024748.9000487,77824,3.676342725753784
1532025201.9717736,78336,3.5795719623565674
1532025655.827729,78848,3.644331693649292
1532026109.6491203,79360,3.6227269172668457
1532026565.924515,79872,3.5546422004699707
1532027020.044652,80384,3.6539292335510254
1532027473.4651117,80896,3.726963758468628
1532027927.9782345,81408,3.6099777221679688
1532028383.1854832,81920,3.5816047191619873
1532028836.5100012,82432,3.8038058280944824
1532029290.447755,82944,3.6303539276123047
1532029743.592774,83456,3.61259388923645
1532030198.2154782,83968,3.5799312591552734
1532030651.866148,84480,3.572629451751709
1532031106.099978,84992,3.6517651081085205
1532031558.614498,85504,3.6448988914489746
1532032011.2039742,86016,3.6165733337402344
1532032464.3972034,86528,3.650083541870117
1532032919.6155632,87040,3.6203808784484863
1532033373.9301355,87552,3.5693938732147217
1532033828.701615,88064,3.470940351486206
1532034282.2025568,88576,3.5221359729766846
1532034735.921111,89088,3.388514995574951
1532035190.1273727,89600,3.350795030593872
1532035644.3205757,90112,3.4319419860839844
1532036100.03359,90624,3.310758590698242
1532036554.9413328,91136,3.47632098197937
1532037009.282165,91648,3.370683193206787
1532037463.7821956,92160,3.550860643386841
1532037918.7425292,92672,3.505474090576172
1532038372.5878015,93184,3.606288194656372
1532038827.1430929,93696,3.5637848377227783
1532039282.1170819,94208,3.5754292011260986
1532039737.1942906,94720,3.4827990531921387
1532040190.3947096,95232,3.5233616828918457
1532040643.3998554,95744,3.479130268096924
1532074479.9851208,96768,3.562803268432617
1532074932.1371543,97280,3.5230965614318848
