wall_time,step,value
1530436385.0021117,512,0.597618818283081
1530436598.6950245,1024,0.36738547682762146
1530436812.0861375,1536,0.42997869849205017
1530437025.6486807,2048,0.37478259205818176
1530437239.5502396,2560,0.4369276762008667
1530437453.288118,3072,0.43356069922447205
1530437667.4311662,3584,0.3768947422504425
1530437882.010731,4096,0.38888484239578247
1530438096.4096897,4608,0.36857864260673523
1530438309.5960648,5120,0.35525447130203247
1530438524.9963014,5632,0.35507285594940186
1530438738.9981234,6144,0.3356875777244568
1530438952.801875,6656,0.33710819482803345
1530439165.8260744,7168,0.358462929725647
1530439380.0411963,7680,0.3182969093322754
1530439594.1368582,8192,0.33263254165649414
1530439808.8266168,8704,0.3218628764152527
1530440021.9483194,9216,0.3252851665019989
1530440236.2335386,9728,0.29598426818847656
1530440449.384147,10240,0.3264455199241638
1530440663.1893516,10752,0.33798888325691223
1530440876.7450712,11264,0.301349937915802
1530441092.3521214,11776,0.29775285720825195
1530441307.0547793,12288,0.29272300004959106
1530441521.3337612,12800,0.3014317452907562
1530441735.8933856,13312,0.3142234981060028
1530441950.208831,13824,0.28920575976371765
1530442164.6882515,14336,0.278411865234375
1530442379.4253428,14848,0.31036609411239624
1530442594.4597614,15360,0.2988695502281189
1530442808.3772573,15872,0.26424717903137207
1530443022.1553767,16384,0.3107660710811615
1530443236.575989,16896,0.27918148040771484
1530443451.0135367,17408,0.3121960163116455
1530443665.8341722,17920,0.29390984773635864
1530443881.766521,18432,0.2816433012485504
1530444096.2851536,18944,0.28045958280563354
1530444311.555802,19456,0.29435786604881287
1530444526.5378187,19968,0.28263238072395325
1530444741.0196617,20480,0.2876322567462921
1530444956.113593,20992,0.2719298303127289
1530445171.079398,21504,0.2746821939945221
1530445386.1708374,22016,0.26884520053863525
1530445602.0369003,22528,0.2845257520675659
1530445817.6423643,23040,0.2632768750190735
1530446033.6374311,23552,0.27331429719924927
1530446248.335339,24064,0.2834168076515198
1530446464.1288009,24576,0.2793616056442261
1530446679.270072,25088,0.2846050262451172
1530446895.0571728,25600,0.29885971546173096
1530447110.1943588,26112,0.28730881214141846
1530447324.52407,26624,0.28982484340667725
1530447539.6220317,27136,0.3102814555168152
1530447755.6684988,27648,0.285083144903183
1530447970.564049,28160,0.28411030769348145
1530448186.7844605,28672,0.30434757471084595
1530448402.074226,29184,0.2871560752391815
1530448618.084903,29696,0.30429524183273315
1530448833.4534352,30208,0.2994106411933899
1530449050.3745532,30720,0.3017556667327881
1530449265.8160925,31232,0.2995069622993469
1530449481.5485911,31744,0.2843591570854187
1530449696.8213081,32256,0.27122047543525696
1530449912.4089618,32768,0.29823338985443115
1530450127.7548976,33280,0.2918317914009094
1530450343.686213,33792,0.28695234656333923
1530450560.9569728,34304,0.2849653661251068
1530450777.1868103,34816,0.2949337363243103
1530450994.6122293,35328,0.30653202533721924
1530451212.17693,35840,0.2871290445327759
1530451428.0209205,36352,0.28691723942756653
1530451643.3505516,36864,0.3115282952785492
1530451859.2458057,37376,0.2901614308357239
1530452076.0391283,37888,0.29656338691711426
1530452294.5049717,38400,0.29452842473983765
1530586095.4496183,39424,0.2853008806705475
1530586309.3253038,39936,0.27836287021636963
1530586523.4540992,40448,0.293226033449173
1530586737.3056052,40960,0.2823859453201294
1530586951.6058993,41472,0.29489603638648987
1530587165.5987918,41984,0.28964662551879883
1530587379.0755324,42496,0.27929461002349854
1530587593.55268,43008,0.2871987223625183
1530587808.5066762,43520,0.27999553084373474
1530588023.6124077,44032,0.2787974178791046
1530588239.2751715,44544,0.2871095538139343
1530588453.6827183,45056,0.2764780819416046
1530588668.2355978,45568,0.2885810136795044
1530588884.0223386,46080,0.277681440114975
1530589099.1363356,46592,0.28939497470855713
1530589312.9205444,47104,0.29426488280296326
1530589528.3883777,47616,0.2957150936126709
1530589744.1686082,48128,0.29730740189552307
1530589958.743211,48640,0.2931504547595978
1530590173.8966622,49152,0.30766919255256653
1530590389.439891,49664,0.29286178946495056
1530590604.44922,50176,0.2940005362033844
1530590820.308121,50688,0.3114670515060425
1530591035.6735857,51200,0.3103843927383423
1530591250.587491,51712,0.3375706672668457
1530591465.871339,52224,0.3023858666419983
1530591680.5083325,52736,0.31697970628738403
1530591897.5936751,53248,0.3000299632549286
1530592112.841736,53760,0.29597729444503784
1530592328.5865057,54272,0.30653947591781616
1530592544.4392405,54784,0.3039790391921997
1530592761.582984,55296,0.29405826330184937
1530592978.1647775,55808,0.2956504821777344
1530593195.1881485,56320,0.31399980187416077
1530593412.195642,56832,0.29953429102897644
1530593628.0842917,57344,0.2972417175769806
1530593843.6152046,57856,0.2846979796886444
1530594060.0427492,58368,0.2960926294326782
1530594274.8567321,58880,0.30295801162719727
1530594492.1353052,59392,0.2849610149860382
1530594708.1997097,59904,0.2901971638202667
1530594924.3047388,60416,0.2951522767543793
1530595141.652127,60928,0.3028581738471985
1530595358.9471624,61440,0.2853509783744812
1530595576.009973,61952,0.2824981212615967
1530672072.8216643,62976,0.2823808491230011
1530672286.4340963,63488,0.28468674421310425
1530672500.619624,64000,0.2787030041217804
1530672715.8094304,64512,0.29152870178222656
1530672929.436831,65024,0.28857728838920593
1530673144.1997924,65536,0.3063250184059143
1530673358.227714,66048,0.2914421856403351
1530673571.5698354,66560,0.294524610042572
1530673786.20373,67072,0.2993113100528717
1530674000.283507,67584,0.30231910943984985
1530674214.4412897,68096,0.3050023913383484
1530674427.930315,68608,0.2926054894924164
1530674642.723397,69120,0.2939054071903229
1530674856.9424517,69632,0.29778602719306946
1530675072.4510226,70144,0.2839216887950897
1530675287.1343007,70656,0.2897484302520752
1530675501.463772,71168,0.30294328927993774
1530675716.0443573,71680,0.29209381341934204
1530675931.969866,72192,0.30122989416122437
1530676148.075357,72704,0.29091677069664
1530676361.773389,73216,0.2845660150051117
1530676576.3200605,73728,0.29121512174606323
1530676790.7720273,74240,0.2845180928707123
1530677005.274028,74752,0.27773648500442505
1530677219.4688919,75264,0.2899283170700073
1530712293.0758421,76288,0.3010295629501343
1530712505.9650881,76800,0.29544785618782043
1530712718.4613166,77312,0.30073651671409607
1530712931.1859057,77824,0.3087739944458008
1530713143.7179146,78336,0.2887895703315735
1530713356.1519399,78848,0.299090176820755
1530713568.9627395,79360,0.294603556394577
1530713781.8516939,79872,0.2828906178474426
1530713994.9931357,80384,0.2923084497451782
1530714207.6845574,80896,0.2849920094013214
1530714420.4085398,81408,0.3045816719532013
1530714634.826723,81920,0.29633915424346924
1530714848.6340146,82432,0.2917575240135193
1530715062.1926305,82944,0.2962350845336914
1530715275.6236467,83456,0.2908867597579956
1530715490.148262,83968,0.28893542289733887
1530715703.5293345,84480,0.27394193410873413
1530715917.8278904,84992,0.28661850094795227
1530716131.156678,85504,0.30355653166770935
1530716344.542301,86016,0.3145931363105774
1530716559.2773323,86528,0.3128807842731476
1530716772.6313052,87040,0.291734516620636
1530716987.517202,87552,0.30582213401794434
1530717202.3054926,88064,0.29934442043304443
1530717415.7943451,88576,0.3093588650226593
1530717629.896282,89088,0.30961161851882935
1530717843.7511544,89600,0.29152190685272217
1530718057.379421,90112,0.30416858196258545
1530718271.5746372,90624,0.2996324598789215
1530718485.683139,91136,0.31400272250175476
1530718699.8842912,91648,0.30997589230537415
1530718914.3322234,92160,0.29858553409576416
1530719129.4040825,92672,0.3080115020275116
1530719343.840649,93184,0.30924978852272034
1530719557.946902,93696,0.299654483795166
1530719772.2841167,94208,0.3159077763557434
1530719986.71376,94720,0.3023979663848877
1530720201.569797,95232,0.2873454689979553
1530720415.8471608,95744,0.2967633008956909
1530720632.260411,96256,0.304826557636261
1530720846.5347314,96768,0.31285470724105835
1530721061.3918471,97280,0.3030165731906891
