wall_time,step,value
1531869889.401331,512,2.3135597705841064
1531870584.2399592,1024,2.4001882076263428
1531871271.9843578,1536,2.7172868251800537
1531871957.261264,2048,2.874993085861206
1531872642.7379777,2560,2.9753851890563965
1531873323.3335328,3072,3.092550754547119
1531874000.967335,3584,3.195462703704834
1531874676.6139534,4096,3.2995097637176514
1531875349.2297087,4608,3.368346691131592
1531876019.5985427,5120,3.578673839569092
1531876688.6562774,5632,3.6728622913360596
1531877358.756263,6144,3.593132495880127
1531878029.474209,6656,3.731815814971924
1531878699.3389535,7168,3.854666233062744
1531879369.4400382,7680,4.054821968078613
1531880038.8386538,8192,3.9129364490509033
1531880710.251758,8704,3.8861453533172607
1531881383.306302,9216,3.9630253314971924
1531882058.3355765,9728,4.114152431488037
1531882733.7045524,10240,3.924449920654297
1531883409.0314817,10752,4.035573959350586
1531884081.2211437,11264,4.139686584472656
1531884756.3731003,11776,4.029760360717773
1531885429.4411228,12288,4.05173397064209
1531886102.1355283,12800,4.138011932373047
1531886775.2285082,13312,4.023367881774902
1531887449.6866689,13824,4.091121196746826
1531888124.3594272,14336,4.0488433837890625
1531888797.5946693,14848,4.1967878341674805
1531889470.0128603,15360,4.1489152908325195
1531890144.508676,15872,4.229934215545654
1531890817.6799908,16384,4.123110294342041
1531891491.6521332,16896,3.93937349319458
1531892164.2674935,17408,4.138400077819824
1531892838.5887027,17920,4.115575790405273
1531893512.0177445,18432,3.952932357788086
1531894185.8748791,18944,4.172358512878418
1531894859.819924,19456,3.9521546363830566
1531895533.6614344,19968,4.024257183074951
1532075897.7287314,20992,4.018857002258301
1532076568.9628286,21504,4.019341945648193
1532077241.0052898,22016,3.995941162109375
1532077911.947427,22528,4.022471904754639
1532081986.655432,23552,3.993939161300659
1532082657.3716817,24064,3.9533698558807373
1532083330.1444645,24576,3.9743010997772217
1532084001.2074897,25088,3.790005922317505
1532084672.912178,25600,3.9643149375915527
1532085343.8051357,26112,3.9451546669006348
1532086014.7227874,26624,3.8980934619903564
1532086687.8187711,27136,3.837585926055908
1532087359.4639063,27648,3.8138206005096436
1532088030.3433976,28160,3.852689027786255
1532088704.2977316,28672,3.964562177658081
1532089379.12678,29184,3.898040771484375
1532090049.839936,29696,3.8841445446014404
1532090724.7640796,30208,3.8812286853790283
1532091399.53687,30720,3.7579352855682373
1532092071.0765698,31232,3.782177448272705
1532092746.1715293,31744,3.9255096912384033
1532093420.8979018,32256,3.7419674396514893
1532094095.6791432,32768,3.875309467315674
1532094770.7641783,33280,3.7909367084503174
1532095443.3326232,33792,3.765312671661377
1532096118.4719052,34304,3.8063583374023438
1532096792.636127,34816,3.749518871307373
1532097466.775904,35328,3.790539503097534
1532098143.7502577,35840,3.731513261795044
1532098822.235455,36352,3.672555446624756
1532099497.620249,36864,3.789410352706909
1532100173.121967,37376,3.8745579719543457
1532100849.0456994,37888,3.7966861724853516
1532101525.6525495,38400,3.85300874710083
1532102200.7329483,38912,3.820840358734131
1532102877.1911995,39424,3.7955074310302734
1532111234.1433856,40448,3.6548428535461426
1532111908.7004871,40960,3.8033554553985596
1532112584.859149,41472,3.804734468460083
1532113261.2035127,41984,3.709407091140747
1532113941.8269038,42496,3.7305057048797607
1532114621.3239882,43008,3.5868592262268066
1532115297.9857976,43520,3.6419289112091064
1532115977.0510752,44032,3.697497606277466
1532116652.9122584,44544,3.6077873706817627
1532117331.491092,45056,3.707716703414917
1532118009.3417435,45568,3.642587661743164
1532118685.890392,46080,3.7394280433654785
1532119363.1451926,46592,3.7401669025421143
1532120039.9127495,47104,3.7469143867492676
1532120717.7266932,47616,3.7043004035949707
1532121397.378278,48128,3.7288308143615723
1532122076.9269395,48640,3.6018784046173096
1532122754.6727576,49152,3.778655529022217
1532123434.6454315,49664,3.664961338043213
1532124112.5825148,50176,3.6588425636291504
1532124790.6290398,50688,3.5965323448181152
1532125470.2062273,51200,3.6410281658172607
1532126151.9811895,51712,3.6721858978271484
1532126832.4058893,52224,3.6840598583221436
1532127511.3572779,52736,3.563074827194214
1532128191.6926534,53248,3.6154913902282715
1532128871.5775423,53760,3.605429172515869
1532129551.534645,54272,3.554830551147461
1532130230.7969997,54784,3.6429717540740967
1532130912.006969,55296,3.6135947704315186
1532131593.813886,55808,3.6741631031036377
1532132273.247851,56320,3.6353085041046143
1532132953.9550266,56832,3.579577922821045
1532133634.6245944,57344,3.557217836380005
1532134312.3418422,57856,3.548992872238159
1532134995.2204704,58368,3.5409960746765137
1532135673.807605,58880,3.5531229972839355
1532136354.6343963,59392,3.4796085357666016
1532137036.5252233,59904,3.5745861530303955
1532137715.3275788,60416,3.5432212352752686
1532138397.402779,60928,3.6463541984558105
1532139077.8442268,61440,3.5092062950134277
1532139758.7723331,61952,3.5734024047851562
1532164888.690111,62976,3.3451285362243652
1532165565.638039,63488,3.4743831157684326
1532166239.6948035,64000,3.5222198963165283
1532166916.9622827,64512,3.4262404441833496
1532167594.5655935,65024,3.4778072834014893
1532168273.0578847,65536,3.568573474884033
1532168946.8521805,66048,3.5667011737823486
1532169624.780513,66560,3.418125867843628
1532170302.8219311,67072,3.4934191703796387
1532170978.1696086,67584,3.5669891834259033
1532171654.0665622,68096,3.5541770458221436
1532172333.8018658,68608,3.5554184913635254
1532173010.2487385,69120,3.567542552947998
1532173688.1675375,69632,3.490489959716797
1532174366.7873607,70144,3.6132984161376953
1532175045.3024216,70656,3.516258955001831
1532175721.5036457,71168,3.401430130004883
1532176399.0971768,71680,3.665747880935669
1532177075.5335193,72192,3.5900771617889404
1532177751.484754,72704,3.55743145942688
1532178430.8299592,73216,3.514186382293701
1532179109.265568,73728,3.500744581222534
1532179786.7980208,74240,3.486910581588745
1532180467.9709272,74752,3.5079967975616455
1532181146.0088992,75264,3.5108158588409424
1532181821.494418,75776,3.55037260055542
1532182502.401234,76288,3.426197052001953
1532183183.2147713,76800,3.466526508331299
1532183862.0569477,77312,3.630389451980591
1532184538.4854794,77824,3.481755018234253
1532185213.3266835,78336,3.5389068126678467
1532185893.0378125,78848,3.476555347442627
1532186570.6407092,79360,3.4877772331237793
1532187250.495856,79872,3.500281810760498
1532187929.31321,80384,3.4722065925598145
1532188606.9131205,80896,3.4979934692382812
1532189285.102261,81408,3.4850926399230957
1532189966.0355978,81920,3.4562511444091797
1532190646.278001,82432,3.421772003173828
1532191325.8870654,82944,3.529087781906128
1532192005.545035,83456,3.5499439239501953
1532192682.9831917,83968,3.4729621410369873
1532193360.16532,84480,3.454183578491211
1532194038.7728102,84992,3.502455949783325
1532194720.6234775,85504,3.5146102905273438
1532195402.5012963,86016,3.514441728591919
1532196084.4597185,86528,3.5348594188690186
1532196774.8831728,87040,3.618286609649658
1532197464.3621435,87552,3.7644431591033936
1532198153.0471425,88064,3.850980758666992
1532198833.8997371,88576,3.8704922199249268
1532199521.8683133,89088,4.025010108947754
1532200197.6839104,89600,4.072635650634766
1532200877.020183,90112,4.0592780113220215
1532201557.8142576,90624,4.0928778648376465
1532202237.450996,91136,4.188195705413818
1532202920.407149,91648,4.144749164581299
1532203601.7975245,92160,4.248127460479736
1532204278.7419412,92672,4.224159240722656
1532204957.844375,93184,4.315598011016846
1532205642.8650146,93696,4.457180976867676
1532206321.4217615,94208,4.236697196960449
1532207006.6047196,94720,4.5168046951293945
1532207677.8252077,95232,4.374301910400391
1532208343.784629,95744,4.321053981781006
1532209005.106512,96256,4.360443115234375
1532209672.9756129,96768,4.412621974945068
1532210334.7083323,97280,4.311324596405029
