wall_time,step,value
1533325555.4707952,512,2.2449135780334473
1533327964.1794899,1024,2.64967679977417
1533330341.1844385,1536,2.9672322273254395
1533332715.362634,2048,3.1089773178100586
1533335064.507652,2560,3.339003801345825
1533337380.0959115,3072,3.502840757369995
1533339683.8938973,3584,3.550865650177002
1533341974.4643853,4096,3.676826000213623
1533344284.9506958,4608,3.764258623123169
1533346606.6511495,5120,3.881132125854492
1533348931.6070716,5632,4.014368057250977
1533351229.9008203,6144,3.985840320587158
1533353545.9844723,6656,3.9766056537628174
1533671399.8416862,7680,4.11278772354126
1533824951.4217212,8192,4.179698944091797
1533827240.206211,8704,4.147070407867432
1533829528.289336,9216,4.140047550201416
1533831825.2934268,9728,4.161026477813721
1533834118.577278,10240,4.0333781242370605
1533836418.1203194,10752,4.133297920227051
1533838721.9806442,11264,4.071619987487793
1533841029.606751,11776,4.179558753967285
1533843328.4604194,12288,4.0925984382629395
1533845644.270315,12800,4.046998023986816
1533847941.0103745,13312,4.1173224449157715
1533850248.4634085,13824,4.183699607849121
1533852554.915465,14336,4.088240146636963
1533854854.6994045,14848,4.057389259338379
1533857159.0989034,15360,4.0698018074035645
1533859474.4939134,15872,4.131669044494629
1533861799.222074,16384,4.054186820983887
1533864104.0456765,16896,4.029629707336426
1533866421.418942,17408,4.149347305297852
1533868744.5371628,17920,3.886232852935791
1533871055.622142,18432,3.9227688312530518
1533873373.7794452,18944,4.006960868835449
1533875687.7007203,19456,4.012279987335205
1533877997.8100867,19968,3.9450950622558594
1533880289.6742165,20480,3.938589572906494
1533882581.9873652,20992,4.0368452072143555
1533884876.0814173,21504,4.009575366973877
1533887174.4298346,22016,4.014741897583008
1533889465.5826125,22528,3.9842753410339355
1533891775.8367178,23040,3.9082188606262207
1533894076.0055172,23552,4.051830291748047
1533896383.2076344,24064,3.9026267528533936
1533898679.6487522,24576,3.7443485260009766
1533900962.0228796,25088,3.7982964515686035
1533903246.3412676,25600,3.836346387863159
1533905550.2032096,26112,3.8652844429016113
1533907844.8347068,26624,3.888291835784912
1533910150.2036762,27136,3.9176571369171143
1533912437.293767,27648,3.8357512950897217
1533916976.3349736,28672,3.7467892169952393
1533919276.5763795,29184,3.805419921875
1533921576.0953515,29696,3.7967610359191895
1533923888.419287,30208,3.8460593223571777
1533926188.5850577,30720,3.7838759422302246
1533928500.5176568,31232,3.766784191131592
1533930799.8196468,31744,3.8533363342285156
1533933113.4557378,32256,3.7726006507873535
1533935428.3954833,32768,3.7660796642303467
1533937748.6356578,33280,3.7543551921844482
1533940062.8549457,33792,3.8044605255126953
1533942380.6758459,34304,3.77587628364563
1533944699.7141707,34816,3.809321641921997
1533947014.6619775,35328,3.780301570892334
1533949335.9839385,35840,3.6539535522460938
1533951661.2825687,36352,3.7114226818084717
1533953981.6661036,36864,3.6794910430908203
1533956287.027315,37376,3.7709813117980957
1533958607.1753552,37888,3.7104530334472656
1533960928.249439,38400,3.8135650157928467
1533963231.3855743,38912,3.6275100708007812
1533965544.190373,39424,3.730712413787842
1533967860.5051415,39936,3.6869311332702637
1533970180.8422508,40448,3.6001763343811035
1533972510.5623043,40960,3.675431489944458
1533974825.998418,41472,3.786665439605713
1533977138.8048122,41984,3.560718536376953
1533979467.738288,42496,3.5495972633361816
1533981792.3091257,43008,3.66180157661438
1533984106.0032883,43520,3.581406354904175
1533986441.3934393,44032,3.5509743690490723
1533988766.4635184,44544,3.7891273498535156
1533991077.070209,45056,3.60099720954895
1533993400.3950088,45568,3.587860584259033
1533995713.6226866,46080,3.680441379547119
1533998037.6865792,46592,3.5426056385040283
1534000354.5494642,47104,3.6279385089874268
1534002674.7171679,47616,3.676415205001831
1534004996.0176008,48128,3.634500503540039
1534007322.4824255,48640,3.5313096046447754
1534009639.43165,49152,3.6413979530334473
1534011945.5563698,49664,3.5834598541259766
1534014267.2803469,50176,3.524723768234253
1534016594.4183161,50688,3.5448391437530518
1534018919.0561626,51200,3.55910062789917
1534021253.156048,51712,3.51375150680542
1534023572.1473448,52224,3.6280205249786377
1534025897.2848039,52736,3.3921947479248047
1534028205.258121,53248,3.5332870483398438
1534030535.7657835,53760,3.591416120529175
1534032859.6615188,54272,3.5113773345947266
1534035183.234508,54784,3.620892286300659
1534037502.426742,55296,3.5516140460968018
1534039828.5876637,55808,3.4881458282470703
1534042154.926147,56320,3.4457969665527344
1534044495.1477792,56832,3.4322280883789062
1534099296.5348003,57344,3.4771831035614014
1534101604.4628334,57856,3.517010450363159
1534103933.689725,58368,3.5283515453338623
1534106258.7283633,58880,3.3567543029785156
1534108582.763544,59392,3.413989543914795
1534110902.4287732,59904,3.5454373359680176
1534113222.8174963,60416,3.48014760017395
1534115555.3152642,60928,3.4456546306610107
1534117880.9146063,61440,3.3757553100585938
1534120201.8072016,61952,3.4620068073272705
1534122537.3704588,62464,3.460942506790161
1534124871.7354066,62976,3.5423038005828857
1534127196.5965815,63488,3.4046378135681152
1534129519.385815,64000,3.395376682281494
1534131832.4616644,64512,3.3841094970703125
1534134160.4890158,65024,3.4343948364257812
1534136496.4961417,65536,3.4057071208953857
1534138828.3763855,66048,3.5117294788360596
1534141162.2386997,66560,3.39189076423645
1534143505.0268195,67072,3.355189085006714
1534145843.7027395,67584,3.39971661567688
1534148188.1932693,68096,3.3641536235809326
1534150519.3200963,68608,3.465407133102417
1534152863.3747196,69120,3.4097208976745605
1534155201.1485736,69632,3.398010730743408
1534157548.367845,70144,3.427335262298584
1534159880.348399,70656,3.3725619316101074
1534162216.758282,71168,3.4085910320281982
1534164560.9239485,71680,3.3681800365448
1534166895.4556627,72192,3.3064188957214355
1534169229.028096,72704,3.3653016090393066
1534171566.508622,73216,3.379437208175659
1534173910.9745011,73728,3.3882534503936768
1534176254.1913805,74240,3.3807380199432373
1534178594.8835006,74752,3.339279890060425
1534180936.3924735,75264,3.385486602783203
1534185242.813395,76288,3.3776943683624268
1534187575.0607092,76800,3.3183345794677734
1534189928.3085508,77312,3.366748094558716
1534192275.8485663,77824,3.3272616863250732
1534194618.765041,78336,3.3746161460876465
1534196964.2283459,78848,3.376800060272217
