wall_time,step,value
1530471340.4093938,512,465.9162902832031
1530471622.5477505,1024,113.25359344482422
1530471907.5580616,1536,118.21204376220703
1530472190.4810896,2048,61.88203430175781
1530472472.5453074,2560,59.14873504638672
1530472755.3453481,3072,75.14862060546875
1530473038.1275768,3584,52.52899169921875
1530473320.3997915,4096,51.50977325439453
1530473603.6643367,4608,59.719207763671875
1530473886.8374355,5120,41.17848205566406
1530474171.0291038,5632,53.51447677612305
1530474453.7676644,6144,52.94759750366211
1530474737.0195298,6656,69.51949310302734
1530475020.177836,7168,51.06389617919922
1530475302.7451475,7680,83.9878158569336
1530475584.9352365,8192,67.02711486816406
1530475866.6084745,8704,85.2145767211914
1530476149.367486,9216,74.39743041992188
1530476432.1912303,9728,86.38043975830078
1530476714.570156,10240,84.38483428955078
1530476996.0102065,10752,103.68175506591797
1530477278.2049224,11264,94.97380065917969
1530477560.3854764,11776,91.82731628417969
1530477842.2558606,12288,84.45125579833984
1530478123.8708515,12800,84.63289642333984
1530478404.0060446,13312,88.55811309814453
1530478686.1062844,13824,67.8822021484375
1530478968.6700134,14336,68.5033187866211
1530479249.9192708,14848,75.97872161865234
1530479532.9552534,15360,62.601837158203125
1530479815.4252827,15872,84.56938934326172
1530480097.1091504,16384,61.42361831665039
1530480378.7500167,16896,67.65827178955078
1530480661.3593209,17408,66.9079360961914
1530480943.6008928,17920,69.72960662841797
1530481224.9311717,18432,57.24574661254883
1530481505.3095586,18944,83.24571228027344
1530481787.1581118,19456,61.83448791503906
1530482068.853615,19968,57.93634033203125
1530482351.0321422,20480,64.68739318847656
1530482633.4800713,20992,57.27891540527344
1530482916.3172152,21504,68.95320892333984
1530483198.2002904,22016,52.62804412841797
1530483480.6560535,22528,45.53530502319336
1530483762.9405775,23040,54.444297790527344
1530484046.4794693,23552,42.955345153808594
1530484328.7054532,24064,44.561126708984375
1530484612.166179,24576,45.42916488647461
1530484895.639704,25088,44.772857666015625
1530485177.9814,25600,45.21657180786133
1530485461.6163166,26112,46.917945861816406
1530485743.9728582,26624,42.60551834106445
1530486028.0658596,27136,42.28328323364258
1530486310.2241645,27648,48.44142150878906
1530486593.3537445,28160,39.43144226074219
1530486877.9579132,28672,51.78402328491211
1530487160.5786233,29184,39.69263458251953
1530487443.997556,29696,41.810302734375
1530487728.8879335,30208,38.53870391845703
1530488012.263591,30720,43.01957702636719
1530488296.7526193,31232,44.0932502746582
1530488580.0597808,31744,39.49940872192383
1530488864.891785,32256,44.14028549194336
1530489150.1590576,32768,42.884647369384766
1530489434.6539383,33280,44.96798324584961
1530489718.7502449,33792,43.399009704589844
1530490002.138691,34304,47.20869445800781
1530490285.7050822,34816,57.253047943115234
1530490571.046996,35328,48.78335189819336
1530490855.682174,35840,49.30338668823242
1530491139.610252,36352,45.34125900268555
1530491423.1325178,36864,42.32975387573242
1530491706.1156178,37376,44.60637283325195
1530491991.173183,37888,48.46738815307617
1530740126.1481552,38912,47.59980392456055
1530740404.8762665,39424,44.73196029663086
1530740684.5312495,39936,43.1125602722168
1530740963.3380737,40448,44.84653091430664
1530741242.9179065,40960,46.7442741394043
1530741522.6327488,41472,46.696651458740234
1530741802.0963411,41984,44.14834213256836
1530742081.684957,42496,46.44303894042969
1530742361.1524615,43008,46.952423095703125
1530742642.7642345,43520,49.81805419921875
1530742923.8917394,44032,49.17021560668945
1530743204.1841624,44544,49.06266784667969
1530743485.0248582,45056,47.31420135498047
1530743766.6599357,45568,43.32007598876953
1530744048.9457874,46080,43.02069854736328
1530744330.50695,46592,46.559661865234375
1530744611.4711208,47104,46.79813003540039
1530744893.177763,47616,43.08793258666992
1530745174.6122,48128,44.28524398803711
1530745455.0624425,48640,44.938026428222656
1530745736.9942722,49152,46.68608474731445
1530746017.9237585,49664,46.40491485595703
1530746300.7170908,50176,48.0980110168457
1530746581.4341114,50688,48.0919303894043
1530746862.5236678,51200,45.46953582763672
1530747144.608426,51712,43.89457702636719
1530747425.978906,52224,45.11447525024414
1530747708.398021,52736,45.02867126464844
1530747989.5864313,53248,52.57676696777344
1530748272.2242017,53760,43.30400848388672
1530748553.311832,54272,40.564674377441406
1530748834.5104609,54784,48.24449920654297
1530749116.5734994,55296,44.7637825012207
1530749397.6412466,55808,46.63927459716797
1530749679.51841,56320,47.70811462402344
1530749961.537676,56832,48.96417236328125
1530750244.2948558,57344,55.14482116699219
1530750526.597883,57856,48.30034255981445
1530750809.0767422,58368,48.10383224487305
1530751091.3853908,58880,49.45230484008789
1530751371.8898065,59392,47.89625549316406
1530751654.4646003,59904,53.988548278808594
1530751936.6753953,60416,47.79197692871094
1530752220.0387342,60928,54.57288360595703
1530752500.9879804,61440,48.09931564331055
1530752782.0935485,61952,48.80298614501953
1530753065.1584642,62464,51.00691223144531
1530753346.2414625,62976,53.77382278442383
1530753628.8082776,63488,51.260982513427734
1530753913.033688,64000,50.47908020019531
1530754195.8858697,64512,53.44675827026367
1530754478.4394193,65024,54.58448791503906
1530754761.710294,65536,55.2697868347168
1530755046.4215736,66048,50.83261489868164
1530755329.0703206,66560,56.35131072998047
1530755611.8828113,67072,55.27964782714844
1530755894.5885408,67584,60.678955078125
1530756177.90594,68096,50.02901077270508
1530756460.4199224,68608,53.070308685302734
1530756742.9816227,69120,52.092002868652344
1530757026.9539142,69632,53.84627914428711
1530757309.0337873,70144,54.41403579711914
1530757592.7740557,70656,53.77197265625
1530757875.568354,71168,53.53422546386719
1530758157.96153,71680,59.047847747802734
1530758441.457218,72192,55.539546966552734
1530758723.598485,72704,54.78433609008789
1530759008.2327702,73216,51.548152923583984
1530759290.831017,73728,54.1046028137207
1530759574.534307,74240,54.02073669433594
1530759858.1986601,74752,53.14905548095703
1530760141.6765108,75264,51.77074432373047
1530770032.3700192,75776,57.739723205566406
1530770312.7821083,76288,58.14203643798828
1530770592.6351962,76800,55.44434356689453
1530770874.5836616,77312,51.808921813964844
1530771154.1120343,77824,50.93655776977539
1530771433.912232,78336,52.98772048950195
1530771714.1144912,78848,49.41905212402344
1530771994.070759,79360,51.10749435424805
1530772273.90204,79872,52.71874237060547
1530772555.2704334,80384,50.58385467529297
1530772836.655733,80896,52.47783660888672
1530773117.7260597,81408,51.42467498779297
1530773398.9091291,81920,56.227386474609375
1530773679.4311051,82432,52.3639030456543
1530773960.40674,82944,53.67095184326172
1530774242.5848386,83456,55.581233978271484
1530774524.5979416,83968,55.842247009277344
1530774805.2931032,84480,52.749080657958984
1530775085.1129138,84992,50.04302978515625
1530775365.3363607,85504,52.84869384765625
1530775645.7855976,86016,55.5088996887207
1530775927.9398077,86528,54.69029235839844
1530776208.772739,87040,56.54341506958008
1530776489.2615943,87552,55.28116989135742
1530776771.1130579,88064,51.9189567565918
1530777053.4199967,88576,57.1638069152832
1530777333.8693826,89088,64.29344177246094
1530777614.5770798,89600,53.18454360961914
1530777895.5925808,90112,58.1566162109375
1530778176.4915597,90624,51.8809928894043
1530778456.825809,91136,53.08893585205078
1530778737.9194212,91648,48.45127487182617
1530779018.735729,92160,49.454933166503906
1530779301.2688496,92672,51.680580139160156
1530779582.6222963,93184,49.08504104614258
1530779864.388312,93696,58.36823272705078
1530780145.8336704,94208,52.81733322143555
1530780426.9074712,94720,55.30268096923828
1530780708.8198054,95232,50.15202331542969
1530780989.8684437,95744,56.00933074951172
1530781271.4328673,96256,53.92051315307617
1530781551.8537676,96768,56.222076416015625
1530781833.8310628,97280,57.4740104675293
