wall_time,step,value
1531110041.0159717,512,0.45293304324150085
1531110396.5603318,1024,0.42270657420158386
1531110752.2007768,1536,0.3887203633785248
1531111108.3072717,2048,0.3485804498195648
1531111462.26778,2560,0.3313070237636566
1531111817.1252139,3072,0.31664732098579407
1531112171.2558658,3584,0.2784421443939209
1531112523.3592415,4096,0.2842283248901367
1531112873.7912874,4608,0.2708990275859833
1531113226.495815,5120,0.2602734863758087
1531113575.4079087,5632,0.2502586543560028
1531113924.569509,6144,0.24264714121818542
1531114274.6843991,6656,0.23311908543109894
1531114626.080887,7168,0.23320136964321136
1531367971.5476646,8192,0.21753659844398499
1531368316.2629402,8704,0.2170899212360382
1531368661.2079556,9216,0.2087574303150177
1531369005.7278612,9728,0.20791973173618317
1531369350.6807895,10240,0.20431211590766907
1531369697.380467,10752,0.19477932155132294
1531370042.3504746,11264,0.19442644715309143
1531370387.5154054,11776,0.19558532536029816
1531370732.3693383,12288,0.18606507778167725
1531371078.4347384,12800,0.1838977336883545
1531371425.035213,13312,0.18514077365398407
1531371770.3713782,13824,0.1823083460330963
1531372117.312501,14336,0.16926951706409454
1531372462.7488263,14848,0.17472712695598602
1531372808.5930996,15360,0.16780371963977814
1531373153.827791,15872,0.16347071528434753
1531373499.1366065,16384,0.1631081998348236
1531373844.5884364,16896,0.15633438527584076
1531374189.9321506,17408,0.15934883058071136
1531374537.0580437,17920,0.15728715062141418
1531374883.1983182,18432,0.15474945306777954
1531375230.4871473,18944,0.15603743493556976
1531375577.3259814,19456,0.1524762362241745
1531375925.1263926,19968,0.15236890316009521
1531376271.342858,20480,0.15271316468715668
1531376617.2384818,20992,0.14679332077503204
1531376963.9587946,21504,0.14455023407936096
1531377310.7415512,22016,0.1472892314195633
1531377656.3325334,22528,0.1464117169380188
1531378003.647576,23040,0.14885860681533813
1531378350.4524117,23552,0.14466142654418945
1531378696.0131211,24064,0.14482152462005615
1531379042.8927221,24576,0.14060001075267792
1531379389.320098,25088,0.13880638778209686
1531379735.3913126,25600,0.13548070192337036
1531380083.4683158,26112,0.13717319071292877
1531380429.4111886,26624,0.1378445029258728
1531380777.4335415,27136,0.13861562311649323
1531381123.748649,27648,0.13129928708076477
1531381470.938011,28160,0.1320926547050476
1531381817.2056844,28672,0.133052259683609
1531382165.4896815,29184,0.13433079421520233
1531382511.506292,29696,0.13590453565120697
1531382859.427814,30208,0.13402293622493744
1531383208.7303426,30720,0.13113129138946533
1531383557.0863872,31232,0.13168242573738098
1531383905.8031163,31744,0.12621669471263885
1531384253.7313979,32256,0.12706148624420166
1531384602.1998162,32768,0.12628164887428284
1531384950.4100506,33280,0.12654273211956024
1531385298.8636096,33792,0.12703540921211243
1531385646.31394,34304,0.13222754001617432
1531385994.309201,34816,0.12256099283695221
1531386342.9936254,35328,0.12183034420013428
1531386690.6867423,35840,0.12231217324733734
1531387039.1442122,36352,0.1211676225066185
1531387387.7272656,36864,0.11985193192958832
1531387735.2545943,37376,0.1231229305267334
1531388083.6805499,37888,0.11467404663562775
1531388430.9961286,38400,0.1165790781378746
1531388778.3682418,38912,0.11815671622753143
1531389127.4776287,39424,0.11561711132526398
1531389474.4447935,39936,0.11765676736831665
1531389821.9376948,40448,0.11256369203329086
1531390170.2532387,40960,0.11226896196603775
1531390518.222688,41472,0.1113065853714943
1531390866.1388142,41984,0.11129375547170639
1531391214.17439,42496,0.11539626121520996
1531391561.7000349,43008,0.11068319529294968
1531391909.7679927,43520,0.11203275620937347
1531392259.3126283,44032,0.11188824474811554
1531392606.21256,44544,0.1140599176287651
1531392954.6976113,45056,0.11352508515119553
1531393303.4288409,45568,0.10866843909025192
1531416779.9594848,46592,0.10778025537729263
1531417123.6158552,47104,0.10940666496753693
1531417469.2519312,47616,0.11035528779029846
1531417812.7628489,48128,0.11000636219978333
1531418159.0886006,48640,0.10287929326295853
1531418504.1707406,49152,0.10484719276428223
1531418848.3291612,49664,0.1066608726978302
1531419195.148689,50176,0.10088332742452621
1531419540.2278614,50688,0.10317984968423843
1531419886.6543803,51200,0.10430528223514557
1531420231.1568835,51712,0.10111880302429199
1531420576.2492664,52224,0.09993718564510345
1531420922.5041928,52736,0.09826010465621948
1531421268.378916,53248,0.09510687738656998
1531421612.925697,53760,0.09745895117521286
1531421958.4628131,54272,0.09748879820108414
1531422304.7316458,54784,0.09459824860095978
1531422650.315784,55296,0.09153325110673904
1531422994.8730793,55808,0.09342962503433228
1531423340.4603016,56320,0.09494120627641678
1531423686.762556,56832,0.09470878541469574
1531424033.2104814,57344,0.09123250842094421
1531424379.128045,57856,0.09227821975946426
1531424724.374405,58368,0.09121284633874893
1531425070.471593,58880,0.09046848118305206
1531425416.5123525,59392,0.08844657242298126
1531425763.2357242,59904,0.0886668935418129
1531426108.844343,60416,0.09049811214208603
1531426455.4984493,60928,0.09199398756027222
1531426800.7176094,61440,0.09089918434619904
1531427147.667094,61952,0.08979053795337677
1531427494.2005682,62464,0.09495444595813751
1531427842.7875338,62976,0.09530804306268692
1531428188.7746766,63488,0.09308503568172455
1531428536.478895,64000,0.09515289962291718
1531428883.7014217,64512,0.09305132925510406
1531429231.6557412,65024,0.09379011392593384
1531429579.1342583,65536,0.09305406361818314
1531429925.9093525,66048,0.09316805005073547
1531430272.972276,66560,0.09083359688520432
1531430619.5090864,67072,0.090042844414711
1531430967.4562361,67584,0.09128975868225098
1531431314.777679,68096,0.09015492349863052
1531431662.0477757,68608,0.0894344374537468
1531432010.046573,69120,0.0905560776591301
1531432357.8417015,69632,0.08996891975402832
1531432705.6227489,70144,0.08640197664499283
1531433055.481268,70656,0.08868393301963806
1531433403.9572878,71168,0.09240153431892395
1531433754.0759876,71680,0.08925403654575348
1531434101.2972322,72192,0.08898455649614334
1531434451.6778615,72704,0.08891383558511734
1531434799.4010031,73216,0.08848738670349121
1531435149.6448689,73728,0.08735090494155884
1531435498.2963588,74240,0.08945616334676743
1531435847.7037673,74752,0.08624796569347382
1531436198.2675264,75264,0.0866311565041542
1531436546.5101168,75776,0.08529224991798401
1531436895.975271,76288,0.08540923148393631
1531437244.6381724,76800,0.08555443584918976
1531437593.4578407,77312,0.08675596863031387
1531437943.006538,77824,0.08587867021560669
1531438291.0772796,78336,0.08577454835176468
1531438640.5162911,78848,0.08528134971857071
1531438990.749501,79360,0.08644431829452515
1531439341.879208,79872,0.08480618894100189
1531439690.8505204,80384,0.08493711054325104
1531440040.864577,80896,0.08354537189006805
1531440390.1062105,81408,0.08551927655935287
1531440741.8416257,81920,0.08503320068120956
1531441092.3933043,82432,0.08621839433908463
1531441442.0580318,82944,0.08624634891748428
1531441793.9619937,83456,0.08373923599720001
1531442145.6378093,83968,0.08260495960712433
1531517719.5205367,84992,0.08322074264287949
1531518064.770622,85504,0.08470357209444046
1531518409.7573018,86016,0.08210718631744385
1531518755.2646513,86528,0.08043993264436722
1531519101.3662207,87040,0.08175195753574371
1531519449.1396801,87552,0.08001565933227539
1531519795.5142815,88064,0.08004042506217957
1531520142.5774105,88576,0.07921595871448517
1531520489.2535396,89088,0.0767669752240181
1531520836.19832,89600,0.07480649650096893
1531521183.4393983,90112,0.08063451945781708
1531521531.1113195,90624,0.07985617965459824
1531521879.400496,91136,0.07620863616466522
1531522226.9305847,91648,0.07686427235603333
1531522575.0113082,92160,0.0755198746919632
1531522922.9459875,92672,0.07763329893350601
1531523270.3099108,93184,0.07849520444869995
1531523617.8865802,93696,0.07703770697116852
1531523966.0534205,94208,0.07636091858148575
1531524314.1270368,94720,0.07797582447528839
1531524663.6620154,95232,0.08176080137491226
1531525012.430655,95744,0.07551949471235275
1531525360.480263,96256,0.07630638033151627
1531525708.9309924,96768,0.07740515470504761
1531526057.1625338,97280,0.07663435488939285
