wall_time,step,value
1532211835.844858,512,308.88555908203125
1532212902.6640596,1024,275.1551513671875
1532213965.1221545,1536,261.4985046386719
1532215016.808246,2048,233.7727508544922
1532216066.5280282,2560,214.2471466064453
1532217119.5284595,3072,198.384765625
1532218159.1825743,3584,190.590576171875
1532219192.8400283,4096,181.72320556640625
1532220227.5581698,4608,176.07815551757812
1532221262.0250633,5120,167.02622985839844
1532222294.0847907,5632,163.40480041503906
1532223326.9756246,6144,152.71226501464844
1532224358.7021954,6656,146.90139770507812
1532225389.581817,7168,145.70037841796875
1532226419.0129468,7680,140.64401245117188
1532227451.9571564,8192,132.9429168701172
1532228482.315992,8704,135.3670196533203
1532229519.065823,9216,134.7939453125
1532230553.6473858,9728,133.4639434814453
1532231592.3109717,10240,126.95013427734375
1532232631.2789192,10752,122.29522705078125
1532233670.5502968,11264,125.75677490234375
1532234707.8423347,11776,118.1253662109375
1532235743.7454927,12288,120.31761169433594
1532236780.4880965,12800,118.07254791259766
1532237819.1036024,13312,115.85231018066406
1532238856.869159,13824,113.70838165283203
1532239892.8128107,14336,104.6307373046875
1532240928.6561606,14848,107.11844635009766
1532241968.4734445,15360,104.95994567871094
1532243010.5796466,15872,103.44337463378906
1532244053.1014898,16384,107.80680084228516
1532245094.8648496,16896,102.74392700195312
1532246131.426584,17408,99.04386901855469
1532247168.944183,17920,99.17887878417969
1532248206.723506,18432,94.83513641357422
1532249246.896603,18944,92.18006896972656
1532250288.4563456,19456,92.85912322998047
1532251324.7493966,19968,93.0145492553711
1532252365.6812773,20480,92.04192352294922
1532253407.885968,20992,85.0247573852539
1532254445.4346404,21504,87.44235229492188
1532255487.1327593,22016,88.35356903076172
1532256526.9234774,22528,86.85438537597656
1532257565.359028,23040,86.34588623046875
1532258605.3483467,23552,85.46027374267578
1532259645.7098868,24064,87.07337188720703
1532260690.185323,24576,81.99340057373047
1532261732.5866015,25088,83.59290313720703
1532262776.7745848,25600,77.70366668701172
1532263816.169713,26112,81.0565185546875
1532264860.2795498,26624,82.05863189697266
1532265902.3509958,27136,78.92849731445312
1532266946.4710054,27648,79.37187957763672
1532267990.4375546,28160,76.35218048095703
1532269033.3374324,28672,75.57781219482422
1532270079.2880995,29184,76.11300659179688
1532271124.1401296,29696,78.4610366821289
1532272166.0315447,30208,75.93962097167969
1532273211.2966135,30720,72.74336242675781
1532274258.2336159,31232,74.05924224853516
1532275303.8052523,31744,69.25117492675781
1532276348.0623565,32256,70.1655044555664
1532277392.7904198,32768,70.58721160888672
1532278435.0134459,33280,72.38338470458984
1532279480.1359391,33792,73.13934326171875
1532307913.1835148,34304,72.38355255126953
1532308955.471007,34816,69.9923095703125
1532310002.8966832,35328,68.67916107177734
1532311046.666798,35840,67.77729034423828
1532312093.4499738,36352,67.73932647705078
1532313138.278634,36864,67.3797607421875
1532385029.7338338,37888,67.9644546508789
1532386072.362616,38400,67.64553833007812
1532387117.2527976,38912,66.02188873291016
1532388164.2880933,39424,66.78130340576172
1532389210.6588192,39936,67.22305297851562
1532390256.3059747,40448,65.63325500488281
1532391299.3045247,40960,62.109535217285156
1532392345.5743363,41472,62.55549621582031
1532393393.071727,41984,65.31565856933594
1532394438.2029018,42496,65.41049194335938
1532395484.6360059,43008,62.16112518310547
1532396531.7477014,43520,63.797000885009766
1532397576.8105896,44032,60.832427978515625
1532398622.457974,44544,59.92378616333008
1532399668.1244943,45056,60.40348434448242
1532400714.6357448,45568,58.98355484008789
1532401761.3923213,46080,59.04962158203125
1532402808.208273,46592,61.262779235839844
1532403856.7498562,47104,61.81873321533203
1532404908.4012315,47616,62.54414749145508
1532405956.2833855,48128,58.27750778198242
1532407007.6723514,48640,61.039886474609375
1532408056.4300497,49152,58.3515625
1532409105.3134968,49664,58.2557373046875
1532410153.4209104,50176,59.305450439453125
1532411201.9594812,50688,55.42245864868164
1532412251.6114864,51200,58.687503814697266
1532413303.2299335,51712,61.88335037231445
1532414353.1584365,52224,57.59157943725586
1532415405.3690794,52736,57.7342529296875
1532416456.3886178,53248,57.549560546875
1532417503.3011353,53760,58.04646301269531
1532418554.292904,54272,56.192718505859375
1532419604.4479187,54784,57.5771484375
1532420654.0977507,55296,56.6379508972168
1532421707.558549,55808,57.58033752441406
1532422757.604635,56320,54.08677291870117
1532423807.2984772,56832,55.10218048095703
1532424855.4097874,57344,56.409507751464844
1532425902.749055,57856,54.868408203125
1532426948.5521817,58368,56.55350112915039
1532427999.8453248,58880,55.26453399658203
1532429053.250141,59392,54.75390625
1532430105.757364,59904,53.86646270751953
1532431159.8845873,60416,57.814918518066406
1532432213.597787,60928,53.125648498535156
1532433266.7716246,61440,54.65500259399414
1532434315.7554984,61952,52.49667739868164
1532435368.7119966,62464,52.213069915771484
1532436423.7684162,62976,54.470191955566406
1532437477.9097018,63488,51.95914077758789
1532438528.7609658,64000,54.30748748779297
1532439583.854934,64512,53.10311508178711
1532440636.619084,65024,52.753726959228516
1532441690.9774017,65536,53.425323486328125
1532442746.778201,66048,54.83297348022461
1532443800.6281633,66560,51.8277587890625
1532444854.0340984,67072,50.49900436401367
1532445908.4415615,67584,52.7901611328125
1532446964.1046288,68096,53.06058120727539
1532448016.5187657,68608,51.936153411865234
1532449068.936284,69120,51.21306610107422
1532450123.8630574,69632,51.25138854980469
1532451177.8021765,70144,51.31742477416992
1532452232.2836428,70656,50.87636184692383
1532453282.7835157,71168,54.24650192260742
1532471927.3936546,71680,54.3759765625
1532472975.102633,72192,50.238868713378906
1532474021.978157,72704,53.42121124267578
1532475069.36011,73216,51.15264129638672
1532476117.9002562,73728,48.37991714477539
1532477166.9439814,74240,47.69242477416992
1532478218.3607237,74752,50.363433837890625
1532479270.0369678,75264,50.44300079345703
1532480320.8068557,75776,49.681766510009766
1532481369.3628716,76288,52.06655502319336
1532482418.9143426,76800,49.457427978515625
1532483471.5499358,77312,48.80278778076172
1532484520.0422404,77824,50.44623947143555
1532485572.129884,78336,49.611183166503906
1532486622.8585167,78848,46.65325164794922
1532487672.650323,79360,50.51091003417969
1532488726.6069796,79872,50.23594665527344
1532489776.6824965,80384,50.76775360107422
1532490832.5102866,80896,50.566104888916016
1532491885.5122783,81408,47.67031478881836
1532492936.4017105,81920,47.31450271606445
1532493986.8332822,82432,48.72279739379883
1532495041.4477994,82944,48.07666015625
1532496097.292273,83456,50.63113021850586
1532497150.041841,83968,48.76784133911133
1532498203.5028722,84480,50.16126251220703
1532499257.6514509,84992,46.95284652709961
1532500311.8473227,85504,49.53557586669922
1532501363.5124626,86016,48.67317199707031
1532502417.54043,86528,49.312374114990234
1532503468.1583047,87040,49.71064758300781
1532504518.911394,87552,48.79093933105469
1532505568.0424647,88064,47.23418426513672
1532506620.5021336,88576,48.440818786621094
1532507672.8142865,89088,47.195072174072266
1532508728.1065853,89600,48.418392181396484
1532509781.076522,90112,48.709373474121094
1532510834.4277186,90624,48.15371322631836
1532511888.9685097,91136,46.526851654052734
1532512943.9951372,91648,47.26008224487305
1532513998.4543362,92160,45.893226623535156
1532515054.6514955,92672,47.11302947998047
1532516108.4031086,93184,45.81565475463867
1532517162.2497342,93696,48.11178207397461
1532518217.663987,94208,46.6645622253418
1532519269.4996157,94720,45.649200439453125
1532520324.8195503,95232,46.422019958496094
1532521379.5151515,95744,47.423526763916016
1532522437.539155,96256,47.67355728149414
1532523495.0685275,96768,44.614295959472656
1532524548.9572194,97280,45.874900817871094
