wall_time,step,value
1530436385.0021117,512,65.91863250732422
1530436598.6950245,1024,166.31471252441406
1530436812.0861375,1536,147.1678466796875
1530437025.6486807,2048,48.748565673828125
1530437239.5502396,2560,197.3632354736328
1530437453.288118,3072,202.25360107421875
1530437667.4311662,3584,207.72494506835938
1530437882.010731,4096,117.52727508544922
1530438096.4096897,4608,134.23681640625
1530438309.5960648,5120,112.02298736572266
1530438524.9963014,5632,173.22348022460938
1530438738.9981234,6144,109.29801177978516
1530438952.801875,6656,118.20326232910156
1530439165.8260744,7168,109.54439544677734
1530439380.0411963,7680,108.69798278808594
1530439594.1368582,8192,121.03984069824219
1530439808.8266168,8704,114.63019561767578
1530440021.9483194,9216,169.697998046875
1530440236.2335386,9728,198.1528778076172
1530440449.384147,10240,129.59344482421875
1530440663.1893516,10752,217.319091796875
1530440876.7450712,11264,183.533203125
1530441092.3521214,11776,168.17990112304688
1530441307.0547793,12288,210.2594451904297
1530441521.3337612,12800,131.69732666015625
1530441735.8933856,13312,101.58690643310547
1530441950.208831,13824,71.22784423828125
1530442164.6882515,14336,99.41824340820312
1530442379.4253428,14848,111.91169738769531
1530442594.4597614,15360,41.01893615722656
1530442808.3772573,15872,50.56262969970703
1530443022.1553767,16384,98.60287475585938
1530443236.575989,16896,-5.5029377937316895
1530443451.0135367,17408,15.55717658996582
1530443665.8341722,17920,96.46684265136719
1530443881.766521,18432,87.540771484375
1530444096.2851536,18944,67.1390380859375
1530444311.555802,19456,130.9882049560547
1530444526.5378187,19968,57.065433502197266
1530444741.0196617,20480,76.28627014160156
1530444956.113593,20992,106.46189880371094
1530445171.079398,21504,11.783459663391113
1530445386.1708374,22016,-171.72203063964844
1530445602.0369003,22528,180.17611694335938
1530445817.6423643,23040,-6.499878883361816
1530446033.6374311,23552,117.65470123291016
1530446248.335339,24064,-185.13482666015625
1530446464.1288009,24576,-197.4282684326172
1530446679.270072,25088,345.687744140625
1530446895.0571728,25600,342.5941162109375
1530447110.1943588,26112,207.26434326171875
1530447324.52407,26624,-18.468204498291016
1530447539.6220317,27136,-443.5992431640625
1530447755.6684988,27648,-214.43389892578125
1530447970.564049,28160,-426.46002197265625
1530448186.7844605,28672,-104.83927917480469
1530448402.074226,29184,157.52574157714844
1530448618.084903,29696,194.613037109375
1530448833.4534352,30208,147.1461181640625
1530449050.3745532,30720,292.29547119140625
1530449265.8160925,31232,134.86819458007812
1530449481.5485911,31744,451.349853515625
1530449696.8213081,32256,217.08074951171875
1530449912.4089618,32768,126.25405883789062
1530450127.7548976,33280,195.0308837890625
1530450343.686213,33792,-568.1815185546875
1530450560.9569728,34304,-214.4657745361328
1530450777.1868103,34816,-30.94821548461914
1530450994.6122293,35328,396.68450927734375
1530451212.17693,35840,849.6414794921875
1530451428.0209205,36352,-232.03079223632812
1530451643.3505516,36864,350.16937255859375
1530451859.2458057,37376,485.94097900390625
1530452076.0391283,37888,314.6962890625
1530452294.5049717,38400,272.00970458984375
1530586095.4496183,39424,-395.315673828125
1530586309.3253038,39936,-189.33029174804688
1530586523.4540992,40448,721.8472900390625
1530586737.3056052,40960,36.53045654296875
1530586951.6058993,41472,300.8025207519531
1530587165.5987918,41984,-370.3575439453125
1530587379.0755324,42496,-388.9272155761719
1530587593.55268,43008,233.33729553222656
1530587808.5066762,43520,-197.5089111328125
1530588023.6124077,44032,130.87222290039062
1530588239.2751715,44544,-173.15185546875
1530588453.6827183,45056,-324.20611572265625
1530588668.2355978,45568,143.79913330078125
1530588884.0223386,46080,-181.9722900390625
1530589099.1363356,46592,109.8558578491211
1530589312.9205444,47104,205.65621948242188
1530589528.3883777,47616,27.924314498901367
1530589744.1686082,48128,-405.530517578125
1530589958.743211,48640,-208.39651489257812
1530590173.8966622,49152,-270.27911376953125
1530590389.439891,49664,-460.3462219238281
1530590604.44922,50176,493.9483337402344
1530590820.308121,50688,7.405274868011475
1530591035.6735857,51200,420.30352783203125
1530591250.587491,51712,254.17794799804688
1530591465.871339,52224,-11.267309188842773
1530591680.5083325,52736,209.47494506835938
1530591897.5936751,53248,439.4181823730469
1530592112.841736,53760,-123.479248046875
1530592328.5865057,54272,411.07733154296875
1530592544.4392405,54784,-255.78665161132812
1530592761.582984,55296,-257.1231994628906
1530592978.1647775,55808,273.28558349609375
1530593195.1881485,56320,-55.170894622802734
1530593412.195642,56832,146.3088836669922
1530593628.0842917,57344,-581.1498413085938
1530593843.6152046,57856,456.7342529296875
1530594060.0427492,58368,232.87908935546875
1530594274.8567321,58880,-448.0235595703125
1530594492.1353052,59392,215.65744018554688
1530594708.1997097,59904,-578.7733154296875
1530594924.3047388,60416,-250.151123046875
1530595141.652127,60928,49.38780212402344
1530595358.9471624,61440,-24.076963424682617
1530595576.009973,61952,-171.9346160888672
1530672072.8216643,62976,441.10028076171875
1530672286.4340963,63488,352.2751159667969
1530672500.619624,64000,-380.3509521484375
1530672715.8094304,64512,-399.9260559082031
1530672929.436831,65024,23.30101776123047
1530673144.1997924,65536,-144.25396728515625
1530673358.227714,66048,355.5062255859375
1530673571.5698354,66560,-168.50775146484375
1530673786.20373,67072,-26.03657341003418
1530674000.283507,67584,-105.21743774414062
1530674214.4412897,68096,581.7403564453125
1530674427.930315,68608,295.9468994140625
1530674642.723397,69120,42.8835563659668
1530674856.9424517,69632,623.2984008789062
1530675072.4510226,70144,-248.30426025390625
1530675287.1343007,70656,-98.07441711425781
1530675501.463772,71168,129.31460571289062
1530675716.0443573,71680,489.44622802734375
1530675931.969866,72192,569.990966796875
1530676148.075357,72704,564.3352661132812
1530676361.773389,73216,-327.78436279296875
1530676576.3200605,73728,-185.731689453125
1530676790.7720273,74240,752.8038940429688
1530677005.274028,74752,66.85648345947266
1530677219.4688919,75264,-382.37530517578125
1530712293.0758421,76288,46.04216003417969
1530712505.9650881,76800,-55.745765686035156
1530712718.4613166,77312,-132.8885498046875
1530712931.1859057,77824,126.5298080444336
1530713143.7179146,78336,397.1781005859375
1530713356.1519399,78848,552.9685668945312
1530713568.9627395,79360,-584.5225830078125
1530713781.8516939,79872,-188.63125610351562
1530713994.9931357,80384,-88.24005126953125
1530714207.6845574,80896,-64.0608901977539
1530714420.4085398,81408,196.03189086914062
1530714634.826723,81920,35.61811065673828
1530714848.6340146,82432,-293.56195068359375
1530715062.1926305,82944,-51.50819396972656
1530715275.6236467,83456,-39.079383850097656
1530715490.148262,83968,-118.87862396240234
1530715703.5293345,84480,-531.52685546875
1530715917.8278904,84992,-475.14349365234375
1530716131.156678,85504,530.2913818359375
1530716344.542301,86016,565.133544921875
1530716559.2773323,86528,-375.03546142578125
1530716772.6313052,87040,-589.5130615234375
1530716987.517202,87552,-27.716157913208008
1530717202.3054926,88064,-306.17633056640625
1530717415.7943451,88576,-752.947509765625
1530717629.896282,89088,416.9273986816406
1530717843.7511544,89600,-623.489990234375
1530718057.379421,90112,232.6993865966797
1530718271.5746372,90624,-280.059814453125
1530718485.683139,91136,317.55462646484375
1530718699.8842912,91648,-146.51873779296875
1530718914.3322234,92160,241.14508056640625
1530719129.4040825,92672,-365.2213439941406
1530719343.840649,93184,306.5721740722656
1530719557.946902,93696,-587.3106689453125
1530719772.2841167,94208,113.4569320678711
1530719986.71376,94720,290.7265625
1530720201.569797,95232,-702.5162353515625
1530720415.8471608,95744,-626.571044921875
1530720632.260411,96256,-300.09796142578125
1530720846.5347314,96768,749.84423828125
1530721061.3918471,97280,76.51296997070312
