wall_time,step,value
1530532500.9018574,128,4.291261196136475
1530532537.2331922,256,3.953489065170288
1530532573.4562008,384,3.6839516162872314
1530532609.790716,512,3.1448402404785156
1530532697.0287457,640,2.6404500007629395
1530532732.9073527,768,2.757335662841797
1530532768.758196,896,2.8214356899261475
1530532804.5878057,1024,2.770625352859497
1530532892.559563,1152,2.2801403999328613
1530532928.3619802,1280,2.078502655029297
1530532964.1200724,1408,1.6420260667800903
1530532999.8330035,1536,0.9618461728096008
1530533085.6379037,1664,0.6513241529464722
1530533121.4162323,1792,0.41204115748405457
1530533157.2585099,1920,0.23825609683990479
1530533193.1754582,2048,0.14154241979122162
1530533278.9146273,2176,0.10263499617576599
1530533314.97132,2304,0.06773930042982101
1530533351.1017768,2432,0.05321478098630905
1530533387.2988114,2560,0.025705840438604355
1530533473.4724073,2688,0.023068441078066826
1530533509.680244,2816,0.01576056517660618
1530533545.8621345,2944,0.014029303565621376
1530533582.0669308,3072,0.024112414568662643
1530533668.1964586,3200,0.022490480914711952
1530533704.4397614,3328,0.028061281889677048
1530533740.7334402,3456,0.029242271557450294
1530533777.1869736,3584,0.018219899386167526
1530533865.2487068,3712,0.025851286947727203
1530533901.4630203,3840,0.025687603279948235
1530533937.7344985,3968,0.021420590579509735
1530533974.2030938,4096,0.02569134160876274
1530534060.6681225,4224,0.02463180385529995
1530534097.011546,4352,0.021146366372704506
1530534133.4396088,4480,0.02389657311141491
1530534169.893963,4608,0.01971917785704136
1530534258.4759612,4736,0.021481195464730263
1530534294.7936413,4864,0.02911664918065071
1530534331.0859551,4992,0.013745727948844433
1530534367.5205827,5120,0.022362984716892242
1530534454.9422593,5248,0.018424618989229202
1530534491.259355,5376,0.01871815137565136
1530534527.5464306,5504,0.01714474707841873
1530534564.0277214,5632,0.01749342679977417
1530534651.5569072,5760,0.02248210273683071
1530534687.8434322,5888,0.01839502900838852
1530534724.1843598,6016,0.025910058990120888
1530534760.563056,6144,0.021238839253783226
1530534848.5013528,6272,0.017059121280908585
1530534884.8179321,6400,0.02004133351147175
1530534921.1809313,6528,0.024539876729249954
1530534957.6493986,6656,0.029021410271525383
1530535045.249253,6784,0.016729220747947693
1530535081.5572312,6912,0.018141385167837143
1530535117.92434,7040,0.016039619222283363
1530535154.33902,7168,0.019649120047688484
1530535241.7118618,7296,0.022038403898477554
1530535278.0016613,7424,0.017450248822569847
1530535314.4328988,7552,0.025520334020256996
1530535350.8592925,7680,0.013787498697638512
1530535438.3081439,7808,0.01578117348253727
1530535474.666049,7936,0.015268297865986824
1530535511.0757465,8064,0.018225131556391716
1530535547.547275,8192,0.018819836899638176
1530535636.1819844,8320,0.016851460561156273
1530535672.4892483,8448,0.017363857477903366
1530535708.9162226,8576,0.014758262783288956
1530535745.4245703,8704,0.018520813435316086
1530535834.7243965,8832,0.019210437312722206
1530535871.1155055,8960,0.020777635276317596
1530535907.5753174,9088,0.016766028478741646
1530535944.0687957,9216,0.015508761629462242
1530536031.453146,9344,0.01663990318775177
1530536067.7877572,9472,0.014774841256439686
1530536104.216766,9600,0.015777163207530975
1530536140.7022533,9728,0.016390973702073097
1530536228.7333467,9856,0.01883145421743393
1530536265.1109903,9984,0.01634208858013153
1530536301.5215266,10112,0.019231636077165604
1530536337.966861,10240,0.01591392047703266
1530536425.2222633,10368,0.013052202761173248
1530536461.6418707,10496,0.011294182389974594
1530536498.022368,10624,0.016578469425439835
1530536534.4211333,10752,0.014890339225530624
1530536621.9303489,10880,0.013924913480877876
1530536658.3308988,11008,0.021664422005414963
1530536694.7761025,11136,0.0187583789229393
1530536731.2824938,11264,0.019612830132246017
1530536819.3999672,11392,0.01652943529188633
1530536855.803202,11520,0.012597039341926575
1530536892.2284377,11648,0.013331273570656776
1530536928.7353835,11776,0.01665501296520233
1530537017.361389,11904,0.01672358065843582
1530537053.7375844,12032,0.01636199653148651
1530537090.1076674,12160,0.014385886490345001
1530537126.6098697,12288,0.01311808917671442
1530537214.8164227,12416,0.01379427034407854
1530537251.2309244,12544,0.015972837805747986
1530537287.7267995,12672,0.013781041838228703
1530537324.1911943,12800,0.015892136842012405
1530537413.3469956,12928,0.015729324892163277
1530537449.7181273,13056,0.016734499484300613
1530537486.199768,13184,0.01699974574148655
1530537522.7047367,13312,0.011357564479112625
1530537611.6257749,13440,0.01205406617373228
1530537648.024579,13568,0.01409111823886633
1530537684.4815176,13696,0.010000446811318398
1530537720.967404,13824,0.017156260088086128
1530537810.67404,13952,0.013237603940069675
1530537847.0783918,14080,0.011276780627667904
1530537883.5456011,14208,0.020929604768753052
1530537920.0125868,14336,0.03384067118167877
1530538007.9510927,14464,0.012236238457262516
1530538044.3860407,14592,0.008140007965266705
1530538080.9362547,14720,0.015317132696509361
1530538117.412412,14848,0.014305029064416885
1530538206.0441086,14976,0.013940884731709957
1530538242.3844519,15104,0.01442614383995533
1530538278.7976234,15232,0.010928338393568993
1530538315.231731,15360,0.01153087429702282
1530538403.4086633,15488,0.01624610647559166
1530538439.726019,15616,0.012421278282999992
1530538476.1937592,15744,0.012292254716157913
1530538512.6237867,15872,0.010586082004010677
1530538601.054807,16000,0.00855170376598835
1530538637.3930233,16128,0.01102386973798275
1530538673.849448,16256,0.01584283448755741
1530538710.28119,16384,0.012444821186363697
1530538797.935161,16512,0.012673714198172092
1530538834.3111918,16640,0.010408597066998482
1530538870.7551937,16768,0.014837359078228474
1530538907.137275,16896,0.010292808525264263
1530538995.59449,17024,0.008270525373518467
1530539031.9816015,17152,0.010296506807208061
1530539068.477427,17280,0.010160904377698898
1530539104.9392767,17408,0.01253409031778574
1530539193.4887838,17536,0.010404295288026333
1530539229.8979118,17664,0.013750612735748291
1530539266.4067366,17792,0.010646757669746876
1530539302.9442677,17920,0.009928617626428604
1530539391.788154,18048,0.010791686363518238
1530539428.2538486,18176,0.011645880527794361
1530539464.783486,18304,0.008163274265825748
1530539501.2359524,18432,0.011107615195214748
1530539589.8028607,18560,0.008547921665012836
1530539626.260891,18688,0.010540865361690521
1530539662.67633,18816,0.00995376706123352
1530539699.0773597,18944,0.011927223764359951
1530539787.2805896,19072,0.006583826616406441
1530539823.7100532,19200,0.011902575381100178
1530539860.1274967,19328,0.012906361371278763
1530539896.5564046,19456,0.009050010703504086
1530539985.1491032,19584,0.007838718593120575
1530540021.5984929,19712,0.006938443519175053
1530540058.0600092,19840,0.011327744461596012
1530540094.535717,19968,0.010247121565043926
1530540183.5928178,20096,0.012444945983588696
1530540219.954145,20224,0.009955331683158875
1530540256.3931668,20352,0.012565105222165585
1530540292.7822556,20480,0.012827424332499504
1530540381.9762058,20608,0.013451333157718182
1530540418.4069285,20736,0.005606981460005045
1530540454.8145902,20864,0.0072045414708554745
1530540491.2621205,20992,0.010501965880393982
1530540579.8782673,21120,0.008180482313036919
1530540616.2921073,21248,0.006056503858417273
1530540652.6653793,21376,0.011060933582484722
1530540689.0032732,21504,0.009040587581694126
1530540778.7486374,21632,0.01029246672987938
1530540815.1015258,21760,0.00883274432271719
1530540851.510678,21888,0.009388767182826996
1530540887.9597182,22016,0.010369806550443172
1530540976.8587492,22144,0.00933162309229374
1530541013.346766,22272,0.017507778480648994
1530541049.8142354,22400,0.009649291634559631
1530541086.2528212,22528,0.016180958598852158
1530541177.2542896,22656,0.007338486611843109
1530541213.7034795,22784,0.012858204543590546
1530541250.1422486,22912,0.011895780451595783
1530541286.662442,23040,0.011336041614413261
1530541375.5226114,23168,0.00796127412468195
1530541411.9604375,23296,0.01067006029188633
1530541448.362529,23424,0.012953178957104683
1530541484.7949843,23552,0.015478912740945816
1530541574.4896705,23680,0.012154688127338886
1530541610.9156637,23808,0.006532973609864712
1530541647.2990265,23936,0.0115553829818964
1530541683.6642385,24064,0.010078317485749722
1530541774.2148035,24192,0.008733058348298073
1530541810.6901698,24320,0.009174193255603313
1530541847.1451411,24448,0.008734644390642643
1530541883.5695043,24576,0.009824907407164574
1530541975.1933496,24704,0.010763871483504772
1530542011.619781,24832,0.007885967381298542
1530542048.0122025,24960,0.012919805943965912
1530542084.4320624,25088,0.013156346045434475
1530542173.7544699,25216,0.014392216689884663
1530542210.1577475,25344,0.009283792227506638
1530542246.5643852,25472,0.008847983554005623
1530542283.0185745,25600,0.01827196776866913
1530542371.9186332,25728,0.010719581507146358
1530542408.3303454,25856,0.01039622351527214
1530542444.8429544,25984,0.012349141761660576
1530542481.2884498,26112,0.023254888132214546
1530542571.2532306,26240,0.01886262372136116
1530542607.7176836,26368,0.010432924143970013
1530542644.1814573,26496,0.013361828401684761
1530542680.6348531,26624,0.010311072692275047
1530542770.5007818,26752,0.01383295189589262
1530542806.9650195,26880,0.01868966966867447
1530542843.4117606,27008,0.009790231473743916
1530542879.8447614,27136,0.012500234879553318
1530542969.2558515,27264,0.011930707842111588
1530543005.6842349,27392,0.011550607159733772
1530543042.159293,27520,0.01121189258992672
1530543078.6151943,27648,0.01824185438454151
1530543169.0032337,27776,0.009993704967200756
1530543205.462773,27904,0.025756429880857468
1530543241.9758675,28032,0.017358189448714256
1530543278.511575,28160,0.008963989093899727
1530543369.5383973,28288,0.005472500808537006
1530543406.0507174,28416,0.011613329872488976
1530543442.5220733,28544,0.011034451425075531
1530543479.010498,28672,0.013401949778199196
1530543568.086012,28800,0.007218656130135059
1530543604.5711925,28928,0.00940556451678276
1530543641.0998666,29056,0.007065732032060623
1530543677.6047153,29184,0.010930095799267292
1530543767.6766396,29312,0.012481752783060074
1530543804.1926713,29440,0.008489313535392284
1530543840.6799252,29568,0.013120387680828571
1530543877.1314023,29696,0.00997824128717184
1530543968.5242903,29824,0.009285574778914452
1530544005.0028653,29952,0.016684504225850105
1530544041.491374,30080,0.015698017552495003
1530544077.941313,30208,0.012320992536842823
1530544169.8627176,30336,0.008296754211187363
1530544206.3150382,30464,0.005566820036619902
1530544242.7508729,30592,0.018234768882393837
1530544279.205996,30720,0.010575797408819199
1530544369.190039,30848,0.009272745810449123
1530544405.6659536,30976,0.005943118594586849
1530544442.1886382,31104,0.013643805868923664
1530544478.6747417,31232,0.011693758890032768
1530544568.7608392,31360,0.01406076829880476
1530544605.256163,31488,0.007705806288868189
1530544641.7508981,31616,0.006446657702326775
1530544678.2414684,31744,0.009672551415860653
1530544770.2340925,31872,0.015363362617790699
1530544806.6943488,32000,0.015021628700196743
1530544843.175649,32128,0.008872409351170063
1530544879.6760173,32256,0.008019395172595978
1530544970.2962875,32384,0.012929597869515419
1530545006.760785,32512,0.009704053401947021
1530545043.1948233,32640,0.00809480156749487
1530545079.6862237,32768,0.009050301276147366
1530545170.0808797,32896,0.010798463597893715
1530545206.5457668,33024,0.005482406355440617
1530545243.0450873,33152,0.00611157389357686
1530545279.5024729,33280,0.009646231308579445
1530545370.284705,33408,0.012247558683156967
1530545406.7820601,33536,0.0069340006448328495
1530545443.3221154,33664,0.010802951641380787
1530545479.7207906,33792,0.00948161631822586
1530545570.5457873,33920,0.006831967271864414
1530545607.0120492,34048,0.007990037091076374
1530545643.4998057,34176,0.013729691505432129
1530545679.9812143,34304,0.012207490392029285
1530545770.985263,34432,0.008255685679614544
1530545807.440346,34560,0.012589441612362862
1530545843.8982968,34688,0.006706790998578072
1530545880.357417,34816,0.006954168900847435
1530545971.8054388,34944,0.010756121948361397
1530546008.2961833,35072,0.008931344375014305
1530546044.8238358,35200,0.012064073234796524
1530546081.2705467,35328,0.010081175714731216
1530546171.1762526,35456,0.028749223798513412
1530546207.678403,35584,0.008627055212855339
1530546244.1901546,35712,0.012853793799877167
1530546280.6526873,35840,0.022825248539447784
1530546373.287528,35968,0.009151973761618137
1530546409.7497582,36096,0.007376506924629211
1530546446.2350488,36224,0.007304794620722532
1530546482.702078,36352,0.006517285481095314
1530546573.0967073,36480,0.009366456419229507
1530546609.6159647,36608,0.01042569987475872
1530546646.1624959,36736,0.00883697159588337
1530546682.6861086,36864,0.006694675423204899
1530546773.895031,36992,0.009493373334407806
1530546810.3422968,37120,0.007907142862677574
1530546846.8609915,37248,0.006558502558618784
1530546883.386523,37376,0.01422417163848877
1530546974.5450838,37504,0.005345730111002922
1530547011.1201015,37632,0.010138667188584805
1530547047.628557,37760,0.008138542994856834
1530547084.1071687,37888,0.007706683594733477
1530547176.0767584,38016,0.009889962151646614
1530547212.5466642,38144,0.013443153351545334
1530547249.039511,38272,0.010393248870968819
1530547285.4732888,38400,0.010928923264145851
1530547377.2979724,38528,0.01096677128225565
1530547413.774789,38656,0.0066992067731916904
1530620204.4532554,39040,0.00930915866047144
1530620240.9797137,39168,0.01768318936228752
1530620277.6241283,39296,0.015208466909825802
1530620314.418261,39424,0.013086835853755474
1530620401.8891501,39552,0.005302625708281994
1530620438.2026706,39680,0.0033394417259842157
1530620474.536777,39808,0.0047361464239656925
1530620510.8573349,39936,0.005732295569032431
1530620596.7271616,40064,0.005219017155468464
1530620633.0702922,40192,0.0032112763728946447
1530620669.368301,40320,0.008698174729943275
1530620705.6741161,40448,0.004215785767883062
1530620793.8067315,40576,0.0018512525130063295
1530620830.129573,40704,0.005233134143054485
1530620866.4112537,40832,0.0021862126886844635
1530620902.8010366,40960,0.0030997050926089287
1530620988.9268458,41088,0.01419846247881651
1530621025.2112482,41216,0.002961590653285384
1530621061.5052981,41344,0.011952384375035763
1530621097.8790176,41472,0.004821832291781902
1530621186.0285854,41600,0.017556481063365936
1530621222.328442,41728,0.0035040434449911118
1530621258.632995,41856,0.004725410602986813
1530621294.9418344,41984,0.009319908916950226
1530621381.9043903,42112,0.004799350164830685
1530621418.188944,42240,0.00609765388071537
1530621454.4602027,42368,0.005571071524173021
1530621490.7228506,42496,0.010755383409559727
1530621577.8863008,42624,0.007970746606588364
1530621614.142202,42752,0.005284941755235195
1530621650.355376,42880,0.02094024419784546
1530621686.6292453,43008,0.010756464675068855
1530621774.9094586,43136,0.006521948613226414
1530621811.1567628,43264,0.003140147775411606
1530621847.3942976,43392,0.008211740292608738
1530621883.7146735,43520,0.002941383747383952
1530621971.6867428,43648,0.013716937974095345
1530622007.9172997,43776,0.020222792401909828
1530622044.168485,43904,0.005360192619264126
1530622080.4801025,44032,0.006628572940826416
1530622168.470886,44160,0.008207261562347412
1530622204.7573035,44288,0.005200966726988554
1530622241.0772386,44416,0.009102671407163143
1530622277.3838596,44544,0.00785939209163189
1530622365.0330322,44672,0.004896429367363453
1530622401.3357737,44800,0.009496204555034637
1530622437.6405606,44928,0.008368502371013165
1530622473.93431,45056,0.00856013037264347
1530622560.2822635,45184,0.00811392068862915
1530622596.6464522,45312,0.012296589091420174
1530622633.0258012,45440,0.008717384189367294
1530622669.383304,45568,0.009219249710440636
1530622756.812801,45696,0.007020534947514534
1530622793.241006,45824,0.0032675531692802906
1530622829.6711495,45952,0.005027524661272764
1530622866.0945656,46080,0.00448625860735774
1530622954.7856793,46208,0.006664931308478117
1530622991.1582508,46336,0.0032337759621441364
1530623027.5115743,46464,0.01014791987836361
1530623063.9163227,46592,0.008511476218700409
1530623151.3985312,46720,0.004761344753205776
1530623187.8254335,46848,0.005555510520935059
1530636627.3737378,47232,0.001775109674781561
1530636663.990549,47360,0.0069417767226696014
1530636700.7888145,47488,0.007975471206009388
1530636737.7069514,47616,0.007319989148527384
1530636825.2481875,47744,0.005508515518158674
1530636861.7167528,47872,0.003232682356610894
1530636898.2433465,48000,0.006230487488210201
1530636934.7595618,48128,0.01303471252322197
1530637023.4219368,48256,0.006404112093150616
1530637059.996906,48384,0.009183515794575214
1530637096.5236423,48512,0.009677667170763016
1530637133.033902,48640,0.002749219536781311
1530637220.2501822,48768,0.0029090563766658306
1530637256.7039566,48896,0.007348874118179083
1530637293.3004775,49024,0.009207051247358322
1530637329.7956,49152,0.014772899448871613
1530637417.103102,49280,0.004873907659202814
1530637453.6732955,49408,0.008975544944405556
1530637490.1775954,49536,0.006087148562073708
1530637526.6221492,49664,0.004901077598333359
1530637614.3795054,49792,0.004225538112223148
1530637650.807908,49920,0.0058238510973751545
1530637687.2629642,50048,0.006890029646456242
1530637723.6962748,50176,0.005681188777089119
1530637810.5034068,50304,0.003204562934115529
1530637846.9403167,50432,0.004239943344146013
1530637883.361767,50560,0.004796742927283049
1530637919.8118002,50688,0.006775937043130398
1530638007.671543,50816,0.005751471966505051
1530638044.165972,50944,0.007066687103360891
1530638080.6271038,51072,0.010735122486948967
1530638117.0404584,51200,0.007500143256038427
1530638204.6508362,51328,0.0022106419783085585
1530638241.115406,51456,0.00309192156419158
1530638277.6020937,51584,0.014460492879152298
1530638314.0506444,51712,0.00219934294000268
1530638401.7696874,51840,0.0019998056814074516
1530638438.197556,51968,0.00709031755104661
1530638474.6797647,52096,0.024747174233198166
1530638511.1330338,52224,0.0036524829920381308
1530638598.9782333,52352,0.001251732581295073
1530638635.4910028,52480,0.0030071763321757317
1530638671.9956143,52608,0.005895543843507767
1530638708.4738326,52736,0.005595015361905098
1530638796.3094876,52864,0.0028213101904839277
1530638832.78153,52992,0.007317239418625832
1530638869.2660265,53120,0.005278491880744696
1530638905.7638173,53248,0.006729745306074619
1530638993.431796,53376,0.004076649434864521
1530639029.9353592,53504,0.0035254801623523235
1530639066.4584243,53632,0.010018767789006233
1530639102.9307675,53760,0.008618094958364964
1530639190.7338157,53888,0.006343118846416473
1530639227.185856,54016,0.007593248970806599
1530639263.622506,54144,0.0022956642787903547
1530639300.0651088,54272,0.0057017444632947445
1530639387.6853297,54400,0.0055101667530834675
1530639424.081474,54528,0.004969814792275429
1530639460.503503,54656,0.005873639602214098
1530639496.9265487,54784,0.0025445460341870785
1530639584.5260851,54912,0.009155679494142532
1530639620.994858,55040,0.004487207159399986
1530639657.467489,55168,0.007915741764008999
1530639693.874958,55296,0.0025316039100289345
1530639782.1741061,55424,0.007270677946507931
1530639818.6524599,55552,0.004142505582422018
1530639855.104462,55680,0.008614142425358295
1530639891.6069787,55808,0.005580287892371416
1530639978.6699781,55936,0.005008291453123093
1530640015.0757077,56064,0.004403888247907162
1530640051.582187,56192,0.0035862955264747143
1530640088.0662937,56320,0.007021487224847078
1530640175.2774959,56448,0.012663772329688072
1530640211.6808028,56576,0.004438028670847416
1530640248.159252,56704,0.005010242108255625
1530640284.6275861,56832,0.006848149001598358
1530640372.495141,56960,0.0029880900401622057
1530640409.0523808,57088,0.002618189202621579
1530640445.5120149,57216,0.001828769687563181
1530640481.9580646,57344,0.0036172831896692514
1530640570.1326156,57472,0.0036269689444452524
1530640606.6331153,57600,0.003082781098783016
1530640643.1490843,57728,0.009009069763123989
1530640679.6381047,57856,0.006095006596297026
1530640767.9198575,57984,0.004866135306656361
1530640804.3867633,58112,0.006322476081550121
1530640840.9042091,58240,0.00534950802102685
1530640877.3447075,58368,0.00773094454780221
1530640964.614856,58496,0.013841082341969013
1530641001.1068702,58624,0.004827841185033321
1530641037.6186247,58752,0.010795451700687408
1530641074.060853,58880,0.020379839465022087
1530641162.686641,59008,0.002283767331391573
1530641199.1871378,59136,0.0036844529677182436
1530641235.7308242,59264,0.0020417829509824514
1530641272.2568407,59392,0.008846363984048367
1530641360.870835,59520,0.005116602871567011
1530641397.3885405,59648,0.004242300055921078
1530641433.8746648,59776,0.001604263437911868
1530641470.3831215,59904,0.0014807784464210272
1530641558.8969738,60032,0.0005362852243706584
1530641595.3361237,60160,0.00022366402845364064
1530641631.8644266,60288,0.0019414690323174
1530641668.3640807,60416,0.0007812296971678734
1530641757.1989648,60544,0.001892292988486588
1530641793.672376,60672,0.0028366856276988983
1530641830.1728983,60800,0.0015444752061739564
1530641866.665767,60928,0.0034835967235267162
1530641956.1408958,61056,0.0030857562087476254
1530641992.661838,61184,0.0006241975934244692
1530642029.1832118,61312,0.001769603812135756
1530642065.7399313,61440,0.004974761512130499
1530642155.3689823,61568,0.01647387258708477
1530642191.8820515,61696,0.0026933616027235985
1530642228.3641527,61824,0.0002661008038558066
1530642265.010178,61952,0.0040743788704276085
1530642354.7354965,62080,0.0015593187417834997
1530642391.2928946,62208,0.012343852780759335
1530642427.8278897,62336,0.009095370769500732
1530642464.414325,62464,0.012866971082985401
1530642553.332263,62592,0.0022152401506900787
1530642589.835933,62720,0.021062618121504784
1530642626.331217,62848,0.01392512209713459
1530642662.880519,62976,0.0009662976372055709
1530642752.4818022,63104,0.0010480914497748017
1530642789.046438,63232,0.0009873128728941083
1530642825.5935864,63360,0.011397304944694042
1530642862.2636704,63488,2.3605316528119147e-05
1530642951.7920377,63616,0.0009133464191108942
1530642988.4443662,63744,0.012389295734465122
1530643025.0985775,63872,0.0005794173339381814
1530643061.688141,64000,0.00044744653860107064
1530643149.872234,64128,0.00022985509713180363
1530643186.4392636,64256,0.0011368829291313887
1530643223.0183136,64384,0.0002655434363987297
1530643259.5317748,64512,0.00037863670149818063
1530643349.950584,64640,0.0007362588075920939
1530643386.4816337,64768,0.02637576311826706
1530643423.0533571,64896,0.001992250559851527
1530643459.6375532,65024,0.00011758428445318714
1530643548.772367,65152,0.00036235281731933355
1530643585.2787273,65280,0.0006875183898955584
1530643621.8006382,65408,0.0001688014599494636
1530643658.3616278,65536,0.005952509585767984
1530643747.7637491,65664,0.0020188831258565187
1530643784.2068672,65792,0.025483543053269386
1530643820.7036436,65920,0.0007027536630630493
1530643857.2434747,66048,0.0007391444523818791
1530643946.24986,66176,0.0003138952306471765
1530643982.7336257,66304,0.0006383618456311524
1530644019.2280447,66432,0.0005191857926547527
1530644055.735875,66560,0.0008758580079302192
1530644144.2052813,66688,0.003425553208217025
1530644180.778559,66816,0.002145211212337017
1530644217.2981641,66944,0.0019109684508293867
1530644253.8410218,67072,0.00015731030725874007
1530644342.3233383,67200,0.006237860769033432
1530644378.8594844,67328,0.004891159012913704
1530644415.3420806,67456,0.0027646017260849476
1530644451.8518162,67584,0.006946987472474575
1530644542.4666977,67712,0.001967154210433364
1530644578.9490807,67840,0.000319679849781096
1530644615.4216754,67968,0.0001790099049685523
1530644651.8977215,68096,0.000519992143381387
1530644741.4622004,68224,0.002885857131332159
1530644777.960164,68352,0.0016396953724324703
1530644814.5178168,68480,0.0014971279306337237
1530644851.0451055,68608,0.004727263934910297
1530644940.8935552,68736,0.0018979914020746946
1530644977.45666,68864,0.002851771656423807
1530645013.9162517,68992,0.001775378012098372
1530645050.4602733,69120,0.006979896686971188
1530645141.3743231,69248,0.005470007658004761
1530645177.9412227,69376,0.004842241760343313
1530645214.458803,69504,0.0011533828219398856
1530645251.0728166,69632,0.004713710397481918
1530645342.2732291,69760,0.0015444343443959951
1530645378.7958083,69888,0.001298038405366242
1530645415.3155918,70016,0.0037788203917443752
1530645451.8916812,70144,0.004468340426683426
1530645541.8753207,70272,0.0026169728953391314
1530645578.3666773,70400,0.0018317758804187179
1530645614.841725,70528,0.0053096008487045765
1530645651.36229,70656,0.0028421618044376373
1530645740.7326355,70784,0.009752899408340454
1530645777.3346372,70912,0.008605464361608028
1530645813.875803,71040,0.0071107978001236916
1530645850.3808908,71168,0.0017999476986005902
1530645939.7383983,71296,0.004975601565092802
1530645976.2362802,71424,0.0028618243522942066
1530646012.6904485,71552,0.0019222828559577465
1530646049.1781125,71680,0.0018798494711518288
1530646138.7114854,71808,0.0013981162337586284
1530646175.2807684,71936,0.0004566046700347215
1530646211.8194726,72064,0.0029633347876369953
1530646248.3718688,72192,0.0031441482715308666
1530646337.922752,72320,0.0021022099535912275
1530646374.4965026,72448,0.004479038529098034
1530646411.0597634,72576,0.0025678242091089487
1530646447.5952492,72704,0.00222167675383389
1530646538.773596,72832,0.0051786163821816444
1530646575.2527876,72960,0.0010783654870465398
1530646611.7681706,73088,0.0011556290555745363
1530646648.3077545,73216,0.004095303826034069
1530646738.6237338,73344,0.012210634537041187
1530646775.2154365,73472,0.0012747348519042134
1530646811.7668183,73600,0.0009825743036344647
1530646848.2883677,73728,0.0008703282801434398
1530646939.170744,73856,0.0026976533699780703
1530646975.721868,73984,0.005264093168079853
1530647012.2313354,74112,0.0015020386781543493
1530647048.762299,74240,0.002677086042240262
1530647140.1045458,74368,0.0007940198993310332
1530647176.6634066,74496,0.0015463633462786674
1530647213.2212012,74624,0.008018555119633675
1530647249.74605,74752,0.0018075540428981185
1530647339.7504842,74880,0.0068178484216332436
1530647376.3077226,75008,0.0032924823462963104
1530647412.7470055,75136,0.001706296345219016
1530647449.3025846,75264,0.0036617876030504704
1530647538.4117048,75392,0.003764466382563114
1530647574.9652443,75520,0.002311321208253503
1530647611.5063584,75648,0.016223188489675522
1530647648.0782752,75776,0.01144377887248993
1530647738.3710864,75904,0.004400900565087795
1530647774.8716476,76032,0.007746335584670305
1530647811.4242196,76160,0.008344646543264389
1530647847.9476151,76288,0.008117216639220715
1530647938.3945346,76416,0.0052965800277888775
1530647974.940619,76544,0.014780557714402676
1530648011.5153103,76672,0.008332080207765102
1530648048.1009068,76800,0.0030535629484802485
1530648139.2465606,76928,0.005176414269953966
1530648175.7489774,77056,0.006351449526846409
1530648212.3195498,77184,0.002459027338773012
1530648248.8369339,77312,0.002489445498213172
1530648338.4587522,77440,0.0025470820255577564
1530648374.9777172,77568,0.0012811600463464856
1530648411.5339017,77696,0.005909257102757692
1530648448.0313072,77824,0.002336963312700391
1530648538.2450285,77952,0.015056337229907513
1530648574.727086,78080,0.0013057207688689232
1530648611.3113687,78208,0.0013885701773688197
1530648647.8526669,78336,0.0015039175050333142
1530648738.3328846,78464,0.004906441085040569
1530648774.8830042,78592,0.004591215401887894
1530648811.409054,78720,0.001366344396956265
1530648847.9320338,78848,0.003884413745254278
1530648937.9428163,78976,0.006185002159327269
1530648974.4528742,79104,0.005874135997146368
1530649010.9871814,79232,0.006346327718347311
1530649047.5098362,79360,0.006131170317530632
1530649139.6399379,79488,0.0007628257153555751
1530649176.2110806,79616,0.0019942629151046276
1530649212.7775352,79744,0.0038061710074543953
1530649249.326998,79872,0.0010922127403318882
1530649340.285756,80000,0.0017105676233768463
1530649376.8088465,80128,0.005403673276305199
1530649413.3635063,80256,0.002062008948996663
1530649449.9350824,80384,0.00315194483846426
1530649540.7484145,80512,0.0023008547723293304
1530649577.2746,80640,0.0033764420077204704
1530649613.8034348,80768,0.0003293476765975356
1530649650.2595282,80896,0.0008493000641465187
1530649741.6028912,81024,0.004537083208560944
1530649778.156492,81152,0.0003839888086076826
1530649814.7048545,81280,0.0036893137730658054
1530649851.2248755,81408,0.0010300043504685163
1530649943.2552567,81536,0.0008815524051897228
1530649979.767931,81664,0.0047941361553967
1530650016.309955,81792,0.0012839747359976172
1530650052.8864646,81920,8.374227763852105e-05
1530650144.399843,82048,0.00041271891677752137
1530650180.9305918,82176,6.292390753515065e-05
1530650217.435264,82304,0.00299246096983552
1530650253.9325726,82432,0.013106252998113632
1530650344.9525647,82560,5.950576451141387e-05
1530650381.525285,82688,0.002304409397765994
1530650418.0669415,82816,0.00012645193783100694
1530650454.6286519,82944,0.0023015213664621115
1530650545.8226326,83072,0.00012106847134418786
1530650582.440843,83200,0.006468610372394323
1530650618.9871955,83328,0.0027006282471120358
1530650655.5390732,83456,0.0037942153867334127
1530650747.836757,83584,0.002628545742481947
1530650784.4349704,83712,0.0012391435448080301
1530650820.9632883,83840,0.002152432221919298
1530650857.4434628,83968,0.008861120790243149
1530650948.2337945,84096,0.0011377570917829871
1530650984.7294807,84224,0.00037226331187412143
1530651021.2298105,84352,0.0008443730184808373
1530651057.7680817,84480,0.0015179524198174477
1530651148.863903,84608,0.007881047204136848
1530651185.403384,84736,0.004372876603156328
1530651221.959659,84864,0.0017177651170641184
1530651258.4448097,84992,0.013169074431061745
1530651350.7822478,85120,1.177057947643334e-05
1530651387.2449884,85248,0.0017341284547001123
1530651423.7710521,85376,0.011147434823215008
1530651460.2498882,85504,0.0021050828509032726
1530651553.7629392,85632,0.0009934373665601015
1530651590.2479165,85760,0.0004692120128311217
1530707663.3190243,86144,0.0037657879292964935
1530707699.8552868,86272,0.0046511986292898655
1530707736.5772648,86400,0.0013095129979774356
1530707773.4849648,86528,0.0012338391970843077
1530707860.104342,86656,0.019237114116549492
1530707896.5106661,86784,0.007699976675212383
1530707932.9001024,86912,0.0064808884635567665
1530707969.3408976,87040,0.014189236797392368
1530708055.548466,87168,0.002714618807658553
1530708091.9192111,87296,0.001793978619389236
1530708128.29457,87424,0.0013477089814841747
1530708164.8017812,87552,0.0024638802278786898
1530708251.949715,87680,0.01209547370672226
1530708288.2906885,87808,0.008772166445851326
1530708324.7135108,87936,0.0033733840100467205
1530708361.1214166,88064,0.0050820717588067055
1530708448.1473997,88192,0.005789082497358322
1530708484.536272,88320,0.006276654079556465
1530708520.9718466,88448,0.0025026083458215
1530708557.4562275,88576,0.006099614780396223
1530708644.5637825,88704,0.05609804019331932
1530708680.942559,88832,0.004998514894396067
1530708717.3657274,88960,0.006309792399406433
1530708753.8139257,89088,0.003618239425122738
1530708841.8004594,89216,0.004177263472229242
1530708878.1897762,89344,0.008021458983421326
1530708914.64533,89472,0.007590335328131914
1530708951.156265,89600,0.005344586446881294
1530709038.7387748,89728,0.003934731241315603
1530709075.0677805,89856,0.008783454075455666
1530709111.4826047,89984,0.006706566084176302
1530709148.0051954,90112,0.007555636577308178
1530709235.191365,90240,0.0024181732442229986
1530709271.5326633,90368,0.004229851067066193
1530709307.9630845,90496,0.002080046571791172
1530709344.3776643,90624,0.006488478276878595
1530709431.8202674,90752,0.005263965576887131
1530709468.2326746,90880,0.012576132081449032
1530709504.715568,91008,0.006341650150716305
1530709541.1943305,91136,0.005369966849684715
1530709630.032076,91264,0.004325896967202425
1530709666.3791394,91392,0.0031666113063693047
1530709702.8520012,91520,0.0017622399609535933
1530709739.3531585,91648,0.006018186919391155
1530709826.2704933,91776,0.002766425721347332
1530709862.6222231,91904,0.004281818866729736
1530709899.1046724,92032,0.017043694853782654
1530709935.5582693,92160,0.004521183669567108
1530710022.5081835,92288,0.003243871498852968
1530710058.962774,92416,0.00447990233078599
1530710095.4715204,92544,0.011156660504639149
1530710131.9427383,92672,0.015139063820242882
1530710219.8471515,92800,0.007520865183323622
1530710256.224105,92928,0.005151265300810337
1530710292.7187698,93056,0.005041009746491909
1530710329.1786013,93184,0.001754788332618773
1530710417.5522785,93312,0.005039688665419817
1530710453.8938246,93440,0.010926827788352966
1530710490.3857484,93568,0.0057149059139192104
1530710526.8505144,93696,0.0050826002843678
1530710615.6567802,93824,0.005717405118048191
1530710651.9913337,93952,0.004548811819404364
1530710688.4491374,94080,0.004983840510249138
1530710724.8740547,94208,0.0024146600626409054
1530710812.2188635,94336,0.0024720646906644106
1530710848.5908744,94464,0.004242994822561741
1530710885.0664833,94592,0.002444695681333542
1530710921.5152106,94720,0.002805146388709545
1530711008.4132624,94848,0.012146797962486744
1530711044.8522375,94976,0.0029017089400440454
1530711081.349536,95104,0.008245684206485748
1530711117.8031378,95232,0.0051412032917141914
1530711206.3155196,95360,0.012488135136663914
1530711242.6833196,95488,0.004271548707038164
1530711279.1357749,95616,0.0018765467684715986
1530711315.5979657,95744,0.005934916902333498
1530711403.3123581,95872,0.006971036549657583
1530711439.664718,96000,0.005380500573664904
1530711476.080125,96128,0.0018989893142133951
1530711512.530986,96256,0.003593113273382187
1530711599.888584,96384,0.0027349821757525206
1530711636.2472985,96512,0.001530143548734486
1530711672.7165923,96640,0.0052372426725924015
1530711709.2650692,96768,0.0021356251090765
1530711796.2737517,96896,0.0016740972641855478
1530711832.7028446,97024,0.00439238827675581
1530711869.1962674,97152,0.006695407442748547
1530711905.688615,97280,0.005780141334980726
