wall_time,step,value
1531476190.0997424,128,124.51490783691406
1531476348.6832314,256,62.78620147705078
1531476507.19381,384,48.27775955200195
1531476665.852203,512,49.95787811279297
1531476980.5755455,640,48.881221771240234
1531477138.746175,768,42.752159118652344
1531477297.1151528,896,39.593265533447266
1531477455.577809,1024,43.251800537109375
1531477765.8221228,1152,41.02851867675781
1531477924.1049695,1280,42.44253158569336
1531478082.3974423,1408,43.45566177368164
1531478240.7055254,1536,41.69544219970703
1531478546.5139263,1664,39.36293411254883
1531478704.7940023,1792,37.21107864379883
1531478863.0088823,1920,37.72214889526367
1531479021.294133,2048,38.19733428955078
1531479321.322411,2176,36.974876403808594
1531479479.5157018,2304,36.58613586425781
1531479637.8994687,2432,38.589263916015625
1531479796.2230856,2560,37.228572845458984
1531480088.423297,2688,38.79034423828125
1531480246.7392647,2816,36.5826416015625
1531480405.0214868,2944,37.05200958251953
1531480563.3294446,3072,35.06630325317383
1531480859.769691,3200,37.23567581176758
1531481018.0497694,3328,36.86846160888672
1531481176.3819923,3456,36.608985900878906
1531481334.7970161,3584,35.29933547973633
1531481626.0954318,3712,36.089637756347656
1531481784.6074328,3840,32.91714859008789
1531481942.9454072,3968,34.16088104248047
1531482101.698804,4096,33.666725158691406
1531482388.9576974,4224,33.796295166015625
1531482547.4621074,4352,32.8828010559082
1531482706.1408293,4480,34.9695930480957
1531482864.7001872,4608,32.349761962890625
1531483151.5791664,4736,33.4047737121582
1531483310.1487796,4864,32.17378616333008
1531483468.7672343,4992,31.233186721801758
1531483627.1802227,5120,30.94675636291504
1531483913.6237543,5248,30.064233779907227
1531484072.1613894,5376,30.49734115600586
1531484230.719471,5504,28.81599998474121
1531484389.3773146,5632,30.003177642822266
1531484674.5697289,5760,29.80463409423828
1531484833.0958889,5888,29.15186309814453
1531484991.516763,6016,29.738365173339844
1531485149.9257345,6144,29.44131088256836
1531485434.1239326,6272,29.835905075073242
1531485592.446413,6400,28.896339416503906
1531485750.7961543,6528,29.34587287902832
1531485909.3517742,6656,28.080110549926758
1531486197.077835,6784,28.507469177246094
1531486355.4096632,6912,28.857807159423828
1531486514.0833347,7040,28.848369598388672
1531486672.7050629,7168,28.173402786254883
1531486959.0026538,7296,28.98566436767578
1531487117.2606912,7424,29.662616729736328
1531487275.5459478,7552,28.472013473510742
1531487434.0438178,7680,29.51407814025879
1531487721.024862,7808,28.48761749267578
1531487879.4703846,7936,28.519519805908203
1531488037.7625663,8064,27.682931900024414
1531488196.309922,8192,28.149057388305664
1531488484.9348917,8320,29.47199058532715
1531488643.2827265,8448,28.121248245239258
1531488801.5620592,8576,28.96887969970703
1531488959.9756033,8704,29.494909286499023
1531489247.4372966,8832,28.41130828857422
1531489405.8630526,8960,28.54144859313965
1531489564.2323704,9088,28.702367782592773
1531489722.8619444,9216,28.46108055114746
1531490012.8971288,9344,28.037818908691406
1531490171.1527412,9472,28.728731155395508
1531490329.4187481,9600,29.34585952758789
1531490487.9817307,9728,29.370220184326172
1531490776.7573786,9856,28.65225601196289
1531490934.960699,9984,28.878768920898438
1531491093.1027958,10112,29.46680450439453
1531491251.619785,10240,29.772613525390625
1531491540.9036286,10368,29.553686141967773
1531491699.2020333,10496,29.554378509521484
1531491857.442078,10624,28.740768432617188
1531492015.9591076,10752,29.917104721069336
1531492306.8462045,10880,29.049877166748047
1531492465.2703326,11008,29.90481185913086
1531492623.6366994,11136,30.350494384765625
1531492781.7951987,11264,29.24398422241211
1531493071.655799,11392,29.938350677490234
1531493230.1529388,11520,29.731481552124023
1531493388.6722612,11648,30.76331329345703
1531493547.3506997,11776,28.685134887695312
1531493836.5219116,11904,29.808353424072266
1531493994.8984406,12032,29.994701385498047
1531494153.3970072,12160,29.9895076751709
1531494311.9024837,12288,30.432374954223633
1531494599.8590443,12416,30.00334930419922
1531494758.3322208,12544,30.330158233642578
1531494916.8166935,12672,29.84551239013672
1531495075.313733,12800,30.48729705810547
1531495365.547989,12928,29.565908432006836
1531495523.711855,13056,30.26343536376953
1531495682.2108335,13184,30.11448097229004
1531495840.552768,13312,30.089672088623047
1531496128.302976,13440,30.855998992919922
1531496286.7599149,13568,29.494977951049805
1531496445.275863,13696,30.479053497314453
1531496603.614294,13824,29.657358169555664
1531496894.2609637,13952,30.300630569458008
1531497052.762098,14080,30.493144989013672
1531497211.0970526,14208,29.65428924560547
1531497369.2201953,14336,30.196754455566406
1531497659.875462,14464,29.49924659729004
1531497818.2126806,14592,30.585411071777344
1531497976.613561,14720,30.291683197021484
1531498134.9354455,14848,30.41170310974121
1531498423.4200945,14976,29.445863723754883
1531498581.684242,15104,30.300312042236328
1531498740.0645683,15232,29.620407104492188
1531498898.3904817,15360,31.175201416015625
1531499187.372081,15488,30.61842918395996
1531499345.751413,15616,30.25861167907715
1531499503.9735098,15744,31.230443954467773
1531499662.2757194,15872,30.59280014038086
1531499951.6124463,16000,31.665103912353516
1531500110.2541723,16128,30.56637954711914
1531500268.8910851,16256,31.744367599487305
1531500427.5945652,16384,30.319236755371094
1531500715.663291,16512,31.413372039794922
1531500874.1632986,16640,32.4786376953125
1531501032.6120236,16768,31.52552604675293
1531501191.0517402,16896,32.462059020996094
1531501475.4088395,17024,31.172088623046875
1531501633.9594047,17152,30.574180603027344
1531501792.3027163,17280,30.789283752441406
1531501950.6899889,17408,31.21792984008789
1531502237.4281497,17536,31.731184005737305
1531502395.9701893,17664,30.991796493530273
1531502554.4941874,17792,30.780380249023438
1531502713.1179223,17920,32.09981918334961
1531502997.9104855,18048,31.914125442504883
1531503156.3380663,18176,31.459793090820312
1531503314.4959416,18304,32.82746505737305
1531503472.841158,18432,32.287742614746094
1531503758.2511985,18560,32.240047454833984
1531503916.4721081,18688,31.06050682067871
1531504074.8348951,18816,31.312997817993164
1531504233.27481,18944,32.19000244140625
1531504521.7008955,19072,32.13730239868164
1531504679.9111156,19200,31.655681610107422
1531504838.2384164,19328,31.45305824279785
1531504996.5830083,19456,32.26377868652344
1531505282.6316571,19584,31.74481964111328
1531505440.9509768,19712,33.03293228149414
1531505599.174871,19840,32.779693603515625
1531505757.4352508,19968,31.514883041381836
1531506042.3082075,20096,32.62092971801758
1531506200.703453,20224,32.41411590576172
1531506358.9826884,20352,34.01313400268555
1531506517.334115,20480,33.04838562011719
1531506805.1075149,20608,32.429656982421875
1531506963.3980901,20736,32.79570007324219
1531507121.6764686,20864,31.578964233398438
1531507279.8608088,20992,33.081275939941406
1531507568.0395436,21120,32.55382537841797
1531507726.2450569,21248,32.49637985229492
1531507884.6931405,21376,33.35118103027344
1531508043.0691879,21504,32.58789825439453
1531508333.2303483,21632,33.47992706298828
1531508491.7357476,21760,32.33150100708008
1531508650.098934,21888,32.62291717529297
1531508808.3315315,22016,33.422027587890625
1531509099.1059413,22144,33.64890670776367
1531509257.6245685,22272,32.10919952392578
1531509416.0491736,22400,32.302093505859375
1531509574.5082133,22528,31.81892204284668
1531509863.581622,22656,32.81400680541992
1531510021.982389,22784,32.47380447387695
1531510180.4293988,22912,32.784671783447266
1531510338.9019473,23040,33.37529754638672
1531510624.9332948,23168,33.065093994140625
1531510783.5655918,23296,33.83709716796875
1531510942.4805045,23424,33.6541748046875
1531511101.257762,23552,32.85565948486328
1531511392.4442601,23680,32.152931213378906
1531511550.8338406,23808,33.18733215332031
1531511709.3070607,23936,32.97002410888672
1531511868.1328747,24064,32.595489501953125
1531512154.138642,24192,33.66680908203125
1531512312.5864549,24320,32.601234436035156
1531512471.034104,24448,33.24505615234375
1531512629.2971702,24576,33.089813232421875
1531512916.5675867,24704,33.18709182739258
1531513074.9604614,24832,32.07967758178711
1531513233.1840441,24960,32.875579833984375
1531513391.51715,25088,32.36507797241211
1531513678.2709396,25216,33.0609130859375
1531513836.6376214,25344,31.81769561767578
1531513995.0988,25472,34.018768310546875
1531557111.835231,25728,33.59417724609375
1531557270.1956267,25856,35.34956741333008
1531557428.7043378,25984,34.567691802978516
1531557587.09812,26112,34.93682098388672
1531557873.9306417,26240,33.940670013427734
1531558032.2673166,26368,33.7559814453125
1531558190.4254165,26496,34.15268325805664
1531558348.727587,26624,33.69548416137695
1531558634.671029,26752,33.95000457763672
1531558793.0538588,26880,34.44035339355469
1531558951.5163274,27008,34.464263916015625
1531559109.95882,27136,34.0642204284668
1531559393.4005125,27264,34.13405990600586
1531559551.8866146,27392,34.006736755371094
1531559710.2317698,27520,33.60826110839844
1531559868.589221,27648,34.06239318847656
1531560156.0243673,27776,34.05704879760742
1531560314.441932,27904,34.25699996948242
1531560472.698153,28032,35.091941833496094
1531560630.9755273,28160,34.737674713134766
1531560917.6369026,28288,34.54547882080078
1531561076.0040643,28416,34.012290954589844
1531561234.3836896,28544,34.25982666015625
1531561392.7975047,28672,34.8980827331543
1531561681.2163692,28800,35.13508987426758
1531561839.7322788,28928,34.43386459350586
1531561998.2005847,29056,33.81303024291992
1531562156.7244682,29184,34.449485778808594
1531562445.1211245,29312,34.59525680541992
1531562603.6906815,29440,34.36267852783203
1531562762.2408607,29568,35.2974739074707
1531562920.7498853,29696,35.972286224365234
1531563208.5074627,29824,35.4609489440918
1531563367.0849128,29952,36.25796127319336
1531563525.6427639,30080,36.28029251098633
1531563684.1996894,30208,35.2034912109375
1531563972.0506785,30336,35.59442901611328
1531564130.5815923,30464,36.04050827026367
1531564289.1776028,30592,36.33372116088867
1531564447.5939226,30720,36.105464935302734
1531564733.4033535,30848,35.511810302734375
1531564891.9899333,30976,36.676631927490234
1531565050.7114427,31104,35.40468215942383
1531565209.2431357,31232,35.64397430419922
1531565496.5321789,31360,36.43495559692383
1531565655.0086963,31488,36.12925338745117
1531565813.4615047,31616,35.31375503540039
1531565971.7574806,31744,35.77268981933594
1531566257.138512,31872,36.5931396484375
1531566415.7073696,32000,36.09682846069336
1531566574.1226597,32128,35.67461395263672
1531566732.8060153,32256,36.37471389770508
1531567020.9048882,32384,35.690162658691406
1531567179.3598568,32512,36.78462219238281
1531567337.6237342,32640,36.2639045715332
1531567496.0491977,32768,36.94607925415039
1531567784.5136507,32896,36.712791442871094
1531567942.8193607,33024,36.655372619628906
1531568101.02081,33152,36.07047653198242
1531568259.3458228,33280,36.05899429321289
1531568546.4051414,33408,37.35954666137695
1531568704.8197494,33536,37.213809967041016
1531568863.2925172,33664,37.47412109375
1531569021.7488556,33792,37.66818618774414
1531569308.8652642,33920,37.832916259765625
1531569467.3484294,34048,36.825199127197266
1531569625.7122111,34176,37.54888916015625
1531569784.2740443,34304,36.9353141784668
1531570074.0586157,34432,38.66502380371094
1531570232.5022929,34560,37.82542419433594
1531570390.8653522,34688,38.879638671875
1531570549.4363801,34816,38.571556091308594
1531570837.794575,34944,37.273311614990234
1531570996.3877232,35072,36.33978271484375
1531571154.9717207,35200,37.70839309692383
1531571313.593786,35328,37.79682159423828
1531571600.5967937,35456,38.20061111450195
1531571759.0302982,35584,38.407920837402344
1531571917.587617,35712,37.64893341064453
1531572076.0845926,35840,37.995662689208984
1531572365.6622927,35968,37.30379104614258
1531572524.3351288,36096,37.711814880371094
1531572682.9876912,36224,38.00564956665039
1531572841.6383443,36352,39.58732604980469
1531573130.6439536,36480,38.19020080566406
1531573289.2230918,36608,37.03826141357422
1531573447.8825545,36736,38.108150482177734
1531573606.4127464,36864,36.782447814941406
1531573893.380693,36992,37.28081512451172
1531574051.8911278,37120,36.91965866088867
1531574210.6374104,37248,37.93448257446289
1531574369.1318045,37376,36.63698196411133
1531574656.2973452,37504,37.02348327636719
1531574814.795241,37632,39.006866455078125
1531574973.3559248,37760,38.28706741333008
1531575131.8696601,37888,37.85452651977539
1531575421.2965274,38016,38.4716796875
1531575579.8304224,38144,38.72712326049805
1531575738.4695013,38272,38.387725830078125
1531575896.9271476,38400,38.25578308105469
1531576186.8949778,38528,38.87705612182617
1531576345.4096937,38656,39.09010314941406
1531576503.861713,38784,38.291839599609375
1531576662.3240669,38912,39.04861068725586
1531576951.1639957,39040,38.313377380371094
1531577109.6093535,39168,39.200599670410156
1531577268.1139765,39296,38.558563232421875
1531577426.752462,39424,38.95292282104492
1531577715.611555,39552,38.643733978271484
1531577874.0222392,39680,39.885292053222656
1531578032.4816,39808,39.78461837768555
1531578190.8682876,39936,39.78544998168945
1531578479.1897063,40064,38.523902893066406
1531578637.6059709,40192,39.33824920654297
1531578796.1079392,40320,39.02220916748047
1531578954.5356276,40448,40.508949279785156
1531579245.0889862,40576,41.055702209472656
1531579403.5954165,40704,40.00908279418945
1531579562.012997,40832,40.28155517578125
1531579720.3337193,40960,40.172157287597656
1531580008.6654675,41088,40.00227355957031
1531580167.202899,41216,40.835227966308594
1531580325.7550955,41344,39.17612838745117
1531580484.2748995,41472,40.02467346191406
1531580773.6547675,41600,40.33882141113281
1531580932.111959,41728,41.728858947753906
1531581090.5464115,41856,40.123451232910156
1531581249.068408,41984,40.01470184326172
1531581539.9774325,42112,40.576995849609375
1531581698.715149,42240,40.10243225097656
1531581857.3182075,42368,39.823814392089844
1531582015.7835772,42496,40.74360275268555
1531582307.546307,42624,41.01893997192383
1531582466.169796,42752,40.241600036621094
1531582624.637082,42880,40.386024475097656
1531582783.1432738,43008,39.87461853027344
1531583074.37142,43136,40.994384765625
1531583233.0292916,43264,39.77141571044922
1531583391.759016,43392,40.836421966552734
1531583550.2959306,43520,40.894325256347656
1531583841.3187892,43648,39.958465576171875
1531583999.630878,43776,40.97111511230469
1531584158.0526822,43904,41.90589904785156
1531584316.2586186,44032,41.28076171875
1531584607.9788868,44160,41.512481689453125
1531584766.3815608,44288,40.887203216552734
1531584924.7510936,44416,42.135826110839844
1531585083.005142,44544,41.21918869018555
1531585375.6015303,44672,41.835548400878906
1531585533.9811375,44800,41.664886474609375
1531585692.2347806,44928,40.396728515625
1531585850.6335406,45056,39.84066390991211
1531586141.0640404,45184,40.51799011230469
1531586299.429972,45312,40.31256866455078
1531586457.747837,45440,41.96580505371094
1531586616.0312755,45568,40.91822814941406
1531586909.984958,45696,40.977561950683594
1531587068.4054952,45824,41.77806854248047
1531587226.9754927,45952,40.937191009521484
1531587385.284898,46080,41.864356994628906
1531587678.7983718,46208,40.99646759033203
1531587837.0194676,46336,41.71124267578125
1531587995.30634,46464,40.92815017700195
1531588153.6642108,46592,42.642974853515625
1531588445.9571838,46720,41.369110107421875
1531588604.5046573,46848,40.120304107666016
1531588763.2509894,46976,41.24544143676758
1531588921.8480194,47104,40.07610321044922
1531589216.1715498,47232,41.98530578613281
1531589374.8753114,47360,41.552650451660156
1531589533.5681124,47488,41.16529083251953
1531589692.308801,47616,42.09578323364258
1531589986.3582835,47744,41.23512649536133
1531590144.9614682,47872,42.49644470214844
1531590303.3944616,48000,41.465667724609375
1531590461.9592326,48128,41.70797348022461
1531590754.9245875,48256,40.85906219482422
1531590913.3541517,48384,41.225460052490234
1531591071.946221,48512,41.659210205078125
1531591230.6377878,48640,40.71829605102539
1531591521.7041054,48768,41.018192291259766
1531591680.1926854,48896,41.297935485839844
1531591838.91371,49024,40.549713134765625
1531591997.5266528,49152,41.75625228881836
1531592291.5210333,49280,39.923065185546875
1531592449.9944105,49408,40.71535873413086
1531592608.6043327,49536,41.32304000854492
1531592767.288282,49664,41.196922302246094
1531593058.0319207,49792,41.025508880615234
1531593216.5849028,49920,40.784400939941406
1531593375.1833994,50048,40.16387176513672
1531593533.911819,50176,40.64493942260742
1531593822.8177555,50304,39.547760009765625
1531593981.254479,50432,39.50018310546875
1531594139.7233734,50560,39.893402099609375
1531594298.3065786,50688,39.60120391845703
1531594589.6486866,50816,40.94606399536133
1531594748.15723,50944,39.327415466308594
1531594906.5215828,51072,40.142677307128906
1531595064.9730544,51200,40.502864837646484
1531595354.6082137,51328,39.78675079345703
1531595513.1762822,51456,40.49787902832031
1531595671.7032385,51584,41.224544525146484
1531595830.2050457,51712,40.63768005371094
1531596119.6057923,51840,41.10446548461914
1531596277.9967175,51968,39.736507415771484
1531596436.447764,52096,40.585792541503906
1531596595.0272589,52224,40.39275360107422
1531596884.2570632,52352,39.487125396728516
1531597042.6413991,52480,40.3961181640625
1531597200.9474645,52608,40.221466064453125
1531597359.3066235,52736,40.11324691772461
1531597652.4454138,52864,40.58283615112305
1531597810.8912437,52992,39.889488220214844
1531597969.3246894,53120,41.36405563354492
1531598127.8614535,53248,39.84130859375
1531598420.5014873,53376,40.84824752807617
1531598579.0606105,53504,40.57526397705078
1531598737.6094813,53632,40.31898880004883
1531598896.0960498,53760,40.76715850830078
1531599189.5950878,53888,40.3666877746582
1531599348.236235,54016,41.634117126464844
1531599506.903276,54144,39.964176177978516
1531599665.5744333,54272,40.675453186035156
1531599954.5102527,54400,40.17649841308594
1531600113.1765044,54528,41.035491943359375
1531600271.9490957,54656,40.268924713134766
1531600430.596298,54784,41.38520050048828
1531600720.052437,54912,41.13356399536133
1531600878.6838303,55040,40.829891204833984
1531601037.2765372,55168,42.13087463378906
1531601195.9969199,55296,40.854740142822266
1531601486.419874,55424,40.92527770996094
1531601645.0735362,55552,41.915279388427734
1531601803.617813,55680,41.661991119384766
1531601962.2030602,55808,41.28111267089844
1531602251.9505315,55936,39.70663070678711
1531602410.3309796,56064,41.472564697265625
1531602568.9007115,56192,42.054039001464844
1531602727.406102,56320,42.15433883666992
1531603019.8941803,56448,40.87753677368164
1531603178.2609367,56576,42.37356185913086
1531603336.6436524,56704,42.21086120605469
1531603495.2109864,56832,41.89860916137695
1531603789.1800647,56960,42.120059967041016
1531603947.6101246,57088,43.42559814453125
1531604106.1634946,57216,42.658119201660156
1531604264.66823,57344,41.99964904785156
1531604555.7423053,57472,43.02024841308594
1531604714.0859847,57600,42.809051513671875
1531604872.6125493,57728,43.84326934814453
1531605031.1441505,57856,43.76136016845703
1531605324.957783,57984,43.043582916259766
1531605483.4241583,58112,43.5042724609375
1531605641.7928975,58240,43.125999450683594
1531605800.2286062,58368,44.78293228149414
1531606093.790417,58496,42.725616455078125
1531606252.207656,58624,43.72972869873047
1531606410.6445293,58752,43.68941116333008
1531606568.9360442,58880,44.318153381347656
1531606861.4330564,59008,43.19922637939453
1531607019.9065602,59136,44.47216033935547
1531607178.368859,59264,43.91853332519531
1531607336.733048,59392,43.57524871826172
1531607630.3019123,59520,43.87861251831055
1531607788.7579744,59648,43.554161071777344
1531607947.2707984,59776,43.850616455078125
1531608105.9028223,59904,43.12183380126953
1531608396.616053,60032,44.248680114746094
1531608554.9599454,60160,44.50416946411133
1531608713.5098171,60288,45.08861541748047
1531608871.9948673,60416,43.41997146606445
1531609163.6786258,60544,44.413578033447266
1531609322.3303905,60672,44.92374801635742
1531609480.9445395,60800,42.709014892578125
1531609639.5016584,60928,43.17606735229492
1531617227.3146245,61056,44.86954116821289
1531617389.6551259,61184,43.83074188232422
1531617552.0136297,61312,44.42224884033203
1531617714.4734828,61440,44.714630126953125
1531618004.0054376,61568,43.05091094970703
1531618161.933939,61696,44.70817947387695
1531618320.027439,61824,43.836883544921875
1531618478.176121,61952,43.22541046142578
1531618768.6449206,62080,43.85111618041992
1531618927.0575566,62208,44.41972351074219
1531619085.4634523,62336,43.855445861816406
1531619243.7711065,62464,44.25816345214844
1531619538.2991915,62592,45.65273666381836
1531619696.7428489,62720,44.60153579711914
1531619855.1935651,62848,43.691341400146484
1531620013.5829585,62976,45.0202522277832
1531620305.0046132,63104,45.20713424682617
1531620463.3857164,63232,44.77925109863281
1531620621.752114,63360,45.166725158691406
1531620780.1210842,63488,44.972904205322266
1531621072.2609372,63616,44.93692398071289
1531621230.7576058,63744,45.73816680908203
1531621389.0702863,63872,45.75956344604492
1531621547.3885586,64000,45.656795501708984
1531621843.0888684,64128,45.617923736572266
1531622001.4370916,64256,45.26094436645508
1531622159.6675205,64384,44.84174346923828
1531622317.9810934,64512,44.99564743041992
1531622610.5724323,64640,45.178836822509766
1531622769.0410526,64768,44.40095520019531
1531622927.5001152,64896,45.83190155029297
1531623085.9282918,65024,45.59870910644531
1531623383.8351822,65152,45.29865264892578
1531623542.3685987,65280,45.68805694580078
1531623700.7329404,65408,45.92222595214844
1531623859.1556776,65536,45.622947692871094
1531624153.8890471,65664,45.22611618041992
1531624312.2462173,65792,44.34601593017578
1531624470.722365,65920,44.484588623046875
1531624629.2747006,66048,45.3848762512207
1531624925.004727,66176,46.21552276611328
1531625083.7205272,66304,45.82552719116211
1531625242.385466,66432,46.20889663696289
1531625401.1178222,66560,46.344520568847656
1531625692.3960998,66688,45.642478942871094
1531625850.6560674,66816,46.41227722167969
1531626008.9800978,66944,45.27188491821289
1531626167.3990889,67072,46.25049591064453
1531626460.1207185,67200,45.740020751953125
1531626618.3091066,67328,45.32025146484375
1531626776.5794563,67456,46.55791473388672
1531626934.7182667,67584,46.021766662597656
1531627230.9064283,67712,45.48099136352539
1531627389.2100363,67840,46.16449737548828
1531627547.455321,67968,46.2832145690918
1531627705.7384522,68096,47.35066604614258
1531628000.9631603,68224,45.460147857666016
1531628159.224744,68352,46.28310012817383
1531628317.4725945,68480,47.68046569824219
1531628475.5868282,68608,46.19883346557617
1531628772.6195526,68736,46.783302307128906
1531628930.8107402,68864,47.1966552734375
1531629089.0649676,68992,47.6920280456543
1531629247.3096197,69120,47.6280517578125
1531629541.2394965,69248,44.754276275634766
1531629699.6198387,69376,46.32818603515625
1531629857.9125218,69504,45.34360885620117
1531630016.3653505,69632,45.029335021972656
1531630308.6323407,69760,45.80620193481445
1531630467.0613887,69888,47.13720703125
1531630625.5918207,70016,46.00101852416992
1531630784.011166,70144,46.28264236450195
1531631078.2131095,70272,45.01909255981445
1531631236.6631653,70400,45.08723449707031
1531631395.1193502,70528,46.36287307739258
1531631553.6256824,70656,47.10142517089844
1531631844.231028,70784,46.147315979003906
1531632002.6867793,70912,45.482425689697266
1531632160.9861073,71040,46.624332427978516
1531632319.3115044,71168,47.5787467956543
1531632615.4731402,71296,46.574588775634766
1531632773.7628746,71424,46.30244064331055
1531632932.0664024,71552,46.694915771484375
1531633090.2846386,71680,45.47810745239258
1531633384.6174896,71808,48.218814849853516
1531633542.7187037,71936,46.52647399902344
1531633701.1064277,72064,46.79053497314453
1531633859.379103,72192,47.18858337402344
1531634155.7975178,72320,47.83927536010742
1531634314.2091808,72448,47.87015914916992
1531634472.358598,72576,47.54436492919922
1531634630.6595936,72704,46.80890655517578
1531634924.5040052,72832,46.51238250732422
1531635082.7933915,72960,47.69055938720703
1531635241.1513839,73088,45.68930435180664
1531635399.4987593,73216,46.95335006713867
1531635696.1538541,73344,47.76168441772461
1531635854.423025,73472,47.21543884277344
1531636012.9913228,73600,47.26788330078125
1531636171.2177768,73728,48.45148849487305
1531636463.246349,73856,47.00752639770508
1531636621.7148428,73984,47.99054718017578
1531636780.079535,74112,49.29729080200195
1531636938.6004863,74240,48.95280838012695
1531637233.8815496,74368,48.449371337890625
1531637392.169388,74496,48.01526641845703
1531637550.5142443,74624,48.64072799682617
1531637708.7677186,74752,47.74231719970703
1531638005.25899,74880,47.904296875
1531638163.8148913,75008,48.28651428222656
1531638322.260503,75136,47.07767868041992
1531638480.8173347,75264,47.236297607421875
1531638771.0911198,75392,47.90134048461914
1531638929.6915002,75520,47.7704963684082
1531639088.2655375,75648,48.5018196105957
1531639246.8888535,75776,47.805171966552734
1531639538.1530874,75904,48.018028259277344
1531639696.4521084,76032,49.0551643371582
1531639854.8194535,76160,50.803558349609375
1531640013.3280048,76288,48.91427230834961
1531640306.2240136,76416,47.770721435546875
1531640464.4452288,76544,47.57746887207031
1531640622.798083,76672,48.05765914916992
1531640781.157068,76800,48.500450134277344
1531641077.4123094,76928,47.19146728515625
1531641235.6705499,77056,48.00664520263672
1531641393.9890752,77184,50.2862663269043
1531641552.3301656,77312,49.102481842041016
1531641844.7519872,77440,47.70093536376953
1531642002.8752923,77568,49.374366760253906
1531642161.1193786,77696,48.7641487121582
1531642319.3151097,77824,48.587890625
1531642613.202801,77952,49.241485595703125
1531642771.658792,78080,49.36214065551758
1531642929.995047,78208,48.66240310668945
1531643088.453394,78336,48.88036346435547
1531643384.6252508,78464,49.23392105102539
1531643542.8909276,78592,48.23482894897461
1531643701.1794128,78720,48.48664855957031
1531643859.3747075,78848,48.126434326171875
1531644153.6440196,78976,47.979454040527344
1531644312.1139367,79104,48.781585693359375
1531644470.5130548,79232,48.757808685302734
1531644628.9637604,79360,49.37778091430664
1531644926.15166,79488,48.843475341796875
1531645084.4885602,79616,48.27283477783203
1531645242.7375686,79744,49.2132682800293
1531645401.1974456,79872,49.913333892822266
1531645695.4707897,80000,50.09296798706055
1531645853.6805658,80128,48.772010803222656
1531646012.0374455,80256,50.303924560546875
1531646170.3970802,80384,51.27265167236328
1531646464.1265898,80512,49.971168518066406
1531646622.5269258,80640,49.43850326538086
1531646780.7888262,80768,49.45690155029297
1531646938.905526,80896,49.64012908935547
1531647230.083242,81024,48.48126220703125
1531647388.3927603,81152,50.187870025634766
1531647546.718989,81280,50.183353424072266
1531647705.0368872,81408,49.275699615478516
1531647998.8723488,81536,50.04225158691406
1531648157.2919734,81664,49.343711853027344
1531648315.7308593,81792,48.819366455078125
1531648474.2395098,81920,48.17497634887695
1531648767.5757968,82048,49.54209899902344
1531648926.0565662,82176,50.18740463256836
1531649084.5443501,82304,50.95027160644531
1531649243.0225172,82432,50.691322326660156
1531649536.4553297,82560,50.148155212402344
1531649694.7483537,82688,50.84838104248047
1531649853.3317707,82816,49.591217041015625
1531650011.798553,82944,50.891380310058594
1531650302.9283416,83072,49.3897705078125
1531650461.1441965,83200,50.24321365356445
1531650619.3077214,83328,50.94566345214844
1531650777.581339,83456,49.882259368896484
1531651070.7979968,83584,50.577049255371094
1531651229.0842292,83712,51.350486755371094
1531651387.2559414,83840,50.872642517089844
1531651545.29387,83968,49.57777786254883
1531651840.351405,84096,49.23614501953125
1531651998.632693,84224,51.15702438354492
1531652157.0715497,84352,51.42525863647461
1531652315.4235778,84480,51.5745849609375
1531652612.088048,84608,51.41865921020508
1531652770.3547723,84736,50.29291534423828
1531652928.6393003,84864,51.39548110961914
1531653086.9448493,84992,51.734066009521484
1531653382.7892916,85120,50.687713623046875
1531653541.0890653,85248,52.218605041503906
1531653699.2124698,85376,52.342979431152344
1531653857.4422307,85504,51.0228271484375
1531654151.7037678,85632,51.410118103027344
1531654309.9417763,85760,50.842010498046875
1531654468.1531641,85888,52.981971740722656
1531654626.3249915,86016,52.24330520629883
1531654918.933356,86144,52.009098052978516
1531655077.1059039,86272,51.39910888671875
1531655235.3287432,86400,50.863739013671875
1531655393.5479932,86528,51.75265884399414
1531655689.1103067,86656,51.382389068603516
1531655847.5131178,86784,52.7220458984375
1531656006.0860448,86912,50.96993637084961
1531656164.565919,87040,51.45383071899414
1531656461.0577962,87168,51.3510856628418
1531656619.305091,87296,51.23079299926758
1531656777.8118963,87424,51.94864273071289
1531656936.3213277,87552,52.79349136352539
1531657229.7286594,87680,52.608734130859375
1531657388.1809707,87808,52.809017181396484
1531657546.5938885,87936,53.64627456665039
1531657705.0755918,88064,53.90666198730469
1531658001.7832172,88192,52.58829116821289
1531658160.0399656,88320,53.39977264404297
1531658318.4589076,88448,51.6391716003418
1531658476.7629826,88576,53.30134963989258
1531658772.6786332,88704,53.51220703125
1531658931.1840513,88832,53.5245246887207
1531659089.6026776,88960,52.38597106933594
1531659248.2105,89088,53.829288482666016
1531659547.0490894,89216,54.35061264038086
1531659705.5610116,89344,54.59363555908203
1531659863.889022,89472,53.804351806640625
1531660022.4623861,89600,54.71920394897461
1531660316.3581293,89728,53.371002197265625
1531660474.697491,89856,53.92123031616211
1531660632.959362,89984,52.3275260925293
1531660791.2220788,90112,53.00401306152344
1531661084.830259,90240,53.20075988769531
1531661243.0937393,90368,54.80344009399414
1531661401.381727,90496,53.2940559387207
1531661559.711738,90624,53.2647819519043
1531661855.451561,90752,52.92302322387695
1531662013.8008046,90880,53.46595764160156
1531662172.1216671,91008,53.93891143798828
1531662330.5138338,91136,54.16789245605469
1531662625.074914,91264,54.0301399230957
1531662783.281133,91392,54.74689865112305
1531662941.6365438,91520,54.1629524230957
1531663099.9101362,91648,53.757328033447266
1531663395.7569516,91776,54.076541900634766
1531663554.0945828,91904,53.64002990722656
1531663712.5297825,92032,53.19209671020508
1531663871.0067096,92160,54.0128173828125
1531664167.8933704,92288,54.18301773071289
1531664326.0888422,92416,53.26390838623047
1531664484.3122559,92544,54.008697509765625
1531664642.4307477,92672,53.28074645996094
1531664938.1941853,92800,53.12350845336914
1531665096.6044776,92928,54.71692657470703
1531665254.857555,93056,55.760589599609375
1531665413.2301106,93184,55.002227783203125
1531665709.080365,93312,53.65699768066406
1531665867.3216445,93440,55.13898468017578
1531666025.6504934,93568,53.41603469848633
1531666183.968017,93696,54.88998794555664
1531666480.200143,93824,53.21147155761719
1531666638.6967185,93952,53.17108917236328
1531666797.199995,94080,55.6845817565918
1531666955.717064,94208,53.15702819824219
1531667253.732758,94336,55.454742431640625
1531667412.028405,94464,55.64863204956055
1531667570.5759299,94592,56.140220642089844
1531667729.1619911,94720,55.860633850097656
1531668022.6382043,94848,55.58399963378906
1531668181.0043604,94976,55.93940353393555
1531668339.3592658,95104,55.612422943115234
1531668497.6433656,95232,55.23847961425781
1531668794.2353272,95360,55.789276123046875
1531668952.6800504,95488,54.60453414916992
1531669111.1155152,95616,56.572288513183594
1531669269.5152626,95744,54.43764114379883
1531669565.5875003,95872,54.39936065673828
1531669723.8705475,96000,54.58647155761719
1531669882.1974854,96128,54.59159469604492
1531670040.5386014,96256,56.04438781738281
1531699289.097606,96384,55.76072692871094
1531699451.4312394,96512,55.350311279296875
1531699614.0680344,96640,56.138153076171875
1531699776.8214316,96768,56.12515640258789
1531700072.5657198,96896,55.834381103515625
1531700230.758126,97024,53.664642333984375
1531700388.968178,97152,54.161842346191406
1531700547.256731,97280,54.28052520751953
1531700844.377201,97408,55.96929931640625
