wall_time,step,value
1534045190.7036324,128,23.942691802978516
1534045860.2716064,256,21.896190643310547
1534046529.685711,384,19.376096725463867
1534047199.0763981,512,13.165054321289062
1534048811.418864,640,13.894686698913574
1534049480.898762,768,11.5537691116333
1534050150.3226361,896,12.64019775390625
1534050819.7196765,1024,12.112184524536133
1534052496.8778036,1152,12.962913513183594
1534053166.1433113,1280,11.532205581665039
1534053835.455751,1408,10.166872024536133
1534054504.5976138,1536,12.134130477905273
1534056244.0902765,1664,12.207353591918945
1534056913.4687114,1792,10.81633472442627
1534057582.7849681,1920,10.855755805969238
1534058252.1526158,2048,9.857199668884277
1534059969.594278,2176,11.763611793518066
1534060638.8631916,2304,10.98354721069336
1534061308.2152271,2432,11.54304313659668
1534061977.5086749,2560,12.675612449645996
1534063602.361512,2688,10.253555297851562
1534064271.492692,2816,11.03421688079834
1534064940.4857094,2944,11.846774101257324
1534065609.530896,3072,11.578001976013184
1534067265.7407537,3200,10.723065376281738
1534067934.4394188,3328,10.165473937988281
1534068603.0658214,3456,12.136329650878906
1534069271.805267,3584,11.27451229095459
1534070943.1640491,3712,11.098800659179688
1534071612.3801963,3840,11.188888549804688
1534072281.4804063,3968,10.284720420837402
1534072950.284122,4096,10.888554573059082
1534074603.4778867,4224,10.842643737792969
1534075272.7672567,4352,9.99578857421875
1534075942.060536,4480,9.920004844665527
1534076611.439028,4608,11.753293991088867
1534078242.4154568,4736,9.744558334350586
1534078911.9374428,4864,10.915287971496582
1534079581.4760346,4992,9.714197158813477
1534080250.884657,5120,10.441936492919922
1534081865.7045033,5248,10.210631370544434
1534082534.63038,5376,11.186380386352539
1534083203.8592284,5504,10.22132682800293
1534083873.344992,5632,9.671391487121582
1534085504.0890448,5760,9.35659408569336
1534086173.4290924,5888,10.884321212768555
1534086843.0250714,6016,11.067227363586426
1534087512.6155217,6144,9.706937789916992
1534089127.618836,6272,10.475492477416992
1534089796.9697716,6400,9.6067476272583
1534090466.331546,6528,9.783428192138672
1534091135.6487913,6656,10.86052131652832
1534092756.9949937,6784,10.003982543945312
1534093426.3749373,6912,10.18789005279541
1534094095.850038,7040,9.930337905883789
1534094765.1876895,7168,10.858121871948242
