wall_time,step,value
1534048144.710948,512,7.690096855163574
1534051830.2988784,1024,5.36040735244751
1534055577.401489,1536,4.66730260848999
1534059303.0738213,2048,4.321035385131836
1534062935.9647648,2560,4.6116437911987305
1534066599.7854245,3072,4.204800128936768
1534070276.9273846,3584,3.6917645931243896
1534073937.028177,4096,3.952697992324829
1534077575.9274988,4608,3.324180841445923
1534081199.2830088,5120,3.106534004211426
1534084837.275096,5632,3.177396059036255
1534088460.8937876,6144,3.0794105529785156
1534092090.4793425,6656,3.2030704021453857
1534095709.5032864,7168,3.1213653087615967
