wall_time,step,value
1531476825.6901577,512,0.40363091230392456
1531477611.0738492,1024,0.37533414363861084
1531478391.8030934,1536,0.318941205739975
1531479166.401405,2048,0.2762780785560608
1531479933.6611457,2560,0.248435378074646
1531480704.9289942,3072,0.228556290268898
1531481471.3180304,3584,0.2149793952703476
1531482233.8849187,4096,0.2051914930343628
1531482996.5583878,4608,0.19832900166511536
1531483758.5110393,5120,0.1920909434556961
1531484519.4148118,5632,0.18650467693805695
1531485279.1816683,6144,0.17778846621513367
1531486042.0135107,6656,0.17580340802669525
1531486804.3290827,7168,0.16918054223060608
1531487566.1615896,7680,0.16384150087833405
1531488330.1923745,8192,0.1600656509399414
1531489092.798935,8704,0.14817453920841217
1531489857.9704354,9216,0.14905470609664917
1531490622.0090058,9728,0.14828144013881683
1531491386.071643,10240,0.14476749300956726
1531492152.0472171,10752,0.13784995675086975
1531492916.707979,11264,0.1403784304857254
1531493681.4707894,11776,0.13640011847019196
1531494444.9234865,12288,0.13512495160102844
1531495210.6451352,12800,0.12874998152256012
1531495973.3563533,13312,0.12915287911891937
1531496739.1170146,13824,0.1309405118227005
1531497504.7647488,14336,0.12392778694629669
1531498268.442311,14848,0.12468784302473068
1531499032.4111574,15360,0.11795561015605927
1531499796.4777255,15872,0.11782841384410858
1531500560.5040777,16384,0.11883144080638885
1531501320.493338,16896,0.11659664660692215
1531502082.4886665,17408,0.11437960714101791
1531502842.643936,17920,0.11118194460868835
1531503603.2162926,18432,0.10773604363203049
1531504366.5661976,18944,0.11323242634534836
1531505127.577292,19456,0.1131785586476326
1531505887.371993,19968,0.10742715746164322
1531506650.0560021,20480,0.10793125629425049
1531507412.9726338,20992,0.10027936846017838
1531508178.0882082,21504,0.1050882488489151
1531508944.0402987,22016,0.09888270497322083
1531509708.4809918,22528,0.10116203874349594
1531510469.4569635,23040,0.09784825891256332
1531511237.3634076,23552,0.10038502514362335
1531511998.8174918,24064,0.09613853693008423
1531512761.5094204,24576,0.09331756830215454
1531513523.1131577,25088,0.09737934172153473
1531557718.754156,26112,0.09565706551074982
1531558479.23819,26624,0.09653181582689285
1531559238.2386925,27136,0.09376370161771774
1531560000.7268124,27648,0.0914059728384018
1531560762.42764,28160,0.0885331854224205
1531561525.989695,28672,0.09077414870262146
1531562289.8579786,29184,0.08371283859014511
1531563053.415123,29696,0.08676235377788544
1531563816.916356,30208,0.0878542885184288
1531564577.9782329,30720,0.08562080562114716
1531565341.2603045,31232,0.08320052176713943
1531566101.8426697,31744,0.08671104907989502
1531566865.8845348,32256,0.08418336510658264
1531567629.5658612,32768,0.08228456974029541
1531568391.3667762,33280,0.08170561492443085
1531569153.8871672,33792,0.08518467098474503
1531569918.9379392,34304,0.08156973868608475
1531570682.5759065,34816,0.08321593701839447
1531571445.4419248,35328,0.0806780681014061
1531572210.2478695,35840,0.08261620998382568
1531572975.6408865,36352,0.0789325013756752
1531573738.246715,36864,0.08284541964530945
1531574501.3185976,37376,0.07687850296497345
1531575266.1953306,37888,0.07583720237016678
1531576031.5279841,38400,0.07683408260345459
1531576795.9272804,38912,0.07740992307662964
1531577560.3910227,39424,0.0771169438958168
1531578324.0376093,39936,0.07593531906604767
1531579089.9216843,40448,0.07787184417247772
1531579853.3045466,40960,0.0732177346944809
1531580618.381915,41472,0.07844101637601852
1531581384.6715891,41984,0.07821764796972275
1531582152.3634796,42496,0.07510104775428772
1531582918.8291023,43008,0.07532323896884918
1531583686.1146774,43520,0.07283050566911697
1531584452.853522,44032,0.07368335127830505
1531585220.282581,44544,0.0736088678240776
1531585985.8373055,45056,0.07243967801332474
1531586754.6397803,45568,0.0714501291513443
1531587523.8691115,46080,0.07268022745847702
1531588290.5679626,46592,0.07301133126020432
1531589060.7569115,47104,0.07404283434152603
1531589831.0970643,47616,0.0733380913734436
1531590599.493182,48128,0.06859944015741348
1531591366.3287494,48640,0.07153170555830002
1531592136.0017748,49152,0.07089152187108994
1531592902.617077,49664,0.06724603474140167
1531593667.3933144,50176,0.06667713075876236
1531594434.2832825,50688,0.07042670994997025
1531595199.4247549,51200,0.06990046799182892
1531595964.043379,51712,0.06630081683397293
1531596728.9060597,52224,0.06793859601020813
1531597497.14965,52736,0.06861787289381027
1531598265.2009258,53248,0.06769204884767532
1531599034.2197626,53760,0.06902384757995605
1531599798.8013062,54272,0.06854186952114105
1531600564.6821487,54784,0.06716437637805939
1531601330.9789028,55296,0.06702781468629837
1531602096.7021086,55808,0.06695041805505753
1531602864.372658,56320,0.06560686975717545
1531603633.6393576,56832,0.06730576604604721
1531604400.2415326,57344,0.06683085113763809
1531605169.5769176,57856,0.06363077461719513
1531605938.273773,58368,0.0666491910815239
1531606705.9095404,58880,0.06425382941961288
1531607474.5626943,59392,0.06709767132997513
1531608241.0323987,59904,0.06312332302331924
1531609008.0940585,60416,0.06357699632644653
1531609778.619261,60928,0.06542115658521652
1531617848.7533443,61440,0.06347869336605072
1531618613.2680106,61952,0.06343655288219452
1531619382.963509,62464,0.06548348814249039
1531620149.5583704,62976,0.06398091465234756
1531620916.8995636,63488,0.06646750122308731
1531621687.8728087,64000,0.06180312857031822
1531622455.1718016,64512,0.06125488877296448
1531623228.4773939,65024,0.06366849690675735
1531623998.6287248,65536,0.06171746924519539
1531624769.41916,66048,0.06488167494535446
1531625537.0399437,66560,0.06497959792613983
1531626304.6561728,67072,0.06180187687277794
1531627075.6582658,67584,0.06209329143166542
1531627845.6598413,68096,0.06145404279232025
1531628617.2845366,68608,0.062307171523571014
1531629385.8540585,69120,0.06206599250435829
1531630153.2867653,69632,0.06293043494224548
1531630922.870461,70144,0.05991188809275627
1531631688.7607412,70656,0.06168040260672569
1531632460.1472943,71168,0.06076329946517944
1531633229.3462677,71680,0.05805045738816261
1531634000.4500203,72192,0.058133598417043686
1531634769.2521818,72704,0.0619911253452301
1531635540.709036,73216,0.06054377183318138
1531636307.85363,73728,0.06025819107890129
1531637078.475665,74240,0.058547988533973694
1531637849.882102,74752,0.058028411120176315
1531638615.5974166,75264,0.060189198702573776
1531639382.8521938,75776,0.05964793264865875
1531640150.9539115,76288,0.060813017189502716
1531640922.347065,76800,0.05980028212070465
1531641689.608165,77312,0.06125011295080185
1531642457.846665,77824,0.05974622815847397
1531643229.486633,78336,0.05960734561085701
1531643998.3323903,78848,0.060610927641391754
1531644770.879333,79360,0.05938621237874031
1531645540.2564802,79872,0.055256437510252
1531646308.827291,80384,0.0612599179148674
1531647074.9524662,80896,0.060048382729291916
1531647843.702927,81408,0.05875062197446823
1531648612.0463295,81920,0.0579710528254509
1531649381.1828995,82432,0.057998545467853546
1531650147.740885,82944,0.05905197560787201
1531650915.6226537,83456,0.06054355576634407
1531651684.906298,83968,0.059054069221019745
1531652456.917117,84480,0.05887390673160553
1531653227.717071,84992,0.05843205749988556
1531653996.599523,85504,0.05943399667739868
1531654763.8381224,86016,0.05635984614491463
1531655533.7434266,86528,0.05878400057554245
1531656305.8723395,87040,0.05579992011189461
1531657074.4978764,87552,0.05670259892940521
1531657846.6682959,88064,0.056666284799575806
1531658617.5102394,88576,0.05710610747337341
1531659391.901024,89088,0.05670691281557083
1531660161.414587,89600,0.05786138400435448
1531660929.7841635,90112,0.05756351351737976
1531661700.5398092,90624,0.057163503021001816
1531662469.9467814,91136,0.055638834834098816
1531663240.3850377,91648,0.05629291757941246
1531664012.8389118,92160,0.05602983385324478
1531664782.9726284,92672,0.0562056265771389
1531665553.8298533,93184,0.057677801698446274
1531666324.8000014,93696,0.05341896787285805
1531667098.4778898,94208,0.05734987184405327
1531667867.4449213,94720,0.054060809314250946
1531668639.0166478,95232,0.05327718332409859
1531669410.389527,95744,0.05488235875964165
1531670185.716027,96256,0.05590466782450676
1531699917.241282,96768,0.05579013749957085
1531700688.7503011,97280,0.05513373017311096
