wall_time,step,value
1531051263.548378,512,2.1130776405334473
1531051790.0386732,1024,2.3880295753479004
1531052305.950537,1536,2.59952974319458
1531052824.4005413,2048,2.8080496788024902
1531053338.704078,2560,3.050502300262451
1531053859.692829,3072,3.127824068069458
1531054377.8688557,3584,3.2255237102508545
1531054895.2410152,4096,3.2470364570617676
1531055411.0586748,4608,3.3653945922851562
1531055927.9782515,5120,3.3316776752471924
1531056443.6437182,5632,3.4915642738342285
1531056959.5571098,6144,3.4920527935028076
1531057474.1925433,6656,3.604888916015625
1531057987.3323479,7168,3.6716792583465576
1531058501.5678313,7680,3.675996780395508
1531059012.9780562,8192,3.7299041748046875
1531059525.6159837,8704,3.8502471446990967
1531060037.918529,9216,3.8404736518859863
1531060551.1775568,9728,3.888017177581787
1531061064.4688828,10240,3.977104902267456
1531061576.9953573,10752,3.865948438644409
1531062088.818426,11264,3.864804744720459
1531062602.2846086,11776,3.927935838699341
1531063114.4728932,12288,3.9764816761016846
1531063628.300708,12800,3.9762699604034424
1531064141.2981331,13312,4.02017879486084
1531064653.8946579,13824,3.9877102375030518
1531065166.7206705,14336,4.007425785064697
1531065678.8419993,14848,3.9513697624206543
1531066194.366839,15360,4.070937156677246
1531066706.949469,15872,4.031764984130859
1531067221.9546604,16384,4.100485801696777
1531067734.8299427,16896,3.949387311935425
1531068247.1872633,17408,4.016468524932861
1531068758.8034213,17920,4.05121374130249
1531069271.8661876,18432,4.105904579162598
1531069785.0879169,18944,3.997347354888916
1531070299.3491588,19456,4.0266876220703125
1531070812.636676,19968,4.033039569854736
1531071325.6840973,20480,4.122761249542236
1531071838.9899826,20992,4.144033432006836
1531072354.2758508,21504,4.0726237297058105
1531072868.7212355,22016,4.133350849151611
1531073383.957851,22528,4.094576358795166
1531073898.5018916,23040,4.096519470214844
1531074412.847621,23552,4.102412223815918
1531074927.338089,24064,4.1163129806518555
1531075441.7996514,24576,4.125007629394531
1531075958.005535,25088,4.1241326332092285
1531076473.8660383,25600,4.216385841369629
1531076988.6510763,26112,4.075137615203857
1531077503.088054,26624,4.085235595703125
1531078016.9264872,27136,4.105105876922607
1531078531.914009,27648,4.076064586639404
1531079045.57602,28160,4.104292392730713
1531079561.7421649,28672,4.041374206542969
1531080078.2919188,29184,4.072110176086426
1531080592.775905,29696,4.013725757598877
1531081107.1875784,30208,4.151156425476074
1531081624.0193658,30720,4.054380416870117
1531082140.7427475,31232,4.11346960067749
1531082658.020686,31744,4.118718147277832
1531083172.3216755,32256,4.089380264282227
1531083688.0538902,32768,4.060971260070801
1531084203.541118,33280,4.120928764343262
1531084721.523051,33792,4.129417896270752
1531085239.5727913,34304,4.089268684387207
1531085755.4421353,34816,4.091397285461426
1531086271.5386262,35328,3.9880530834198
1531086786.7078586,35840,4.0614776611328125
1531087302.16138,36352,4.119559288024902
1531087820.5338643,36864,4.0600786209106445
1531223285.6297247,37888,3.997077465057373
1531223794.6967247,38400,4.126450538635254
1531224305.7429526,38912,4.080996036529541
1531224817.3378105,39424,4.02235746383667
1531225329.4261816,39936,4.0319719314575195
1531277565.6306372,40960,4.060467720031738
1531278075.6295974,41472,4.070366859436035
1531278584.883706,41984,4.163163661956787
1531279094.9758954,42496,4.126859188079834
1531279605.057875,43008,4.014431476593018
1531280115.4351115,43520,4.130746841430664
1531280625.6599195,44032,4.039310932159424
1531281136.5537822,44544,4.044040203094482
1531281646.9072204,45056,3.9788544178009033
1531282158.643948,45568,3.977463483810425
1531282671.6189249,46080,4.038445472717285
1531283183.7173727,46592,3.931095600128174
1531283695.3252974,47104,4.088202953338623
1531284205.75679,47616,4.088964939117432
1531284717.1682022,48128,4.045943260192871
1531285229.260137,48640,3.983708143234253
1531285741.65209,49152,3.967301607131958
1531286255.5033464,49664,4.090454578399658
1531286765.9253907,50176,4.009253025054932
1531287277.8238845,50688,4.020025253295898
1531287790.2272093,51200,4.028545379638672
1531288300.6625657,51712,4.027307033538818
1531288813.2783155,52224,3.9994125366210938
1531289325.1717813,52736,3.9714272022247314
1531289835.0515664,53248,3.9154250621795654
1531290345.9427607,53760,4.051992416381836
1531290859.1431167,54272,4.028141975402832
1531291371.8902676,54784,3.9929592609405518
1531291885.08826,55296,3.913248062133789
1531292398.722666,55808,4.171265602111816
1531292912.4190762,56320,4.029589653015137
1531293426.770502,56832,4.0483551025390625
1531293939.2120924,57344,3.9407191276550293
1531294454.1881409,57856,3.9132590293884277
1531294967.8592117,58368,4.022345066070557
1531295483.6528604,58880,3.963853359222412
1531295998.9630573,59392,4.005020618438721
1531296512.7790425,59904,3.991502285003662
1531297025.9367378,60416,3.9523253440856934
1531297539.4258847,60928,3.956378221511841
1531298052.4647453,61440,3.9923503398895264
1531298565.8033836,61952,3.9290237426757812
1531299078.154588,62464,3.947469711303711
1531299591.6767356,62976,3.937260389328003
1531300106.1258147,63488,3.9248929023742676
1531300620.43604,64000,3.8937911987304688
1531301134.1359837,64512,3.9495749473571777
1531301648.353987,65024,3.9035162925720215
1531302163.9244974,65536,3.9534289836883545
1531302678.4354503,66048,3.923501968383789
1531303191.281497,66560,3.9403464794158936
1531303706.6054542,67072,4.0354204177856445
1531304220.5409384,67584,3.871438503265381
1531304735.106189,68096,3.965210437774658
1531305248.7075832,68608,3.9756076335906982
1531305761.699141,69120,3.951857089996338
1531306274.5110104,69632,3.998973846435547
1531306787.8155096,70144,3.892967939376831
1531307300.7088807,70656,4.006040573120117
1531307813.9070425,71168,3.9412872791290283
1531308326.6649928,71680,3.9684314727783203
1531308839.6164603,72192,3.915134906768799
1531309352.8405478,72704,3.884697675704956
1531309865.2856648,73216,4.030844211578369
1531310380.6211863,73728,3.913928985595703
1531310894.5251844,74240,3.8850529193878174
1531311406.5942738,74752,3.884873151779175
1531311920.9088492,75264,3.9412682056427
1531312433.9859672,75776,3.942279815673828
1531312947.8184433,76288,3.9191384315490723
1531313462.5114372,76800,3.90849232673645
1531313977.4670672,77312,3.8712546825408936
1531322261.277771,78336,3.892199754714966
1531322771.1807663,78848,3.8887526988983154
1531323279.9605122,79360,3.865680694580078
1531323789.6441638,79872,3.9599082469940186
1531324298.3601913,80384,3.86737322807312
1531324806.6854825,80896,3.961789608001709
1531325314.5252278,81408,3.8683815002441406
1531325823.5708842,81920,3.8457863330841064
1531326333.13347,82432,3.8243186473846436
1531326841.8562486,82944,3.9341530799865723
1531327351.55747,83456,3.9013705253601074
1531327861.03993,83968,3.9721691608428955
1531328370.5081394,84480,3.835383653640747
1531328880.6213558,84992,3.92199444770813
1531329390.718446,85504,3.9243152141571045
1531329900.7359667,86016,3.7825751304626465
1531330410.2223017,86528,3.891667604446411
1531330920.5111887,87040,3.9099297523498535
1531331430.0311732,87552,3.8811206817626953
1531331941.1882493,88064,3.8666396141052246
1531332451.2106154,88576,3.909665584564209
1531332959.6987064,89088,3.9163031578063965
1531333470.322137,89600,3.8718371391296387
1531333980.1757736,90112,3.8357415199279785
1531334489.2412179,90624,3.8026363849639893
1531334999.8741744,91136,3.854036331176758
1531335510.037744,91648,3.8617305755615234
1531336022.4701152,92160,3.802198886871338
1531336532.3742633,92672,3.8165290355682373
1531337044.34446,93184,3.810657501220703
1531337555.7609253,93696,3.8210628032684326
1531338067.1267972,94208,3.858821392059326
1531338576.6414104,94720,3.848844051361084
1531339088.4049034,95232,3.8567638397216797
1531339599.9075902,95744,3.801570415496826
1531340111.4919336,96256,3.891775131225586
1531340620.7217815,96768,3.8160510063171387
1531341133.0832446,97280,3.830814838409424
