wall_time,step,value
1532646222.2198505,128,145.3380889892578
1532646473.4353511,256,63.69697952270508
1532646724.8210976,384,62.50621795654297
1532646976.06509,512,51.937408447265625
1532647522.03126,640,50.98859786987305
1532647773.3255665,768,53.375022888183594
1532648024.7537725,896,51.88478469848633
1532648276.03172,1024,54.48005294799805
1532648838.6868541,1152,53.07637405395508
1532649089.9252489,1280,53.039615631103516
1532649341.1796513,1408,51.66262435913086
1532649592.3974857,1536,48.25531768798828
1532650147.6439216,1664,45.68761444091797
1532650398.938512,1792,45.8716926574707
1532650650.3170187,1920,45.29222869873047
1532650901.655742,2048,44.8044548034668
1532651446.790979,2176,42.78636932373047
1532651698.1517954,2304,40.442962646484375
1532651949.5613194,2432,39.71067428588867
1532652200.816786,2560,38.638450622558594
1532652731.6611223,2688,39.15034866333008
1532652983.0842943,2816,38.7210807800293
1532653234.3888304,2944,39.69065856933594
1532653485.8065937,3072,37.69203186035156
1532653988.6586492,3200,37.41708755493164
1532654240.1210606,3328,37.527992248535156
1532654491.4666674,3456,37.85353088378906
1532654742.8073006,3584,34.79773712158203
1532655220.928349,3712,37.02173614501953
1532655472.1541677,3840,36.641082763671875
1532655723.4390218,3968,37.43940353393555
1532655974.7739058,4096,37.52312469482422
1532656457.6755993,4224,37.0401496887207
1532656708.9756536,4352,38.32587432861328
1532656960.3148854,4480,37.15306091308594
1532657211.7243154,4608,37.37544631958008
1532657692.0408995,4736,38.02587127685547
1532657943.4655075,4864,38.06648254394531
1532658194.8245244,4992,36.948204040527344
1532658446.2270741,5120,37.83622741699219
1532658930.111257,5248,37.44590759277344
1532659181.4354594,5376,37.35993194580078
1532659432.7913923,5504,36.871150970458984
1532659684.1776433,5632,35.53755187988281
1532660175.6717775,5760,36.13058090209961
1532660426.96119,5888,35.73951721191406
1532660678.2325106,6016,36.88938522338867
1532660929.5413952,6144,36.168392181396484
1532661428.9392333,6272,34.96491241455078
1532661680.3222392,6400,34.28328323364258
1532661931.5524604,6528,35.78779220581055
1532662182.9123733,6656,35.26561737060547
1532662696.6821222,6784,35.13325881958008
1532662947.9218562,6912,36.37265396118164
1532663199.1101367,7040,34.75776672363281
1532663450.3741624,7168,36.62846374511719
1532663969.419054,7296,37.10742950439453
1532664220.6782992,7424,35.60043716430664
1532664471.899788,7552,37.15806579589844
1532664723.1927714,7680,36.82478332519531
1532665248.4322116,7808,38.139766693115234
1532665499.7842166,7936,36.90996170043945
1532665751.1237183,8064,38.313377380371094
1532666002.2480557,8192,39.10002517700195
1532666527.2732656,8320,37.90083694458008
1532666778.5474846,8448,37.964107513427734
1532667030.024448,8576,39.439693450927734
1532667281.5796788,8704,39.09499740600586
1532667802.3949914,8832,39.064273834228516
1532668053.9613233,8960,39.67660140991211
1532668305.5234683,9088,40.90589904785156
1532668556.9690008,9216,39.9103889465332
1532669078.9816399,9344,40.404911041259766
1532669330.516379,9472,40.97172546386719
1532669581.990981,9600,41.40083694458008
1532669833.59144,9728,41.028717041015625
1532670362.1271374,9856,42.915252685546875
1532670613.6326313,9984,41.23236846923828
1532670864.9720042,10112,40.021724700927734
1532671116.2991283,10240,41.12523651123047
1532671635.5280032,10368,41.05551528930664
1532671886.94003,10496,41.4903564453125
1532672138.453099,10624,40.50259017944336
1532672389.993463,10752,40.376014709472656
1532672906.4094944,10880,40.66697311401367
1532673157.6589963,11008,41.38571548461914
1532673409.0649133,11136,41.95430374145508
1532673660.4791424,11264,41.83720016479492
1532674183.4795432,11392,43.01373291015625
1532674434.9376504,11520,43.26832580566406
1532674686.4366188,11648,42.923763275146484
1532674937.7737403,11776,42.307891845703125
1532675463.7511783,11904,43.86598587036133
1532675715.217177,12032,42.78955841064453
1532675966.5728402,12160,42.31374740600586
1532676218.1113007,12288,43.42954635620117
1532676733.8440468,12416,44.04362487792969
1532676985.2690775,12544,42.33414840698242
1532677236.6614246,12672,42.11975860595703
1532677487.9954388,12800,43.11160659790039
1532678006.1173768,12928,42.90032196044922
1532678257.604173,13056,43.60112762451172
1532678509.1183884,13184,43.11552429199219
1532678760.6686563,13312,43.55143356323242
1532679277.5606685,13440,43.495033264160156
1532679529.1952765,13568,44.6493034362793
1532679780.770036,13696,44.151084899902344
1532680032.4211147,13824,46.28667449951172
1532680548.4976952,13952,44.97549057006836
1532680799.8363457,14080,44.00361251831055
1532681051.198695,14208,44.681785583496094
1532681302.575866,14336,44.01349639892578
1532681814.5165222,14464,43.65812301635742
1532682065.7676277,14592,45.27399444580078
1532682317.2219253,14720,46.76853942871094
1532682568.6145866,14848,44.95051193237305
1532683079.6915174,14976,44.96221160888672
1532683331.0208552,15104,44.51792907714844
1532683582.4094663,15232,45.66948699951172
1532683833.6628416,15360,44.6505241394043
1532684351.2391095,15488,44.069175720214844
1532684602.4006145,15616,47.25881576538086
1532684853.5118113,15744,45.0275764465332
1532685104.896055,15872,45.58470916748047
1532685621.51018,16000,46.680458068847656
1532685872.8951733,16128,45.545570373535156
1532686124.3077087,16256,45.457881927490234
1532686375.6292193,16384,46.26698303222656
1532686900.6496906,16512,48.29316329956055
1532687152.0639598,16640,46.44392013549805
1532687403.6006446,16768,46.916404724121094
1532687655.097881,16896,47.41839599609375
1532688179.983102,17024,47.475772857666016
1532688431.3761506,17152,48.172943115234375
1532688682.6740072,17280,46.27206039428711
1532688933.9191394,17408,46.74737548828125
1532689444.135762,17536,47.85688400268555
1532689695.373616,17664,46.82759475708008
1532689946.6692178,17792,47.93122863769531
1532690198.0695732,17920,47.46009063720703
1532690718.7324026,18048,48.32489776611328
1532690970.0491962,18176,47.50824737548828
1532691221.2772083,18304,47.228572845458984
1532691472.5519984,18432,47.191566467285156
1532691989.9281297,18560,49.24964904785156
1532692241.1187515,18688,47.62128829956055
1532692492.4015193,18816,48.285640716552734
1532692743.6430802,18944,48.582576751708984
1532693262.2278817,19072,47.63972854614258
1532693513.4916983,19200,49.466732025146484
1532693764.7682514,19328,47.585670471191406
1532694016.0152147,19456,49.044185638427734
1532694540.103064,19584,50.492218017578125
1532694791.567105,19712,48.17490005493164
1532695042.9841123,19840,49.400508880615234
1532695294.2948608,19968,48.689022064208984
1532695813.9819064,20096,50.027462005615234
1532696065.3253202,20224,48.539085388183594
1532696316.6078002,20352,50.003440856933594
1532696567.8903563,20480,47.016929626464844
1532697082.5336592,20608,50.53430938720703
1532697333.8565738,20736,49.0775032043457
1532697585.0975893,20864,49.80748748779297
1532697836.3803644,20992,49.32380676269531
1532698348.3441286,21120,49.471336364746094
1532698599.846371,21248,49.686500549316406
1532698851.1729488,21376,50.36837387084961
1532699102.6356397,21504,49.25968933105469
1532699619.1465702,21632,51.35771560668945
1532699870.4901068,21760,50.425724029541016
1532700121.920384,21888,49.4681282043457
1532700373.2631454,22016,49.46498489379883
1532700893.0087845,22144,49.85675811767578
1532701144.3461964,22272,50.125858306884766
1532701395.8482442,22400,50.228397369384766
1532701647.0384746,22528,50.51401901245117
1532702176.6235964,22656,49.30313491821289
1532702427.9246988,22784,51.40039825439453
1532702679.2001736,22912,51.56544876098633
1532702930.5281575,23040,51.23643112182617
1532703455.3512697,23168,49.37328338623047
1532703706.815334,23296,50.38842010498047
1532703958.1600933,23424,51.154911041259766
1532704209.5551636,23552,51.4333381652832
1532704735.0620706,23680,51.86034393310547
1532704986.672899,23808,49.438629150390625
1532705238.3078132,23936,51.28229904174805
1532705490.0395608,24064,51.93303298950195
1532706010.2818787,24192,52.57057571411133
1532706261.6543088,24320,52.1978874206543
1532706512.9270658,24448,53.22833251953125
1532706764.2093966,24576,52.37715530395508
1532707293.05249,24704,51.95326614379883
1532707544.4093575,24832,49.603919982910156
1532707795.717757,24960,53.308677673339844
1532708047.0212212,25088,52.03379821777344
1532708563.5162437,25216,52.877685546875
1532708814.7685342,25344,53.45694351196289
1532709066.1938682,25472,51.87872314453125
1532709317.616138,25600,52.31477355957031
1532709836.5474107,25728,53.9014892578125
1532710087.91327,25856,53.36652374267578
1532710339.340328,25984,53.52531051635742
1532710590.6793988,26112,53.57480239868164
1532711110.3222413,26240,52.026954650878906
1532711361.678462,26368,50.68616485595703
1532711613.0090647,26496,53.262123107910156
1532711864.3568044,26624,53.889930725097656
1532712392.3215024,26752,51.54143524169922
1532712643.649969,26880,52.51101303100586
1532712894.9910154,27008,52.38581848144531
1532713146.2940247,27136,52.58842849731445
1532713670.3345952,27264,53.00411605834961
1532713921.7269402,27392,52.55583572387695
1532714173.0648646,27520,53.92127990722656
1532714424.4997807,27648,53.25770950317383
1532714953.0133076,27776,53.43467712402344
1532715204.4106615,27904,52.45708465576172
1532715455.7513216,28032,53.96928787231445
1532715706.9626966,28160,53.655540466308594
1532716232.7646604,28288,54.15729904174805
1532716484.1344247,28416,53.63840103149414
1532716735.591665,28544,54.12828826904297
1532716986.9315841,28672,53.18242645263672
1532717516.0590262,28800,54.62540817260742
1532717767.4866488,28928,56.15501403808594
1532718018.7819643,29056,53.66420364379883
1532718270.217892,29184,56.73039245605469
1532718792.9417243,29312,55.64078903198242
1532719044.6314907,29440,55.02138900756836
1532719296.344764,29568,54.19508743286133
1532719548.0951278,29696,55.78131866455078
1532720071.4720938,29824,55.687416076660156
1532720322.7849472,29952,55.7178955078125
1532720574.22182,30080,55.723785400390625
1532720825.556322,30208,53.57893371582031
1532721354.8351452,30336,51.83880615234375
1532721606.2363956,30464,54.67999267578125
1532721857.5648766,30592,53.68779373168945
1532722108.7963,30720,53.907981872558594
1532722635.1155808,30848,55.131813049316406
1532722886.2506304,30976,53.76163101196289
1532723137.4735982,31104,54.171836853027344
1532723388.7768981,31232,54.38392639160156
1532723922.3385065,31360,54.4323844909668
1532724173.67548,31488,55.385955810546875
1532724424.9645107,31616,56.448143005371094
1532724676.2912147,31744,55.31544494628906
1532725208.740711,31872,56.657501220703125
1532725460.140049,32000,55.259517669677734
1532725711.4221225,32128,54.003440856933594
1532725962.751792,32256,55.500240325927734
1532890699.7031128,32384,55.24839782714844
1532890950.9829547,32512,55.58396911621094
1532891202.1706624,32640,54.435909271240234
1532891453.4482913,32768,56.655941009521484
1532891968.9480317,32896,57.03643035888672
1532892220.1360438,33024,57.04743957519531
1532892471.296426,33152,57.73322296142578
1532892722.5187404,33280,55.13755416870117
1532893233.306862,33408,56.9366340637207
1532893484.4316688,33536,56.44846725463867
1532893735.5978956,33664,56.37327194213867
1532893986.9217794,33792,57.70509338378906
1532894503.7492821,33920,58.75901794433594
1532894754.9638073,34048,56.767147064208984
1532895006.344385,34176,57.09717559814453
1532895257.6098225,34304,56.86620330810547
1532895775.2139394,34432,58.01835632324219
1532896026.5005374,34560,57.51617431640625
1532896277.9014611,34688,57.31072998046875
1532896529.1880574,34816,57.362220764160156
1532897046.394056,34944,57.22835159301758
1532897297.661437,35072,58.10700225830078
1532897549.1271636,35200,59.31388854980469
1532897800.6022902,35328,56.42113494873047
1532898319.1737924,35456,58.547142028808594
1532898570.5510128,35584,58.09504699707031
1532898821.8968678,35712,58.67112350463867
1532899073.1249325,35840,57.36533737182617
1532899588.835201,35968,58.62820816040039
1532899840.1302812,36096,57.92178726196289
1532900091.4470336,36224,58.09730529785156
1532900342.8184147,36352,56.8494873046875
1532900860.820596,36480,58.96349334716797
1532901111.9804647,36608,58.36967849731445
1532901363.1568232,36736,58.78766632080078
1532901614.4594307,36864,58.7827033996582
1532902130.4786403,36992,56.85968017578125
1532902381.828116,37120,58.673065185546875
1532902633.200061,37248,58.18486785888672
1532902884.4274237,37376,57.90681838989258
1532903407.3422532,37504,58.26182174682617
1532903658.6003945,37632,59.73881530761719
1532903909.7599247,37760,58.862754821777344
1532904161.024994,37888,61.14981460571289
1532904683.050729,38016,60.44266128540039
1532904934.2490056,38144,62.207298278808594
1532905185.6132476,38272,58.97060012817383
1532905436.7861996,38400,59.85089111328125
1532905958.323394,38528,58.00990295410156
1532906209.7591171,38656,60.46968078613281
1532906461.0594223,38784,60.22386932373047
1532906712.4133463,38912,61.32402420043945
1532907241.4800436,39040,61.68764877319336
1532907492.736473,39168,61.2426872253418
1532907743.9976616,39296,61.14276885986328
1532907995.3247604,39424,61.922393798828125
1532908519.822943,39552,58.8355598449707
1532908771.0235207,39680,61.87086868286133
1532909022.3210552,39808,60.659629821777344
1532909273.5598981,39936,61.48792266845703
1532909799.4796674,40064,61.207763671875
1532910050.601941,40192,60.91304016113281
1532910302.0263789,40320,61.392574310302734
1532910553.1833773,40448,63.11473846435547
1532911075.3087392,40576,60.365997314453125
1532911326.576826,40704,61.03717803955078
1532911577.7872624,40832,61.146663665771484
1532911829.0019114,40960,64.05046081542969
1532912358.2907338,41088,61.531089782714844
1532912609.7117944,41216,63.359275817871094
1532912861.0181916,41344,62.49089050292969
1532913112.3048146,41472,62.21592330932617
1532913635.7852452,41600,62.48277282714844
1532913886.961432,41728,61.34178161621094
1532914138.0015996,41856,59.813053131103516
1532914388.965287,41984,62.543861389160156
1532914928.770757,42112,62.29873275756836
1532915180.1566002,42240,60.42704772949219
1532915431.5783076,42368,62.37561798095703
1532915682.9900668,42496,64.07577514648438
1532916209.7154894,42624,62.49187469482422
1532916461.1251218,42752,65.65234375
1532916712.3199239,42880,63.03268051147461
1532916963.7394288,43008,61.07299041748047
1532917491.829406,43136,63.81399917602539
1532917743.2147646,43264,63.85496520996094
1532917994.6034355,43392,63.105255126953125
1532918245.939835,43520,62.121055603027344
1532918774.171786,43648,63.009952545166016
1532919025.5383976,43776,61.986324310302734
1532919277.0052452,43904,64.69322204589844
1532919528.334261,44032,64.89569854736328
1532920052.3861284,44160,60.83250427246094
1532920303.741842,44288,64.15950775146484
1532920555.1646268,44416,65.03950500488281
1532920806.6241336,44544,62.72425842285156
1532921335.0701993,44672,64.17485046386719
1532921586.494008,44800,65.55805206298828
1532921837.939275,44928,65.95594787597656
1532922089.3957722,45056,63.10060119628906
1532922618.5070822,45184,62.7768669128418
1532922869.928612,45312,66.44132232666016
1532923121.3111587,45440,64.75298309326172
1532923372.6324904,45568,64.18788146972656
1532923903.3688145,45696,62.489803314208984
1532924154.593052,45824,63.62724685668945
1532924405.8856454,45952,64.31202697753906
1532924657.1470366,46080,63.8078498840332
1532925178.8547106,46208,64.58096313476562
1532925430.1969986,46336,63.633941650390625
1532925681.4479704,46464,62.551048278808594
1532925932.8730896,46592,65.82795715332031
1532926457.8846276,46720,63.913604736328125
1532926709.310633,46848,64.47138977050781
1532926960.7429383,46976,65.03197479248047
1532927212.2394233,47104,64.64171600341797
1532927742.4369657,47232,63.889652252197266
1532927993.8053508,47360,66.45053100585938
1532928245.0917716,47488,65.04749298095703
1532928496.423948,47616,64.79351806640625
1532929026.5491083,47744,63.901573181152344
1532929277.8949742,47872,65.0793685913086
1532929529.2940922,48000,62.55730438232422
1532929780.5934122,48128,63.9774055480957
1532930309.3783877,48256,63.9769401550293
1532930560.762144,48384,65.2210922241211
1532930812.1055703,48512,63.703712463378906
1532931063.514771,48640,65.85176086425781
1532931581.4820485,48768,65.25914001464844
1532931832.806003,48896,66.00672912597656
1532932084.1128423,49024,63.868167877197266
1532932335.5422285,49152,66.44465637207031
1532932863.237025,49280,65.52139282226562
1532933114.5321057,49408,64.22500610351562
1532933365.8668072,49536,65.38993072509766
1532933617.2115972,49664,65.3779296875
1532934142.4608169,49792,65.06103515625
1532934393.6887188,49920,65.25979614257812
1532934644.9879441,50048,67.20318603515625
1532934896.2335014,50176,65.26420593261719
1532935421.8775742,50304,64.079833984375
1532935672.9493668,50432,64.96481323242188
1532935924.0929832,50560,65.0198745727539
1532936175.1954062,50688,66.05650329589844
1532936697.721277,50816,67.00811767578125
1532936948.9687526,50944,65.25269317626953
1532937200.3313134,51072,65.0645751953125
1532937451.646313,51200,66.37384796142578
1532937981.4477444,51328,64.65498352050781
1532938232.6589088,51456,64.10306549072266
1532938483.8971786,51584,66.54925537109375
1532938735.1973906,51712,64.67914581298828
1532939261.502549,51840,66.55001068115234
1532939512.7262862,51968,66.13349151611328
1532939763.8340244,52096,64.99150848388672
1532940015.1595032,52224,64.57534790039062
1532940539.9647753,52352,68.66902923583984
1532940791.2125967,52480,67.16368103027344
1532941042.5591247,52608,68.97538757324219
1532941293.8782718,52736,67.45487213134766
1532941816.6813207,52864,67.2568130493164
1532942067.8977714,52992,66.2656478881836
1532942319.265098,53120,65.95576477050781
1532942570.5233681,53248,66.00749969482422
1532943099.3090339,53376,68.09967803955078
1532943350.59385,53504,66.3681411743164
1532943602.0719697,53632,67.41190338134766
1532943853.5667355,53760,68.47418212890625
1532944380.568331,53888,65.97981262207031
1532944631.788635,54016,66.66450500488281
1532944883.0973675,54144,66.24729919433594
1532945134.323686,54272,67.90200805664062
1532945659.198534,54400,66.08338928222656
1532945910.5837793,54528,66.30184173583984
1532946161.8838477,54656,67.42747497558594
1532946413.0540588,54784,66.99280548095703
1532946945.7861705,54912,66.61880493164062
1532947197.2177908,55040,66.9617691040039
1532947448.5392058,55168,67.66047668457031
1532947699.7826214,55296,65.64400482177734
1532948224.31877,55424,66.1744384765625
1532948475.7568703,55552,66.13980102539062
1532948727.1029122,55680,69.88322448730469
1532948978.451469,55808,67.44112396240234
1532949503.8804772,55936,67.10231018066406
1532949755.1697094,56064,67.2900390625
1532950006.489619,56192,68.45475769042969
1532950257.923104,56320,67.62151336669922
1532950790.5103483,56448,67.7900390625
1532951041.9491377,56576,69.69509887695312
1532951293.255032,56704,68.26104736328125
1532951544.6381738,56832,65.8267822265625
1532952073.3642118,56960,69.38529968261719
1532952324.6476526,57088,67.06365966796875
1532952575.9315293,57216,67.75541687011719
1532952827.1609702,57344,69.22129821777344
1532953354.9294302,57472,68.44032287597656
1532953606.2937884,57600,67.06570434570312
1532953857.6878605,57728,66.87706756591797
1532954109.0235908,57856,67.67561340332031
1532954638.2439363,57984,70.84158325195312
1532954889.6329873,58112,67.92588806152344
1532955140.9838715,58240,67.41802215576172
1532955392.3315337,58368,69.3908462524414
1532955920.3162699,58496,68.62944793701172
1532956171.5390756,58624,69.95769500732422
1532956422.9818218,58752,69.54231262207031
1532956674.4108033,58880,67.83242797851562
1532957202.5345402,59008,70.07772827148438
1532957453.8336952,59136,68.2729263305664
1532957705.1982749,59264,70.69570922851562
1532957956.6329815,59392,71.16018676757812
1532958483.365299,59520,70.67589569091797
1532958734.5988472,59648,70.07077026367188
1532958985.8189948,59776,69.24737548828125
1532959236.9739451,59904,70.59563446044922
1532959767.9854405,60032,68.74786376953125
1532960019.4263916,60160,70.72134399414062
1532960270.7280083,60288,70.30448913574219
1532960522.1254783,60416,69.49714660644531
1532961052.6751108,60544,70.12696838378906
1532961304.118256,60672,69.91169738769531
1532961555.344773,60800,69.08988189697266
1532961806.675001,60928,68.69975280761719
1532962333.3571901,61056,67.32870483398438
1532962584.6519923,61184,70.0093994140625
1532962836.0523336,61312,70.64090728759766
1532963087.2663567,61440,69.62372589111328
1532963616.6269085,61568,69.93585968017578
1532963868.102077,61696,70.19965362548828
1532964119.32942,61824,70.02955627441406
1532964370.8126495,61952,70.96214294433594
1532964895.9335923,62080,69.84248352050781
1532965146.988322,62208,69.82799530029297
1532965398.2838085,62336,70.6396484375
1532965649.5050962,62464,71.71101379394531
1532966181.5959437,62592,68.90604400634766
1532966432.9735682,62720,69.78022003173828
1532966684.2530477,62848,70.44146728515625
1532966935.5698552,62976,71.55452728271484
1532967466.3307076,63104,69.35208892822266
1532967717.5994122,63232,69.708984375
1532967969.0423932,63360,67.94723510742188
1532968220.3907585,63488,69.61772155761719
1532968749.7587566,63616,73.10159301757812
1532969001.1461828,63744,70.81746673583984
1532969252.510886,63872,70.44432830810547
1532969503.9088528,64000,70.3955307006836
1532970032.6140313,64128,72.02545928955078
1532970284.0546725,64256,72.88536834716797
1532970535.589695,64384,71.5121841430664
1532970786.9273472,64512,71.80066680908203
1532971307.8748329,64640,70.90237426757812
1532971559.455993,64768,68.45069122314453
1532971810.8879564,64896,70.861572265625
1532972062.3013475,65024,70.82877349853516
1533035682.361172,65152,71.02484130859375
1533035933.5530307,65280,69.28457641601562
1533036184.8311172,65408,72.53802490234375
1533036436.1274903,65536,70.90923309326172
1533036959.8486857,65664,70.95001220703125
1533037211.2395334,65792,69.18681335449219
1533037462.5492847,65920,72.95425415039062
1533037713.870462,66048,73.72928619384766
1533038242.8033206,66176,72.74565887451172
1533038494.073222,66304,71.54937744140625
1533038745.5116394,66432,72.98486328125
1533038997.0053391,66560,71.31795501708984
1533039524.6522083,66688,72.3103256225586
1533039775.9772666,66816,71.30870819091797
1533040027.1689348,66944,73.77350616455078
1533040278.495833,67072,73.6524887084961
1533040810.5345254,67200,73.55020141601562
1533041061.7552924,67328,72.63523864746094
1533041313.012771,67456,73.01768493652344
1533041564.2720277,67584,72.67993927001953
1533042096.0952265,67712,74.98358917236328
1533042347.2985759,67840,74.2082748413086
1533042598.4614615,67968,73.43852233886719
1533042849.6975577,68096,70.91766357421875
1533043375.2206144,68224,72.72470092773438
1533043626.4198978,68352,72.24068450927734
1533043877.6500294,68480,71.9146957397461
1533044128.9767292,68608,73.90538024902344
1533044660.8472152,68736,75.54548645019531
1533044912.264253,68864,73.99869537353516
1533045163.6966786,68992,73.91133880615234
1533045415.131194,69120,72.14979553222656
1533045950.7070978,69248,74.00275421142578
1533046202.1126137,69376,73.42059326171875
1533046453.4959645,69504,72.98360443115234
1533046704.9139144,69632,74.79176330566406
1533047230.8576765,69760,71.88068389892578
1533047482.1971445,69888,72.16973114013672
1533047733.507497,70016,74.69508361816406
1533047984.8440814,70144,75.63191986083984
1533048510.6497753,70272,74.01757049560547
1533048762.1283758,70400,74.29304504394531
1533049013.454434,70528,75.51300811767578
1533049264.9037864,70656,74.2353286743164
1533049792.7036102,70784,75.69960021972656
1533050043.980522,70912,75.15419006347656
1533050295.2786198,71040,74.21707153320312
1533050546.6673446,71168,73.6353530883789
1533051078.5229142,71296,77.23374938964844
1533051329.7857943,71424,77.94921875
1533051581.1380515,71552,76.28630065917969
1533051832.4754224,71680,75.98212432861328
1533052364.1233432,71808,73.99568176269531
1533052615.4473588,71936,75.41120147705078
1533052866.6825137,72064,74.85340881347656
1533053118.1444457,72192,78.61986541748047
1533053648.4354177,72320,75.7744140625
1533053899.7782962,72448,76.06906127929688
1533054151.099027,72576,77.3407974243164
1533054402.379571,72704,73.92723083496094
1533054933.145725,72832,75.58143615722656
1533055184.4661832,72960,77.81744384765625
1533055435.7230258,73088,75.34867858886719
1533055686.9847372,73216,73.64869689941406
1533056214.3993573,73344,75.70403289794922
1533056465.3574312,73472,74.03521728515625
1533056716.3626842,73600,74.97373962402344
1533056967.5652988,73728,73.64617156982422
1533057495.2203572,73856,76.05480194091797
1533057746.611402,73984,73.60429382324219
1533057998.150219,74112,75.09986877441406
1533058249.589646,74240,74.7612533569336
1533058779.6703482,74368,77.11541748046875
1533059030.9944396,74496,77.00374603271484
1533059282.3859856,74624,73.72817993164062
1533059533.7251315,74752,74.22801971435547
1533060066.7760653,74880,76.36206817626953
1533060318.1356897,75008,77.48779296875
1533060569.5284116,75136,74.35611724853516
1533060820.9609792,75264,78.18245697021484
1533061355.1493812,75392,77.15093994140625
1533061606.5567172,75520,74.29481506347656
1533061857.9799407,75648,75.44702911376953
1533062109.4230669,75776,77.52639770507812
1533062634.3084915,75904,77.66835021972656
1533062885.7757442,76032,77.98578643798828
1533063137.1077273,76160,78.34225463867188
1533063388.2698328,76288,77.52352142333984
1533063927.5471902,76416,76.0793228149414
1533064178.8293934,76544,75.77071380615234
1533064430.247673,76672,74.2618179321289
1533064681.5881805,76800,77.27676391601562
1533065214.4580095,76928,76.02893829345703
1533065465.954945,77056,77.1304702758789
1533065717.4798088,77184,76.34782409667969
1533065968.8929582,77312,76.28345489501953
1533066493.2640727,77440,77.23380279541016
1533066744.6976228,77568,77.40531158447266
1533066996.114555,77696,81.35687255859375
1533067247.4513495,77824,74.89969635009766
1533067775.0433393,77952,75.90162658691406
1533068026.1187408,78080,74.76123809814453
1533068277.3055873,78208,81.00648498535156
1533068528.4861453,78336,77.6634750366211
1533069048.4780016,78464,76.01069641113281
1533069299.7273798,78592,78.96549987792969
1533069551.0594301,78720,78.71609497070312
1533069802.3764524,78848,76.54965209960938
1533070333.3028147,78976,79.42455291748047
1533070584.6817355,79104,76.28312683105469
1533070836.0614357,79232,76.50288391113281
1533071087.4189765,79360,75.93053436279297
1533071620.7081928,79488,78.28594207763672
1533071872.161329,79616,76.15869903564453
1533072123.4961967,79744,75.59069061279297
1533072374.8504546,79872,77.54209899902344
1533072903.7747371,80000,76.99037170410156
1533073155.0957694,80128,78.24883270263672
1533073406.490036,80256,76.62308502197266
1533073658.0537412,80384,75.6887435913086
1533074185.8154619,80512,78.1090316772461
1533074436.928121,80640,77.42235565185547
1533074688.0750542,80768,79.02386474609375
1533074939.3267176,80896,76.71868133544922
1533075466.0854917,81024,79.2275390625
1533075717.3576515,81152,76.74636840820312
1533075968.6257298,81280,77.21985626220703
1533076219.9786606,81408,80.71259307861328
1533076752.3858333,81536,76.7966079711914
1533077003.6578681,81664,78.05608367919922
1533077255.066089,81792,78.9071273803711
1533077506.518766,81920,78.94317626953125
1533078045.946265,82048,79.6941909790039
1533078297.357827,82176,78.17526245117188
1533078548.6329618,82304,79.60298156738281
1533078799.9268367,82432,79.92881774902344
1533079328.46489,82560,79.06111145019531
1533079579.8214262,82688,79.08183288574219
1533079831.377136,82816,77.44862365722656
1533080082.8545952,82944,79.57913208007812
1533080603.1397314,83072,76.77898406982422
1533080854.2897894,83200,78.20143127441406
1533081105.4539332,83328,78.72105407714844
1533081356.6605778,83456,79.84367370605469
1533081886.8998375,83584,79.5231704711914
1533082138.0349267,83712,79.38275146484375
1533082389.1066628,83840,80.16825103759766
1533082640.243127,83968,81.2708511352539
1533083165.2646043,84096,79.7511978149414
1533083416.5923984,84224,78.362548828125
1533083667.889467,84352,81.93820190429688
1533083919.2087517,84480,79.90692138671875
1533084450.6809518,84608,80.8824462890625
1533084701.976944,84736,79.63839721679688
1533084953.2350771,84864,80.7148208618164
1533085204.465432,84992,78.36656188964844
1533085729.8375943,85120,79.67098236083984
1533085980.9858468,85248,80.56268310546875
1533086232.3997228,85376,79.4013900756836
1533086483.8074589,85504,81.10610961914062
1533087009.2528884,85632,79.24030303955078
1533087260.4893508,85760,82.4159164428711
1533087511.897429,85888,78.1507568359375
1533087763.225021,86016,79.67063903808594
1533088297.7043593,86144,80.06028747558594
1533088549.0446184,86272,82.68524932861328
1533088800.4085853,86400,78.23991394042969
1533089051.6129153,86528,79.2568588256836
1533089573.7553267,86656,81.73651885986328
1533089825.0874162,86784,78.92950439453125
1533090076.544833,86912,80.61322021484375
1533090327.8928509,87040,82.12884521484375
1533090854.6164532,87168,80.62793731689453
1533091106.0956109,87296,81.73426818847656
1533091357.4132016,87424,82.84871673583984
1533091608.7601054,87552,81.36885070800781
1533092143.9568346,87680,81.19942474365234
1533092395.2211816,87808,82.88751983642578
1533092646.4445345,87936,81.21886444091797
1533092897.6242375,88064,79.79656982421875
1533093430.9457207,88192,83.96565246582031
1533093682.5057561,88320,80.43539428710938
1533093933.9162183,88448,80.60721588134766
1533094185.3121004,88576,81.7484359741211
1533094723.68092,88704,80.24908447265625
1533094975.1331184,88832,82.7991943359375
1533095226.4758906,88960,80.54216003417969
1533095477.7546134,89088,82.50167083740234
1533096009.511919,89216,80.5423812866211
1533096260.744183,89344,82.49236297607422
1533096512.196693,89472,83.27824401855469
1533096763.7025778,89600,82.24146270751953
1533097286.5640256,89728,83.43394470214844
1533097537.9678705,89856,83.56961822509766
1533097789.361451,89984,80.80968475341797
1533098040.6842046,90112,85.17190551757812
1533098569.2652311,90240,79.78372192382812
1533098820.8212085,90368,80.9742660522461
1533099072.3554242,90496,80.7830810546875
1533099323.9404862,90624,83.98932647705078
1533099859.9782183,90752,83.01971435546875
1533100111.2415948,90880,82.67916107177734
1533100362.8133535,91008,82.58872985839844
1533100614.3010974,91136,81.76245880126953
1533101152.3372662,91264,80.83302307128906
1533101403.6392238,91392,84.22077941894531
1533101654.9437997,91520,84.67450714111328
1533101906.279804,91648,84.95551300048828
1533102432.2539675,91776,82.49425506591797
1533102683.5902638,91904,80.82102966308594
1533102934.8224409,92032,85.56782531738281
1533103186.2463422,92160,84.45922088623047
1533103718.2308195,92288,82.8443374633789
1533103969.7093446,92416,83.92264556884766
1533104221.0425947,92544,83.47212219238281
1533104472.4333155,92672,82.39088439941406
1533105004.6734078,92800,80.99485778808594
1533105256.1092556,92928,85.66517639160156
1533105507.457892,93056,86.09991455078125
1533105758.7465107,93184,85.39923858642578
1533106295.5845227,93312,85.12588500976562
1533106546.763457,93440,81.96885681152344
1533106798.0050297,93568,84.6769790649414
1533107049.1341634,93696,84.65943908691406
1533107575.3076038,93824,82.60075378417969
1533107826.6519,93952,86.6208724975586
1533108077.9606652,94080,83.08026885986328
1533108329.4455326,94208,83.26055145263672
1533108858.8480637,94336,82.0274887084961
1533109110.2595406,94464,87.93399047851562
1533109361.6342673,94592,82.12030792236328
1533109612.9873006,94720,85.3804702758789
1533110142.1925945,94848,84.37173461914062
1533110393.6049864,94976,83.7701644897461
1533110644.996295,95104,83.83252716064453
1533110896.4463818,95232,86.48995208740234
1533111421.589913,95360,82.33413696289062
1533111672.7299082,95488,84.47297668457031
1533111924.0430744,95616,84.56688690185547
1533112175.5776238,95744,87.4893798828125
1533112703.6879644,95872,85.52792358398438
1533112955.032726,96000,87.23229217529297
1533113206.4251008,96128,83.00216674804688
1533113457.7782717,96256,85.35700225830078
1533113993.1368437,96384,84.97172546386719
1533114244.4635441,96512,84.02833557128906
1533114495.7830327,96640,84.09491729736328
1533114747.256677,96768,85.92863464355469
1533115272.209774,96896,85.23611450195312
1533115523.565617,97024,84.21452331542969
1533115774.7575998,97152,84.52902221679688
1533116026.1606088,97280,82.49287414550781
1533116553.995782,97408,82.81898498535156
1533116805.2943058,97536,85.68285369873047
