wall_time,step,value
1530436212.0310018,128,0.9982216358184814
1530436252.387996,256,0.9981642961502075
1530436292.7173414,384,0.998239278793335
1530436333.0848591,512,0.9982140064239502
1530436425.3997517,640,0.99812251329422
1530436465.767289,768,0.9981329441070557
1530436506.1216714,896,0.998062252998352
1530436546.447489,1024,0.9980703592300415
1530436639.0141792,1152,0.9980750679969788
1530436679.3908908,1280,0.9980717301368713
1530436719.7161298,1408,0.9980888366699219
1530436760.0269935,1536,0.9980663061141968
1530436852.4353821,1664,0.9981018900871277
1530436892.799381,1792,0.9980946183204651
1530436933.2029157,1920,0.9980592727661133
1530436973.582571,2048,0.9980865716934204
1530437066.0113173,2176,0.9980524182319641
1530437106.3973963,2304,0.9981158971786499
1530437146.7585213,2432,0.9980604648590088
1530437187.1496847,2560,0.9980579018592834
1530437279.8732295,2688,0.9980607628822327
1530437320.2328794,2816,0.9980596899986267
1530437360.5744717,2944,0.9981153607368469
1530437400.921997,3072,0.9981092810630798
1530437493.6316407,3200,0.9980798363685608
1530437533.933125,3328,0.9980736374855042
1530437574.2446425,3456,0.998115599155426
1530437614.5609558,3584,0.9981071949005127
1530437707.683767,3712,0.9980719089508057
1530437748.0179765,3840,0.9980792999267578
1530437788.3643513,3968,0.9981459975242615
1530437828.6228497,4096,0.9980697631835938
1530437922.3294103,4224,0.9980738759040833
1530437962.7478096,4352,0.9980736374855042
1530438003.072163,4480,0.9980728030204773
1530438043.427924,4608,0.9980564117431641
1530438136.6646845,4736,0.9980751872062683
1530438177.0229838,4864,0.9980707168579102
1530438217.3702722,4992,0.9980713129043579
1530438257.748177,5120,0.9980642199516296
1530438349.9598448,5248,0.9980682134628296
1530438390.3935683,5376,0.9980760216712952
1530438430.8746426,5504,0.9981022477149963
1530438471.2967017,5632,0.9980636239051819
1530438565.4122765,5760,0.9980574250221252
1530438605.8876061,5888,0.9980684518814087
1530438646.2858777,6016,0.9980732202529907
1530438686.7467904,6144,0.9980563521385193
1530438779.409482,6272,0.9980716705322266
1530438819.8659997,6400,0.9980624914169312
1530438860.3275194,6528,0.9980762600898743
1530438900.807967,6656,0.9980807304382324
1530438993.209727,6784,0.9980637431144714
1530439033.6629534,6912,0.9980567693710327
1530439074.1191545,7040,0.9980583786964417
1530439114.6689537,7168,0.9980831742286682
1530439206.2524195,7296,0.9980693459510803
1530439246.7346754,7424,0.99809330701828
1530439287.2350705,7552,0.9980950951576233
1530439327.625916,7680,0.9980697631835938
1530439420.4752488,7808,0.9980778694152832
1530439460.9540086,7936,0.9980654120445251
1530439501.446568,8064,0.9980564713478088
1530439541.9108984,8192,0.9980595111846924
1530439634.548227,8320,0.9980571866035461
1530439674.958749,8448,0.9980721473693848
1530439715.3528547,8576,0.998087465763092
1530439755.7948215,8704,0.9980684518814087
1530439849.079554,8832,0.9980906844139099
1530439889.3929195,8960,0.9980689287185669
1530439929.788436,9088,0.9980663657188416
1530439970.19359,9216,0.9980791211128235
1530440062.3530185,9344,0.9980650544166565
1530440102.7396915,9472,0.998056948184967
1530440143.20016,9600,0.9980644583702087
1530440183.5945702,9728,0.9980632662773132
1530440276.5196636,9856,0.9980804324150085
1530440316.8297458,9984,0.9980874061584473
1530440357.193592,10112,0.9980830550193787
1530440397.6064165,10240,0.998089075088501
1530440489.7634509,10368,0.998091459274292
1530440530.0860736,10496,0.9980907440185547
1530440570.4735038,10624,0.9980779886245728
1530440610.9034846,10752,0.9980626106262207
1530440703.5730631,10880,0.9980709552764893
1530440744.0989077,11008,0.9980612397193909
1530440784.5897872,11136,0.9980586171150208
1530440825.1142807,11264,0.9980700016021729
1530440917.2207818,11392,0.998053252696991
1530440957.7185462,11520,0.9980663657188416
1530440998.18207,11648,0.9980655908584595
1530441038.655628,11776,0.9980651140213013
1530441132.786105,11904,0.9980661869049072
1530441173.2873213,12032,0.9980621337890625
1530441213.8028512,12160,0.9980666637420654
1530441254.2834473,12288,0.9980553388595581
1530441347.5515077,12416,0.9980679154396057
1530441387.958146,12544,0.9980630874633789
1530441428.4687827,12672,0.9980642199516296
1530441469.012555,12800,0.998054563999176
1530441561.7737896,12928,0.9980592131614685
1530441602.3121362,13056,0.9980606436729431
1530441642.8231013,13184,0.9980621337890625
1530441683.331735,13312,0.9980642795562744
1530441776.379623,13440,0.998077929019928
1530441816.8489213,13568,0.9980665445327759
1530441857.37496,13696,0.9980716705322266
1530441897.8411875,13824,0.9980777502059937
1530441990.6725547,13952,0.9980591535568237
1530442031.1103637,14080,0.9980594515800476
1530442071.6422343,14208,0.9980584979057312
1530442112.133523,14336,0.9980614185333252
1530442205.1839292,14464,0.9980623722076416
1530442245.708774,14592,0.9980652332305908
1530442286.175424,14720,0.9980665445327759
1530442326.692969,14848,0.998049795627594
1530442419.8293989,14976,0.9980547428131104
1530442460.3489575,15104,0.9980591535568237
1530442500.8416736,15232,0.9980533719062805
1530442541.3224468,15360,0.998053252696991
1530442634.8443644,15488,0.9980500340461731
1530442675.3300655,15616,0.9980512857437134
1530442715.8261218,15744,0.9980510473251343
1530442756.3162315,15872,0.9980508685112
1530442848.7633123,16000,0.9980531930923462
1530442889.1951563,16128,0.9980531334877014
1530442929.6706033,16256,0.9980499744415283
1530442970.1486523,16384,0.998053789138794
1530443062.5822732,16512,0.9980558156967163
1530443103.0812166,16640,0.9980641603469849
1530443143.5378819,16768,0.9980528950691223
1530443183.9689617,16896,0.9980475306510925
1530443276.9776893,17024,0.9980522394180298
1530443317.490589,17152,0.998050332069397
1530443358.008782,17280,0.998052179813385
1530443398.4558086,17408,0.9980499744415283
1530443491.409362,17536,0.9980537295341492
1530443531.8637254,17664,0.9980568289756775
1530443572.3519113,17792,0.9980573654174805
1530443612.7996867,17920,0.9980542659759521
1530443706.2019672,18048,0.9980518817901611
1530443746.654663,18176,0.9980509281158447
1530443787.046096,18304,0.9980500936508179
1530443827.5228257,18432,0.9980515241622925
1530443922.14481,18560,0.9980509877204895
1530443962.6303446,18688,0.9980555176734924
1530444003.1041398,18816,0.9980523586273193
1530444043.5695646,18944,0.9980511665344238
1530444136.6942704,19072,0.9980497360229492
1530444177.14427,19200,0.9980491995811462
1530444217.622493,19328,0.9980490207672119
1530444258.0919495,19456,0.998052716255188
1530444351.915662,19584,0.9980494976043701
1530444392.3409562,19712,0.9980528950691223
1530444432.7837765,19840,0.9980530142784119
1530444473.2255013,19968,0.9980490803718567
1530444566.9295652,20096,0.998053789138794
1530444607.3781486,20224,0.9980619549751282
1530444647.806203,20352,0.9980588555335999
1530444688.2898536,20480,0.998048722743988
1530444781.3988464,20608,0.9980557560920715
1530444821.9112072,20736,0.9980524182319641
1530444862.4395304,20864,0.9980508685112
1530444902.9149628,20992,0.9980483651161194
1530444996.5385172,21120,0.9980485439300537
1530445037.0335517,21248,0.9980490803718567
1530445077.4856672,21376,0.998050332069397
1530445117.999307,21504,0.9980512261390686
1530445211.4784453,21632,0.9980509877204895
1530445251.9401104,21760,0.9980496764183044
1530445292.500148,21888,0.998047411441803
1530445333.0190043,22016,0.9980475306510925
1530445426.6548429,22144,0.9980496764183044
1530445467.120674,22272,0.9980497360229492
1530445507.6194196,22400,0.9980523586273193
1530445548.117897,22528,0.998047411441803
1530445642.391463,22656,0.9980488419532776
1530445682.8980806,22784,0.9980486631393433
1530445723.386745,22912,0.9980490803718567
1530445763.822586,23040,0.9980512857437134
1530445858.0994723,23168,0.9980480670928955
1530445898.6350317,23296,0.9980471134185791
1530445939.1913323,23424,0.9980475306510925
1530445979.7326922,23552,0.9980475902557373
1530446074.0216522,23680,0.9980503916740417
1530446114.4744246,23808,0.9980478286743164
1530446154.9303935,23936,0.998052179813385
1530446195.3560987,24064,0.9980489611625671
1530446288.815396,24192,0.998049795627594
1530446329.3689332,24320,0.9980506896972656
1530446369.8763769,24448,0.9980486035346985
1530446410.3980942,24576,0.9980489015579224
1530446504.5327551,24704,0.9980487823486328
1530446545.0699182,24832,0.9980475306510925
1530446585.5977056,24960,0.9980484843254089
1530446626.0807116,25088,0.9980505704879761
1530446719.6638277,25216,0.9980493783950806
1530446760.1608744,25344,0.9980478882789612
1530446800.6113384,25472,0.9980477690696716
1530446841.1001287,25600,0.9980480670928955
1530446935.47765,25728,0.9980475306510925
1530446975.9442613,25856,0.9980493783950806
1530447016.3984485,25984,0.9980480670928955
1530447056.8698359,26112,0.9980480074882507
1530447150.6105425,26240,0.9980477690696716
1530447191.0906377,26368,0.9980490803718567
1530447231.6217802,26496,0.9980482459068298
1530447272.1056204,26624,0.9980483055114746
1530447365.0063355,26752,0.9980475306510925
1530447405.4883447,26880,0.9980471730232239
1530447445.960047,27008,0.9980478882789612
1530447486.4849036,27136,0.9980471730232239
1530447580.0669608,27264,0.9980480074882507
1530447620.563434,27392,0.9980486631393433
1530447661.0374577,27520,0.9980472326278687
1530447701.484886,27648,0.9980475902557373
1530447796.1543822,27776,0.9980475902557373
1530447836.6643682,27904,0.9980480670928955
1530447877.1649692,28032,0.9980482459068298
1530447917.6554036,28160,0.9980475902557373
1530448010.998264,28288,0.9980474710464478
1530448051.530251,28416,0.9980491995811462
1530448092.0400038,28544,0.9980478286743164
1530448132.4952686,28672,0.9980484843254089
1530448227.210727,28800,0.998047947883606
1530448267.7038307,28928,0.9980484843254089
1530448308.1780913,29056,0.9980483651161194
1530448348.7013924,29184,0.9980507493019104
1530448442.4901688,29312,0.998047411441803
1530448483.0163577,29440,0.9980478882789612
1530448523.5008466,29568,0.9980481863021851
1530448564.02309,29696,0.9980483651161194
1530448658.4481273,29824,0.9980483055114746
1530448698.8720465,29952,0.9980475306510925
1530448739.3735576,30080,0.9980475306510925
1530448779.8468986,30208,0.9980482459068298
1530448873.8909905,30336,0.9980484247207642
1530448914.431861,30464,0.9980484247207642
1530448954.9429498,30592,0.9980481266975403
1530448995.4909334,30720,0.9980478882789612
1530449090.8423486,30848,0.9980470538139343
1530449131.4024923,30976,0.9980471730232239
1530449171.9033992,31104,0.9980476498603821
1530449212.4071665,31232,0.9980470538139343
1530449306.2387667,31360,0.9980477690696716
1530449346.7264163,31488,0.998047947883606
1530449387.15437,31616,0.9980469346046448
1530449427.592619,31744,0.9980475306510925
1530449522.01197,31872,0.9980472326278687
1530449562.4861667,32000,0.9980470538139343
1530449603.0382364,32128,0.9980484247207642
1530449643.4504766,32256,0.9980477094650269
1530449737.25796,32384,0.9980472326278687
1530449777.7350852,32512,0.9980472326278687
1530449818.2202685,32640,0.9980490207672119
1530449858.726868,32768,0.9980471730232239
1530449952.8785682,32896,0.9980471134185791
1530449993.4382968,33024,0.9980478882789612
1530450034.0175197,33152,0.9980490803718567
1530450074.5184295,33280,0.9980478286743164
1530450168.2557497,33408,0.9980474710464478
1530450208.7470047,33536,0.9980483651161194
1530450249.2909243,33664,0.9980475902557373
1530450289.8465145,33792,0.9980472326278687
1530450384.178209,33920,0.9980475902557373
1530450424.7872598,34048,0.9980480670928955
1530450465.329204,34176,0.9980472326278687
1530450505.97132,34304,0.9980472922325134
1530450601.4882593,34432,0.9980471134185791
1530450642.046391,34560,0.998047411441803
1530450682.616351,34688,0.9980473518371582
1530450723.257143,34816,0.9980471134185791
1530450817.7436173,34944,0.9980477094650269
1530450858.3001308,35072,0.9980483055114746
1530450898.9394107,35200,0.9980475306510925
1530450939.5082839,35328,0.9980476498603821
1530451035.1992824,35456,0.9980477094650269
1530451075.8479922,35584,0.9980475902557373
1530451116.4080112,35712,0.9980474710464478
1530451156.9103396,35840,0.9980490803718567
1530451252.667416,35968,0.9980477094650269
1530451293.206388,36096,0.9980480074882507
1530451333.798607,36224,0.9980478882789612
1530451374.2654865,36352,0.9980512261390686
1530451468.4587622,36480,0.9980484843254089
1530451508.961198,36608,0.998047947883606
1530451549.5038543,36736,0.9980478882789612
1530451590.0300567,36864,0.9980477690696716
1530451683.8553228,36992,0.9980487823486328
1530451724.3629556,37120,0.9980476498603821
1530451764.8564942,37248,0.9980495572090149
1530451805.279508,37376,0.9980491399765015
1530451899.7006044,37504,0.9980472922325134
1530451940.1416106,37632,0.9980477094650269
1530451980.6317794,37760,0.9980477094650269
1530452021.1293995,37888,0.998047947883606
1530452116.5211763,38016,0.9980472326278687
1530452157.1229093,38144,0.9980477690696716
1530452197.7249393,38272,0.9980473518371582
1530452238.162161,38400,0.9980469942092896
1530452334.9878466,38528,0.9980472326278687
1530452375.4879088,38656,0.998047411441803
1530585922.8045592,39040,0.9980483055114746
1530585963.319067,39168,0.9980472922325134
1530586003.8132641,39296,0.998047411441803
1530586044.3976889,39424,0.9980471134185791
1530586135.8681796,39552,0.9980469942092896
1530586176.334652,39680,0.9980471134185791
1530586216.8338044,39808,0.9980477094650269
1530586258.08855,39936,0.9980481266975403
1530586349.7427888,40064,0.9980482459068298
1530586390.21938,40192,0.9980483055114746
1530586430.7657945,40320,0.9980476498603821
1530586472.00977,40448,0.9980476498603821
1530586563.8548625,40576,0.9980484247207642
1530586604.4072027,40704,0.9980471134185791
1530586644.9506052,40832,0.9980477690696716
1530586686.0292761,40960,0.9980484843254089
1530586777.8050387,41088,0.9980483055114746
1530586818.3105834,41216,0.9980486035346985
1530586858.8239698,41344,0.9980484843254089
1530586899.880092,41472,0.9980478286743164
1530586992.038589,41600,0.9980481266975403
1530587032.5782192,41728,0.9980476498603821
1530587073.0666056,41856,0.9980472922325134
1530587113.8999586,41984,0.9980475306510925
1530587206.0746906,42112,0.9980480670928955
1530587246.574508,42240,0.9980477690696716
1530587287.1139154,42368,0.9980475306510925
1530587328.0688105,42496,0.9980471730232239
1530587419.567234,42624,0.9980471134185791
1530587460.1098201,42752,0.9980472922325134
1530587500.62757,42880,0.9980484247207642
1530587541.7751634,43008,0.9980480074882507
1530587634.004123,43136,0.9980475902557373
1530587674.5607173,43264,0.9980473518371582
1530587715.1121528,43392,0.9980472326278687
1530587756.3319035,43520,0.9980472326278687
1530587848.997718,43648,0.9980475902557373
1530587889.5366027,43776,0.9980470538139343
1530587930.1004574,43904,0.9980473518371582
1530587971.1448061,44032,0.9980486631393433
1530588064.1181724,44160,0.9980480074882507
1530588104.672251,44288,0.9980476498603821
1530588145.1908748,44416,0.9980472922325134
1530588186.1764228,44544,0.9980472922325134
1530588279.7916148,44672,0.9980483055114746
1530588320.335258,44800,0.9980472326278687
1530588360.857621,44928,0.9980477094650269
1530588401.9269853,45056,0.9980474710464478
1530588494.1443665,45184,0.9980470538139343
1530588534.7024205,45312,0.9980478286743164
1530588575.236264,45440,0.9980473518371582
1530588616.2288845,45568,0.9980473518371582
1530588708.6752257,45696,0.9980471730232239
1530588749.1869762,45824,0.9980475306510925
1530588789.6941419,45952,0.9980480670928955
1530588830.63012,46080,0.9980481266975403
1530588924.5267456,46208,0.9980472922325134
1530588965.0593412,46336,0.9980480074882507
1530589005.5849032,46464,0.9980471134185791
1530589046.342046,46592,0.9980485439300537
1530589139.586641,46720,0.9980490803718567
1530589180.1113439,46848,0.9980472922325134
1530589220.6350665,46976,0.9980506300926208
1530589261.729367,47104,0.9980477094650269
1530589353.382701,47232,0.9980486035346985
1530589393.9081912,47360,0.9980483651161194
1530589434.462805,47488,0.9980481266975403
1530589475.330885,47616,0.9980488419532776
1530589568.925863,47744,0.9980472922325134
1530589609.4613883,47872,0.9980472326278687
1530589650.033006,48000,0.998047411441803
1530589690.9952772,48128,0.9980472326278687
1530589784.622397,48256,0.9980471730232239
1530589825.1494353,48384,0.9980471134185791
1530589865.6970885,48512,0.9980478882789612
1530589906.6356914,48640,0.998047947883606
1530589999.3334107,48768,0.9980477094650269
1530590039.9365919,48896,0.9980487823486328
1530590080.5246384,49024,0.9980470538139343
1530590121.1718676,49152,0.9980483055114746
1530590214.4412315,49280,0.9980472922325134
1530590255.0521193,49408,0.9980475902557373
1530590295.5547593,49536,0.998047411441803
1530590336.1671193,49664,0.9980471730232239
1530590429.9161875,49792,0.9980477690696716
1530590470.4226844,49920,0.998047411441803
1530590510.9757497,50048,0.9980469942092896
1530590551.578385,50176,0.9980477690696716
1530590644.8941002,50304,0.9980471134185791
1530590685.4731138,50432,0.9980474710464478
1530590726.0337183,50560,0.9980469942092896
1530590766.7128851,50688,0.9980480074882507
1530590860.8460543,50816,0.998046875
1530590901.4543743,50944,0.9980475902557373
1530590942.0903702,51072,0.998047947883606
1530590982.7873986,51200,0.9980471134185791
1530591076.2780893,51328,0.9980471134185791
1530591116.8808079,51456,0.9980469942092896
1530591157.5407305,51584,0.9980472922325134
1530591198.2834015,51712,0.9980470538139343
1530591291.1413481,51840,0.9980469346046448
1530591331.6905892,51968,0.9980469942092896
1530591372.317534,52096,0.998047411441803
1530591413.03693,52224,0.9980470538139343
1530591506.4376578,52352,0.9980482459068298
1530591546.9758003,52480,0.9980477094650269
1530591587.5849195,52608,0.9980469942092896
1530591628.3119905,52736,0.9980475902557373
1530591721.0850215,52864,0.9980469942092896
1530591761.6996956,52992,0.9980470538139343
1530591802.2849007,53120,0.9980470538139343
1530591842.993091,53248,0.9980471730232239
1530591938.1358416,53376,0.9980475306510925
1530591978.7144055,53504,0.9980473518371582
1530592019.3509312,53632,0.9980478286743164
1530592060.0604024,53760,0.9980478286743164
1530592153.4068215,53888,0.9980472922325134
1530592194.0358164,54016,0.9980471134185791
1530592234.7073581,54144,0.9980474710464478
1530592275.492675,54272,0.998047411441803
1530592369.223595,54400,0.9980475306510925
1530592409.86351,54528,0.9980471134185791
1530592450.525092,54656,0.9980470538139343
1530592491.2955894,54784,0.9980471134185791
1530592584.96906,54912,0.9980473518371582
1530592625.539987,55040,0.9980473518371582
1530592666.169741,55168,0.9980473518371582
1530592706.8226333,55296,0.9980469942092896
1530592802.1535726,55424,0.9980475902557373
1530592842.7925248,55552,0.9980471134185791
1530592883.4862459,55680,0.9980472922325134
1530592924.2135303,55808,0.9980471730232239
1530593018.6939433,55936,0.9980489015579224
1530593059.21862,56064,0.9980483055114746
1530593099.6836047,56192,0.9980475902557373
1530593140.344997,56320,0.9980472326278687
1530593235.691891,56448,0.9980470538139343
1530593276.229855,56576,0.9980472922325134
1530593316.770594,56704,0.9980472326278687
1530593357.4341674,56832,0.9980486035346985
1530593452.7147548,56960,0.9980474710464478
1530593493.3168535,57088,0.9980472326278687
1530593533.8839042,57216,0.9980474710464478
1530593574.5598476,57344,0.9980472326278687
1530593668.6213093,57472,0.9980474710464478
1530593709.1392908,57600,0.9980487823486328
1530593749.6921237,57728,0.9980477094650269
1530593790.359418,57856,0.9980472922325134
1530593884.101308,57984,0.9980481863021851
1530593924.6636918,58112,0.998047411441803
1530593965.2535036,58240,0.9980475306510925
1530594005.9213514,58368,0.9980469942092896
1530594100.521713,58496,0.9980490803718567
1530594141.0890653,58624,0.9980472922325134
1530594181.6503768,58752,0.9980472922325134
1530594222.2279065,58880,0.9980472326278687
1530594315.3987467,59008,0.9980482459068298
1530594355.9451072,59136,0.9980481266975403
1530594396.5700355,59264,0.9980471134185791
1530594437.1704183,59392,0.9980471134185791
1530594532.7055001,59520,0.9980470538139343
1530594573.2594943,59648,0.9980474710464478
1530594613.9306254,59776,0.9980469942092896
1530594654.5669837,59904,0.9980471134185791
1530594748.67025,60032,0.9980476498603821
1530594789.2418022,60160,0.9980470538139343
1530594829.7928498,60288,0.9980469942092896
1530594870.5046055,60416,0.9980483055114746
1530594964.8476174,60544,0.9980477690696716
1530595005.4570508,60672,0.9980475306510925
1530595046.0935106,60800,0.9980473518371582
1530595086.7504818,60928,0.9980478286743164
1530595182.1751316,61056,0.9980469346046448
1530595222.7495527,61184,0.9980472326278687
1530595263.2663107,61312,0.9980471730232239
1530595303.9524984,61440,0.9980471730232239
1530595399.5180714,61568,0.9980476498603821
1530595440.1206656,61696,0.9980471134185791
1530595480.7448483,61824,0.9980471134185791
1530595521.463599,61952,0.9980475306510925
1530595616.5202773,62080,0.9980471134185791
1530595657.0694938,62208,0.9980471134185791
1530671899.0017152,62592,0.9980471730232239
1530671939.6705189,62720,0.9980475306510925
1530671980.366943,62848,0.9980474710464478
1530672020.950463,62976,0.9980470538139343
1530672113.2773569,63104,0.9980470538139343
1530672153.810174,63232,0.9980469346046448
1530672194.345684,63360,0.9980475902557373
1530672235.0020788,63488,0.9980471134185791
1530672326.8650656,63616,0.9980472922325134
1530672367.3432345,63744,0.9980471134185791
1530672407.8772578,63872,0.9980472326278687
1530672448.5097919,64000,0.9980469942092896
1530672541.098015,64128,0.998046875
1530672581.647787,64256,0.998047411441803
1530672622.2130046,64384,0.9980478286743164
1530672662.8406549,64512,0.9980469346046448
1530672756.2792804,64640,0.9980469942092896
1530672796.7928033,64768,0.9980472922325134
1530672837.2895124,64896,0.9980471730232239
1530672877.9395876,65024,0.9980472326278687
1530672969.9204054,65152,0.9980469942092896
1530673010.4054575,65280,0.9980471730232239
1530673050.8867772,65408,0.9980471730232239
1530673091.501185,65536,0.9980472326278687
1530673184.6883297,65664,0.9980470538139343
1530673225.2222795,65792,0.9980477690696716
1530673265.7769673,65920,0.9980469346046448
1530673306.3995047,66048,0.9980478286743164
1530673398.7417634,66176,0.9980477094650269
1530673439.2621372,66304,0.9980477690696716
1530673479.8254726,66432,0.9980469942092896
1530673520.5119698,66560,0.9980472326278687
1530673612.0593886,66688,0.998047411441803
1530673652.554097,66816,0.9980474710464478
1530673693.076512,66944,0.9980469942092896
1530673733.6391284,67072,0.9980472326278687
1530673826.7245595,67200,0.9980472326278687
1530673867.1837544,67328,0.9980471134185791
1530673907.7167356,67456,0.9980469942092896
1530673948.3811526,67584,0.9980472922325134
1530674040.7705085,67712,0.9980469942092896
1530674081.261991,67840,0.9980471730232239
1530674121.8916574,67968,0.9980470538139343
1530674162.513653,68096,0.9980469346046448
1530674254.9832287,68224,0.9980469942092896
1530674295.4748626,68352,0.9980478286743164
1530674336.0221016,68480,0.9980474710464478
1530674376.6456246,68608,0.9980472922325134
1530674468.4536002,68736,0.9980471134185791
1530674509.0078416,68864,0.9980476498603821
1530674549.5620697,68992,0.9980478882789612
1530674590.2003217,69120,0.9980473518371582
1530674683.2399755,69248,0.9980470538139343
1530674723.7345505,69376,0.9980471134185791
1530674764.2679222,69504,0.9980471134185791
1530674804.9229898,69632,0.9980472326278687
1530674897.4038174,69760,0.9980471134185791
1530674937.8783314,69888,0.9980469346046448
1530674978.4348047,70016,0.9980469346046448
1530675019.0285146,70144,0.9980471134185791
1530675112.9012752,70272,0.9980471134185791
1530675153.4324164,70400,0.9980469942092896
1530675194.0182693,70528,0.9980470538139343
1530675234.7043636,70656,0.9980473518371582
1530675327.663794,70784,0.9980471134185791
1530675368.268566,70912,0.9980471134185791
1530675408.8345056,71040,0.9980471134185791
1530675449.535358,71168,0.9980469942092896
1530675541.9706633,71296,0.9980469942092896
1530675582.5458262,71424,0.9980470538139343
1530675623.0649073,71552,0.9980471134185791
1530675663.6906505,71680,0.9980469346046448
1530675756.6251729,71808,0.9980485439300537
1530675797.1619916,71936,0.9980474710464478
1530675837.7334375,72064,0.9980471730232239
1530675878.3420627,72192,0.9980474710464478
1530675972.5228803,72320,0.9980472326278687
1530676013.0956197,72448,0.9980472326278687
1530676053.6624715,72576,0.9980469942092896
1530676094.351595,72704,0.9980472326278687
1530676188.5665174,72832,0.9980474710464478
1530676229.0530717,72960,0.9980475902557373
1530676269.600302,73088,0.9980473518371582
1530676310.2085962,73216,0.9980473518371582
1530676402.2968442,73344,0.9980472922325134
1530676442.795247,73472,0.9980471134185791
1530676483.3261085,73600,0.9980472326278687
1530676523.9169827,73728,0.9980471134185791
1530676616.8007731,73856,0.9980470538139343
1530676657.3151944,73984,0.9980490803718567
1530676697.8404,74112,0.9980476498603821
1530676738.4823923,74240,0.998047411441803
1530676831.2159028,74368,0.9980469942092896
1530676871.726252,74496,0.9980471730232239
1530676912.203555,74624,0.9980469346046448
1530676952.8182533,74752,0.9980475902557373
1530677045.7581737,74880,0.9980470538139343
1530677086.3351676,75008,0.9980470538139343
1530677126.842541,75136,0.9980471134185791
1530677167.5428903,75264,0.9980472326278687
1530677259.9041622,75392,0.9980477690696716
1530677300.4895258,75520,0.9980470538139343
1530677341.0678146,75648,0.9980469346046448
1530712121.2535303,75904,0.9980471134185791
1530712161.78212,76032,0.9980475306510925
1530712202.4095018,76160,0.9980472922325134
1530712242.9634702,76288,0.9980470538139343
1530712333.6189604,76416,0.9980469942092896
1530712374.1664796,76544,0.9980469346046448
1530712414.6824574,76672,0.9980469942092896
1530712455.1871755,76800,0.9980478286743164
1530712546.4016623,76928,0.9980469346046448
1530712586.8916435,77056,0.9980477094650269
1530712627.4744368,77184,0.9980470538139343
1530712667.9517581,77312,0.9980478286743164
1530712759.0005133,77440,0.9980473518371582
1530712799.5464842,77568,0.9980469346046448
1530712840.073045,77696,0.9980472326278687
1530712880.6043406,77824,0.9980475902557373
1530712971.631024,77952,0.9980474710464478
1530713012.100499,78080,0.9980469942092896
1530713052.5554917,78208,0.9980472922325134
1530713093.074364,78336,0.998047411441803
1530713184.2281883,78464,0.9980474710464478
1530713224.8011627,78592,0.9980471730232239
1530713265.378119,78720,0.9980472922325134
1530713305.8808553,78848,0.9980471134185791
1530713396.655585,78976,0.9980476498603821
1530713437.1573756,79104,0.9980469942092896
1530713477.6978986,79232,0.9980469346046448
1530713518.2615232,79360,0.9980469942092896
1530713609.5077353,79488,0.9980469346046448
1530713650.1063213,79616,0.9980477690696716
1530713690.6985357,79744,0.9980471730232239
1530713731.2309523,79872,0.9980472326278687
1530713822.4476964,80000,0.9980469346046448
1530713863.0105247,80128,0.9980469942092896
1530713903.59869,80256,0.9980469942092896
1530713944.1908312,80384,0.9980473518371582
1530714035.5884202,80512,0.9980471134185791
1530714076.0700839,80640,0.9980471134185791
1530714116.6069522,80768,0.9980469942092896
1530714157.1939821,80896,0.9980470538139343
1530714248.1570148,81024,0.9980471134185791
1530714288.732465,81152,0.9980469942092896
1530714329.272709,81280,0.9980472922325134
1530714369.8492763,81408,0.9980469346046448
1530714460.96973,81536,0.9980475306510925
1530714501.490447,81664,0.9980469942092896
1530714542.033034,81792,0.9980469346046448
1530714582.6222541,81920,0.9980471134185791
1530714675.3421137,82048,0.9980472326278687
1530714715.8931594,82176,0.9980472326278687
1530714756.5034335,82304,0.998047947883606
1530714797.0199835,82432,0.9980471134185791
1530714889.125103,82560,0.9980472922325134
1530714929.6440103,82688,0.9980471134185791
1530714970.2069273,82816,0.9980472326278687
1530715010.7626493,82944,0.9980469942092896
1530715102.709166,83072,0.9980487823486328
1530715143.2618513,83200,0.9980471134185791
1530715183.8059762,83328,0.9980471730232239
1530715224.4086506,83456,0.9980472326278687
1530715316.1148868,83584,0.9980477690696716
1530715356.6675544,83712,0.9980473518371582
1530715397.245503,83840,0.998046875
1530715437.7687645,83968,0.9980471134185791
1530715530.64665,84096,0.9980472326278687
1530715571.1676478,84224,0.9980471134185791
1530715611.6983533,84352,0.9980475902557373
1530715652.2311084,84480,0.9980469942092896
1530715744.0357206,84608,0.9980469346046448
1530715784.5552287,84736,0.9980471134185791
1530715825.089361,84864,0.9980471730232239
1530715865.5722432,84992,0.9980470538139343
1530715958.342675,85120,0.9980469942092896
1530715998.8686593,85248,0.9980471134185791
1530716039.4050672,85376,0.9980470538139343
1530716079.8690162,85504,0.9980471134185791
1530716171.6072762,85632,0.9980470538139343
1530716212.1123476,85760,0.9980471134185791
1530716252.524894,85888,0.9980470538139343
1530716293.1200228,86016,0.9980469346046448
1530716385.011272,86144,0.9980471134185791
1530716425.4710772,86272,0.9980469942092896
1530716465.9082727,86400,0.9980470538139343
1530716506.3616128,86528,0.9980471134185791
1530716599.6823938,86656,0.9980474710464478
1530716640.1712573,86784,0.998047411441803
1530716680.7482994,86912,0.9980470538139343
1530716721.268349,87040,0.9980471730232239
1530716813.1365125,87168,0.9980469942092896
1530716853.6054974,87296,0.9980472922325134
1530716894.0862343,87424,0.9980471730232239
1530716934.611796,87552,0.9980473518371582
1530717028.0093307,87680,0.9980472922325134
1530717068.5231097,87808,0.9980470538139343
1530717109.0951242,87936,0.9980471134185791
1530717149.6675334,88064,0.9980471730232239
1530717242.8583887,88192,0.9980469942092896
1530717283.3811843,88320,0.998047411441803
1530717323.9488144,88448,0.9980470538139343
1530717364.519139,88576,0.998046875
1530717456.3548415,88704,0.998047411441803
1530717496.956009,88832,0.9980470538139343
1530717537.4577503,88960,0.9980471730232239
1530717577.9668777,89088,0.9980469346046448
1530717670.3560154,89216,0.9980470538139343
1530717710.8863416,89344,0.9980471730232239
1530717751.3713257,89472,0.9980469346046448
1530717791.9173596,89600,0.9980469942092896
1530717884.170719,89728,0.9980471134185791
1530717924.6473122,89856,0.9980471134185791
1530717965.2828012,89984,0.9980471134185791
1530718005.8972294,90112,0.9980471134185791
1530718097.9247684,90240,0.9980469346046448
1530718138.487901,90368,0.9980469346046448
1530718179.062578,90496,0.9980471134185791
1530718219.5844235,90624,0.9980471730232239
1530718312.055307,90752,0.9980472326278687
1530718352.5960789,90880,0.9980474710464478
1530718393.157936,91008,0.9980469346046448
1530718433.7537744,91136,0.9980474710464478
1530718526.333848,91264,0.9980471134185791
1530718566.960332,91392,0.9980469942092896
1530718607.4665165,91520,0.9980469346046448
1530718648.0318437,91648,0.9980478882789612
1530718740.4475594,91776,0.9980469942092896
1530718781.0115817,91904,0.9980471134185791
1530718821.5415263,92032,0.9980473518371582
1530718862.0617497,92160,0.9980471730232239
1530718954.8347251,92288,0.9980469346046448
1530718995.4039903,92416,0.9980470538139343
1530719035.9683862,92544,0.9980470538139343
1530719076.4800792,92672,0.9980470538139343
1530719169.9214659,92800,0.9980470538139343
1530719210.50772,92928,0.9980469346046448
1530719251.0920227,93056,0.9980470538139343
1530719291.648951,93184,0.9980470538139343
1530719384.3595967,93312,0.9980470538139343
1530719424.8586185,93440,0.9980469942092896
1530719465.3916566,93568,0.9980471134185791
1530719505.9699447,93696,0.9980469942092896
1530719598.4560335,93824,0.9980469942092896
1530719638.9728904,93952,0.9980469942092896
1530719679.5619605,94080,0.998046875
1530719720.1194098,94208,0.9980474710464478
1530719812.7711039,94336,0.9980473518371582
1530719853.3247037,94464,0.9980472922325134
1530719893.8751762,94592,0.998046875
1530719934.4018838,94720,0.998046875
1530720027.2058456,94848,0.9980471134185791
1530720067.7793477,94976,0.9980470538139343
1530720108.347566,95104,0.9980469346046448
1530720148.932805,95232,0.998046875
1530720242.0981266,95360,0.9980469942092896
1530720282.6512086,95488,0.9980469346046448
1530720323.2259243,95616,0.9980472326278687
1530720363.7300107,95744,0.9980470538139343
1530720456.3990614,95872,0.9980471134185791
1530720496.9341693,96000,0.9980471730232239
1530720537.4835877,96128,0.9980471134185791
1530720578.0116508,96256,0.9980470538139343
1530720672.7060359,96384,0.998047411441803
1530720713.2842407,96512,0.9980469346046448
1530720753.83578,96640,0.9980471730232239
1530720794.4414504,96768,0.9980471134185791
1530720887.0838664,96896,0.9980472922325134
1530720927.6649432,97024,0.9980471134185791
1530720968.2028923,97152,0.9980469942092896
1530721008.7413652,97280,0.9980469942092896
1530721101.8978813,97408,0.9980471134185791
1530721142.44238,97536,0.9980469942092896
