wall_time,step,value
1534045190.7036324,128,0.9999239444732666
1534045860.2716064,256,0.9999240636825562
1534046529.685711,384,0.9999247193336487
1534047199.0763981,512,0.9999255537986755
1534048811.418864,640,0.9999260902404785
1534049480.898762,768,0.9999268651008606
1534050150.3226361,896,0.999926745891571
1534050819.7196765,1024,0.9999262690544128
1534052496.8778036,1152,0.9999263286590576
1534053166.1433113,1280,0.9999265670776367
1534053835.455751,1408,0.9999266862869263
1534054504.5976138,1536,0.9999272227287292
1534056244.0902765,1664,0.9999271631240845
1534056913.4687114,1792,0.9999276995658875
1534057582.7849681,1920,0.9999279975891113
1534058252.1526158,2048,0.9999284744262695
1534059969.594278,2176,0.9999284744262695
1534060638.8631916,2304,0.9999284744262695
1534061308.2152271,2432,0.9999281764030457
1534061977.5086749,2560,0.9999288320541382
1534063602.361512,2688,0.9999287724494934
1534064271.492692,2816,0.9999292492866516
1534064940.4857094,2944,0.9999292492866516
1534065609.530896,3072,0.9999290108680725
1534067265.7407537,3200,0.9999294281005859
1534067934.4394188,3328,0.9999289512634277
1534068603.0658214,3456,0.9999292492866516
1534069271.805267,3584,0.9999291300773621
1534070943.1640491,3712,0.999929666519165
1534071612.3801963,3840,0.9999292492866516
1534072281.4804063,3968,0.9999296069145203
1534072950.284122,4096,0.9999300837516785
1534074603.4778867,4224,0.9999296069145203
1534075272.7672567,4352,0.9999294877052307
1534075942.060536,4480,0.9999294877052307
1534076611.439028,4608,0.9999289512634277
1534078242.4154568,4736,0.9999290108680725
1534078911.9374428,4864,0.9999296069145203
1534079581.4760346,4992,0.9999289512634277
1534080250.884657,5120,0.9999294281005859
1534081865.7045033,5248,0.999929666519165
1534082534.63038,5376,0.9999298453330994
1534083203.8592284,5504,0.9999299645423889
1534083873.344992,5632,0.999929666519165
1534085504.0890448,5760,0.9999292492866516
1534086173.4290924,5888,0.9999297261238098
1534086843.0250714,6016,0.9999295473098755
1534087512.6155217,6144,0.9999299049377441
1534089127.618836,6272,0.9999297857284546
1534089796.9697716,6400,0.9999297261238098
1534090466.331546,6528,0.9999293088912964
1534091135.6487913,6656,0.9999297857284546
1534092756.9949937,6784,0.9999299049377441
1534093426.3749373,6912,0.9999305009841919
1534094095.850038,7040,0.9999296069145203
1534094765.1876895,7168,0.9999303221702576
