wall_time,step,value
1531394070.299417,512,331.3324279785156
1531394529.9277089,1024,313.40997314453125
1531394985.386586,1536,294.5949401855469
1531395442.253725,2048,274.61029052734375
1531395897.853187,2560,245.24322509765625
1531396353.3940804,3072,235.1963348388672
1531396809.0862272,3584,217.00079345703125
1531397264.180099,4096,213.52584838867188
1531397717.5417893,4608,205.78781127929688
1531398170.3351252,5120,193.0103302001953
1531398621.568824,5632,191.5970916748047
1531399073.0195446,6144,187.1690673828125
1531399523.0088477,6656,184.59112548828125
1531399974.4446547,7168,179.11729431152344
1531400425.4534361,7680,178.99957275390625
1531400877.122688,8192,174.08267211914062
1531401327.3846686,8704,168.42034912109375
1531401779.5871582,9216,168.67401123046875
1531402230.6833124,9728,168.5545654296875
1531402681.948613,10240,160.64364624023438
1531403134.9158418,10752,156.51795959472656
1531403586.4707983,11264,156.2052001953125
1531404038.184197,11776,148.98768615722656
1531404489.0730782,12288,150.8839569091797
1531404942.3407917,12800,146.7781219482422
1531405394.588356,13312,145.133056640625
1531405846.8434699,13824,147.01129150390625
1531406299.731861,14336,141.46148681640625
1531406752.4786549,14848,141.8987579345703
1531407204.2060792,15360,138.75424194335938
1531407657.1897695,15872,139.1689910888672
1531408108.61574,16384,143.0670928955078
1531408559.7749074,16896,136.93966674804688
1531409013.6862721,17408,141.05740356445312
1531409466.2022467,17920,131.44859313964844
1531409918.913342,18432,131.25930786132812
1531410370.3102896,18944,132.1749267578125
1531410820.7220469,19456,130.3391876220703
1531411273.0684996,19968,129.29981994628906
1531411725.4002175,20480,129.6475372314453
1531412175.5830123,20992,124.9977798461914
1531412624.9776905,21504,122.01309967041016
1531413076.1622226,22016,125.584228515625
1531413527.5658581,22528,120.53440856933594
1531413977.9701111,23040,117.39350128173828
1531414429.918219,23552,120.930419921875
1531414881.558349,24064,115.73944854736328
1531415333.5144424,24576,112.78437805175781
1531415785.074307,25088,113.74663543701172
1531442909.082513,26112,108.09578704833984
1531443361.299268,26624,107.54618835449219
1531443813.242097,27136,106.93407440185547
1531444264.4505956,27648,104.85204315185547
1531444715.5910916,28160,103.86782836914062
1531445166.800782,28672,100.63179016113281
1531445619.9250472,29184,100.63465881347656
1531446072.4755847,29696,100.46675872802734
1531446525.624398,30208,101.15328979492188
1531446978.6147282,30720,98.21955108642578
1531447431.6667442,31232,98.92935943603516
1531447885.8299782,31744,98.42188262939453
1531448339.3950837,32256,96.3343276977539
1531448792.6596198,32768,95.6028823852539
1531449247.2622292,33280,97.0910415649414
1531449700.5657835,33792,92.73632049560547
1531450154.6380985,34304,91.24637603759766
1531450610.2317202,34816,94.19937133789062
1531451063.1983166,35328,93.993896484375
1531451515.567897,35840,97.40380859375
1531451969.1766272,36352,92.0252685546875
1531452424.2935724,36864,93.13202667236328
1531452878.02499,37376,91.79981994628906
1531453331.3160405,37888,91.9715347290039
1531453784.6668553,38400,88.5974349975586
1531454238.752907,38912,87.5999755859375
1531454693.3557174,39424,90.811767578125
1531455148.16594,39936,87.69361877441406
1531455602.9693344,40448,90.11470794677734
1531456057.5055523,40960,88.44326782226562
1531456513.325957,41472,86.27118682861328
1531456968.725712,41984,85.94149780273438
1531457423.9886496,42496,85.28548431396484
1531457878.8493128,43008,83.47449493408203
1531458340.5120873,43520,83.73329162597656
1531458795.9852223,44032,83.90428161621094
1531459250.7725444,44544,82.38036346435547
1531459706.362851,45056,83.99136352539062
1531460160.0470965,45568,82.30799102783203
1531460615.640206,46080,81.85406494140625
1531461069.1689048,46592,80.57963562011719
1531461522.2465093,47104,81.3638687133789
1531461975.495138,47616,80.58155822753906
1531462429.1084938,48128,83.64554595947266
1531462882.3335724,48640,80.29059600830078
1531463336.377303,49152,79.01318359375
1531463791.3470342,49664,78.19798278808594
1531464245.2139492,50176,77.52745819091797
1531464701.2758036,50688,78.49171447753906
1531465155.2471507,51200,78.62950897216797
1531465610.2568407,51712,77.88734436035156
1531466064.4529986,52224,78.28350067138672
1531466520.4720166,52736,75.44583892822266
1531466975.8556168,53248,77.06320190429688
1531467430.6040635,53760,76.14759063720703
1531467885.347348,54272,74.5082778930664
1531468339.503481,54784,75.9832992553711
1531468793.8771245,55296,75.50325012207031
1531469248.495142,55808,75.80912017822266
1531469704.4483817,56320,75.9712905883789
1531470159.5624876,56832,73.40966796875
1531470615.5640922,57344,75.59724426269531
1531471070.3374023,57856,74.17757415771484
1531471526.3950515,58368,72.62874603271484
1531471981.940989,58880,73.5020751953125
1531472437.6498501,59392,72.96308135986328
1531472893.7950191,59904,73.76277160644531
1531473348.787405,60416,72.24755096435547
1531473804.187102,60928,72.51756286621094
1531474260.646651,61440,75.65420532226562
1531474716.283153,61952,72.27635955810547
1531475173.1286767,62464,73.20492553710938
1531475629.5021985,62976,71.08560943603516
1531526734.6536899,64000,73.37797546386719
1531527188.8354642,64512,71.5855941772461
1531527642.0984528,65024,73.90235900878906
1531528094.9759433,65536,70.39888000488281
1531528550.4773607,66048,70.80429077148438
1531529772.280784,67072,74.49850463867188
1531530225.5188122,67584,73.08628845214844
1531530680.0645688,68096,73.39230346679688
1531531133.7321706,68608,70.16116333007812
1531531587.3284779,69120,71.80050659179688
1531532040.4949918,69632,71.55033111572266
1531532495.685431,70144,69.78993225097656
1531532950.0936894,70656,69.9678955078125
1531533404.2668865,71168,71.18965148925781
1531533858.6227484,71680,68.54035949707031
1531534311.93246,72192,71.70915222167969
1531534766.0273623,72704,68.54808807373047
1531535219.7690349,73216,70.75257873535156
1531535674.6263573,73728,70.40689849853516
1531536129.6076293,74240,70.0699462890625
1531536585.720713,74752,71.12736511230469
1531537041.4388597,75264,69.6624755859375
1531537497.1720655,75776,69.99640655517578
1531537952.035711,76288,69.60944366455078
1531538407.4989364,76800,68.14163208007812
1531538863.068204,77312,69.0546646118164
1531539320.3057911,77824,68.96805572509766
1531539776.4636707,78336,69.18160247802734
1531540232.5995464,78848,68.34960174560547
1531540688.8930717,79360,68.50550842285156
1531541145.2226295,79872,68.89254760742188
1531541602.5622413,80384,68.81460571289062
1531542058.422283,80896,68.7225112915039
1531542515.606426,81408,69.36198425292969
1531542972.7997127,81920,66.34488677978516
1531543429.9659252,82432,67.93881225585938
1531543886.330054,82944,67.75102996826172
1531544343.088222,83456,67.40534210205078
1531544799.8594837,83968,68.9037857055664
1531545255.8951688,84480,67.9837646484375
1531545711.1949265,84992,68.2207260131836
1531546167.6721342,85504,66.85746765136719
1531546623.9317741,86016,70.277099609375
1531547079.512398,86528,68.19525146484375
1531547536.9681044,87040,68.38728332519531
1531547992.10319,87552,66.40238952636719
1531548448.224734,88064,67.49771118164062
1531548904.071212,88576,66.4767837524414
1531549361.6039734,89088,67.52022552490234
1531549817.353304,89600,68.47698974609375
1531550272.9088676,90112,68.80718994140625
1531550729.4228916,90624,67.5793228149414
1531551184.7411146,91136,67.36945343017578
1531551642.3403776,91648,66.91036224365234
1531552098.6130905,92160,67.47786712646484
1531552555.3773625,92672,66.44837951660156
1531553010.763231,93184,69.33613586425781
1531553467.4218435,93696,67.62274169921875
1531553922.810936,94208,67.44192504882812
1531554379.5889971,94720,67.5531997680664
1531554836.014011,95232,66.63316345214844
1531555292.4877243,95744,67.42418670654297
1531555750.287378,96256,64.70226287841797
1531556206.0284553,96768,66.4469985961914
1531556662.342783,97280,65.69511413574219
