wall_time,step,value
1532647273.1883507,512,5.970311641693115
1532648589.7570038,1024,2.5549209117889404
1532649898.7740963,1536,2.030696392059326
1532651197.9602873,2048,1.7301537990570068
1532652482.7056212,2560,2.1304502487182617
1532653739.7569444,3072,1.5434783697128296
1532654971.686002,3584,1.3056375980377197
1532656208.5593107,4096,1.4940857887268066
1532657442.9639034,4608,1.4872140884399414
1532658680.916924,5120,1.412582516670227
1532659926.8335361,5632,1.1967639923095703
1532661180.1367168,6144,1.3458024263381958
1532662447.6896021,6656,1.4311176538467407
1532663720.5804365,7168,1.3326557874679565
1532664999.5573807,7680,1.3209511041641235
1532666278.40486,8192,1.6497583389282227
1532667553.3609068,8704,1.476989507675171
1532668829.9408638,9216,1.8078029155731201
1532670113.0228539,9728,1.5715866088867188
1532671386.4949656,10240,1.3735713958740234
1532672657.3971128,10752,1.3167803287506104
1532673934.4055216,11264,1.1119662523269653
1532675214.7114878,11776,1.3999680280685425
1532676484.7683752,12288,1.3681294918060303
1532677757.1145937,12800,1.230914831161499
1532679028.5578313,13312,1.8036699295043945
1532680299.5063152,13824,1.6053053140640259
1532681565.6546557,14336,1.4294699430465698
1532682830.6161861,14848,1.2466468811035156
1532684102.4282265,15360,1.4382816553115845
1532685372.5556557,15872,1.3408194780349731
1532686651.8562138,16384,1.9887477159500122
1532687931.2023103,16896,1.7905341386795044
1532689195.3231528,17408,1.1037472486495972
1532690469.7599752,17920,1.5576865673065186
1532691740.9124494,18432,1.452437162399292
1532693013.378175,18944,1.4337633848190308
1532694291.1713164,19456,1.5464823246002197
1532695565.007632,19968,1.3565083742141724
1532696833.47799,20480,1.1130470037460327
1532698099.3494158,20992,1.59762442111969
1532699370.2953312,21504,1.5496114492416382
1532700643.9620895,22016,1.3929542303085327
1532701927.8567495,22528,1.4551926851272583
1532703206.3930044,23040,1.2602603435516357
1532704486.092336,23552,1.6592140197753906
1532705761.407012,24064,1.1883773803710938
1532707044.1255677,24576,1.6256989240646362
1532708314.5342977,25088,1.2980324029922485
1532709587.5970035,25600,1.7119077444076538
1532710861.3960958,26112,1.6230196952819824
1532712143.481546,26624,1.3314601182937622
1532713421.1213498,27136,1.3853065967559814
1532714704.1021082,27648,1.5112980604171753
1532715983.8245125,28160,1.1466212272644043
1532717267.0336974,28672,1.3770047426223755
1532718543.8931637,29184,1.2003499269485474
1532719822.6942134,29696,1.6764687299728394
1532721105.831099,30208,1.2764657735824585
1532722386.2212882,30720,1.5685434341430664
1532723673.4268909,31232,1.5410635471343994
1532724959.845852,31744,1.4070227146148682
1532726235.8425949,32256,1.1840124130249023
1532891720.2951636,32768,1.4598273038864136
1532892984.4574227,33280,1.0902923345565796
1532894255.0830424,33792,1.4792569875717163
1532895526.5571296,34304,1.418944239616394
1532896797.683959,34816,1.352444052696228
1532898070.3759046,35328,1.3500465154647827
1532899340.157154,35840,1.6457868814468384
1532900612.001191,36352,1.0611298084259033
1532901881.5368726,36864,1.210283637046814
1532903158.6363444,37376,1.1578278541564941
1532904434.489443,37888,1.3802329301834106
1532905709.5716097,38400,1.4254194498062134
1532906992.9070516,38912,1.7183974981307983
1532908271.1378274,39424,1.521587610244751
1532909550.664304,39936,1.03366219997406
1532910826.5095105,40448,1.4270209074020386
1532912109.4651208,40960,1.9442684650421143
1532913387.116679,41472,1.4926351308822632
1532914680.0716648,41984,1.6184308528900146
1532915961.015885,42496,1.4071074724197388
1532917243.0665052,43008,1.1144253015518188
1532918525.527605,43520,1.691414713859558
1532919803.6130033,44032,1.8412917852401733
1532921086.2667832,44544,1.2083688974380493
1532922369.7665658,45056,1.1542872190475464
1532923654.703908,45568,1.4709893465042114
1532924930.085175,46080,1.1491020917892456
1532926209.1331336,46592,1.1770398616790771
1532927493.7996573,47104,1.5184624195098877
1532928777.713633,47616,1.5417126417160034
1532930060.6017325,48128,1.4966988563537598
1532931332.6254008,48640,2.420372486114502
1532932614.6727257,49152,1.3667973279953003
1532933893.7760415,49664,1.4151437282562256
1532935173.3733952,50176,2.0391275882720947
1532936448.9323814,50688,1.497481346130371
1532937732.6089828,51200,1.7501496076583862
1532939012.7618284,51712,1.157039761543274
1532940291.124847,52224,1.1592025756835938
1532941567.8888159,52736,1.2619876861572266
1532942850.5610404,53248,1.2119492292404175
1532944131.8621612,53760,1.446000576019287
1532945410.5157998,54272,0.9741802215576172
1532946697.141401,54784,1.0590041875839233
1532947975.7085998,55296,1.2138890027999878
1532949254.9466696,55808,1.4056648015975952
1532950541.6801555,56320,1.349215030670166
1532951824.5794678,56832,1.190477967262268
1532953106.1187143,57344,1.2607598304748535
1532954389.4381187,57856,1.8192793130874634
1532955671.8128228,58368,2.27984619140625
1532956953.8853579,58880,1.3058987855911255
1532958234.771974,59392,1.8391536474227905
1532959519.2681165,59904,1.149127721786499
1532960803.8855488,60416,1.0540655851364136
1532962084.5712514,60928,1.415663480758667
1532963367.960017,61440,1.1644268035888672
1532964647.2479057,61952,1.3466949462890625
1532965932.8253748,62464,1.4400722980499268
1532967217.5850742,62976,1.3202921152114868
1532968501.0157692,63488,1.10096275806427
1532969783.820422,64000,1.1704447269439697
1532971059.1387577,64512,1.343287706375122
1532972340.4689543,65024,1.794234037399292
1533036711.5256128,65536,1.4992715120315552
1533037994.5399146,66048,1.2490193843841553
1533039276.3575032,66560,1.4176669120788574
1533040562.2534702,67072,1.3149434328079224
1533041847.8550086,67584,1.5437556505203247
1533043126.9622383,68096,1.8538466691970825
1533044412.4790382,68608,1.4081902503967285
1533045702.13742,69120,1.2775888442993164
1533046982.5925558,69632,1.2258083820343018
1533048262.360456,70144,1.2143518924713135
1533049544.3190706,70656,1.1756181716918945
1533050830.2743714,71168,1.5268659591674805
1533052115.6510093,71680,1.6110378503799438
1533053400.2355819,72192,1.5381782054901123
1533054685.019922,72704,1.3481000661849976
1533055966.2497385,73216,1.4082787036895752
1533057246.7088096,73728,1.260962963104248
1533058531.3128505,74240,1.0272988080978394
1533059818.4282055,74752,1.0867387056350708
1533061106.7444274,75264,1.242018222808838
1533062385.7747712,75776,1.4307109117507935
1533063679.085895,76288,1.4404217004776
1533064966.0202444,76800,1.2332412004470825
1533066244.8516781,77312,2.005671739578247
1533067526.6348312,77824,1.277198314666748
1533068800.0019011,78336,1.9707167148590088
1533070084.8299825,78848,1.2355427742004395
1533071372.303266,79360,1.0170869827270508
1533072655.262781,79872,1.1766109466552734
1533073937.3340268,80384,1.4877774715423584
1533075217.532569,80896,1.6127065420150757
1533076503.90504,81408,1.5069682598114014
1533077797.4702678,81920,1.8090834617614746
1533079079.8970282,82432,1.1902464628219604
1533080354.7206957,82944,2.1153481006622314
1533081638.469429,83456,1.6670985221862793
1533082916.8503544,83968,1.8715986013412476
1533084202.3600533,84480,1.0284894704818726
1533085481.2708535,84992,1.376889705657959
1533086760.850264,85504,1.2907353639602661
1533088049.183468,86016,1.2471458911895752
1533089325.1671417,86528,1.059610366821289
1533090605.9567244,87040,1.8055020570755005
1533091895.4530797,87552,1.432247519493103
1533093182.367982,88064,1.1486499309539795
1533094475.2808716,88576,1.5875470638275146
1533095761.0678248,89088,2.2104709148406982
1533097038.125204,89600,1.6415724754333496
1533098320.6451573,90112,1.4689103364944458
1533099611.5869188,90624,1.2047398090362549
1533100903.8568687,91136,1.8884371519088745
1533102183.846152,91648,1.250331163406372
1533103469.7505505,92160,1.3944822549819946
1533104756.1159081,92672,1.5899022817611694
1533106047.1260986,93184,1.376581072807312
1533107326.7574596,93696,1.5509272813796997
1533108610.3030763,94208,0.9999549984931946
1533109893.6535525,94720,1.3964405059814453
1533111173.1094832,95232,1.9510183334350586
1533112455.2133214,95744,1.9735392332077026
1533113744.6211514,96256,1.175225019454956
1533115023.819922,96768,1.926456093788147
1533116305.6152778,97280,1.2475460767745972
