wall_time,step,value
1532279691.5995865,128,1.1160911321640015
1532279855.4584925,256,0.4966513514518738
1532280019.438935,384,0.26568272709846497
1532280183.398514,512,0.2501737177371979
1532280489.9184134,640,0.23518243432044983
1532280653.8078377,768,0.21810884773731232
1532280817.78596,896,0.20926906168460846
1532280981.6405907,1024,0.16912807524204254
1532281296.350223,1152,0.17178542912006378
1532281460.2524912,1280,0.13924485445022583
1532281624.189004,1408,0.11674153059720993
1532281788.2315474,1536,0.13765683770179749
1532282100.2972138,1664,0.09356597065925598
1532282264.0388744,1792,0.11828775703907013
1532282427.916457,1920,0.11506924778223038
1532282591.770433,2048,0.11758384108543396
1532282899.1451323,2176,0.1232653558254242
1532283062.8867528,2304,0.11433431506156921
1532283226.55444,2432,0.11892138421535492
1532283390.2241435,2560,0.1235896646976471
1532283692.4020848,2688,0.09914444386959076
1532283856.2855124,2816,0.09816120564937592
1532284020.2114677,2944,0.10302694141864777
1532284183.9716344,3072,0.0982305184006691
1532284484.4822204,3200,0.08734136074781418
1532284648.2858872,3328,0.07793021202087402
1532284812.151702,3456,0.09021570533514023
1532284976.0234396,3584,0.09252910315990448
1532285273.9509883,3712,0.08168797940015793
1532285437.7162986,3840,0.07530050724744797
1532285601.6620512,3968,0.0767584815621376
1532285765.481781,4096,0.08157341927289963
1532286058.441479,4224,0.06693106144666672
1532286222.302549,4352,0.08924178034067154
1532286386.353547,4480,0.07449981570243835
1532286550.307905,4608,0.07927107810974121
1532286841.2970989,4736,0.0692865177989006
1532287005.183495,4864,0.07792381197214127
1532287169.1758492,4992,0.06447672098875046
1532287333.0917318,5120,0.07499406486749649
1532287624.107935,5248,0.07845976203680038
1532287787.9487453,5376,0.05958426743745804
1532287951.9150994,5504,0.05988101288676262
1532288115.8586986,5632,0.059461887925863266
1532288408.4517457,5760,0.06568025797605515
1532288572.054616,5888,0.07391433417797089
1532288735.6693203,6016,0.057268790900707245
1532288899.448139,6144,0.06847865879535675
1532289194.189141,6272,0.07000472396612167
1532289357.9431088,6400,0.05376116558909416
1532289521.8209417,6528,0.06020743399858475
1532289685.5790584,6656,0.056619398295879364
1532289983.1416533,6784,0.0630842074751854
1532290146.9256923,6912,0.05728250741958618
1532290310.692304,7040,0.05288895219564438
1532290474.4210103,7168,0.07332958281040192
1532290767.806593,7296,0.057284437119960785
1532290931.7379532,7424,0.05495980381965637
1532291095.6394212,7552,0.0492127425968647
1532291259.5473454,7680,0.04645712673664093
1532291552.6768813,7808,0.04343831539154053
1532291716.6459997,7936,0.05338721722364426
1532291880.492294,8064,0.043303437530994415
1532292044.4433498,8192,0.07128424197435379
1532292340.5648873,8320,0.07296906411647797
1532292504.4480724,8448,0.06153672933578491
1532292668.365185,8576,0.05010351166129112
1532292832.3486364,8704,0.044611185789108276
1532293127.438838,8832,0.0550871267914772
1532293291.2726138,8960,0.04566867649555206
1532293455.095504,9088,0.04653002694249153
1532293619.0865197,9216,0.05409431457519531
1532293915.6996691,9344,0.04614599049091339
1532294079.5944588,9472,0.05558879300951958
1532294243.4299793,9600,0.04834649711847305
1532294407.2679822,9728,0.045599132776260376
1532294709.1572702,9856,0.04983779042959213
1532294873.0124323,9984,0.04639546573162079
1532295036.9890828,10112,0.038216542452573776
1532295200.747899,10240,0.042189761996269226
1532295500.7368844,10368,0.04277440905570984
1532295664.7095273,10496,0.05398816615343094
1532295828.6064174,10624,0.04385204613208771
1532295992.6022298,10752,0.03995684161782265
1532296289.7261243,10880,0.04035686329007149
1532296453.6387541,11008,0.03852269798517227
1532296617.4741173,11136,0.03938543051481247
1532296781.3825285,11264,0.036566413938999176
1532297076.8646913,11392,0.04232466220855713
1532297240.855693,11520,0.042170971632003784
1532297404.7747092,11648,0.04387473315000534
1532297568.6576297,11776,0.03971461206674576
1532297862.233742,11904,0.04053554683923721
1532298025.9266489,12032,0.0398101769387722
1532298189.7399244,12160,0.04511571675539017
1532298353.459072,12288,0.04947711527347565
1532298650.0633714,12416,0.04164328798651695
1532298813.7631514,12544,0.043133217841386795
1532298977.590481,12672,0.03817790746688843
1532299141.240031,12800,0.032178111374378204
1532299437.8569677,12928,0.04525154083967209
1532299601.5324662,13056,0.03543765842914581
1532299765.145221,13184,0.033252619206905365
1532299928.9204278,13312,0.03433191031217575
1532300224.4501524,13440,0.029058221727609634
1532300388.5087302,13568,0.0376158282160759
1532300552.4039595,13696,0.033874303102493286
1532300716.3527904,13824,0.043899089097976685
1532301008.803323,13952,0.028811128810048103
1532301172.728814,14080,0.03956732898950577
1532301336.7003174,14208,0.033116139471530914
1532301500.634812,14336,0.03515814244747162
1532301794.0276377,14464,0.04076985642313957
1532301957.776838,14592,0.03130441904067993
1532302121.6664274,14720,0.05136921629309654
1532302285.5205235,14848,0.03454073518514633
1532302579.7979937,14976,0.04180839657783508
1532302743.723046,15104,0.02856782078742981
1532302907.6805334,15232,0.05335525795817375
1532303071.5385401,15360,0.02824726328253746
1532303365.817703,15488,0.039356693625450134
1532303529.7068276,15616,0.03582240641117096
1532303693.6600535,15744,0.031774017959833145
1532303857.4943419,15872,0.03200118988752365
1532454115.7730544,16000,0.03736129030585289
1532454279.7612488,16128,0.046671897172927856
1532454443.6320434,16256,0.03653973340988159
1532454607.5574648,16384,0.030274009332060814
1532454900.472321,16512,0.03075445629656315
1532455064.3238933,16640,0.03764069080352783
1532455228.0576887,16768,0.037300121039152145
1532455391.8415604,16896,0.029240233823657036
1532455685.4680548,17024,0.0353885181248188
1532455849.4690957,17152,0.03769232705235481
1532456013.5854304,17280,0.03417452424764633
1532456177.6271822,17408,0.04712676629424095
1532456472.5321922,17536,0.03028150461614132
1532456636.5966988,17664,0.034530170261859894
1532456800.44748,17792,0.03681361302733421
1532456964.1836789,17920,0.02610478550195694
1532457258.273002,18048,0.030368642881512642
1532457422.293665,18176,0.03228019177913666
1532457586.2676811,18304,0.03035273589193821
1532457750.2982295,18432,0.03534753993153572
1532458042.6447852,18560,0.032860446721315384
1532458206.8387053,18688,0.027833979576826096
1532458370.831889,18816,0.027756813913583755
1532458534.950992,18944,0.03597724437713623
1532458830.6827507,19072,0.031433381140232086
1532458994.728185,19200,0.039388272911310196
1532459158.7167761,19328,0.034304648637771606
1532459322.7277198,19456,0.026820948347449303
1532459613.381558,19584,0.02945907600224018
1532459777.4322853,19712,0.031704749912023544
1532459941.3098965,19840,0.02602236159145832
1532460105.3400698,19968,0.02998444065451622
1532460402.2298355,20096,0.031280629336833954
1532460566.03855,20224,0.02586798556149006
1532460730.1283932,20352,0.03755177557468414
1532460894.1761353,20480,0.026325006037950516
1532461189.4643364,20608,0.0351732112467289
1532461353.5134768,20736,0.03620379418134689
1532461517.5991185,20864,0.02421158365905285
1532461681.6845822,20992,0.03347637876868248
1532461975.397974,21120,0.025976693257689476
1532462139.5743577,21248,0.025538234040141106
1532462303.7574947,21376,0.0295264795422554
1532462467.9870148,21504,0.028407635167241096
1532462761.7203124,21632,0.02705158293247223
1532462925.7898383,21760,0.03940478712320328
1532463089.843563,21888,0.021844832226634026
1532463253.4877062,22016,0.026196692138910294
1532463546.1146712,22144,0.03236762434244156
1532463710.0788865,22272,0.02543684095144272
1532463874.1003864,22400,0.02529280073940754
1532464037.9568708,22528,0.02901722863316536
1532464330.1480255,22656,0.025588277727365494
1532464494.0412753,22784,0.03343017026782036
1532464657.8825645,22912,0.030456654727458954
1532464821.905569,23040,0.02381359599530697
1532465116.2527401,23168,0.031097061932086945
1532465280.2646565,23296,0.028910618275403976
1532465444.47239,23424,0.025482455268502235
1532465608.3488247,23552,0.030958054587244987
1532525364.051089,23680,0.03091670572757721
1532525527.9267318,23808,0.0264300424605608
1532525691.7962332,23936,0.033406227827072144
1532525855.743869,24064,0.029789425432682037
1532526147.7126093,24192,0.02107120491564274
1532526311.7016554,24320,0.022604746744036674
1532526475.589247,24448,0.02386976219713688
1532526639.714051,24576,0.02306433394551277
1532526933.0527492,24704,0.02409720979630947
1532527097.0775206,24832,0.023120000958442688
1532527260.937545,24960,0.02585931122303009
1532527424.888876,25088,0.03158295527100563
1532527719.1523056,25216,0.02898970991373062
1532527883.1491923,25344,0.026974081993103027
1532528047.170818,25472,0.032272253185510635
1532528211.2140481,25600,0.020816249772906303
1532528503.7803025,25728,0.02653755247592926
1532528667.812904,25856,0.030428320169448853
1532528831.8746896,25984,0.020562119781970978
1532528996.031116,26112,0.03007979691028595
1532529289.0631194,26240,0.025483116507530212
1532529453.0393693,26368,0.031236395239830017
1532529617.1099157,26496,0.020516296848654747
1532529781.134286,26624,0.0270005464553833
1532530074.4195545,26752,0.022990575060248375
1532530238.4207175,26880,0.020743660628795624
1532530402.3519325,27008,0.02260255068540573
1532530566.3729897,27136,0.03078128583729267
1532530857.3560042,27264,0.02953329309821129
1532531021.1767669,27392,0.02589552477002144
1532531184.9790716,27520,0.023969057947397232
1532531348.7517116,27648,0.02115950547158718
1532531641.8852394,27776,0.026632724329829216
1532531805.8129218,27904,0.03145168721675873
1532531969.8748052,28032,0.023934002965688705
1532532133.758386,28160,0.032997630536556244
1532532426.554787,28288,0.03535810858011246
1532532590.5315483,28416,0.022494418546557426
1532532754.4892654,28544,0.022677835077047348
1532532918.3536775,28672,0.020989803597331047
1532533214.0427322,28800,0.03460284322500229
1532533378.0090735,28928,0.023971250280737877
1532533542.0298314,29056,0.02225695177912712
1532533705.887321,29184,0.02078140713274479
1532533998.6942472,29312,0.023167099803686142
1532534162.5778584,29440,0.027209438383579254
1532534326.742813,29568,0.023373054340481758
1532534490.713448,29696,0.02295278012752533
1532534781.108827,29824,0.032042864710092545
1532534945.170792,29952,0.019411273300647736
1532535109.1898713,30080,0.01891648955643177
1532535273.2357635,30208,0.022982163354754448
1532535564.994303,30336,0.01802707463502884
1532535728.9080017,30464,0.0321892574429512
1532535892.8932178,30592,0.021403729915618896
1532536056.762381,30720,0.022524623200297356
1532536349.3192482,30848,0.027270544320344925
1532536513.2066047,30976,0.02373855747282505
1532536677.312594,31104,0.025851203128695488
1532536841.4443243,31232,0.02579142525792122
1532537134.1820233,31360,0.03092101775109768
1532537298.1639054,31488,0.028102539479732513
1532537462.170462,31616,0.018709905445575714
1532537626.1429832,31744,0.0277234073728323
1532537918.8794436,31872,0.024368617683649063
1532538082.861892,32000,0.023600108921527863
1532538246.7651145,32128,0.024900969117879868
1532538410.7983487,32256,0.029025185853242874
1532538703.668122,32384,0.024945098906755447
1532538867.4963906,32512,0.02176596038043499
1532539031.5960808,32640,0.02042672410607338
1532539195.5487087,32768,0.0200651902705431
1532539488.7568746,32896,0.03096708655357361
1532539652.742167,33024,0.02007598802447319
1532539816.7294273,33152,0.02475150115787983
1532539980.6104217,33280,0.031947143375873566
1532540268.9317594,33408,0.031041927635669708
1532540432.886717,33536,0.022667093202471733
1532540596.8352892,33664,0.022636014968156815
1532540760.8870764,33792,0.01853855326771736
1532541054.8004346,33920,0.018657803535461426
1532541218.9296212,34048,0.026447679847478867
1532541383.091763,34176,0.021704982966184616
1532541547.151771,34304,0.03646036982536316
1532541842.0882962,34432,0.021952249109745026
1532542006.0331283,34560,0.016291072592139244
1532542170.0215306,34688,0.017775727435946465
1532542334.024644,34816,0.018049977719783783
1532542626.3877606,34944,0.02206609770655632
1532542790.0129902,35072,0.014517266303300858
1532542953.902449,35200,0.024826254695653915
1532543117.6760895,35328,0.01994134671986103
1532543408.0573964,35456,0.019801748916506767
1532543571.781258,35584,0.021844282746315002
1532543735.5116553,35712,0.020336424931883812
1532543899.1874971,35840,0.020818807184696198
1532544193.4588418,35968,0.022617900744080544
1532544357.4251363,36096,0.03106682188808918
1532544521.5482287,36224,0.021814711391925812
1532544685.6786246,36352,0.028661902993917465
1532544977.4289603,36480,0.021034840494394302
1532545141.4119794,36608,0.027750512585043907
1532545305.5266957,36736,0.019840018823742867
1532545469.6733053,36864,0.015805505216121674
1532545762.075265,36992,0.02141735330224037
1532545926.0138376,37120,0.020916149020195007
1532546089.987319,37248,0.017670581117272377
1532546253.9912894,37376,0.01810697466135025
1532546545.9537194,37504,0.018157385289669037
1532546709.9121468,37632,0.02134500816464424
1532546873.9282875,37760,0.027330182492733
1532547037.9573743,37888,0.021678902208805084
1532547330.051308,38016,0.02585544064640999
1532547494.0486643,38144,0.01428315881639719
1532547658.1121755,38272,0.022898033261299133
1532547822.0276072,38400,0.020298577845096588
1532548114.7166219,38528,0.01749468222260475
1532548278.9454854,38656,0.013779239729046822
1532548443.216134,38784,0.023774057626724243
1532548607.4424987,38912,0.02247754856944084
1532548900.9964128,39040,0.02850107103586197
1532549065.0694716,39168,0.030379289761185646
1532549229.0131092,39296,0.023356812074780464
1532549392.975015,39424,0.021914586424827576
1532549684.1014342,39552,0.02324538491666317
1532549848.102378,39680,0.02208157628774643
1532550012.0772102,39808,0.018311161547899246
1532550176.0865831,39936,0.0241582989692688
1532550469.4818938,40064,0.01954641565680504
1532550633.4325619,40192,0.021146301180124283
1532550797.3669949,40320,0.020074063912034035
1532550961.4629178,40448,0.021439334377646446
1532551256.6882586,40576,0.01618989370763302
1532551420.6149316,40704,0.016907181590795517
1532551584.4697127,40832,0.026342006400227547
1532551748.4356904,40960,0.015700355172157288
1532552044.3506112,41088,0.0198112353682518
1532552208.2753701,41216,0.0210545863956213
1532552372.3153467,41344,0.027345085516572
1532552536.4173212,41472,0.023910926654934883
1532552832.9660246,41600,0.01889999397099018
1532552996.7910411,41728,0.019041020423173904
1532553160.6089962,41856,0.022566109895706177
1532553324.2892358,41984,0.017226677387952805
1532553618.7594504,42112,0.015995217487215996
1532553782.5497384,42240,0.01737547107040882
1532553946.403396,42368,0.01964893750846386
1532554110.2799058,42496,0.021570729091763496
1532554403.521522,42624,0.016849923878908157
1532554567.3140626,42752,0.021543197333812714
1532554731.1926792,42880,0.016683785244822502
1532554894.9503558,43008,0.017637163400650024
1532555187.6561425,43136,0.01648462377488613
1532555351.6297722,43264,0.021352769806981087
1532555515.3491635,43392,0.025651872158050537
1532555679.3258162,43520,0.014833164401352406
1532555975.1441326,43648,0.013300507329404354
1532556139.070639,43776,0.019025040790438652
1532556302.9690824,43904,0.015350714325904846
1532556467.0086217,44032,0.019055232405662537
1532556763.6657374,44160,0.022072812542319298
1532556927.6136806,44288,0.014292673207819462
1532557091.4526885,44416,0.01730601117014885
1532557255.3822074,44544,0.02005244977772236
1532557550.7466967,44672,0.020044522359967232
1532557714.8407445,44800,0.021406464278697968
1532557879.024295,44928,0.021353822201490402
1532558043.0496008,45056,0.016302699223160744
1532558338.3537836,45184,0.023315735161304474
1532558502.4070024,45312,0.021648013964295387
1532558666.2764528,45440,0.017098458483815193
1532558830.2070615,45568,0.018272578716278076
1532559127.1363778,45696,0.017813630402088165
1532559291.0557163,45824,0.016705427318811417
1532559454.9644818,45952,0.019287405535578728
1532559618.9390757,46080,0.02288367971777916
1532559914.3272803,46208,0.018450532108545303
1532560078.3394208,46336,0.018860816955566406
1532560242.2657096,46464,0.01624739170074463
1532560406.2385225,46592,0.01576329581439495
1532560703.099459,46720,0.0194216538220644
1532560867.1234317,46848,0.019628385081887245
1532561031.1375368,46976,0.02501119114458561
1532561195.0867999,47104,0.018236661329865456
1532561493.8792996,47232,0.017712535336613655
1532561658.1161554,47360,0.019367819651961327
1532561822.3443894,47488,0.013654375448822975
1532561986.604052,47616,0.015434862114489079
1532562285.5351691,47744,0.016629310324788094
1532562449.4426825,47872,0.017327869310975075
1532562613.360466,48000,0.021773384883999825
1532562777.4052823,48128,0.02166800945997238
1532563076.6506963,48256,0.017378391698002815
1532563240.4750893,48384,0.012377719394862652
1532563404.4829996,48512,0.017735999077558517
1532563568.4260635,48640,0.014266827143728733
1532563867.0675213,48768,0.020950790494680405
1532564031.152919,48896,0.012222491204738617
1532564195.2015855,49024,0.01937609165906906
1532564359.2657905,49152,0.02147102542221546
1532564660.1670992,49280,0.01996416598558426
1532564824.3640456,49408,0.017539989203214645
1532564988.6817882,49536,0.01953871175646782
1532565152.8368678,49664,0.026261920109391212
1532565453.1807284,49792,0.015484100207686424
1532565617.271748,49920,0.02229982614517212
1532565781.5060663,50048,0.019713904708623886
1532565945.6335685,50176,0.015309403650462627
1532566241.4284453,50304,0.016771476715803146
1532566405.5542357,50432,0.021415553987026215
1532566569.5274193,50560,0.019612956792116165
1532566733.4989612,50688,0.019531125202775
1532567033.922391,50816,0.020195839926600456
1532567197.9254653,50944,0.014991085045039654
1532567362.042916,51072,0.019345730543136597
1532567525.9629917,51200,0.020158633589744568
1532567823.1482234,51328,0.017598317936062813
1532567987.1318185,51456,0.013572813011705875
1532568151.1568425,51584,0.01971137896180153
1532568315.0788746,51712,0.014803099445998669
1532568613.4860368,51840,0.02229035273194313
1532568777.5463226,51968,0.014184024184942245
1532568941.6247354,52096,0.018472276628017426
1532569105.7599201,52224,0.019299861043691635
1532569403.04701,52352,0.014292825013399124
1532569566.9687488,52480,0.01648135855793953
1532569730.7749193,52608,0.013917945325374603
1532569894.7797177,52736,0.021316422149538994
1532570194.7312245,52864,0.016487397253513336
1532570358.7203195,52992,0.018824342638254166
1532570522.646092,53120,0.022962404415011406
1532570686.6407642,53248,0.015425354242324829
1532570987.8183477,53376,0.016916809603571892
1532571151.9363675,53504,0.01950996182858944
1532571315.9538999,53632,0.01819232851266861
1532571479.853802,53760,0.015401175245642662
1532571781.180196,53888,0.020812692120671272
1532571945.1523468,54016,0.016527464613318443
1532572109.0981998,54144,0.01757916435599327
1532572273.0860643,54272,0.0156817976385355
1532572574.2417917,54400,0.025232240557670593
1532572738.3787081,54528,0.020058948546648026
1532572902.5586402,54656,0.017102142795920372
1532573066.6220388,54784,0.01805083081126213
1532573368.6257007,54912,0.020234571769833565
1532573532.6509001,55040,0.02069547027349472
1532573696.5803752,55168,0.022333230823278427
1532573860.6179748,55296,0.017373930662870407
1532574161.8729706,55424,0.015575308352708817
1532574325.9137864,55552,0.01606185920536518
1532574489.950487,55680,0.020374612882733345
1532574653.880829,55808,0.016710380092263222
1532574955.854692,55936,0.01964455097913742
1532575119.8099947,56064,0.015093219466507435
1532575283.874979,56192,0.012292847037315369
1532575447.9011335,56320,0.01950213313102722
1532575744.7586062,56448,0.009737921878695488
1532575908.7476494,56576,0.01816144771873951
1532576072.6708877,56704,0.012296346016228199
1532576236.590925,56832,0.014108770526945591
1532576535.1212056,56960,0.012954129837453365
1532576699.324932,57088,0.01309932954609394
1532576863.5824833,57216,0.017643213272094727
1532577027.7363768,57344,0.014308237470686436
1532577330.2235503,57472,0.019159797579050064
1532577494.2604504,57600,0.019014330580830574
1532577658.3431108,57728,0.012289008125662804
1532577822.463548,57856,0.01437474973499775
1532578124.5157814,57984,0.01176341064274311
1532578288.4686563,58112,0.020732030272483826
1532578452.4855187,58240,0.015028366819024086
1532578616.3192325,58368,0.01312017347663641
1532578917.3802137,58496,0.018973616883158684
1532579081.3304017,58624,0.015532105229794979
1532579245.2123277,58752,0.009472661651670933
1532579409.1587214,58880,0.016256799921393394
1532728632.506806,59136,0.01580020971596241
1532728796.1030266,59264,0.013532139360904694
1532728959.948677,59392,0.01950238272547722
1532729257.7396605,59520,0.012919282540678978
1532729421.442118,59648,0.014185568317770958
1532729585.3729649,59776,0.0237584225833416
1532729749.241302,59904,0.014466390013694763
1532730047.5579672,60032,0.01225482951849699
1532730211.5127685,60160,0.02248724177479744
1532730375.4487622,60288,0.017498746514320374
1532730539.4384453,60416,0.014122558757662773
1532730839.1220703,60544,0.015385612845420837
1532731002.8979433,60672,0.014261719770729542
1532731166.6971545,60800,0.011968141421675682
1532731330.647446,60928,0.014357337728142738
1532731631.73831,61056,0.015816785395145416
1532731795.6359968,61184,0.023177536204457283
1532731959.4660788,61312,0.015584751032292843
1532732123.2699828,61440,0.01776110753417015
1532732420.5736828,61568,0.015422681346535683
1532732584.4110358,61696,0.022624989971518517
1532732748.3143017,61824,0.021827971562743187
1532732912.155572,61952,0.013871720992028713
1532733211.2173536,62080,0.030280891805887222
1532733375.069293,62208,0.012761418707668781
1532733538.9098997,62336,0.016102060675621033
1532733702.6628132,62464,0.01296213734894991
1532734005.6129606,62592,0.011323477141559124
1532734169.4213388,62720,0.01596822589635849
1532734333.1742156,62848,0.014791344292461872
1532734497.0352876,62976,0.015796678140759468
1532734797.0068316,63104,0.021171975880861282
1532734960.838864,63232,0.010973550379276276
1532735124.7277055,63360,0.013639543205499649
1532735288.5248334,63488,0.021034518256783485
1532735587.3346093,63616,0.012521597556769848
1532735751.2594056,63744,0.01304964441806078
1532735915.1858704,63872,0.017418723553419113
1532736079.1033816,64000,0.013921530917286873
1532736380.4733925,64128,0.014779375866055489
1532736544.480693,64256,0.011039122007787228
1532736708.5102193,64384,0.01738661900162697
1532736872.5110278,64512,0.01226179488003254
1532737172.0327978,64640,0.019959071651101112
1532737335.9793603,64768,0.014421073719859123
1532737500.0262735,64896,0.01688779704272747
1532737664.0294461,65024,0.022189687937498093
1532737963.1468205,65152,0.00966754462569952
1532738127.021364,65280,0.02033129706978798
1532738291.0016599,65408,0.01590120419859886
1532738454.6786165,65536,0.0156405009329319
1532738755.1826212,65664,0.0217826459556818
1532738919.0887609,65792,0.017232047393918037
1532739082.9175184,65920,0.018250128254294395
1532739246.7171333,66048,0.015803730115294456
1532739549.8635225,66176,0.009359636344015598
1532739713.7060466,66304,0.01717456616461277
1532739877.5777707,66432,0.015078640542924404
1532740041.5357933,66560,0.014687065966427326
1532740341.4868402,66688,0.016212664544582367
1532740505.2470453,66816,0.01594899222254753
1532740669.0547225,66944,0.006758615840226412
1532740833.0143032,67072,0.017293371260166168
1532741128.8363733,67200,0.017176633700728416
1532741292.6822338,67328,0.015522084198892117
1532741456.5495007,67456,0.013306038454174995
1532741620.4753711,67584,0.01558145321905613
1532741921.8885136,67712,0.016908278688788414
1532742085.777977,67840,0.015625564381480217
1532742249.6567225,67968,0.012822634540498257
1532742413.5677233,68096,0.011060910299420357
1532742710.6923084,68224,0.01593581587076187
1532742874.4064722,68352,0.022542599588632584
1532743038.2972047,68480,0.019514884799718857
1532743202.0759456,68608,0.017090678215026855
1532743501.2665644,68736,0.016814230009913445
1532743665.32981,68864,0.014641409739851952
1532743829.4009204,68992,0.014516830444335938
1532743993.3146756,69120,0.015397854149341583
1532744291.3790426,69248,0.015845276415348053
1532744455.284328,69376,0.01334486622363329
1532744619.2423418,69504,0.014512727968394756
1532744783.103572,69632,0.011701742187142372
1532745082.0712276,69760,0.01321658305823803
1532745246.0047271,69888,0.01914972811937332
1532745410.0197086,70016,0.01125779002904892
1532745573.9081368,70144,0.011138626374304295
1532745871.4277682,70272,0.01906752958893776
1532746035.2752235,70400,0.011751770041882992
1532746199.1161466,70528,0.014578256756067276
1532746362.9748468,70656,0.021150868386030197
1532746662.1471746,70784,0.009908091276884079
1532746826.197918,70912,0.011885502375662327
1532746990.1399097,71040,0.012497573159635067
1532747154.183084,71168,0.011664479970932007
1532747450.3339288,71296,0.014312000945210457
1532747614.338621,71424,0.015883654356002808
1532747778.2402802,71552,0.015861889347434044
1532747942.1940708,71680,0.01107324194163084
1532748243.5686057,71808,0.012755672447383404
1532748407.4555552,71936,0.012929289601743221
1532748571.024669,72064,0.01483083888888359
1532748734.9028692,72192,0.016149604693055153
1532749033.514539,72320,0.013094089925289154
1532749197.4905734,72448,0.012508973479270935
1532749361.400778,72576,0.014199438504874706
1532749525.224823,72704,0.01373427826911211
1532749824.0820155,72832,0.010768396779894829
1532749988.036222,72960,0.01103596854954958
1532750151.9075623,73088,0.019270598888397217
1532750315.736779,73216,0.018930094316601753
1532750620.2617815,73344,0.015616118907928467
1532750784.210457,73472,0.011157487519085407
1532750948.2626033,73600,0.023129133507609367
1532751112.2997286,73728,0.014961897395551205
1532751409.39608,73856,0.014031707309186459
1532751573.325139,73984,0.012530608102679253
1532751737.3051014,74112,0.01337970606982708
1532751901.2871416,74240,0.015518768690526485
1532752200.5609424,74368,0.012256983667612076
1532752364.4345362,74496,0.01433982141315937
1532752528.116647,74624,0.017928294837474823
1532752692.0415318,74752,0.015767263248562813
1532752993.3723853,74880,0.018045006319880486
1532753157.134751,75008,0.013488851487636566
1532753321.0433252,75136,0.0167973805218935
1532753484.8922963,75264,0.0136881023645401
1532753784.0834754,75392,0.011771827936172485
1532753947.9945903,75520,0.013557463884353638
1532754111.8485343,75648,0.018964840099215508
1532754275.6323211,75776,0.011919486336410046
1532754574.6992111,75904,0.021703070029616356
1532754738.4973304,76032,0.01319160033017397
1532754902.4193528,76160,0.014000648632645607
1532755066.1984131,76288,0.011040170677006245
1532755367.5948987,76416,0.016067292541265488
1532755531.354155,76544,0.015193785540759563
1532755695.2187023,76672,0.009982632473111153
1532755858.9844897,76800,0.02323627658188343
1532756159.1618783,76928,0.017457181587815285
1532756323.02768,77056,0.0193816926330328
1532756486.8807383,77184,0.020339705049991608
1532756650.8535762,77312,0.012063376605510712
1532756950.1588514,77440,0.0129109937697649
1532757114.0539045,77568,0.016292693093419075
1532757277.981823,77696,0.014627537690103054
1532757441.8282206,77824,0.011739828623831272
1532757744.0229177,77952,0.014424711465835571
1532757907.9303122,78080,0.012479198165237904
1532758071.7919462,78208,0.009988264180719852
1532758235.6737106,78336,0.009419061243534088
1532758535.8040915,78464,0.014969835057854652
1532758699.7524958,78592,0.014448562636971474
1532758863.6811614,78720,0.017109118402004242
1532759027.5061126,78848,0.013132136315107346
1532759329.0390785,78976,0.014085828326642513
1532759492.9677653,79104,0.010837029665708542
1532759656.8119006,79232,0.019467659294605255
1532759820.7847004,79360,0.019367076456546783
1532760123.5349698,79488,0.017040695995092392
1532760287.238635,79616,0.01363848615437746
1532760451.0217657,79744,0.0166019294410944
1532760614.7833934,79872,0.010425329208374023
1532760913.756243,80000,0.013865564949810505
1532761077.709605,80128,0.010010962374508381
1532761241.7571595,80256,0.013293602503836155
1532761405.7181168,80384,0.01627558097243309
1532761704.9001164,80512,0.01471079420298338
1532761868.8411553,80640,0.013486135751008987
1532762032.7519906,80768,0.013424846343696117
1532762196.6944358,80896,0.018156614154577255
1532762499.0868886,81024,0.01670162007212639
1532762663.0479944,81152,0.01072773803025484
1532762826.8917983,81280,0.012028859928250313
1532762990.7147703,81408,0.01255717407912016
1532763293.1289842,81536,0.012723537161946297
1532763457.1120822,81664,0.01783798262476921
1532763620.944881,81792,0.011884158477187157
1532763784.5808983,81920,0.010992482304573059
1532764089.942334,82048,0.010913897305727005
1532764254.0542734,82176,0.011360282078385353
1532764418.036786,82304,0.014314748346805573
1532764582.2108932,82432,0.01227440033107996
1532764882.0535421,82560,0.01755606196820736
1532765046.1384046,82688,0.01569846272468567
1532765210.2420685,82816,0.016439754515886307
1532765374.2248666,82944,0.010695414617657661
1532765678.2583225,83072,0.008992694318294525
1532765842.249731,83200,0.01513693667948246
1532766006.1592848,83328,0.015316973440349102
1532766170.1423488,83456,0.01227174885571003
1532766471.3944073,83584,0.014610972255468369
1532766635.262206,83712,0.0180509090423584
1532766799.2122445,83840,0.011041272431612015
1532766963.0773325,83968,0.021629581227898598
1532767263.5099604,84096,0.015779931098222733
1532767427.2853208,84224,0.014637719839811325
1532767591.0929692,84352,0.011756125837564468
1532767755.0010393,84480,0.017064811661839485
1532768058.1277976,84608,0.011891297064721584
1532768222.0854857,84736,0.01214001327753067
1532768385.90458,84864,0.01329558901488781
1532768549.76687,84992,0.015902267768979073
1532773812.5057628,85120,0.017589082941412926
1532773980.5954099,85248,0.012489239685237408
1532774148.6587682,85376,0.01576802507042885
1532774316.7668445,85504,0.014273393899202347
1532774616.4800642,85632,0.013208991847932339
1532774780.2986784,85760,0.014196597971022129
1532774943.8995044,85888,0.01965080015361309
1532775107.692589,86016,0.014394796453416348
1532775407.9657304,86144,0.009295925498008728
1532775571.8725157,86272,0.013004467822611332
1532775735.80011,86400,0.010592054575681686
1532775899.5725532,86528,0.011260711587965488
1532776198.3622446,86656,0.013956356793642044
1532776362.1367288,86784,0.011043556965887547
1532776525.971941,86912,0.015060104429721832
1532776689.811639,87040,0.011354555375874043
1532776988.435519,87168,0.016576413065195084
1532777152.093028,87296,0.015639344230294228
1532777315.7505567,87424,0.01264478825032711
1532777479.259319,87552,0.016576891764998436
1532777777.8147628,87680,0.013689003884792328
1532777941.5091212,87808,0.00899859145283699
1532778105.3347354,87936,0.013694992288947105
1532778269.1050515,88064,0.008716277778148651
1532778568.9004207,88192,0.010277776047587395
1532778732.7282033,88320,0.009123120456933975
1532778896.6282537,88448,0.01103688683360815
1532779060.5147297,88576,0.01223420538008213
1532779362.8355203,88704,0.014892513863742352
1532779526.6653657,88832,0.013374501839280128
1532779690.4999611,88960,0.011043225415050983
1532779854.271218,89088,0.013207056559622288
1532780151.0464318,89216,0.010716479271650314
1532780314.8904579,89344,0.017121342942118645
1532780478.7562783,89472,0.014216825366020203
1532780642.6463027,89600,0.010182801634073257
1532780944.5060613,89728,0.011333107948303223
1532781108.3357162,89856,0.01018328033387661
1532781272.1709473,89984,0.019227292388677597
1532781435.7952561,90112,0.012977052479982376
1532781733.8532429,90240,0.013580379076302052
1532781897.7665217,90368,0.009477310813963413
1532782061.5057878,90496,0.012868163175880909
1532782225.3885002,90624,0.010096849873661995
1532782523.6176903,90752,0.012075863778591156
1532782687.5349395,90880,0.010640379041433334
1532782851.4245331,91008,0.012363022193312645
1532783015.2876987,91136,0.011218459345400333
1532783312.7967196,91264,0.013752803206443787
1532783476.6752276,91392,0.009715601801872253
1532783640.4321594,91520,0.011127376928925514
1532783804.2513845,91648,0.016036156564950943
1532784103.039897,91776,0.010627190582454205
1532784266.9091654,91904,0.016071541234850883
1532784430.7781022,92032,0.0108770951628685
1532784594.6961615,92160,0.008453171700239182
1532784897.8470252,92288,0.013545604422688484
1532785061.6709492,92416,0.02086041495203972
1532785225.4604738,92544,0.013898487202823162
1532785389.320506,92672,0.015203620307147503
1532785686.8541832,92800,0.014890220016241074
1532785850.4206295,92928,0.00937647745013237
1532786014.0461526,93056,0.015472871251404285
1532786177.599075,93184,0.015063915401697159
1532786478.0960681,93312,0.016457701101899147
1532786641.88811,93440,0.015452011488378048
1532786805.6329174,93568,0.013650205917656422
1532786969.265927,93696,0.01357852853834629
1532787268.844323,93824,0.011065761558711529
1532787432.5884027,93952,0.01607132889330387
1532787596.308667,94080,0.010493925772607327
1532787760.0190256,94208,0.00937559362500906
1532788062.5265205,94336,0.012197072617709637
1532788226.4482698,94464,0.011867906898260117
1532788390.2024887,94592,0.015664249658584595
1532788554.040635,94720,0.01181010715663433
1532788854.5303943,94848,0.012938863597810268
1532789018.599025,94976,0.010032915510237217
1532789182.6714418,95104,0.013268569484353065
1532789346.7010622,95232,0.01627051644027233
1532789646.233592,95360,0.009613431990146637
1532789810.0718896,95488,0.011299416422843933
1532789973.9271953,95616,0.010070284828543663
1532790137.8016236,95744,0.011744634248316288
1532790440.529258,95872,0.010991870425641537
1532790604.366556,96000,0.01783985272049904
1532790768.4234488,96128,0.01339948084205389
1532790932.3822083,96256,0.01685214415192604
1532791234.0683851,96384,0.010250654071569443
1532791397.9478076,96512,0.011267337948083878
1532791561.728226,96640,0.01218521036207676
1532791725.6673193,96768,0.013006266206502914
1532792026.3964512,96896,0.016206184402108192
1532792190.0930498,97024,0.01658748649060726
1532792353.7946687,97152,0.012468825094401836
1532792517.4539676,97280,0.013289470225572586
1532792818.8761966,97408,0.03379111364483833
1532792982.6880348,97536,0.015077066607773304
1532793146.570848,97664,0.014177603647112846
