wall_time,step,value
1531088644.4087906,512,1.9376575946807861
1531088922.988672,1024,2.028864622116089
1531089204.0158157,1536,2.1906399726867676
1531089482.8794248,2048,2.704343318939209
1531089761.234796,2560,2.4498562812805176
1531090041.495718,3072,2.735487222671509
1531090320.3000393,3584,2.778107166290283
1531090599.3208606,4096,2.9152655601501465
1531090878.0967577,4608,2.6925647258758545
1531091158.8225753,5120,2.7354655265808105
1531091438.5337076,5632,2.7313849925994873
1531091718.572464,6144,2.7457380294799805
1531091998.4262724,6656,2.716742753982544
1531092277.9844613,7168,2.933250665664673
1531092558.6135085,7680,2.9867494106292725
1531092838.2875516,8192,2.8936877250671387
1531093117.8313043,8704,2.924551486968994
1531093397.9503856,9216,2.969971179962158
1531093677.6802292,9728,2.9131321907043457
1531093958.8910866,10240,3.0168328285217285
1531094238.1809752,10752,2.9631152153015137
1531094518.94427,11264,3.0227200984954834
1531094799.324356,11776,3.143958806991577
1531095080.069414,12288,3.062382459640503
1531095360.1507273,12800,3.104187488555908
1531095640.4160051,13312,3.1419272422790527
1531095920.7777376,13824,2.9177613258361816
1531096201.4694848,14336,3.011063575744629
1531096482.8564677,14848,2.9905130863189697
1531096762.0749712,15360,2.9272408485412598
1531097042.4380813,15872,2.936061382293701
1531097323.4934523,16384,3.0661685466766357
1531097604.5404432,16896,2.9449527263641357
1531097884.9114237,17408,3.0411579608917236
1531098164.6735017,17920,3.0799856185913086
1531098446.5893197,18432,3.102365016937256
1531098728.760451,18944,3.011678457260132
1531099009.256484,19456,3.0365405082702637
1531099290.9708707,19968,3.0837128162384033
1531099573.4622674,20480,2.962345600128174
1531099853.542827,20992,3.1340649127960205
1531100135.1646235,21504,3.0230681896209717
1531100416.5372686,22016,3.1231300830841064
1531100698.3476999,22528,3.0907814502716064
1531100979.2831266,23040,3.2105541229248047
1531101262.4160993,23552,3.088331937789917
1531101543.3122373,24064,3.049281597137451
1531101825.3115232,24576,3.1755878925323486
1531102106.5190253,25088,3.1469860076904297
1531102388.491684,25600,3.1549482345581055
1531102670.2963595,26112,3.0713419914245605
1531102951.7502208,26624,3.1318697929382324
1531103233.4822826,27136,3.1872711181640625
1531103515.2511823,27648,3.058215856552124
1531103796.7377634,28160,3.1876626014709473
1531104079.364841,28672,3.1615803241729736
1531104360.2167935,29184,3.150385856628418
1531104642.489592,29696,3.105658531188965
1531104925.3457975,30208,3.0937657356262207
1531105206.4009144,30720,3.1986215114593506
1531105488.9913092,31232,3.258631944656372
1531105770.0337486,31744,3.126262664794922
1531106051.4254951,32256,3.206941604614258
1531106333.974216,32768,3.171452045440674
1531106616.967163,33280,3.135239362716675
1531106898.2077835,33792,3.300074815750122
1531107179.9471505,34304,3.2838947772979736
1531107461.6111507,34816,3.2203590869903564
1531107743.1680946,35328,3.2603790760040283
1531108024.893391,35840,3.2863895893096924
1531108306.3964243,36352,3.348879337310791
1531108588.6379888,36864,3.407025098800659
1531108870.2572117,37376,3.155493974685669
1531109153.7896826,37888,3.28397798538208
1531109436.6497586,38400,3.411451816558838
1531314792.032815,39424,3.292318344116211
1531315066.8098276,39936,3.1450467109680176
1531315341.3356366,40448,3.272082567214966
1531315615.281575,40960,3.2995636463165283
1531315892.097508,41472,3.177137851715088
1531316167.3310707,41984,3.2510077953338623
1531316442.6224535,42496,3.100071668624878
1531316717.6970394,43008,3.211846113204956
1531316992.5818446,43520,3.208961009979248
1531317269.4460812,44032,3.296818256378174
1531317545.9749818,44544,3.2056822776794434
1531317821.9565988,45056,3.1893131732940674
1531318098.113307,45568,3.187052011489868
1531318374.4578934,46080,3.081047534942627
1531318650.778484,46592,3.1007068157196045
1531318927.2726374,47104,3.13489031791687
1531319204.0694442,47616,3.266979694366455
1531319480.6237044,48128,3.289994716644287
1531319758.5447528,48640,3.5361313819885254
1531320034.5589232,49152,3.1496758460998535
1531320310.8201413,49664,3.3036341667175293
1531341732.7034416,50688,3.1539642810821533
1531342008.79166,51200,3.152916193008423
1531342285.0178385,51712,3.3068885803222656
1531342560.9634333,52224,3.2095961570739746
1531342837.954212,52736,3.300014019012451
1531343115.1723285,53248,3.2337703704833984
1531343390.7477818,53760,3.1244773864746094
1531343667.3001375,54272,3.386122226715088
1531343943.796503,54784,3.1548213958740234
1531344221.362777,55296,3.291584014892578
1531344496.7754369,55808,3.076211452484131
1531344772.1917572,56320,3.099287986755371
1531345049.10562,56832,3.1936075687408447
1531345325.0200045,57344,3.1362369060516357
1531345602.1617572,57856,3.1596741676330566
1531345878.4190853,58368,3.2305450439453125
1531346154.094108,58880,3.1734302043914795
1531346429.9050236,59392,3.1575875282287598
1531346705.7824502,59904,3.0441489219665527
1531346982.3920286,60416,3.1519031524658203
1531347258.5515864,60928,3.2911009788513184
1531347534.431842,61440,3.3694865703582764
1531347811.469341,61952,3.1042542457580566
1531348088.4557767,62464,3.1760361194610596
1531348365.4225383,62976,3.1795365810394287
1531348643.346138,63488,3.1889443397521973
1531348921.0933762,64000,3.3778960704803467
1531349198.0659468,64512,3.4052696228027344
1531349475.1381183,65024,3.3196282386779785
1531349753.7432597,65536,3.1764073371887207
1531350032.8734047,66048,3.3230032920837402
1531350311.5376298,66560,3.3413033485412598
1531350589.1933422,67072,3.226572036743164
1531350868.12695,67584,3.296815872192383
1531351146.179191,68096,3.258150815963745
1531351423.7988899,68608,3.4091827869415283
1531351702.9112031,69120,3.3793482780456543
1531352745.8287554,70144,3.062457323074341
1531353020.232995,70656,3.299208879470825
1531353295.9438415,71168,3.237197160720825
1531353572.0911403,71680,3.2434635162353516
1531353849.2074065,72192,3.075639247894287
1531354125.8226624,72704,3.207568407058716
1531354403.0881572,73216,3.1032557487487793
1531354679.7291093,73728,3.2077934741973877
1531354957.1200736,74240,3.1062138080596924
1531355233.8251014,74752,3.273603916168213
1531355509.4253612,75264,3.2087955474853516
1531355786.5038462,75776,3.2602291107177734
1531356063.3484974,76288,3.242522716522217
1531356340.7052958,76800,3.261622667312622
1531356617.1229024,77312,3.225855588912964
1531356893.5331864,77824,3.3134677410125732
1531357169.4782665,78336,3.321413040161133
1531357447.3266659,78848,3.360125780105591
1531357725.4512794,79360,3.251500368118286
1531358002.0089252,79872,3.2921833992004395
1531358280.409493,80384,3.3283889293670654
1531358557.633911,80896,3.41911244392395
1531358834.7168934,81408,3.4379019737243652
1531359112.8859766,81920,3.519803524017334
1531359389.9625192,82432,3.6227409839630127
1531359667.3705616,82944,3.572089672088623
1531359946.304018,83456,3.514050245285034
1531360223.6280997,83968,3.5060527324676514
1531360500.7163777,84480,3.33923602104187
1531360779.2521973,84992,3.4346206188201904
1531361055.876965,85504,3.4082748889923096
1531361333.3219323,86016,3.2333855628967285
1531361610.6128945,86528,3.3312275409698486
1531361889.572209,87040,3.2995781898498535
1531362167.586788,87552,3.177093982696533
1531362446.59562,88064,3.263805866241455
1531362724.7157962,88576,3.3149662017822266
1531363002.7130067,89088,3.3080978393554688
1531363280.7913299,89600,3.397716999053955
1531363558.746793,90112,3.4714016914367676
1531363836.4972458,90624,3.2174696922302246
1531364114.2069151,91136,3.3608531951904297
1531364392.6989217,91648,3.317054033279419
1531364670.1696053,92160,3.371309280395508
1531364948.1953142,92672,3.413839817047119
1531365227.6057007,93184,3.3599483966827393
1531365504.9057336,93696,3.309040069580078
1531365782.1646001,94208,3.231529951095581
1531366059.8003452,94720,3.2133517265319824
1531366338.660382,95232,3.2440452575683594
1531366616.9180024,95744,3.1942009925842285
1531366894.444594,96256,3.3152878284454346
1531367172.839844,96768,3.2713093757629395
1531367450.8576422,97280,3.3132381439208984
