wall_time,step,value
1531394070.299417,512,4.263365745544434
1531394529.9277089,1024,3.0413410663604736
1531394985.386586,1536,1.701458215713501
1531395442.253725,2048,3.0875675678253174
1531395897.853187,2560,1.7099026441574097
1531396353.3940804,3072,1.629855751991272
1531396809.0862272,3584,1.1031239032745361
1531397264.180099,4096,1.2139232158660889
1531397717.5417893,4608,1.1150983572006226
1531398170.3351252,5120,1.2898322343826294
1531398621.568824,5632,1.3400579690933228
1531399073.0195446,6144,1.5158277750015259
1531399523.0088477,6656,0.9482765197753906
1531399974.4446547,7168,1.3775657415390015
1531400425.4534361,7680,1.2972216606140137
1531400877.122688,8192,1.3645883798599243
1531401327.3846686,8704,1.7471771240234375
1531401779.5871582,9216,1.5173159837722778
1531402230.6833124,9728,1.6129059791564941
1531402681.948613,10240,1.161137342453003
1531403134.9158418,10752,1.29715096950531
1531403586.4707983,11264,1.0300370454788208
1531404038.184197,11776,1.0786327123641968
1531404489.0730782,12288,1.0826678276062012
1531404942.3407917,12800,1.2047468423843384
1531405394.588356,13312,1.2059332132339478
1531405846.8434699,13824,1.162277340888977
1531406299.731861,14336,1.1325843334197998
1531406752.4786549,14848,1.1213093996047974
1531407204.2060792,15360,1.1777145862579346
1531407657.1897695,15872,1.1456917524337769
1531408108.61574,16384,0.8628377914428711
1531408559.7749074,16896,1.5434514284133911
1531409013.6862721,17408,1.0577431917190552
1531409466.2022467,17920,1.556277871131897
1531409918.913342,18432,1.091719627380371
1531410370.3102896,18944,1.4739090204238892
1531410820.7220469,19456,1.30787193775177
1531411273.0684996,19968,1.185488224029541
1531411725.4002175,20480,1.3982757329940796
1531412175.5830123,20992,0.9486546516418457
1531412624.9776905,21504,1.275564432144165
1531413076.1622226,22016,1.1494028568267822
1531413527.5658581,22528,1.3505607843399048
1531413977.9701111,23040,1.189259648323059
1531414429.918219,23552,1.1798665523529053
1531414881.558349,24064,1.2558538913726807
1531415333.5144424,24576,1.2805505990982056
1531415785.074307,25088,1.0509053468704224
1531442909.082513,26112,1.534747838973999
1531443361.299268,26624,1.1046676635742188
1531443813.242097,27136,1.4540045261383057
1531444264.4505956,27648,1.4145689010620117
1531444715.5910916,28160,1.099765658378601
1531445166.800782,28672,1.6051721572875977
1531445619.9250472,29184,1.155419111251831
1531446072.4755847,29696,1.5238195657730103
1531446525.624398,30208,1.409879446029663
1531446978.6147282,30720,1.279903769493103
1531447431.6667442,31232,1.5568925142288208
1531447885.8299782,31744,1.1907849311828613
1531448339.3950837,32256,1.5053629875183105
1531448792.6596198,32768,1.4703532457351685
1531449247.2622292,33280,1.43312668800354
1531449700.5657835,33792,1.4316418170928955
1531450154.6380985,34304,1.2344187498092651
1531450610.2317202,34816,1.0924897193908691
1531451063.1983166,35328,1.6215252876281738
1531451515.567897,35840,1.3255995512008667
1531451969.1766272,36352,1.1605277061462402
1531452424.2935724,36864,1.2477432489395142
1531452878.02499,37376,1.1089500188827515
1531453331.3160405,37888,1.110146403312683
1531453784.6668553,38400,1.1085031032562256
1531454238.752907,38912,1.4942505359649658
1531454693.3557174,39424,1.2885926961898804
1531455148.16594,39936,0.9727293252944946
1531455602.9693344,40448,1.1123120784759521
1531456057.5055523,40960,1.2257803678512573
1531456513.325957,41472,1.2982125282287598
1531456968.725712,41984,0.953403890132904
1531457423.9886496,42496,1.2067487239837646
1531457878.8493128,43008,1.4303735494613647
1531458340.5120873,43520,1.0944207906723022
1531458795.9852223,44032,1.794536828994751
1531459250.7725444,44544,1.2219616174697876
1531459706.362851,45056,1.1313707828521729
1531460160.0470965,45568,1.4796186685562134
1531460615.640206,46080,1.5487046241760254
1531461069.1689048,46592,1.1778671741485596
1531461522.2465093,47104,1.3501644134521484
1531461975.495138,47616,1.3491590023040771
1531462429.1084938,48128,1.7816122770309448
1531462882.3335724,48640,0.8545067310333252
1531463336.377303,49152,1.0474517345428467
1531463791.3470342,49664,2.489806652069092
1531464245.2139492,50176,1.243935465812683
1531464701.2758036,50688,1.5876232385635376
1531465155.2471507,51200,1.821856141090393
1531465610.2568407,51712,1.3862119913101196
1531466064.4529986,52224,1.6085327863693237
1531466520.4720166,52736,1.35306978225708
1531466975.8556168,53248,1.320151686668396
1531467430.6040635,53760,1.2022560834884644
1531467885.347348,54272,1.0894618034362793
1531468339.503481,54784,0.9237034320831299
1531468793.8771245,55296,1.0621029138565063
1531469248.495142,55808,2.20503568649292
1531469704.4483817,56320,1.0643309354782104
1531470159.5624876,56832,1.4198510646820068
1531470615.5640922,57344,1.1020981073379517
1531471070.3374023,57856,1.5897821187973022
1531471526.3950515,58368,1.4026262760162354
1531471981.940989,58880,1.3627949953079224
1531472437.6498501,59392,1.3547788858413696
1531472893.7950191,59904,1.005115270614624
1531473348.787405,60416,1.7526911497116089
1531473804.187102,60928,0.9524651765823364
1531474260.646651,61440,1.036776065826416
1531474716.283153,61952,1.9569532871246338
1531475173.1286767,62464,1.3535072803497314
1531475629.5021985,62976,1.4812508821487427
1531526734.6536899,64000,1.4431275129318237
1531527188.8354642,64512,1.6667574644088745
1531527642.0984528,65024,2.2516939640045166
1531528094.9759433,65536,1.2366644144058228
1531528550.4773607,66048,1.1896485090255737
1531529772.280784,67072,1.1387680768966675
1531530225.5188122,67584,1.5671485662460327
1531530680.0645688,68096,1.6472711563110352
1531531133.7321706,68608,1.420652985572815
1531531587.3284779,69120,1.241982340812683
1531532040.4949918,69632,1.4813650846481323
1531532495.685431,70144,1.062286615371704
1531532950.0936894,70656,0.9431217908859253
1531533404.2668865,71168,1.110368013381958
1531533858.6227484,71680,1.4946683645248413
1531534311.93246,72192,2.3977320194244385
1531534766.0273623,72704,1.6044807434082031
1531535219.7690349,73216,1.2637345790863037
1531535674.6263573,73728,1.9575330018997192
1531536129.6076293,74240,1.4974162578582764
1531536585.720713,74752,1.7488876581192017
1531537041.4388597,75264,1.3758304119110107
1531537497.1720655,75776,0.8573193550109863
1531537952.035711,76288,1.8922713994979858
1531538407.4989364,76800,1.3073033094406128
1531538863.068204,77312,1.8308701515197754
1531539320.3057911,77824,1.5409716367721558
1531539776.4636707,78336,2.364090919494629
1531540232.5995464,78848,1.3585656881332397
1531540688.8930717,79360,1.3718796968460083
1531541145.2226295,79872,1.9291166067123413
1531541602.5622413,80384,1.3528850078582764
1531542058.422283,80896,1.057091474533081
1531542515.606426,81408,1.5445201396942139
1531542972.7997127,81920,1.6560698747634888
1531543429.9659252,82432,1.3336519002914429
1531543886.330054,82944,1.128859519958496
1531544343.088222,83456,1.9367902278900146
1531544799.8594837,83968,1.2733166217803955
1531545255.8951688,84480,2.4826278686523438
1531545711.1949265,84992,1.4196996688842773
1531546167.6721342,85504,1.3643152713775635
1531546623.9317741,86016,1.7191599607467651
1531547079.512398,86528,1.1026185750961304
1531547536.9681044,87040,0.8224008679389954
1531547992.10319,87552,1.6906265020370483
1531548448.224734,88064,1.2754570245742798
1531548904.071212,88576,1.5054192543029785
1531549361.6039734,89088,1.0432345867156982
1531549817.353304,89600,1.1833045482635498
1531550272.9088676,90112,1.1093043088912964
1531550729.4228916,90624,1.291126012802124
1531551184.7411146,91136,2.041085958480835
1531551642.3403776,91648,1.0923056602478027
1531552098.6130905,92160,1.6064393520355225
1531552555.3773625,92672,1.3377658128738403
1531553010.763231,93184,1.6406142711639404
1531553467.4218435,93696,1.967760443687439
1531553922.810936,94208,1.112947702407837
1531554379.5889971,94720,2.056220054626465
1531554836.014011,95232,1.1541706323623657
1531555292.4877243,95744,1.0500553846359253
1531555750.287378,96256,1.5029646158218384
1531556206.0284553,96768,1.5204014778137207
1531556662.342783,97280,1.1488337516784668
