wall_time,step,value
1530415869.710416,512,0.0313904844224453
1530416146.771396,1024,0.02689792402088642
1530416423.3221145,1536,0.05144060403108597
1530416697.9514103,2048,0.04654894396662712
1530416972.9431076,2560,0.06115417554974556
1530417245.568259,3072,0.09164285659790039
1530417517.3135922,3584,0.06197725608944893
1530417789.021648,4096,0.09453488886356354
1530418061.1612582,4608,0.121495820581913
1530418334.7667015,5120,0.09265471249818802
1530418607.8448062,5632,0.09816327691078186
1530418881.3739789,6144,0.09326740354299545
1530419155.5507402,6656,0.11043886840343475
1530419428.7297118,7168,0.11799178272485733
1530419703.5326154,7680,0.06023631989955902
1530419978.5414739,8192,0.07880619913339615
1530420251.0015752,8704,0.08790352940559387
1530420524.2703779,9216,0.07797175645828247
1530420797.55022,9728,0.11904756724834442
1530421070.7669325,10240,0.0856783464550972
1530421343.9333432,10752,0.06422792375087738
1530421618.059493,11264,0.052404969930648804
1530421890.0031915,11776,0.0969136506319046
1530422162.6062346,12288,0.1201854944229126
1530422436.8292427,12800,0.12840263545513153
1530422711.6173549,13312,0.0848798006772995
1530422984.6528902,13824,0.1121172308921814
1530423256.7948778,14336,0.08669406920671463
1530423529.1405456,14848,0.11954250186681747
1530423802.6906753,15360,0.09535739570856094
1530424075.724699,15872,0.09924241155385971
1530424350.0124567,16384,0.09077182412147522
1530424623.602681,16896,0.09292583912611008
1530424897.7073653,17408,0.08085348457098007
1530425171.2799034,17920,0.14044249057769775
1530425446.62862,18432,0.11311762779951096
1530425721.0166032,18944,0.12448268383741379
1530425995.9981909,19456,0.07610420137643814
1530426270.8021312,19968,0.0702705830335617
1530426545.47941,20480,0.12830457091331482
1530426819.4991481,20992,0.0998530238866806
1530427094.6247454,21504,0.12848231196403503
1530427368.9301898,22016,0.06860140711069107
1530427645.1029923,22528,0.09004782140254974
1530427919.875394,23040,0.14200052618980408
1530428194.6358979,23552,0.10242395102977753
1530428470.8935924,24064,0.07148449122905731
1530428746.3009171,24576,0.08699996769428253
1530429021.144959,25088,0.12272217869758606
1530429296.668968,25600,0.11864636838436127
1530429573.2149935,26112,0.17767314612865448
1530429850.1982117,26624,0.13603027164936066
1530430126.0508387,27136,0.12374505400657654
1530430402.200323,27648,0.11041232198476791
1530430677.1107836,28160,0.07009514421224594
1530430953.5145276,28672,0.1679663360118866
1530431228.9673944,29184,0.09991221129894257
1530431506.3006356,29696,0.1273013949394226
1530431782.4879007,30208,0.13153322041034698
1530432058.6708102,30720,0.15127739310264587
1530432335.6569734,31232,0.09008413553237915
1530432612.143319,31744,0.1450725942850113
1530432888.5070224,32256,0.1449260115623474
1530433165.2371535,32768,0.13556763529777527
1530433441.6744518,33280,0.10571018606424332
1530433717.1855118,33792,0.0713183730840683
1530433992.8176584,34304,0.1510649025440216
1530434270.5821488,34816,0.1341676115989685
1530434546.3469298,35328,0.11725397408008575
1530434823.0213532,35840,0.0951869860291481
1530435099.0735536,36352,0.09393494576215744
1530435375.4757056,36864,0.16947948932647705
1530435652.3305023,37376,0.10794490575790405
1530435930.1505718,37888,0.09487820416688919
1530565481.549836,38912,0.13056960701942444
1530565757.597293,39424,0.09679537266492844
1530566032.6341252,39936,0.136966735124588
1530566308.9225655,40448,0.12064702063798904
1530566584.0172105,40960,0.08618448674678802
1530566859.0840843,41472,0.10757113248109818
1530567134.7667933,41984,0.13402420282363892
1530567409.6569874,42496,0.1415833830833435
1530567684.9481955,43008,0.05985994264483452
1530567960.1450279,43520,0.09472533315420151
1530568236.4709141,44032,0.1474130004644394
1530568511.1734114,44544,0.13629795610904694
1530568786.4263322,45056,0.07397502660751343
1530569061.0990036,45568,0.12328565865755081
1530569336.7019687,46080,0.09277601540088654
1530569612.4152603,46592,0.11723681539297104
1530569887.934073,47104,0.1719384342432022
1530570163.9528604,47616,0.11995219439268112
1530570439.4180176,48128,0.14211030304431915
1530570714.4763923,48640,0.1441742181777954
1530570991.4994667,49152,0.10983502119779587
1530571267.0782099,49664,0.12129589170217514
1530571542.2503102,50176,0.10034855455160141
1530571817.967734,50688,0.0786852240562439
1530572093.9056885,51200,0.10910852998495102
1530572370.4876492,51712,0.09643102437257767
1530572644.4395826,52224,0.10857716202735901
1530572921.056635,52736,0.16605935990810394
1530573197.2514515,53248,0.06016141176223755
1530573473.2568974,53760,0.14512012898921967
1530573748.9993348,54272,0.13510601222515106
1530574023.779227,54784,0.07875768840312958
1530574299.3813128,55296,0.18475458025932312
1530574574.6678305,55808,0.17124655842781067
1530574849.6705246,56320,0.10972845554351807
1530575124.9047725,56832,0.10056579858064651
1530575399.9469094,57344,0.17115285992622375
1530575676.2315488,57856,0.11761360615491867
1530575951.5675042,58368,0.14838558435440063
1530576228.3378792,58880,0.06195437163114548
1530576504.112747,59392,0.09675540030002594
1530576780.3106256,59904,0.1267828643321991
1530577054.8719296,60416,0.06883265823125839
1530577330.6216424,60928,0.05394897609949112
1530577605.5854409,61440,0.15664085745811462
1530577882.503427,61952,0.09075674414634705
1530578158.6961305,62464,0.13817140460014343
1530578434.8693469,62976,0.13866662979125977
1530578711.0485682,63488,0.11637569963932037
1530578988.4192362,64000,0.11880145221948624
1530579265.9053354,64512,0.0857996940612793
1530579542.2853785,65024,0.13336727023124695
1530579819.9938982,65536,0.11819557100534439
1530580096.217672,66048,0.10571900010108948
1530580372.8267097,66560,0.1157119944691658
1530580650.2328336,67072,0.16911160945892334
1530580925.727484,67584,0.12870191037654877
1530581203.2051618,68096,0.1427195519208908
1530581481.429221,68608,0.09352393448352814
1530581758.2666187,69120,0.12236008048057556
1530582035.4103692,69632,0.09332393854856491
1530582311.8704932,70144,0.10306481271982193
1530582588.7528493,70656,0.13529936969280243
1530582865.377319,71168,0.11104243248701096
1530583142.4966722,71680,0.13295692205429077
1530583420.1588614,72192,0.11396632343530655
1530583697.0853744,72704,0.0931425616145134
1530583973.364985,73216,0.1037234216928482
1530584250.2476854,73728,0.15654262900352478
1530584527.4198053,74240,0.07110044360160828
1530584805.1998084,74752,0.17010696232318878
1530585082.538957,75264,0.10776489973068237
1530585360.4864016,75776,0.09364664554595947
1530585640.5068383,76288,0.1327388435602188
1530660955.5672944,77312,0.15608543157577515
1530661229.8904023,77824,0.10522555559873581
1530661503.9879053,78336,0.061161432415246964
1530661779.6893525,78848,0.1272750049829483
1530662055.0078263,79360,0.14181576669216156
1530662329.0505385,79872,0.13382716476917267
1530662602.6823542,80384,0.09548366069793701
1530662878.213278,80896,0.09272906929254532
1530663152.7869728,81408,0.11579827219247818
1530663427.233999,81920,0.11573080718517303
1530663702.1188998,82432,0.13713784515857697
1530663978.1767528,82944,0.17469441890716553
1530664253.0021112,83456,0.14415580034255981
1530664528.0441477,83968,0.0566662959754467
1530664802.6117594,84480,0.11506374925374985
1530665077.550287,84992,0.10481593012809753
1530665353.0826335,85504,0.10240605473518372
1530665628.6239772,86016,0.09774789214134216
1530665903.7015467,86528,0.1080825999379158
1530666179.3063736,87040,0.08366845548152924
1530666454.484085,87552,0.12437491118907928
1530666729.1725638,88064,0.11344675719738007
1530667004.7484255,88576,0.12425542622804642
1530667279.5662065,89088,0.1356506049633026
1530667554.4325814,89600,0.1722271889448166
1530667830.1468549,90112,0.09571077674627304
1530668104.426194,90624,0.12231399863958359
1530668380.9963999,91136,0.1054934486746788
1530668655.6745243,91648,0.17707784473896027
1530668930.5224445,92160,0.14310862123966217
1530669205.6435487,92672,0.07436482608318329
1530669482.4712021,93184,0.07747042179107666
1530669757.738526,93696,0.14182798564434052
1530670033.3135486,94208,0.1305871456861496
1530670308.0902767,94720,0.14859676361083984
1530670583.6920314,95232,0.10298773646354675
1530670858.855964,95744,0.091091088950634
1530671134.8414931,96256,0.07961004227399826
1530671410.178059,96768,0.12934450805187225
1530671688.0665545,97280,0.12504340708255768
