wall_time,step,value
1531010007.7380207,512,0.43892836570739746
1531010589.1308618,1024,0.37746885418891907
1531011161.7817378,1536,0.3435725271701813
1531011731.9294431,2048,0.29977840185165405
1531012308.1822565,2560,0.274783194065094
1531012877.9986663,3072,0.2556210458278656
1531013448.1083686,3584,0.2401808500289917
1531014016.198112,4096,0.22353437542915344
1531014583.0995188,4608,0.21723555028438568
1531015149.9085405,5120,0.20641537010669708
1531015718.415713,5632,0.20519977807998657
1531016289.6494434,6144,0.2032242715358734
1531016860.4055827,6656,0.190507709980011
1531017434.0118737,7168,0.19064345955848694
1531018006.2553647,7680,0.19018608331680298
1531018577.161898,8192,0.18112187087535858
1531019151.0632308,8704,0.17431071400642395
1531019722.8137624,9216,0.17730273306369781
1531020297.2463698,9728,0.1680978685617447
1531020868.4894593,10240,0.1676439642906189
1531021443.136181,10752,0.16422951221466064
1531022015.3998652,11264,0.15943139791488647
1531022588.7566466,11776,0.15423227846622467
1531023162.046969,12288,0.15779578685760498
1531023735.7170215,12800,0.14984528720378876
1531024307.5804863,13312,0.1540565937757492
1531024881.072827,13824,0.15313319861888885
1531025455.1642513,14336,0.14172513782978058
1531026028.0162597,14848,0.14427632093429565
1531026602.2476947,15360,0.13761095702648163
1531027175.5828989,15872,0.13972879946231842
1531027750.004218,16384,0.13752992451190948
1531028323.028434,16896,0.1358344852924347
1531028895.9208267,17408,0.13218750059604645
1531029469.0218456,17920,0.12588948011398315
1531030043.0953805,18432,0.127298966050148
1531030615.8809834,18944,0.1314254254102707
1531031189.2825696,19456,0.12666290998458862
1531031762.4969945,19968,0.11953505128622055
1531032335.201076,20480,0.12107701599597931
1531032908.5563293,20992,0.1226566806435585
1531033480.8592963,21504,0.11542395502328873
1531034054.7922347,22016,0.11599251627922058
1531034627.0062761,22528,0.11509489268064499
1531035198.9052234,23040,0.11130572110414505
1531035771.3570123,23552,0.11077716201543808
1531036343.6353333,24064,0.11207703500986099
1531036918.7562056,24576,0.10782254487276077
1531037493.1891904,25088,0.11345964670181274
1531038067.2828488,25600,0.10739200562238693
1531038640.252898,26112,0.10997449606657028
1531039216.2515132,26624,0.10715644061565399
1531039791.5265448,27136,0.10696257650852203
1531040365.9386895,27648,0.10160834342241287
1531040942.0039108,28160,0.10535115003585815
1531041516.9598346,28672,0.10286770015954971
1531042090.247689,29184,0.09919779002666473
1531042665.0424383,29696,0.09703332185745239
1531043237.6215997,30208,0.10367918014526367
1531043811.361565,30720,0.09701432287693024
1531044383.82004,31232,0.09549151360988617
1531044955.9373672,31744,0.09759019315242767
1531045531.0217977,32256,0.09103690087795258
1531046106.3668826,32768,0.09432002156972885
1531046680.1319132,33280,0.09135053306818008
1531047253.2199612,33792,0.08952207118272781
1531047825.33185,34304,0.08905947208404541
1531048398.312806,34816,0.0875479057431221
1531048972.7214766,35328,0.09192178398370743
1531049546.0634048,35840,0.08766782283782959
1531050120.5885239,36352,0.0897669717669487
1531181973.072494,37376,0.08644485473632812
1531182544.4840353,37888,0.08501086384057999
1531183115.2341666,38400,0.08753837645053864
1531183685.9040518,38912,0.0846320241689682
1531184257.4863207,39424,0.08556061238050461
1531184827.9986749,39936,0.08319690823554993
1531185398.361753,40448,0.08284667134284973
1531185968.5944364,40960,0.0853472650051117
1531186540.7057722,41472,0.08228311687707901
1531187113.3010828,41984,0.08326318860054016
1531187686.1084673,42496,0.08515366166830063
1531188257.7664468,43008,0.08219156414270401
1531188830.0037384,43520,0.07603007555007935
1531189401.9400508,44032,0.07836578786373138
1531189974.3603647,44544,0.08072003722190857
1531190545.4111989,45056,0.08047506958246231
1531191116.9322562,45568,0.07780579477548599
1531191689.1438904,46080,0.07905295491218567
1531192261.2892313,46592,0.0792093425989151
1531192834.6430569,47104,0.07744135707616806
1531193406.338571,47616,0.07580070197582245
1531193979.390227,48128,0.07725197076797485
1531194552.9366193,48640,0.07677789777517319
1531195125.6324732,49152,0.07401052862405777
1531195697.662445,49664,0.07740732282400131
1531196268.5691059,50176,0.07561635226011276
1531196840.4631722,50688,0.07397735863924026
1531197412.022473,51200,0.07620684057474136
1531197985.2102742,51712,0.07477153092622757
1531198558.6702826,52224,0.07755819708108902
1531199132.5871236,52736,0.07319340854883194
1531199707.0124133,53248,0.0740877166390419
1531200279.3574524,53760,0.07525327056646347
1531200852.9375753,54272,0.07733000814914703
1531201426.6039472,54784,0.07264367491006851
1531202000.8397348,55296,0.07495497167110443
1531202575.743163,55808,0.07180117815732956
1531203149.077689,56320,0.0702919214963913
1531203720.907088,56832,0.07304279506206512
1531204295.4791546,57344,0.070415198802948
1531204870.4421217,57856,0.0719665139913559
1531205443.3928983,58368,0.07029040157794952
1531206017.7255576,58880,0.07249660044908524
1531206590.8458953,59392,0.07088084518909454
1531207165.6479516,59904,0.06925113499164581
1531207740.496046,60416,0.07023350894451141
1531208315.381212,60928,0.07014719396829605
1531208890.9050622,61440,0.07041073590517044
1531209466.2031467,61952,0.07042922079563141
1531210042.2324023,62464,0.06883368641138077
1531210619.221205,62976,0.06930799037218094
1531211195.3769417,63488,0.06952079385519028
1531211772.737439,64000,0.06771492958068848
1531212350.5268412,64512,0.06826374679803848
1531212927.984665,65024,0.06688584387302399
1531213503.5170467,65536,0.06902139633893967
1531214082.2865298,66048,0.06636456400156021
1531214659.7072635,66560,0.06923927366733551
1531215236.4064465,67072,0.06816522777080536
1531215814.934134,67584,0.06696907430887222
1531216392.3074818,68096,0.0688774585723877
1531216969.6348953,68608,0.066766157746315
1531217549.5194623,69120,0.06724558770656586
1531218126.7587156,69632,0.06657722592353821
1531218705.247821,70144,0.06851247698068619
1531219282.6077406,70656,0.06459978222846985
1531219859.7527754,71168,0.06777503341436386
1531220437.583774,71680,0.06259100884199142
1531221014.7277992,72192,0.06439787894487381
1531221591.634797,72704,0.06523796916007996
1531222169.2959352,73216,0.06770593672990799
1531242364.8648348,74240,0.06612052023410797
1531242937.8235333,74752,0.06430651992559433
1531252535.9330325,75776,0.0638507679104805
1531253108.662199,76288,0.06651806831359863
1531253683.4369671,76800,0.0642867237329483
1531254255.86737,77312,0.06452292203903198
1531254831.45111,77824,0.06487786769866943
1531255404.9150605,78336,0.06368870288133621
1531255977.0273736,78848,0.06442050635814667
1531256551.324057,79360,0.06503678113222122
1531257125.332949,79872,0.06303251534700394
1531257699.596799,80384,0.06261943280696869
1531258272.7061405,80896,0.0638485699892044
1531258846.1564035,81408,0.06423113495111465
1531259420.1615856,81920,0.06327249109745026
1531259995.2696226,82432,0.062213875353336334
1531260569.6137226,82944,0.06373007595539093
1531261142.9707394,83456,0.06153343617916107
1531261719.9071953,83968,0.05994618684053421
1531262295.9812667,84480,0.0644306167960167
1531262870.8050487,84992,0.06448151916265488
1531263444.473083,85504,0.06194634735584259
1531264020.3839364,86016,0.062193337827920914
1531264596.3853896,86528,0.06332886964082718
1531265170.916936,87040,0.061900198459625244
1531265744.3313832,87552,0.06252244114875793
1531266319.2112112,88064,0.061755694448947906
1531266895.1728451,88576,0.062195561826229095
1531267469.9317017,89088,0.06069738790392876
1531268044.1324484,89600,0.05964018031954765
1531268620.1305094,90112,0.0635710060596466
1531269198.3885047,90624,0.060746558010578156
1531269775.508948,91136,0.06064935401082039
1531270353.0890481,91648,0.06005498021841049
1531270931.4479969,92160,0.05814582109451294
1531271508.9205306,92672,0.05965801700949669
1531272084.732329,93184,0.0601409375667572
1531272662.947092,93696,0.06081056222319603
1531273237.6182733,94208,0.0592365637421608
1531273812.4534483,94720,0.060386452823877335
1531274387.7036197,95232,0.05898473411798477
1531274963.6212544,95744,0.059916842728853226
1531275539.0646126,96256,0.060838472098112106
1531276115.6397462,96768,0.05879893898963928
1531276690.6016552,97280,0.05992010235786438
