wall_time,step,value
1533212796.449367,512,1300.676025390625
1533214824.6456563,1024,1529.3509521484375
1533216826.8857713,1536,755.30615234375
1533218820.3358092,2048,752.6498413085938
1533220818.060023,2560,567.085205078125
1533222805.0247858,3072,568.7452392578125
1533224787.762482,3584,593.8463745117188
1533226775.4434364,4096,618.8043823242188
1533228765.5093424,4608,638.5004272460938
1533230740.339518,5120,604.590576171875
1533232709.4672327,5632,624.0595092773438
1533234677.2134252,6144,686.9841918945312
1533236648.8312542,6656,619.8081665039062
1533238609.4886713,7168,669.5387573242188
1533240572.0989091,7680,657.357421875
1533242547.7199135,8192,681.4017944335938
1533244508.2588525,8704,653.7064819335938
1533246474.1681678,9216,661.0007934570312
1533248448.816484,9728,753.4785766601562
1533250419.8258305,10240,757.0745239257812
1533252388.2829719,10752,815.0760498046875
1533254365.9934337,11264,810.8436889648438
1533256335.116483,11776,945.8466186523438
1533258320.1428127,12288,919.0953369140625
1533260298.6937337,12800,919.015625
1533262272.3450456,13312,889.8722534179688
1533264252.9618814,13824,1005.669677734375
1533266229.6465995,14336,954.3662719726562
1533268177.9979212,14848,940.6648559570312
1533270145.1055055,15360,1005.6924438476562
1533272106.1328464,15872,1055.6917724609375
1533274081.901246,16384,1087.782470703125
1533276050.2692306,16896,1119.1414794921875
1533278002.908245,17408,1190.7799072265625
1533279964.2658918,17920,1159.8956298828125
1533281926.6794636,18432,1168.8095703125
1533283881.5742583,18944,1205.5758056640625
1533285837.598998,19456,1198.0498046875
1533287806.5418484,19968,1219.5234375
1533289767.8676248,20480,1327.9981689453125
1533291723.4467177,20992,1241.2916259765625
1533293681.9855456,21504,1352.0576171875
1533295649.4312794,22016,1364.517822265625
1533297602.1588097,22528,1354.9080810546875
1533299544.0947063,23040,1396.9720458984375
1533301515.5447595,23552,1443.0001220703125
1533303484.2890065,24064,1470.26416015625
1533305452.309137,24576,1568.0299072265625
1533307415.1426337,25088,1572.9986572265625
1533309384.5787392,25600,1617.3809814453125
1533311351.8251648,26112,1661.3045654296875
1533313311.2533705,26624,1571.2431640625
1533315284.7470565,27136,1741.1787109375
1533317254.096836,27648,1722.8883056640625
1533319223.846703,28160,1921.797607421875
1533321190.0618663,28672,1792.837646484375
1533323153.0210433,29184,1885.6531982421875
1533554396.506481,29696,1901.6363525390625
1533556361.665478,30208,1900.431396484375
1533558320.8213027,30720,1994.5523681640625
1533560290.6047468,31232,1912.75830078125
1533562245.3904808,31744,1965.2996826171875
1533564216.2818916,32256,2037.4161376953125
1533566173.4954147,32768,2056.00830078125
1533568159.2467487,33280,2092.16748046875
1533570123.1743832,33792,2111.179931640625
1533572093.2761436,34304,2192.115234375
1533574066.392062,34816,2204.183349609375
1533576044.192788,35328,2179.1845703125
1533578021.8124728,35840,2366.59423828125
1533579995.9957871,36352,2235.854248046875
1533581979.8741734,36864,2237.053955078125
1533583951.1937006,37376,2454.18017578125
1533585918.8872142,37888,2503.409423828125
1533587887.6737309,38400,2510.9462890625
1533589867.459809,38912,2468.4560546875
1533591824.565324,39424,2549.59716796875
1533593789.283474,39936,2470.24609375
1533595754.0955145,40448,2676.94873046875
1533597732.3798265,40960,2541.239013671875
1533599699.6688526,41472,2694.664306640625
1533601665.8389554,41984,2634.413818359375
1533603635.4503012,42496,2709.832275390625
1533605611.6526468,43008,2983.46533203125
1533607592.8647416,43520,3008.019287109375
1533609560.5184894,44032,2884.41015625
1533611548.6716936,44544,2751.1669921875
1533613536.2932906,45056,2673.664306640625
1533615511.8000922,45568,2601.307373046875
1533617490.168922,46080,2771.844970703125
1533619468.8528798,46592,2802.1064453125
1533621435.2243218,47104,2744.822265625
1533623412.0239663,47616,3026.14306640625
1533625393.816323,48128,2932.095458984375
1533627372.2480094,48640,2939.680419921875
1533629349.6202464,49152,3027.764892578125
1533631318.398708,49664,2988.625
1533633296.1728992,50176,3063.7958984375
1533635270.0834684,50688,3151.71875
1533637248.23607,51200,3054.891357421875
1533639242.940351,51712,3271.116455078125
1533641219.7583234,52224,3178.91650390625
1533643215.1910279,52736,3209.856689453125
1533645198.203406,53248,3333.541259765625
1533647179.6989179,53760,3154.356201171875
1533649168.3853278,54272,3395.716552734375
1533651156.5491366,54784,3545.5888671875
1533653146.5143971,55296,3424.666259765625
1533655136.624362,55808,3555.51611328125
1533657112.7772465,56320,3549.266845703125
1533659097.9129927,56832,3691.509521484375
1533661077.1685855,57344,3316.766357421875
1533663054.1393712,57856,3571.047607421875
1533665054.3965757,58368,3439.484619140625
1533667064.5437093,58880,3623.82080078125
1533669054.414259,59392,3721.807373046875
1533674857.961803,59904,3686.26025390625
1533676842.340533,60416,3738.73486328125
1533678821.041347,60928,3724.611328125
1533680799.384216,61440,3717.866455078125
1533682793.2466738,61952,4311.79638671875
1533684797.2575667,62464,3904.715576171875
1533686784.547214,62976,3814.84326171875
1533688771.7180622,63488,4021.35400390625
1533690769.4899502,64000,4067.181640625
1533692752.53319,64512,3510.982666015625
1533694737.0588028,65024,3936.081787109375
1533696722.1378467,65536,3964.44482421875
1533698706.3940153,66048,3805.901123046875
1533700703.476041,66560,4214.60302734375
1533702701.4588752,67072,3933.1416015625
1533704689.4860728,67584,3855.953125
1533706674.585381,68096,3872.858642578125
1533708675.1520371,68608,4096.751953125
1533710685.195701,69120,3989.806640625
1533712687.4271429,69632,4147.193359375
1533714697.4559076,70144,4287.18798828125
1533716692.9908762,70656,4387.29345703125
1533718706.386825,71168,4067.51953125
1533720708.0795884,71680,4264.00244140625
1533722708.352975,72192,4447.1767578125
1533724700.6201572,72704,4146.4912109375
1533726706.5550244,73216,4086.294677734375
1533728701.113203,73728,4400.06103515625
1533730692.413796,74240,4535.77099609375
1533732678.7063115,74752,4275.58984375
1533734661.6436784,75264,4422.57177734375
1533736664.1814399,75776,4700.435546875
1533738667.018401,76288,4703.82861328125
1533740671.6717937,76800,4816.89404296875
1533742691.891209,77312,4795.63525390625
1533745706.3184562,77824,5258.2197265625
1533747702.6456387,78336,4791.58935546875
1533749699.9375064,78848,4916.10205078125
1533751690.5869486,79360,5005.2841796875
1533753694.8686109,79872,4881.47119140625
1533755684.2017379,80384,5277.955078125
1533757675.0681689,80896,5230.583984375
1533759661.664325,81408,5276.36328125
1533761648.7827501,81920,5283.05224609375
1533763647.0610273,82432,5297.126953125
1533765643.6541512,82944,5223.53173828125
1533767626.532945,83456,5122.39404296875
1533769626.4541566,83968,5130.89306640625
1533771620.0464816,84480,5473.41015625
1533773628.775876,84992,5501.87548828125
1533775625.6155822,85504,5583.5732421875
1533777625.0466058,86016,5465.828125
1533779628.8605776,86528,5546.41162109375
1533781625.3338728,87040,5200.02294921875
1533783632.4599638,87552,5433.578125
1533785627.1878762,88064,5377.9111328125
1533787632.7221262,88576,5742.3486328125
1533789623.3432858,89088,5641.67236328125
1533791615.336812,89600,5468.82958984375
1533793612.2790065,90112,5847.5263671875
1533795612.834658,90624,5771.7314453125
1533797600.4981678,91136,6119.421875
1533799591.990699,91648,5533.439453125
1533801580.0597074,92160,5601.3232421875
1533803571.0897775,92672,5939.44140625
1533805559.2621589,93184,5698.45458984375
1533807544.4035683,93696,5835.0927734375
1533809542.6250796,94208,5533.29736328125
1533811536.6099198,94720,5887.20947265625
1533813526.1306925,95232,5723.39990234375
1533815519.8802567,95744,5917.14306640625
1533817504.941701,96256,6133.76025390625
1533819500.9567194,96768,6131.64990234375
1533821498.5036402,97280,5977.3828125
