wall_time,step,value
1531609998.031927,128,24.058685302734375
1531610188.9379816,256,20.504615783691406
1531610379.9527218,384,14.724278450012207
1531610571.0174763,512,14.85244369506836
1531610952.8188665,640,13.29569149017334
1531611143.727764,768,12.969002723693848
1531611334.480288,896,11.200155258178711
1531611525.4814594,1024,11.226969718933105
1531611927.3568602,1152,11.459738731384277
1531612118.1887684,1280,11.567414283752441
1531612309.0359323,1408,11.254855155944824
1531670403.6897752,1664,12.51933765411377
1531670594.3885598,1792,10.933553695678711
1531670785.1699874,1920,11.076704025268555
1531670976.0225651,2048,10.732856750488281
1531671363.9386494,2176,10.559823989868164
1531671554.5536218,2304,12.34299373626709
1531671745.4154658,2432,10.072775840759277
1531671936.1737888,2560,13.10544204711914
1531672320.2163937,2688,9.918841361999512
1531672511.052813,2816,11.146147727966309
1531672701.9173844,2944,10.306593894958496
1531672892.4716027,3072,10.306519508361816
1531673268.0892437,3200,11.983806610107422
1531673458.907799,3328,10.900673866271973
1531673649.7522876,3456,10.98166561126709
1531673840.7667246,3584,10.617852210998535
1531674201.219337,3712,11.523039817810059
1531674392.2837386,3840,10.431944847106934
1531674583.208038,3968,12.92342472076416
1531674774.1685407,4096,12.051804542541504
1531675136.664819,4224,10.760159492492676
1531675327.63084,4352,10.911646842956543
1531675518.527221,4480,10.401768684387207
1531675709.4201114,4608,10.073375701904297
1531676066.5348105,4736,10.423574447631836
1531676257.3713799,4864,11.39503288269043
1531676448.2597866,4992,9.974096298217773
1531676639.1225126,5120,11.638190269470215
1531677006.4357984,5248,10.709417343139648
1531677197.4283836,5376,10.543702125549316
1531677388.5555017,5504,11.216350555419922
1531677579.64708,5632,10.525688171386719
1531677944.349597,5760,9.72571849822998
1531678135.4539318,5888,10.551810264587402
1531678326.5174193,6016,11.2889986038208
1531678517.6364586,6144,10.784086227416992
1531678888.4109008,6272,10.011878967285156
1531679079.235028,6400,9.866740226745605
1531679270.1850743,6528,10.457408905029297
1531679461.0492609,6656,10.802960395812988
1531679831.7819285,6784,9.595102310180664
1531680022.7113914,6912,10.574366569519043
1531680213.67967,7040,9.98635196685791
1531680404.6532054,7168,11.660937309265137
1531680776.8165405,7296,10.18674087524414
1531680967.8368437,7424,10.520187377929688
1531681158.8884134,7552,9.491456031799316
1531681349.7049987,7680,10.607978820800781
1531681722.6046286,7808,9.733424186706543
1531681913.7203348,7936,10.210972785949707
1531682104.8417506,8064,10.281848907470703
1531682295.926521,8192,9.81541633605957
1531682669.169145,8320,10.28698444366455
1531682860.2834404,8448,11.132996559143066
1531683051.2408888,8576,11.321144104003906
1531683242.3481917,8704,9.830121040344238
1531683619.5589294,8832,11.60604476928711
1531683810.4878986,8960,9.852066993713379
1531684001.4097779,9088,9.764740943908691
1531684192.2842271,9216,9.632993698120117
1531684564.6852846,9344,10.085648536682129
1531684755.6872578,9472,10.332372665405273
1531684946.6318245,9600,11.07490348815918
1531685137.7219605,9728,9.839155197143555
1531685512.105902,9856,9.989411354064941
1531685703.0253491,9984,10.529533386230469
1531685894.0252864,10112,10.896528244018555
1531686085.0264006,10240,10.467825889587402
1531686463.0993998,10368,9.77252197265625
1531686653.9502623,10496,10.241971969604492
1531686844.772175,10624,9.694066047668457
1531687035.5640197,10752,10.094351768493652
1531687409.937962,10880,9.697932243347168
1531687600.751687,11008,9.923152923583984
1531687791.5837157,11136,10.04600715637207
1531687982.435218,11264,9.801817893981934
1531688353.5512323,11392,9.686413764953613
1531688544.5320096,11520,9.674636840820312
1531688735.5959654,11648,10.105611801147461
1531688926.5790293,11776,10.169886589050293
1531689297.7164712,11904,10.490608215332031
1531689488.7289636,12032,9.585911750793457
1531689679.7435136,12160,9.350790023803711
1531689870.9320145,12288,10.016809463500977
1531690243.4710095,12416,10.019381523132324
1531690434.4860656,12544,9.358651161193848
1531690625.4869058,12672,9.601529121398926
1531690816.3365424,12800,9.363204956054688
1531691188.1038713,12928,9.289359092712402
1531691379.0531693,13056,9.559798240661621
1531691570.2624874,13184,10.270838737487793
1531691761.417141,13312,10.06772518157959
1531692133.461173,13440,9.845632553100586
1531692324.3798842,13568,9.307132720947266
1531692515.5385385,13696,9.608489990234375
1531692706.4853013,13824,9.997885704040527
1531693080.7661567,13952,9.443848609924316
1531693271.8844974,14080,9.94778060913086
1531693462.8918169,14208,9.84310531616211
1531693653.9551911,14336,9.6647367477417
1531694029.0302334,14464,9.60606575012207
1531694219.8281574,14592,9.944557189941406
1531694410.602502,14720,9.64175796508789
1531694601.5471056,14848,9.553349494934082
1531694972.2252207,14976,9.699305534362793
1531695163.1461244,15104,9.501476287841797
1531695354.1351035,15232,9.576462745666504
1531695545.0899549,15360,9.60962200164795
1531695914.6644793,15488,10.166191101074219
1531696105.6896727,15616,9.65938663482666
1531696296.6009781,15744,9.90886402130127
1531696487.5176063,15872,9.852642059326172
1531696858.568575,16000,10.018387794494629
1531697049.5872016,16128,9.642810821533203
1531697240.5256562,16256,10.890338897705078
1531701354.1165075,16512,10.689024925231934
1531701545.1088996,16640,9.649117469787598
1531701736.0590506,16768,10.447786331176758
1531701926.986492,16896,9.68726921081543
1531702292.4902346,17024,10.864585876464844
1531702483.4833012,17152,10.50568675994873
1531702674.3326726,17280,9.552604675292969
1531702865.294135,17408,9.365748405456543
1531703231.0572786,17536,9.416850090026855
1531703422.1371975,17664,9.8350191116333
1531703613.360832,17792,10.41894245147705
1531703804.3679051,17920,10.098342895507812
1531704173.33962,18048,9.469525337219238
1531704364.3544204,18176,9.854681015014648
1531704555.3678954,18304,9.7015962600708
1531704746.3214364,18432,10.576006889343262
1531705116.0137317,18560,10.213932037353516
1531705307.0466945,18688,9.311002731323242
1531705498.126736,18816,9.833066940307617
1531705689.1703362,18944,10.59172534942627
1531706055.8073094,19072,9.365232467651367
1531706246.8454869,19200,9.472383499145508
1531706438.0424361,19328,9.15339183807373
1531706629.1968045,19456,10.064956665039062
1531707001.3001418,19584,10.19128704071045
1531707192.449439,19712,11.853254318237305
1531707383.6078954,19840,9.725626945495605
1531707574.669942,19968,9.958396911621094
1531707943.521009,20096,9.408873558044434
1531708134.5173278,20224,9.980097770690918
1531708325.676603,20352,9.648874282836914
1531708516.6945233,20480,9.799365997314453
1531708886.299599,20608,9.64401912689209
1531709077.5289984,20736,9.595381736755371
1531709268.4727516,20864,9.991072654724121
1531709459.550567,20992,9.898591041564941
1531709829.809924,21120,10.039604187011719
1531710020.7947924,21248,10.429821968078613
1531710211.8275204,21376,10.33690071105957
1531710403.0531359,21504,10.943991661071777
1531710771.2265475,21632,9.552014350891113
1531710962.3318665,21760,9.4114990234375
1531711153.4420002,21888,9.293329238891602
1531711344.6350732,22016,9.706886291503906
1531711715.9825926,22144,10.275504112243652
1531711907.0788639,22272,9.142215728759766
1531712098.2958431,22400,10.237248420715332
1531712289.2369478,22528,9.972593307495117
1531712658.7592373,22656,9.793549537658691
1531712849.7519495,22784,9.738490104675293
1531713040.6058924,22912,9.459712982177734
1531713231.3694818,23040,10.037688255310059
1531713599.8440046,23168,9.231184005737305
1531713790.8879125,23296,9.847826957702637
1531713982.0985088,23424,9.656556129455566
1531714173.1752963,23552,10.303295135498047
1531714545.8475327,23680,9.81666374206543
1531714736.8964972,23808,10.186455726623535
1531714927.9855328,23936,9.694068908691406
1531715119.0823178,24064,9.762075424194336
1531715489.7640865,24192,9.365246772766113
1531715680.818785,24320,9.419743537902832
1531715871.9026928,24448,9.730834007263184
1531716062.7594416,24576,10.099583625793457
1531716431.7242854,24704,10.113876342773438
1531716622.7358007,24832,9.722498893737793
1531716813.7697787,24960,9.63225269317627
1531717004.773346,25088,9.59597110748291
1531717374.584658,25216,9.640373229980469
1531717565.4363217,25344,9.089339256286621
1531717756.4715173,25472,9.15687370300293
1531717947.21466,25600,10.120872497558594
1531718315.8162792,25728,9.360806465148926
1531718506.7777827,25856,10.483378410339355
1531718697.8727815,25984,9.717801094055176
1531718888.9693546,26112,9.926582336425781
1531719260.7130983,26240,9.638992309570312
1531719451.6965723,26368,10.518213272094727
1531719642.76582,26496,9.898033142089844
1531719833.8191981,26624,9.58262825012207
1531720199.654544,26752,9.290313720703125
1531720390.5641167,26880,10.525708198547363
1531720581.2958574,27008,9.564493179321289
1531720772.4181073,27136,9.423975944519043
1531721145.966893,27264,9.74402904510498
1531721337.0981114,27392,9.755691528320312
1531721528.227554,27520,10.174351692199707
1531721719.061575,27648,9.457074165344238
1531722090.519769,27776,9.616271018981934
1531722281.5990524,27904,9.281455039978027
1531722472.6860237,28032,9.684989929199219
1531722663.973395,28160,9.64616870880127
1531723029.2204878,28288,10.297224044799805
1531723220.4734118,28416,9.724104881286621
1531723411.5817673,28544,9.658538818359375
1531723602.7127602,28672,9.332843780517578
1531723972.1447065,28800,9.161276817321777
1531724163.301647,28928,9.718182563781738
1531724354.3740606,29056,10.0531005859375
1531724545.6205935,29184,9.365668296813965
1531724916.5987399,29312,9.38211441040039
1531725107.5932705,29440,9.426847457885742
1531725298.6694791,29568,10.039246559143066
1531725489.6687431,29696,10.303864479064941
1531725859.8945189,29824,9.174575805664062
1531726050.877338,29952,10.011585235595703
1531726242.0105965,30080,9.736331939697266
1531726433.1009357,30208,9.10819149017334
1531726806.541825,30336,9.538191795349121
1531726997.5139873,30464,10.438769340515137
1531727188.565029,30592,9.733389854431152
1531727379.7488966,30720,10.104082107543945
1531727751.4641783,30848,9.606200218200684
1531727942.5161836,30976,9.841459274291992
1531728133.6677308,31104,10.242996215820312
1531728324.8797328,31232,9.674433708190918
1531728691.8297904,31360,9.828145027160645
1531728882.7420256,31488,9.922657012939453
1531729073.734221,31616,9.580995559692383
1531729264.860128,31744,9.642671585083008
1531729639.779574,31872,9.681337356567383
1531729830.9578793,32000,9.227323532104492
1531730022.0158381,32128,10.639900207519531
1531730213.219223,32256,9.473341941833496
1531730581.9231255,32384,10.180027961730957
1531730773.0033882,32512,11.008464813232422
1531730964.1692326,32640,9.993215560913086
1531737405.214607,32896,9.350274085998535
1531737601.7325428,33024,9.731772422790527
1531737798.3194168,33152,10.712779998779297
1531737994.8735497,33280,9.981539726257324
1531738366.3657901,33408,10.64441967010498
1531738557.14334,33536,9.343541145324707
1531738748.0245976,33664,9.583712577819824
1531738938.8014905,33792,9.395125389099121
1531739310.204685,33920,9.875954627990723
1531739500.983033,34048,9.450823783874512
1531739691.8164432,34176,9.089850425720215
1531739882.7557907,34304,10.02409839630127
1531740257.7429335,34432,9.42044448852539
1531740448.6197426,34560,9.601560592651367
1531740639.5136201,34688,9.575811386108398
1531740830.3553443,34816,10.581405639648438
1531741204.161117,34944,9.598084449768066
1531741395.0231178,35072,10.855140686035156
1531741585.859153,35200,9.396671295166016
1531741776.7779691,35328,9.271332740783691
1531742145.273171,35456,9.373154640197754
1531742336.098427,35584,9.399319648742676
1531742527.0259297,35712,9.580310821533203
1531742718.0532994,35840,9.369607925415039
1531743089.6381457,35968,9.551809310913086
1531743280.4648478,36096,9.430265426635742
1531743471.417012,36224,9.68886661529541
1531743662.3097258,36352,10.108335494995117
1531744033.2392273,36480,9.309410095214844
1531744224.3583386,36608,9.790613174438477
1531744415.4778152,36736,9.777565002441406
1531744606.5497253,36864,9.644104957580566
1531744973.7384973,36992,9.552578926086426
1531745164.812754,37120,9.357821464538574
1531745355.993117,37248,9.523130416870117
1531745547.0615578,37376,9.480972290039062
1531745915.1130922,37504,9.25787353515625
1531746106.0626326,37632,9.526755332946777
1531746297.1007223,37760,9.40347671508789
1531746488.2852507,37888,9.28384780883789
1531746860.3103116,38016,10.52471923828125
1531747051.2782414,38144,9.613548278808594
1531747242.159243,38272,9.610025405883789
1531747433.22258,38400,9.504690170288086
1531747805.6045685,38528,9.671481132507324
1531747996.480742,38656,9.685855865478516
1531748187.4464595,38784,10.407965660095215
1531763466.063853,39040,9.661727905273438
1531763662.7898395,39168,9.325593948364258
1531763859.4803216,39296,10.541966438293457
1531764056.2359748,39424,9.311894416809082
1531764429.2447703,39552,9.324914932250977
1531764620.2973237,39680,9.70014476776123
1531764811.3509076,39808,9.27003288269043
1531765002.4225254,39936,10.093469619750977
1531765368.3661451,40064,9.413647651672363
1531765559.3894484,40192,9.884551048278809
1531765750.4537187,40320,9.824861526489258
1531765941.5191004,40448,10.247421264648438
1531766316.706764,40576,10.005963325500488
1531766507.804021,40704,9.669897079467773
1531766699.0480623,40832,9.705957412719727
1531766890.184387,40960,9.273777961730957
1531767265.6859918,41088,9.792911529541016
1531767456.639824,41216,10.215275764465332
1531767647.675288,41344,9.923176765441895
1531767838.7070587,41472,9.999459266662598
1531768208.5477116,41600,9.625832557678223
1531768399.4525328,41728,9.333946228027344
1531768590.4979503,41856,10.19180965423584
1531768781.440651,41984,9.61022663116455
1531769152.4647982,42112,9.456957817077637
1531769343.2306902,42240,10.33713150024414
1531769534.0936315,42368,9.49068832397461
1531769725.1043448,42496,9.553144454956055
1531770097.0929499,42624,10.642243385314941
1531770287.9818642,42752,9.832110404968262
1531770479.0642457,42880,9.322386741638184
1531770670.1011128,43008,9.948264122009277
1531771042.7330117,43136,10.76772403717041
1531771233.6747565,43264,9.67976188659668
1531771424.6727223,43392,10.542219161987305
1531772582.3612,43648,9.720294952392578
1531772778.895276,43776,9.93266773223877
1531772975.5682836,43904,9.442564010620117
1531773172.0904913,44032,9.067317008972168
1531773542.5653393,44160,9.780574798583984
1531773733.516561,44288,9.671072959899902
1531773924.446052,44416,9.738960266113281
1531774115.4828942,44544,9.50696086883545
1531774480.4554179,44672,9.451925277709961
1531774671.380917,44800,9.92582893371582
1531774862.1638925,44928,9.738726615905762
1531775053.1461322,45056,9.85938549041748
1531775422.2724876,45184,9.673999786376953
1531775612.950139,45312,9.89383602142334
1531775803.6125357,45440,9.368858337402344
1531775994.308357,45568,9.392546653747559
1531776365.6021094,45696,9.246220588684082
1531776556.2162595,45824,9.192294120788574
1531776746.8396368,45952,9.540266036987305
1531776937.4656537,46080,10.025006294250488
1531777301.3505034,46208,10.296053886413574
1531777492.0291622,46336,11.063493728637695
1531777682.6748562,46464,9.453954696655273
1531777873.2735999,46592,9.092061042785645
1531778245.0690317,46720,9.292659759521484
1531778435.801111,46848,10.063843727111816
1531778626.5520642,46976,10.154706954956055
1531778817.3411353,47104,9.279126167297363
1531779192.9511526,47232,9.086413383483887
1531779383.951432,47360,9.236480712890625
1531779574.8342664,47488,10.010871887207031
1531779765.7714927,47616,10.054990768432617
1531780134.7132165,47744,9.968029022216797
1531780325.7021646,47872,9.393537521362305
1531780516.6376908,48000,9.524442672729492
1531780707.783939,48128,10.115507125854492
1531781075.9279828,48256,9.646933555603027
1531781266.8431258,48384,9.286192893981934
1531781457.7412457,48512,9.719136238098145
1531781648.7282577,48640,10.103657722473145
1531782018.029379,48768,9.492118835449219
1531782208.937291,48896,9.505510330200195
1531782399.8580203,49024,9.532330513000488
1531782590.7793396,49152,9.183635711669922
1531782959.6389468,49280,10.347643852233887
1531783150.598173,49408,9.598258018493652
1531783341.5481288,49536,10.22973346710205
1531783532.459792,49664,9.701916694641113
1531783901.3814332,49792,9.742308616638184
1531784092.238046,49920,9.944811820983887
1531784283.1387262,50048,9.9779052734375
1531784474.0879116,50176,9.010574340820312
1531784847.346563,50304,9.593533515930176
1531785038.2651942,50432,9.006349563598633
1531785229.2118468,50560,9.571495056152344
1531785420.120443,50688,10.160116195678711
1531785788.2990823,50816,9.84978199005127
1531785979.1128778,50944,9.511063575744629
1531786169.8820975,51072,9.943663597106934
1531786360.7505789,51200,9.932504653930664
1531786733.3983288,51328,9.719039916992188
1531786923.9278955,51456,9.465689659118652
1531787114.560524,51584,9.842653274536133
1531787305.2370923,51712,9.383666038513184
1531787675.9273028,51840,10.490684509277344
1531787866.6313279,51968,9.599032402038574
1531788057.3865023,52096,9.380724906921387
1531788248.1271071,52224,10.7634916305542
1531788618.2251453,52352,10.350829124450684
1531788808.938924,52480,10.640461921691895
1531788999.7460787,52608,9.271919250488281
1531789190.575272,52736,9.31810474395752
1531789568.847694,52864,10.013285636901855
1531789759.756242,52992,9.29685115814209
1531789950.6296315,53120,9.97031021118164
1531790141.4334884,53248,9.938729286193848
1531790510.8972812,53376,9.977657318115234
1531790701.7988553,53504,9.406170845031738
1531790892.5738804,53632,9.42263126373291
1531791083.5221915,53760,10.273018836975098
1531791455.190016,53888,9.635049819946289
1531791646.0459495,54016,10.065190315246582
1531791836.9560103,54144,9.311781883239746
1531792027.7892177,54272,9.575422286987305
1531792399.6906116,54400,9.21529483795166
1531792590.618121,54528,9.757647514343262
1531792781.5992084,54656,9.560708999633789
1531792972.5303452,54784,9.474942207336426
1531793347.829488,54912,10.122110366821289
1531793538.6482234,55040,9.731097221374512
1531793729.3618698,55168,10.643743515014648
1531793919.9982646,55296,9.123159408569336
1531794294.9192572,55424,8.974870681762695
1531794485.6404624,55552,9.402504920959473
1531794676.2919736,55680,9.433256149291992
1531794866.99314,55808,9.431081771850586
1531795239.0005627,55936,9.447820663452148
1531795429.6404648,56064,9.381622314453125
1531795620.4176323,56192,10.220274925231934
1531795811.1977444,56320,10.148862838745117
1531796181.9608164,56448,9.668059349060059
1531796372.9556344,56576,9.184021949768066
1531796563.8963418,56704,9.867696762084961
1531796754.8149376,56832,9.331395149230957
1531797127.8629699,56960,9.416569709777832
1531797318.660193,57088,10.01089096069336
1531797509.6410978,57216,9.623869895935059
1531797700.5400069,57344,9.787871360778809
1531798075.3904588,57472,9.582250595092773
1531798266.2009878,57600,9.361737251281738
1531798457.1208377,57728,9.877204895019531
1531798648.0511343,57856,9.89586353302002
1531799019.0690706,57984,9.431145668029785
1531799209.797758,58112,9.514094352722168
1531799400.5118675,58240,9.719594955444336
1531799591.2195082,58368,9.857624053955078
1531799960.3727634,58496,9.323417663574219
1531800151.0782053,58624,9.996920585632324
1531800341.793097,58752,9.401249885559082
1531800532.37518,58880,9.267930030822754
1531800902.4963024,59008,9.418387413024902
1531801093.1972747,59136,9.104212760925293
1531801283.9069126,59264,9.704609870910645
1531801474.6921337,59392,8.913909912109375
1531801848.1934347,59520,10.183743476867676
1531802038.8959837,59648,11.471063613891602
1531802229.7577531,59776,9.641550064086914
1531802420.6014683,59904,10.019296646118164
1531802793.5072913,60032,10.44849681854248
1531802984.349505,60160,10.845379829406738
1531803175.274835,60288,9.700077056884766
1531803366.1224892,60416,9.744974136352539
1531803740.465183,60544,9.844090461730957
1531803931.358635,60672,9.742439270019531
1531804122.2312174,60800,9.838216781616211
1531804313.0845113,60928,9.321964263916016
1531804686.3130517,61056,9.611445426940918
1531804877.0279028,61184,9.882556915283203
1531805068.0643232,61312,9.498526573181152
1531805258.9471054,61440,9.355721473693848
1531805634.422459,61568,9.629094123840332
1531805825.2695389,61696,9.874210357666016
1531806016.1939538,61824,9.741277694702148
1531806207.158055,61952,9.429113388061523
1531806580.9036942,62080,9.949392318725586
1531806771.7640893,62208,9.417823791503906
1531806962.5568852,62336,10.150771141052246
1531807153.458752,62464,9.468666076660156
1531807524.9012525,62592,9.44245719909668
1531807715.7654264,62720,9.740216255187988
1531807906.6781611,62848,9.657868385314941
1531808097.4475298,62976,9.930242538452148
1531808472.6810908,63104,10.782013893127441
1531808663.3087466,63232,10.044000625610352
1531808854.1612089,63360,9.608245849609375
1531809044.858342,63488,9.324258804321289
1531809418.6126437,63616,9.182924270629883
1531809609.2463925,63744,9.57352352142334
1531809799.8645601,63872,9.248414993286133
1531809990.599276,64000,9.526605606079102
1531810369.6336632,64128,9.29904556274414
1531810560.3124883,64256,9.645231246948242
1531810751.0150871,64384,9.612212181091309
1531810941.6666014,64512,9.308566093444824
1531811315.539943,64640,10.422101020812988
1531811506.468714,64768,10.332077980041504
1531811697.2589984,64896,9.802512168884277
1531811888.1669183,65024,9.497998237609863
1531812265.794164,65152,9.528085708618164
1531812456.713576,65280,9.357227325439453
1531812647.4885216,65408,9.341471672058105
1531812838.4507897,65536,9.73127269744873
1531813216.474412,65664,9.474746704101562
1531813407.544656,65792,9.498698234558105
1531813598.4692988,65920,9.340582847595215
1531813789.454455,66048,9.781506538391113
1531814167.7245607,66176,9.504735946655273
1531814358.6457071,66304,11.376550674438477
1531814549.6216793,66432,9.488983154296875
1531814740.57602,66560,9.911233901977539
1531815119.6881611,66688,9.772624015808105
1531815310.6766577,66816,11.620478630065918
1531815501.584756,66944,9.73730182647705
1531815692.6018844,67072,9.64733600616455
1531816069.5390935,67200,10.719962120056152
1531816260.4067237,67328,10.06227970123291
1531816451.3210926,67456,9.507865905761719
1531816642.1414685,67584,9.901009559631348
1531817022.4487693,67712,9.31230354309082
1531817213.4776852,67840,10.110734939575195
1531817404.301772,67968,9.7644681930542
1531817595.2474759,68096,9.445423126220703
1531817974.2341437,68224,9.279569625854492
1531818165.0554454,68352,10.291861534118652
1531818356.065412,68480,9.466574668884277
1531818547.0708075,68608,9.504339218139648
1531818928.532064,68736,8.980080604553223
1531819119.4069111,68864,9.95081615447998
1531819310.3938675,68992,9.502216339111328
1531819501.3581645,69120,9.947047233581543
1531819881.2453218,69248,9.265149116516113
1531820072.0448184,69376,9.883744239807129
1531820262.9062898,69504,9.487135887145996
1531820453.7185857,69632,10.352237701416016
1531820833.0626056,69760,9.957144737243652
1531821023.966917,69888,9.685616493225098
1531821214.8595583,70016,9.675893783569336
1531821405.7498226,70144,9.807404518127441
1531821784.088002,70272,9.321922302246094
1531821975.0343642,70400,10.048020362854004
1531822166.0406322,70528,9.366547584533691
1531822356.9086413,70656,9.79040813446045
1531822739.7612293,70784,9.905901908874512
1531822930.6918097,70912,10.375426292419434
1531823121.7005212,71040,9.965473175048828
1531823312.5176454,71168,10.623744010925293
1531823691.5858884,71296,9.769366264343262
1531823882.5564568,71424,9.410660743713379
1531824073.6739476,71552,9.368415832519531
1531824264.7111168,71680,9.294801712036133
1531824642.1837966,71808,9.525491714477539
1531824833.0838118,71936,9.471835136413574
1531825023.9989042,72064,10.005674362182617
1531825214.8986368,72192,9.84471607208252
1531825597.0285096,72320,9.893518447875977
1531825787.7850053,72448,10.06160831451416
1531825978.5994396,72576,10.047436714172363
1531826169.380303,72704,9.310523986816406
1531826549.5694602,72832,9.927950859069824
1531826740.2910445,72960,9.451818466186523
1531826931.260551,73088,9.40900993347168
1531827122.1270976,73216,9.271110534667969
1531827501.810839,73344,9.756656646728516
1531827692.8891797,73472,10.532492637634277
1531827883.9035382,73600,10.360347747802734
1531828074.767235,73728,9.438577651977539
1531828456.7973764,73856,9.803191184997559
1531828647.632727,73984,10.00967025756836
1531828838.5731828,74112,10.410890579223633
1531829029.5001674,74240,9.780740737915039
1531829410.681293,74368,9.114100456237793
1531829601.610691,74496,10.07332706451416
1531829792.598018,74624,9.296286582946777
1531829983.550495,74752,9.307191848754883
1531830363.9394333,74880,9.912253379821777
1531830554.8443727,75008,9.655001640319824
1531830745.64929,75136,10.227254867553711
1531830936.4555125,75264,9.300177574157715
1531831316.406457,75392,9.75985336303711
1531831507.2214963,75520,9.679474830627441
1531831698.1610155,75648,10.75057315826416
1531831889.0892417,75776,9.855508804321289
1531832268.9987328,75904,9.865436553955078
1531832459.8182693,76032,10.524152755737305
1531832650.7158337,76160,9.761411666870117
1531832841.6329057,76288,9.425652503967285
1531833219.526308,76416,9.582050323486328
1531833410.509617,76544,9.990287780761719
1531833601.4103446,76672,10.608911514282227
1531833792.279982,76800,9.538250923156738
1531834169.0750132,76928,9.762008666992188
1531834360.0023885,77056,10.297893524169922
1531834550.9130006,77184,9.111065864562988
1531834741.824081,77312,9.683675765991211
1531835120.037083,77440,9.223793029785156
1531835310.8889897,77568,9.77485466003418
1531835501.769802,77696,9.643501281738281
1531835692.8734496,77824,10.119577407836914
1531915877.8518496,77952,8.93029499053955
1531916074.5241928,78080,9.561216354370117
1531916271.2829154,78208,9.209765434265137
1531916468.1417093,78336,9.457319259643555
1531916846.4537609,78464,10.414935111999512
1531917037.3911946,78592,9.402270317077637
1531917228.410278,78720,10.44290828704834
1531917419.2894578,78848,9.887722969055176
1531917801.2568786,78976,9.122358322143555
1531917992.425427,79104,10.10539436340332
1531918183.5796428,79232,9.513215065002441
1531918374.5501003,79360,9.714231491088867
1531918747.867499,79488,9.381157875061035
1531918938.9395685,79616,10.0807466506958
1531919129.9484806,79744,10.111480712890625
1531919321.0211933,79872,10.032079696655273
1531919698.2296045,80000,9.403533935546875
1531919889.206272,80128,9.798088073730469
1531920080.2939982,80256,9.524740219116211
1531920271.423102,80384,9.417327880859375
1531920648.586158,80512,10.2416410446167
1531920839.3796072,80640,9.962783813476562
1531921030.4704628,80768,9.14404582977295
1531921221.2326798,80896,9.94337272644043
1531921597.3277192,81024,10.341748237609863
1531921788.0809262,81152,9.151516914367676
1531921978.999404,81280,10.313509941101074
1531922170.0205417,81408,9.417940139770508
1531922549.0108008,81536,9.958584785461426
1531922740.0851574,81664,9.809996604919434
1531922931.2319837,81792,9.80761432647705
1531923122.3581874,81920,9.855070114135742
1531923501.3786232,82048,10.102012634277344
1531923692.3782837,82176,10.202306747436523
1531923883.4968746,82304,10.08813762664795
1531924074.6679888,82432,9.623154640197754
1531924455.8289878,82560,10.156376838684082
1531924646.9781864,82688,9.428603172302246
1531924838.1496868,82816,10.38137435913086
1531925029.355913,82944,10.03905963897705
1531925406.5609024,83072,9.421040534973145
1531925597.7620816,83200,10.483039855957031
1531925788.921761,83328,9.646761894226074
1531925980.014456,83456,9.37206745147705
1531926353.3445415,83584,9.335101127624512
1531926544.585975,83712,10.817256927490234
1531926735.8811705,83840,10.440387725830078
1531926927.0564058,83968,9.928441047668457
1531927302.4450264,84096,9.151932716369629
1531927493.6603916,84224,9.425304412841797
1531927684.8384304,84352,9.923005104064941
1531927876.053663,84480,9.833283424377441
1531928257.7200646,84608,9.33450984954834
1531928448.6659322,84736,10.07990837097168
1531928639.6102195,84864,10.614885330200195
1531928830.664935,84992,9.494122505187988
1531929208.869626,85120,9.679367065429688
1531929399.752341,85248,10.053841590881348
1531929590.7385914,85376,9.531977653503418
1531929781.793137,85504,9.718059539794922
1531930159.150381,85632,9.356413841247559
1531930350.154992,85760,10.027985572814941
1531930541.2900496,85888,9.408171653747559
1531930732.4599907,86016,9.846668243408203
1531931113.291158,86144,11.653997421264648
1531931304.2591712,86272,10.326939582824707
1531931495.1925554,86400,10.189831733703613
1531931686.2447963,86528,10.213214874267578
1531932063.784986,86656,10.117860794067383
1531932254.2122705,86784,9.334491729736328
1531932444.6304016,86912,9.71052360534668
1531932634.9098036,87040,9.302827835083008
1531933014.2173717,87168,9.314652442932129
1531933204.6710088,87296,9.54440689086914
1531933395.2153687,87424,9.738337516784668
1531933585.6426644,87552,9.204507827758789
1531933965.5868149,87680,9.13432502746582
1531934156.055712,87808,9.708189964294434
1531934346.552603,87936,9.653271675109863
1531934537.1031454,88064,9.944072723388672
1531934917.212835,88192,9.902426719665527
1531935107.8282685,88320,9.39378547668457
1531935298.336355,88448,9.525601387023926
1531935488.9556155,88576,10.634871482849121
1531935869.538095,88704,9.898240089416504
1531936059.9416268,88832,10.12572193145752
1531936250.5680213,88960,9.93797779083252
1531936440.9899561,89088,9.692485809326172
1531936819.7216492,89216,9.841105461120605
1531937010.3168716,89344,10.140292167663574
1531937200.9844162,89472,9.22800350189209
1531937391.6407523,89600,9.836039543151855
1531937769.2311134,89728,9.871883392333984
1531937959.7640982,89856,10.096709251403809
1531938150.4253104,89984,10.082731246948242
1531938340.9356768,90112,9.446553230285645
1531938723.649652,90240,9.612972259521484
1531938913.9785743,90368,9.672531127929688
1531939104.4077752,90496,10.478967666625977
1531939294.7435641,90624,9.342623710632324
1531939674.7745144,90752,9.069714546203613
1531939865.3393574,90880,9.851033210754395
1531940055.9201725,91008,10.17579460144043
1531940246.4713848,91136,9.625782012939453
1531940626.452995,91264,9.653483390808105
1531940816.8991811,91392,9.691560745239258
1531941007.464321,91520,10.387495994567871
1531941197.958713,91648,9.543383598327637
1531941576.6834528,91776,9.968355178833008
1531941767.2842193,91904,9.613771438598633
1531941957.8465824,92032,10.528155326843262
1531942148.456675,92160,9.492238998413086
1531942527.516692,92288,9.474919319152832
1531942718.1763546,92416,9.593652725219727
1531942908.6462076,92544,10.774595260620117
1531943099.156247,92672,9.720964431762695
1531943478.389187,92800,10.53866958618164
1531943668.788756,92928,9.650640487670898
1531943859.290862,93056,9.52415657043457
1531944049.9819882,93184,9.589710235595703
1531944432.2289615,93312,9.698960304260254
1531944622.7339313,93440,10.246095657348633
1531944813.2813668,93568,9.59853744506836
1531945003.8221998,93696,10.750325202941895
1531945381.071489,93824,10.013788223266602
1531945571.5105143,93952,9.345623016357422
1531945762.0561783,94080,9.160149574279785
1531945952.7006905,94208,11.004338264465332
1531946333.2821956,94336,9.786005020141602
1531946523.702981,94464,9.204545021057129
1531946714.179904,94592,9.828996658325195
1531946904.5361185,94720,10.384500503540039
1531947285.2827594,94848,9.404617309570312
1531947475.6255462,94976,9.234586715698242
1531947666.0455816,95104,9.737629890441895
1531947856.4088566,95232,9.180956840515137
1531948236.6883905,95360,9.401342391967773
1531948427.0581543,95488,9.691588401794434
1531948617.4796822,95616,9.459447860717773
1531948807.9382784,95744,10.124643325805664
1531949189.241087,95872,12.585001945495605
1531949379.7058485,96000,10.505242347717285
1531949570.2752526,96128,9.565458297729492
1531949760.766306,96256,10.475131034851074
1531950142.5350556,96384,9.803366661071777
1531950333.0221834,96512,10.317052841186523
1531950523.4613893,96640,9.821263313293457
1531950714.0192263,96768,9.3561372756958
1531951100.8860202,96896,9.137555122375488
1531951291.2974832,97024,9.164604187011719
1531951481.779491,97152,10.478293418884277
1531951672.276215,97280,9.663762092590332
1531952054.863918,97408,10.017696380615234
1531952245.356068,97536,9.862998008728027
