wall_time,step,value
1531051263.548378,512,122.35820007324219
1531051790.0386732,1024,9.615901947021484
1531052305.950537,1536,-3.8348751068115234
1531052824.4005413,2048,-7.771752834320068
1531053338.704078,2560,-2.9420676231384277
1531053859.692829,3072,-6.307769775390625
1531054377.8688557,3584,-4.921584129333496
1531054895.2410152,4096,-5.720986366271973
1531055411.0586748,4608,-8.454426765441895
1531055927.9782515,5120,-3.854557991027832
1531056443.6437182,5632,-4.6908063888549805
1531056959.5571098,6144,-4.412334442138672
1531057474.1925433,6656,-1.525665283203125
1531057987.3323479,7168,-3.8207972049713135
1531058501.5678313,7680,0.07652407884597778
1531059012.9780562,8192,-4.692165374755859
1531059525.6159837,8704,-1.4669864177703857
1531060037.918529,9216,-1.521044135093689
1531060551.1775568,9728,1.3505553007125854
1531061064.4688828,10240,-1.2921704053878784
1531061576.9953573,10752,-2.326024293899536
1531062088.818426,11264,-0.2383674830198288
1531062602.2846086,11776,-2.017523765563965
1531063114.4728932,12288,-2.440026044845581
1531063628.300708,12800,-3.6210620403289795
1531064141.2981331,13312,-2.623866558074951
1531064653.8946579,13824,-2.44881534576416
1531065166.7206705,14336,-4.521030902862549
1531065678.8419993,14848,-2.9345498085021973
1531066194.366839,15360,1.271355152130127
1531066706.949469,15872,-3.7683372497558594
1531067221.9546604,16384,-2.6119489669799805
1531067734.8299427,16896,-3.36873722076416
1531068247.1872633,17408,-2.2142584323883057
1531068758.8034213,17920,-2.2833170890808105
1531069271.8661876,18432,-0.6990476846694946
1531069785.0879169,18944,-2.98958158493042
1531070299.3491588,19456,-4.451833724975586
1531070812.636676,19968,-2.9340832233428955
1531071325.6840973,20480,-4.854966163635254
1531071838.9899826,20992,-2.918459177017212
1531072354.2758508,21504,-1.5157325267791748
1531072868.7212355,22016,-4.675421714782715
1531073383.957851,22528,-5.1434855461120605
1531073898.5018916,23040,-7.119348526000977
1531074412.847621,23552,-1.8056747913360596
1531074927.338089,24064,-4.965023040771484
1531075441.7996514,24576,-3.484386920928955
1531075958.005535,25088,-6.687553882598877
1531076473.8660383,25600,-5.400726318359375
1531076988.6510763,26112,-4.9897141456604
1531077503.088054,26624,-3.3402061462402344
1531078016.9264872,27136,-2.7925033569335938
1531078531.914009,27648,-3.8879308700561523
1531079045.57602,28160,-2.951193332672119
1531079561.7421649,28672,-3.018435478210449
1531080078.2919188,29184,-3.115438938140869
1531080592.775905,29696,-5.429006576538086
1531081107.1875784,30208,-5.900676727294922
1531081624.0193658,30720,-7.874719619750977
1531082140.7427475,31232,-5.861577033996582
1531082658.020686,31744,-5.492027759552002
1531083172.3216755,32256,-6.658899307250977
1531083688.0538902,32768,-7.987642765045166
1531084203.541118,33280,-0.6162275075912476
1531084721.523051,33792,-6.266448974609375
1531085239.5727913,34304,-2.9069366455078125
1531085755.4421353,34816,-3.851818084716797
1531086271.5386262,35328,-0.5515050888061523
1531086786.7078586,35840,-1.45704984664917
1531087302.16138,36352,-2.036555290222168
1531087820.5338643,36864,-0.23395176231861115
1531223285.6297247,37888,-3.064800500869751
1531223794.6967247,38400,-2.3943777084350586
1531224305.7429526,38912,-1.3225171566009521
1531224817.3378105,39424,-2.3485212326049805
1531225329.4261816,39936,-0.34321480989456177
1531277565.6306372,40960,-1.2640788555145264
1531278075.6295974,41472,-1.019639492034912
1531278584.883706,41984,-0.24033187329769135
1531279094.9758954,42496,-2.188311815261841
1531279605.057875,43008,-0.6369940638542175
1531280115.4351115,43520,1.2248826026916504
1531280625.6599195,44032,-4.875436782836914
1531281136.5537822,44544,1.6252758502960205
1531281646.9072204,45056,-3.440244197845459
1531282158.643948,45568,-3.331162452697754
1531282671.6189249,46080,-5.212390899658203
1531283183.7173727,46592,-0.14150011539459229
1531283695.3252974,47104,-0.4130023419857025
1531284205.75679,47616,-0.3789260983467102
1531284717.1682022,48128,-0.8188004493713379
1531285229.260137,48640,-2.342665910720825
1531285741.65209,49152,0.2158111333847046
1531286255.5033464,49664,0.6762903928756714
1531286765.9253907,50176,0.24559642374515533
1531287277.8238845,50688,-1.859877109527588
1531287790.2272093,51200,1.0220223665237427
1531288300.6625657,51712,0.8009907007217407
1531288813.2783155,52224,-2.6359570026397705
1531289325.1717813,52736,-2.0027475357055664
1531289835.0515664,53248,-1.3656896352767944
1531290345.9427607,53760,-4.802074432373047
1531290859.1431167,54272,-1.0904340744018555
1531291371.8902676,54784,-2.4200196266174316
1531291885.08826,55296,-3.167309045791626
1531292398.722666,55808,-2.9630987644195557
1531292912.4190762,56320,-3.0135250091552734
1531293426.770502,56832,-2.08577299118042
1531293939.2120924,57344,-2.0300402641296387
1531294454.1881409,57856,-1.9929440021514893
1531294967.8592117,58368,-0.16921937465667725
1531295483.6528604,58880,2.977081775665283
1531295998.9630573,59392,-5.474005222320557
1531296512.7790425,59904,1.995544195175171
1531297025.9367378,60416,0.7492632865905762
1531297539.4258847,60928,-2.740535259246826
1531298052.4647453,61440,0.9745168685913086
1531298565.8033836,61952,-2.458329677581787
1531299078.154588,62464,-2.255448341369629
1531299591.6767356,62976,-2.9366722106933594
1531300106.1258147,63488,0.7012168169021606
1531300620.43604,64000,-1.2525255680084229
1531301134.1359837,64512,-0.4279269576072693
1531301648.353987,65024,-0.5422525405883789
1531302163.9244974,65536,-0.886252224445343
1531302678.4354503,66048,-4.2518792152404785
1531303191.281497,66560,-1.1039698123931885
1531303706.6054542,67072,-1.3499057292938232
1531304220.5409384,67584,-0.6036908626556396
1531304735.106189,68096,1.234237551689148
1531305248.7075832,68608,0.16034476459026337
1531305761.699141,69120,-1.125241756439209
1531306274.5110104,69632,2.441162586212158
1531306787.8155096,70144,-2.0377845764160156
1531307300.7088807,70656,-0.8594525456428528
1531307813.9070425,71168,-1.119592547416687
1531308326.6649928,71680,-2.1575279235839844
1531308839.6164603,72192,0.1401001662015915
1531309352.8405478,72704,0.0617249570786953
1531309865.2856648,73216,-1.0797398090362549
1531310380.6211863,73728,-0.0026243850588798523
1531310894.5251844,74240,-1.3461253643035889
1531311406.5942738,74752,-0.813229501247406
1531311920.9088492,75264,-2.8978395462036133
1531312433.9859672,75776,0.872422993183136
1531312947.8184433,76288,-3.252028226852417
1531313462.5114372,76800,-0.7165030241012573
1531313977.4670672,77312,-0.5643903613090515
1531322261.277771,78336,1.4063633680343628
1531322771.1807663,78848,-0.3098446726799011
1531323279.9605122,79360,-1.3929455280303955
1531323789.6441638,79872,0.5831090211868286
1531324298.3601913,80384,-0.15035434067249298
1531324806.6854825,80896,0.12561151385307312
1531325314.5252278,81408,1.0818376541137695
1531325823.5708842,81920,0.9948964715003967
1531326333.13347,82432,-1.2797038555145264
1531326841.8562486,82944,2.4389219284057617
1531327351.55747,83456,-1.1009074449539185
1531327861.03993,83968,0.46459880471229553
1531328370.5081394,84480,2.123891830444336
1531328880.6213558,84992,-2.9881839752197266
1531329390.718446,85504,1.1431634426116943
1531329900.7359667,86016,1.732089877128601
1531330410.2223017,86528,-0.7343867421150208
1531330920.5111887,87040,-0.4310331344604492
1531331430.0311732,87552,-2.214961051940918
1531331941.1882493,88064,-1.4873766899108887
1531332451.2106154,88576,1.8254536390304565
1531332959.6987064,89088,-2.159339427947998
1531333470.322137,89600,0.45568177103996277
1531333980.1757736,90112,2.3185267448425293
1531334489.2412179,90624,0.9622616767883301
1531334999.8741744,91136,-4.5582451820373535
1531335510.037744,91648,-0.49936890602111816
1531336022.4701152,92160,0.0063469065353274345
1531336532.3742633,92672,-1.825713872909546
1531337044.34446,93184,-3.44687557220459
1531337555.7609253,93696,-1.0017601251602173
1531338067.1267972,94208,-2.764509677886963
1531338576.6414104,94720,0.42275774478912354
1531339088.4049034,95232,-2.6808087825775146
1531339599.9075902,95744,-2.8251142501831055
1531340111.4919336,96256,-1.088793396949768
1531340620.7217815,96768,-2.7413721084594727
1531341133.0832446,97280,1.618595838546753
