wall_time,step,value
1531009531.9613945,128,1.4130535125732422
1531009651.3116648,256,0.8515784740447998
1531009770.8014607,384,0.3263610005378723
1531009890.2828038,512,0.2478560507297516
1531010124.05875,640,0.213941752910614
1531010243.4317715,768,0.19697941839694977
1531010362.8227255,896,0.1694066822528839
1531010482.181223,1024,0.19685253500938416
1531010705.5396497,1152,0.17511291801929474
1531010824.8024092,1280,0.14229825139045715
1531010944.1166458,1408,0.13120940327644348
1531011063.4925215,1536,0.13672156631946564
1531011278.5695305,1664,0.10390164703130722
1531011398.2098284,1792,0.09925662726163864
1531011517.70652,1920,0.10498650372028351
1531011637.1165268,2048,0.11342319846153259
1531011848.9261467,2176,0.10203380882740021
1531011968.453222,2304,0.09593338519334793
1531012088.007876,2432,0.11593874543905258
1531012207.5781229,2560,0.08919601887464523
1531012424.9918258,2688,0.10338570177555084
1531012544.4507222,2816,0.08809463679790497
1531012664.0239546,2944,0.09178358316421509
1531012783.5263972,3072,0.0980595126748085
1531012994.7065973,3200,0.08707946538925171
1531013114.1348755,3328,0.08485972881317139
1531013233.691444,3456,0.09338847547769547
1531013353.117633,3584,0.0716237872838974
1531013564.7577538,3712,0.09303779900074005
1531013684.0705423,3840,0.08569595217704773
1531013803.5904741,3968,0.0673789381980896
1531013923.0797124,4096,0.08067391812801361
1531014133.050191,4224,0.07455752789974213
1531014252.4767985,4352,0.06551271677017212
1531014371.91785,4480,0.09165328741073608
1531014491.458641,4608,0.08471296727657318
1531014699.853451,4736,0.05802907049655914
1531014819.357435,4864,0.07744355499744415
1531014938.9393508,4992,0.05369018018245697
1531015058.4663653,5120,0.06274842470884323
1531015266.79031,5248,0.05811721086502075
1531015386.3290153,5376,0.06998017430305481
1531015505.6467822,5504,0.062499016523361206
1531015625.2410088,5632,0.07779018580913544
1531015835.3196492,5760,0.06369344890117645
1531015954.7977724,5888,0.06525388360023499
1531016074.041427,6016,0.06833150237798691
1531016193.5129068,6144,0.08229777216911316
1531016406.5422146,6272,0.07217356562614441
1531016526.0539284,6400,0.050277262926101685
1531016645.5061662,6528,0.05561432987451553
1531016765.0451736,6656,0.06965358555316925
1531016977.3138993,6784,0.0500158853828907
1531017096.7312229,6912,0.06425061821937561
1531017216.255911,7040,0.05022948235273361
1531017335.7893744,7168,0.057575616985559464
1531017550.585774,7296,0.05974780023097992
1531017669.893697,7424,0.059686675667762756
1531017789.238408,7552,0.05584881082177162
1531017908.6452734,7680,0.049045465886592865
1531018122.9489572,7808,0.05092521384358406
1531018242.388284,7936,0.06060679629445076
1531018361.7449105,8064,0.04338834807276726
1531018481.2362354,8192,0.048812273889780045
1531018693.7624474,8320,0.05751190334558487
1531018813.0804186,8448,0.05030673369765282
1531018932.4573033,8576,0.057658907026052475
1531019051.6474617,8704,0.05680377408862114
1531019267.7004948,8832,0.05036479979753494
1531019387.1418443,8960,0.051448240876197815
1531019506.6099482,9088,0.046660587191581726
1531019626.038322,9216,0.04392460733652115
1531019839.4427114,9344,0.03962137550115585
1531019958.8394117,9472,0.061513639986515045
1531020078.2358422,9600,0.05278009921312332
1531020197.6181424,9728,0.05724843591451645
1531020413.876621,9856,0.041220467537641525
1531020533.3961253,9984,0.04220151901245117
1531020652.7381346,10112,0.04574010148644447
1531020772.2511332,10240,0.04539312794804573
1531020985.4138622,10368,0.04325715824961662
1531021104.8416615,10496,0.03823253512382507
1531021224.41856,10624,0.06459915637969971
1531021343.894556,10752,0.037631455808877945
1531021559.7833502,10880,0.051326069980859756
1531021679.243827,11008,0.04857544228434563
1531021798.6969934,11136,0.048078503459692
1531021918.2049353,11264,0.03904789686203003
1531022132.0584176,11392,0.04047006741166115
1531022251.5994205,11520,0.035335469990968704
1531022371.2460804,11648,0.039685845375061035
1531022490.726217,11776,0.044141314923763275
1531022705.628865,11904,0.044773589819669724
1531022825.1718414,12032,0.04042212665081024
1531022944.6087222,12160,0.03781924396753311
1531023063.8973098,12288,0.036700040102005005
1531023278.8690863,12416,0.053565286099910736
1531023398.5344555,12544,0.04105914384126663
1531023518.1562288,12672,0.032926253974437714
1531023637.826761,12800,0.03547186776995659
1531023852.3608027,12928,0.04297981411218643
1531023971.820353,13056,0.04195459559559822
1531024091.3947387,13184,0.03272754326462746
1531024210.9520857,13312,0.03622933849692345
1531024424.2899737,13440,0.03031041845679283
1531024543.6619215,13568,0.0325201116502285
1531024663.1562493,13696,0.03966747224330902
1531024782.6273935,13824,0.039681218564510345
1531024997.6419427,13952,0.03796973079442978
1531025117.143957,14080,0.035433970391750336
1531025236.6487167,14208,0.02941080369055271
1531025356.0526516,14336,0.02314058691263199
1531025571.9226809,14464,0.03563283383846283
1531025691.2827985,14592,0.0363394133746624
1531025810.8985233,14720,0.03634057939052582
1531025930.523406,14848,0.03384774550795555
1531026144.773539,14976,0.030191803351044655
1531026264.2487419,15104,0.02464829757809639
1531026383.8140805,15232,0.026982048526406288
1531026503.3923695,15360,0.03214792534708977
1531026719.0123148,15488,0.03413745015859604
1531026838.4888132,15616,0.031052134931087494
1531026957.865493,15744,0.03669269010424614
1531027076.904856,15872,0.028677593916654587
1531027292.227616,16000,0.03374708816409111
1531027411.75441,16128,0.04080498218536377
1531027531.177015,16256,0.03979291021823883
1531027650.5751653,16384,0.04160314425826073
1531027866.6606028,16512,0.03822243586182594
1531027986.1859488,16640,0.031211070716381073
1531028105.7959032,16768,0.026202788576483727
1531028225.210207,16896,0.024972446262836456
1531028439.7840686,17024,0.03222879394888878
1531028559.2392666,17152,0.026635071262717247
1531028678.7051616,17280,0.028225373476743698
1531028798.231719,17408,0.029141779989004135
1531029012.6192417,17536,0.025029432028532028
1531029132.179758,17664,0.028625626116991043
1531029251.515845,17792,0.026416251435875893
1531029370.9853942,17920,0.02928384207189083
1531029585.7101936,18048,0.02845754474401474
1531029705.2398472,18176,0.020657457411289215
1531029824.7117684,18304,0.027734192088246346
1531029944.3313189,18432,0.03241054713726044
1531030159.647,18560,0.02548198215663433
1531030279.0996797,18688,0.02735012024641037
1531030398.5307014,18816,0.030670851469039917
1531030517.6864605,18944,0.03444144129753113
1531030732.5335085,19072,0.027836870402097702
1531030852.0134597,19200,0.03067227080464363
1531030971.4394636,19328,0.02792988158762455
1531031090.8716342,19456,0.029882065951824188
1531031305.9711342,19584,0.027136828750371933
1531031425.4028566,19712,0.028252530843019485
1531031544.8191438,19840,0.03139525279402733
1531031664.4036508,19968,0.023861199617385864
1531031879.0219588,20096,0.030289463698863983
1531031998.4341803,20224,0.02570786513388157
1531032117.7438078,20352,0.023023126646876335
1531032237.213921,20480,0.028704876080155373
1531032451.9829345,20608,0.024968251585960388
1531032571.470335,20736,0.028183985501527786
1531032691.1447763,20864,0.02530979923903942
1531032810.9085944,20992,0.023652521893382072
1531033025.1835165,21120,0.025272835046052933
1531033144.6955252,21248,0.031010601669549942
1531033264.1012013,21376,0.03860265016555786
1531033383.567892,21504,0.030752431601285934
1531033597.8371212,21632,0.027548374608159065
1531033717.30961,21760,0.023585466668009758
1531033836.844666,21888,0.028581619262695312
1531033956.4356418,22016,0.023536238819360733
1531034171.3240166,22144,0.02521982416510582
1531034290.6849134,22272,0.02480468340218067
1531034410.1305025,22400,0.02660849504172802
1531034529.188587,22528,0.022825758904218674
1531034743.615356,22656,0.022646764293313026
1531034863.0885446,22784,0.02647254429757595
1531034982.5775118,22912,0.03408993035554886
1531035102.2355947,23040,0.027822887524962425
1531035315.773101,23168,0.024559561163187027
1531035435.300312,23296,0.026689300313591957
1531035554.71777,23424,0.02995113842189312
1531035674.2406917,23552,0.021188093349337578
1531035887.9852858,23680,0.02171039953827858
1531036007.4286025,23808,0.020015407353639603
1531036126.8482437,23936,0.02312171459197998
1531036246.1993363,24064,0.022906001657247543
1531036460.3499124,24192,0.022926807403564453
1531036579.6939366,24320,0.02731979265809059
1531036699.1061606,24448,0.020110007375478745
1531036818.4492881,24576,0.027468707412481308
1531037035.335137,24704,0.020761707797646523
1531037154.7013159,24832,0.02245815098285675
1531037274.1375327,24960,0.01993958279490471
1531037393.8331308,25088,0.02827434241771698
1531037610.0417602,25216,0.02739778533577919
1531037729.7402773,25344,0.02779521234333515
1531037849.360231,25472,0.026156676933169365
1531037968.995314,25600,0.024384556338191032
1531038184.138799,25728,0.03213284909725189
1531038303.5825717,25856,0.022915469482541084
1531038423.0603993,25984,0.027091186493635178
1531038542.4826124,26112,0.020261600613594055
1531038756.9097738,26240,0.022455185651779175
1531038876.4581082,26368,0.030471883714199066
1531038996.0809367,26496,0.02359960786998272
1531039115.6272566,26624,0.030065760016441345
1531039332.9636698,26752,0.020909858867526054
1531039452.4543598,26880,0.021105915307998657
1531039572.1593347,27008,0.02203136682510376
1531039691.880329,27136,0.0204654298722744
1531039908.1875381,27264,0.02118643745779991
1531040027.8267531,27392,0.02353743091225624
1531040147.3465328,27520,0.019438281655311584
1531040266.7175872,27648,0.022882748395204544
1531040482.6932511,27776,0.02850898541510105
1531040602.2907932,27904,0.021162139251828194
1531040721.9830189,28032,0.020017452538013458
1531040841.5218985,28160,0.025379104539752007
1531041058.5793543,28288,0.024795930832624435
1531041178.2185512,28416,0.02295893244445324
1531041297.7305346,28544,0.018382109701633453
1531041417.4614117,28672,0.017197905108332634
1531041633.5234964,28800,0.020211046561598778
1531041753.071591,28928,0.020689770579338074
1531041872.688245,29056,0.016397805884480476
1531041992.263218,29184,0.024597881361842155
1531042206.9446623,29312,0.023855503648519516
1531042326.4264235,29440,0.018232211470603943
1531042445.9990704,29568,0.025944115594029427
1531042565.655743,29696,0.02062375098466873
1531042781.742124,29824,0.027329031378030777
1531042901.3128338,29952,0.021779585629701614
1531043020.814123,30080,0.02261561155319214
1531043140.3547165,30208,0.01861456036567688
1531043354.3596644,30336,0.021718543022871017
1531043473.886693,30464,0.02306780032813549
1531043593.5230958,30592,0.01997392810881138
1531043712.7406974,30720,0.019307874143123627
1531043928.0544722,30848,0.02112395688891411
1531044047.5934956,30976,0.022437261417508125
1531044167.1354005,31104,0.021623291075229645
1531044286.7619255,31232,0.018706081435084343
1531044500.2163744,31360,0.025092817842960358
1531044619.5597193,31488,0.01854332908987999
1531044738.9550388,31616,0.017879655584692955
1531044857.8980396,31744,0.015996575355529785
1531045072.5228295,31872,0.018842067569494247
1531045191.9439926,32000,0.01793530397117138
1531045311.4317582,32128,0.019734863191843033
1531045430.9202971,32256,0.016370423138141632
1531045647.5136673,32384,0.019216548651456833
1531045766.9626412,32512,0.022771891206502914
1531045886.2274518,32640,0.026669839397072792
1531046005.6464787,32768,0.02120460569858551
1531046222.8983438,32896,0.01873316988348961
1531046342.3574924,33024,0.015220418572425842
1531046461.5733078,33152,0.01778152771294117
1531046580.6551347,33280,0.01734786480665207
1531046796.6089787,33408,0.02434563636779785
1531046916.1650362,33536,0.014122418127954006
1531047035.6786082,33664,0.01767146587371826
1531047155.4145179,33792,0.01753293164074421
1531047369.6907747,33920,0.015461702831089497
1531047489.0382714,34048,0.02845507487654686
1531047608.3784654,34176,0.017329731956124306
1531047727.895911,34304,0.021514737978577614
1531047941.9434977,34432,0.02560384012758732
1531048061.3817668,34560,0.021298378705978394
1531048180.763319,34688,0.02017880789935589
1531048300.1670928,34816,0.01658729836344719
1531048514.7610087,34944,0.022887906059622765
1531048634.3103886,35072,0.01887732744216919
1531048753.815672,35200,0.02109406143426895
1531048873.233177,35328,0.021039901301264763
1531049089.1968057,35456,0.02090030536055565
1531049208.778156,35584,0.017607558518648148
1531049328.432169,35712,0.025547150522470474
1531049447.714592,35840,0.0199438389390707
1531049662.5573516,35968,0.016346121206879616
1531049781.8639112,36096,0.018144715577363968
1531049901.0667577,36224,0.014344176277518272
1531050020.4175153,36352,0.019955625757575035
1531050237.134701,36480,0.018981244415044785
1531050356.6951857,36608,0.016107778996229172
1531050476.3526173,36736,0.016644174233078957
1531050595.9076483,36864,0.015756743028759956
1531181516.5376291,36992,0.018726620823144913
1531181636.1333542,37120,0.01742262952029705
1531181755.6479557,37248,0.02864239551126957
1531181875.3967502,37376,0.021497445181012154
1531182089.8781552,37504,0.01738988421857357
1531182209.4138038,37632,0.01959657296538353
1531182328.9595335,37760,0.018988559022545815
1531182448.5722318,37888,0.021541669964790344
1531182661.3802059,38016,0.014799535274505615
1531182780.8582375,38144,0.01934034936130047
1531182900.2650766,38272,0.014485160820186138
1531183019.467723,38400,0.018836362287402153
1531183232.1792495,38528,0.021402161568403244
1531183351.8818157,38656,0.0186398234218359
1531183471.434417,38784,0.02581651508808136
1531183591.0142992,38912,0.015441274270415306
1531183802.8320103,39040,0.01731950230896473
1531183922.5644345,39168,0.018931344151496887
1531184042.2532403,39296,0.021542571485042572
1531184161.760513,39424,0.014857033267617226
1531184374.3738675,39552,0.015132824890315533
1531184493.2772906,39680,0.023762939497828484
1531184612.7571285,39808,0.01626790128648281
1531184732.190448,39936,0.019611401483416557
1531184944.7749648,40064,0.020454080775380135
1531185064.1452434,40192,0.020628320053219795
1531185183.4641888,40320,0.015507858246564865
1531185302.957195,40448,0.02105053700506687
1531185514.963136,40576,0.023416999727487564
1531185634.2806866,40704,0.02165915071964264
1531185753.5598245,40832,0.014193565584719181
1531185872.8380857,40960,0.018086953088641167
1531186085.3061223,41088,0.01769113913178444
1531186204.67384,41216,0.015300789847970009
1531186324.023845,41344,0.02232643961906433
1531186443.5542045,41472,0.019926751032471657
1531186657.625219,41600,0.016865719109773636
1531186777.203189,41728,0.02092798799276352
1531186896.7066512,41856,0.021852606907486916
1531187016.2105405,41984,0.014094016514718533
1531187229.9667482,42112,0.01974794641137123
1531187349.4987917,42240,0.017755718901753426
1531187469.0383456,42368,0.017381547018885612
1531187588.601357,42496,0.020052634179592133
1531187802.9230223,42624,0.012756109237670898
1531187922.294984,42752,0.014021137729287148
1531188041.7116172,42880,0.0145418094471097
1531188161.2533927,43008,0.01332044042646885
1531188374.5474653,43136,0.019219500944018364
1531188494.0073225,43264,0.017879795283079147
1531188613.4328647,43392,0.028243273496627808
1531188732.9195015,43520,0.014748269692063332
1531188946.601155,43648,0.017632439732551575
1531189066.1174831,43776,0.013668028637766838
1531189185.5278976,43904,0.014702798798680305
1531189304.9320858,44032,0.01753733679652214
1531189518.6384778,44160,0.013089918531477451
1531189638.211974,44288,0.016194520518183708
1531189757.662216,44416,0.022675594314932823
1531189877.2602415,44544,0.02078058384358883
1531190091.0624893,44672,0.020650021731853485
1531190210.5312846,44800,0.011592108756303787
1531190329.9246292,44928,0.017519602552056313
1531190449.3130343,45056,0.020233184099197388
1531190661.9926748,45184,0.02041802555322647
1531190781.4286323,45312,0.017269957810640335
1531190900.8103697,45440,0.015595215372741222
1531191020.427576,45568,0.018308600410819054
1531191233.7410076,45696,0.011600415222346783
1531191353.1376762,45824,0.021805988624691963
1531191472.5742044,45952,0.013236155733466148
1531191592.0784492,46080,0.01564299874007702
1531191805.7562127,46208,0.015974394977092743
1531191925.1940506,46336,0.019220851361751556
1531192044.7783844,46464,0.01685710996389389
1531192164.107456,46592,0.01804948039352894
1531192377.7295182,46720,0.018352605402469635
1531192497.2597933,46848,0.013604294508695602
1531192616.7602167,46976,0.020941980183124542
1531192736.303824,47104,0.012550553306937218
1531192951.3423264,47232,0.020072221755981445
1531193070.7514694,47360,0.013399399816989899
1531193190.298688,47488,0.018927570432424545
1531193309.7866073,47616,0.013774610124528408
1531193522.8953226,47744,0.014097467064857483
1531193642.370643,47872,0.01572614349424839
1531193761.8601851,48000,0.018715349957346916
1531193881.0929534,48128,0.020131884142756462
1531194096.1742277,48256,0.013310177251696587
1531194215.6758502,48384,0.014143767766654491
1531194335.3021717,48512,0.012807952240109444
1531194454.9943097,48640,0.01195418369024992
1531194669.4417098,48768,0.01343862060457468
1531194788.9948823,48896,0.013666560873389244
1531194908.4953156,49024,0.016686875373125076
1531195028.2075,49152,0.011914352886378765
1531195242.2254782,49280,0.016386575996875763
1531195361.8493333,49408,0.013482645153999329
1531195481.1382008,49536,0.016337135806679726
1531195600.4870749,49664,0.015285395085811615
1531195814.2148454,49792,0.012208666652441025
1531195933.7759428,49920,0.015476943925023079
1531196053.2284074,50048,0.011428697034716606
1531196172.7655063,50176,0.012539436109364033
1531196385.322178,50304,0.016374338418245316
1531196504.843679,50432,0.017803117632865906
1531196624.1943033,50560,0.011768038384616375
1531196743.6064095,50688,0.01927553117275238
1531196957.2266538,50816,0.01624321937561035
1531197076.6941946,50944,0.01328722108155489
1531197196.0434885,51072,0.01446728128939867
1531197315.1209438,51200,0.014428363181650639
1531197528.7453518,51328,0.015019109472632408
1531197648.2724564,51456,0.017436029389500618
1531197767.6769052,51584,0.020374534651637077
1531197887.414281,51712,0.014201221987605095
1531198101.8691185,51840,0.025479953736066818
1531198221.2512438,51968,0.012429745867848396
1531198340.854697,52096,0.015583098866045475
1531198460.3324318,52224,0.0184923242777586
1531198675.344264,52352,0.013074876740574837
1531198794.9635317,52480,0.018206775188446045
1531198914.495254,52608,0.016811657696962357
1531199034.0235064,52736,0.02082272432744503
1531199249.2921624,52864,0.013493385165929794
1531199368.7405946,52992,0.010941874235868454
1531199488.2674596,53120,0.01341904979199171
1531199607.88422,53248,0.015715351328253746
1531199823.5133903,53376,0.013668076135218143
1531199942.913567,53504,0.018358012661337852
1531200062.4186583,53632,0.018436256796121597
1531200181.9382117,53760,0.012395071797072887
1531200396.0012817,53888,0.01920367032289505
1531200515.5852256,54016,0.013140671886503696
1531200635.0635,54144,0.014669862575829029
1531200754.5013452,54272,0.01658988930284977
1531200969.721026,54400,0.014388157054781914
1531201089.2231197,54528,0.018328828737139702
1531201208.7322187,54656,0.011132501997053623
1531201328.3350792,54784,0.013212780468165874
1531201543.4731216,54912,0.01721351221203804
1531201663.1746671,55040,0.015303827822208405
1531201782.9512484,55168,0.013707374222576618
1531201902.4092915,55296,0.020443463698029518
1531202117.4023497,55424,0.015311677940189838
1531202236.9293616,55552,0.01330600492656231
1531202356.423816,55680,0.015652641654014587
1531202476.1240485,55808,0.011430022306740284
1531202692.3889832,55936,0.014803064987063408
1531202811.8406708,56064,0.017171256244182587
1531202931.1907723,56192,0.014087208546698093
1531203050.6120198,56320,0.019789744168519974
1531203265.4877062,56448,0.01274377666413784
1531203384.9042184,56576,0.013198276981711388
1531203504.3145545,56704,0.013330284506082535
1531203623.7039928,56832,0.02047033980488777
1531203837.5422506,56960,0.013906251639127731
1531203956.929643,57088,0.015455291606485844
1531204076.3889022,57216,0.013984772376716137
1531204195.963867,57344,0.011000523343682289
1531204411.9196384,57472,0.012961296364665031
1531204531.2826219,57600,0.013022026047110558
1531204650.6372504,57728,0.015042656101286411
1531204769.7571504,57856,0.021388866007328033
1531204986.7079082,57984,0.013391891494393349
1531205105.9652653,58112,0.014807441271841526
1531205225.266068,58240,0.013967053033411503
1531205344.5134473,58368,0.014813791029155254
1531205560.0616064,58496,0.012770388275384903
1531205679.6042523,58624,0.011562338098883629
1531205799.1798346,58752,0.012772796675562859
1531205918.6547089,58880,0.013635966926813126
1531206134.185858,59008,0.012569202110171318
1531206253.6043496,59136,0.010143009014427662
1531206372.957637,59264,0.011870363727211952
1531206492.3347993,59392,0.014953508041799068
1531206707.5878353,59520,0.015509260818362236
1531206827.058891,59648,0.016045942902565002
1531206946.602285,59776,0.01578895002603531
1531207066.2509546,59904,0.01371629536151886
1531207282.1215076,60032,0.011357014998793602
1531207401.6055682,60160,0.0162754375487566
1531207521.1651285,60288,0.01813381165266037
1531207640.723266,60416,0.018998712301254272
1531207857.3437753,60544,0.0209796205163002
1531207976.831299,60672,0.013785213232040405
1531208096.3135295,60800,0.014638854190707207
1531208215.79658,60928,0.014591943472623825
1531208431.8225133,61056,0.014351400546729565
1531208551.4035912,61184,0.011680038645863533
1531208670.8181546,61312,0.026133030652999878
1531208790.444401,61440,0.012904377654194832
1531209007.4079869,61568,0.015828192234039307
1531209126.9902093,61696,0.011961400508880615
1531209246.3195233,61824,0.013170138001441956
1531209365.7426445,61952,0.010982464998960495
1531209582.6676998,62080,0.012976501137018204
1531209701.9241824,62208,0.012699738144874573
1531209821.3385785,62336,0.010205543600022793
1531209940.883024,62464,0.01755327731370926
1531210158.8407328,62592,0.008882801048457623
1531210278.3604143,62720,0.015659771859645844
1531210397.934123,62848,0.016459597274661064
1531210517.4204233,62976,0.015002906322479248
1531210735.833356,63104,0.01879788748919964
1531210855.3383086,63232,0.010439947247505188
1531210974.8264756,63360,0.01705796644091606
1531211094.2658165,63488,0.013584981672465801
1531211311.93194,63616,0.017162417992949486
1531211431.5111985,63744,0.013364182785153389
1531211550.975656,63872,0.01764175482094288
1531211670.4163454,64000,0.012455807998776436
1531211889.3047054,64128,0.011762900277972221
1531212009.056021,64256,0.01424236036837101
1531212128.599662,64384,0.013168741017580032
1531212248.133636,64512,0.016412723809480667
1531212467.1613674,64640,0.013279655016958714
1531212586.7223094,64768,0.017034217715263367
1531212706.5789495,64896,0.014004034921526909
1531212826.019804,65024,0.014004172757267952
1531213044.4852393,65152,0.012487184256315231
1531213164.0437853,65280,0.014475020579993725
1531213283.5571465,65408,0.01477067917585373
1531213403.0847204,65536,0.011359228752553463
1531213620.0259075,65664,0.013829095289111137
1531213739.6722078,65792,0.012401379644870758
1531213859.1276681,65920,0.011619362980127335
1531213978.7019212,66048,0.012901791371405125
1531214198.707276,66176,0.015685129910707474
1531214318.1581342,66304,0.012742451392114162
1531214437.60315,66432,0.014090700075030327
1531214557.0337312,66560,0.011293906718492508
1531214776.2674613,66688,0.011295022442936897
1531214895.5860252,66816,0.011636572889983654
1531215015.0748222,66944,0.013397017493844032
1531215134.5254924,67072,0.01792111061513424
1531215352.9441626,67200,0.017289580777287483
1531215472.5806258,67328,0.013202262111008167
1531215592.031271,67456,0.013479555957019329
1531215711.6278286,67584,0.02087520621716976
1531215931.4056275,67712,0.014972278848290443
1531216050.8879886,67840,0.014653013087809086
1531216170.2548473,67968,0.013563946820795536
1531216289.789953,68096,0.014119346626102924
1531216508.8299458,68224,0.0175766684114933
1531216628.3356016,68352,0.0131983682513237
1531216747.7821956,68480,0.012597106397151947
1531216867.363249,68608,0.013651339337229729
1531217086.226574,68736,0.01539670955389738
1531217205.6986117,68864,0.013796676881611347
1531217325.2363431,68992,0.012549541890621185
1531217444.825828,69120,0.014025449752807617
1531217666.0023997,69248,0.011279349215328693
1531217785.4483783,69376,0.018652379512786865
1531217905.0195777,69504,0.014657926745712757
1531218024.5457644,69632,0.012895039282739162
1531218243.4155335,69760,0.013577531091868877
1531218363.080745,69888,0.012810572981834412
1531218482.5846596,70016,0.011755578219890594
1531218602.2844877,70144,0.0085344472900033
1531218821.608057,70272,0.012853034771978855
1531218941.174805,70400,0.012882842682301998
1531219060.7997928,70528,0.009989434853196144
1531219180.4177234,70656,0.014168830588459969
1531219399.174505,70784,0.010909996926784515
1531219518.5131047,70912,0.015461262315511703
1531219637.8759363,71040,0.012034627608954906
1531219757.2155159,71168,0.01251137163490057
1531219976.1818268,71296,0.01535932719707489
1531220095.4045813,71424,0.010093090124428272
1531220214.9931893,71552,0.013091608881950378
1531220334.596725,71680,0.011798882856965065
1531220553.8800185,71808,0.013301566243171692
1531220673.5989983,71936,0.009630903601646423
1531220793.0589767,72064,0.010032601654529572
1531220912.5715444,72192,0.015375339426100254
1531221131.2606797,72320,0.009525186382234097
1531221250.902312,72448,0.014953454956412315
1531221370.2584245,72576,0.012430491857230663
1531221489.6255462,72704,0.011923195794224739
1531221708.011443,72832,0.01668464206159115
1531221827.5687826,72960,0.009962044656276703
1531221947.1367645,73088,0.013323871418833733
1531222066.8397188,73216,0.012083800509572029
1531222285.5195825,73344,0.014338631182909012
1531222405.2422593,73472,0.009969080798327923
1531222524.8368845,73600,0.013122547417879105
1531222644.4079509,73728,0.01371577475219965
1531241907.3825812,73856,0.010633356869220734
1531242026.5877876,73984,0.015800945460796356
1531242145.843417,74112,0.011064758524298668
1531242264.8828955,74240,0.012657399289309978
1531242480.8137197,74368,0.015071120113134384
1531242600.179501,74496,0.015827666968107224
1531242719.6821272,74624,0.010324097238481045
1531242839.0522907,74752,0.008949651382863522
1531243053.973423,74880,0.00873607024550438
1531243173.502333,75008,0.010478953830897808
1531243293.0708625,75136,0.01500400435179472
1531252070.8862479,75392,0.013057196512818336
1531252192.3014421,75520,0.011799956671893597
1531252314.2306502,75648,0.017095699906349182
1531252436.4420433,75776,0.015035843476653099
1531252651.8919742,75904,0.014623942784965038
1531252771.1577682,76032,0.020679110661149025
1531252890.4710562,76160,0.012386889196932316
1531253009.428017,76288,0.01898081600666046
1531253224.687521,76416,0.012297320179641247
1531253344.1735125,76544,0.010948712937533855
1531253463.793066,76672,0.01198500581085682
1531253583.1376934,76800,0.009041900746524334
1531253799.3846698,76928,0.011029789224267006
1531253919.00572,77056,0.010555493645370007
1531254038.6330473,77184,0.01594144105911255
1531254158.2049177,77312,0.008715370669960976
1531254372.193501,77440,0.01695910096168518
1531254491.865015,77568,0.014789450913667679
1531254611.5489888,77696,0.011101722717285156
1531254731.1835263,77824,0.013075199909508228
1531254947.5182734,77952,0.010877315886318684
1531255066.837323,78080,0.011313985101878643
1531255185.8907173,78208,0.013768406584858894
1531255305.0874927,78336,0.01853341981768608
1531255520.859597,78464,0.009403175674378872
1531255639.9481974,78592,0.009006253443658352
1531255758.9384906,78720,0.008201993070542812
1531255878.2327652,78848,0.009098399430513382
1531256093.0861392,78976,0.02235674113035202
1531256212.5602942,79104,0.01322205364704132
1531256331.6182535,79232,0.010186752304434776
1531256451.0644693,79360,0.0109127601608634
1531256667.439698,79488,0.008177069947123528
1531256786.76027,79616,0.009292722679674625
1531256906.2990847,79744,0.011804800480604172
1531257025.5674884,79872,0.012553798034787178
1531257241.3687057,80000,0.008201861754059792
1531257360.7588387,80128,0.00925262738019228
1531257480.0840576,80256,0.009850411675870419
1531257599.4783723,80384,0.01350659690797329
1531257815.6911006,80512,0.01124370563775301
1531257935.0778947,80640,0.010236847214400768
1531258054.676757,80768,0.011821169406175613
1531258174.1970716,80896,0.018329782411456108
1531258388.7952754,81024,0.008963285945355892
1531258508.4071605,81152,0.007556114345788956
1531258628.0557969,81280,0.016433201730251312
1531258747.4860015,81408,0.01105439942330122
1531258962.4024649,81536,0.012534831650555134
1531259081.8359206,81664,0.01361898984760046
1531259201.303672,81792,0.011136301793158054
1531259320.7891817,81920,0.013151885010302067
1531259536.4858239,82048,0.012067215517163277
1531259656.056337,82176,0.014507720246911049
1531259775.7407045,82304,0.008397371508181095
1531259895.1904712,82432,0.01711859740316868
1531260111.4519103,82560,0.012316984124481678
1531260230.8514726,82688,0.012064608745276928
1531260350.2909172,82816,0.014650371856987476
1531260469.7441325,82944,0.012115982361137867
1531260685.760182,83072,0.009091587737202644
1531260805.1471596,83200,0.007900950498878956
1531260924.703775,83328,0.010614300146698952
1531261044.134404,83456,0.010094852186739445
1531261259.1132371,83584,0.014211731031537056
1531261378.6747944,83712,0.010561306029558182
1531261498.2241066,83840,0.01414578314870596
1531261617.6004379,83968,0.015368148684501648
1531261835.7908857,84096,0.010589255951344967
1531261955.132116,84224,0.008959128521382809
1531262074.5725856,84352,0.012968184426426888
1531262194.1171474,84480,0.015196708962321281
1531262411.9468265,84608,0.014442399144172668
1531262531.6723435,84736,0.010678397491574287
1531262651.1839726,84864,0.011593079194426537
1531262770.6228004,84992,0.009469266049563885
1531262986.769537,85120,0.012057601474225521
1531263106.00879,85248,0.013941692188382149
1531263225.4001749,85376,0.013865291140973568
1531263344.8112314,85504,0.009152092039585114
1531263560.744767,85632,0.013022199273109436
1531263680.399905,85760,0.015133394859731197
1531263799.9159598,85888,0.010906563140451908
1531263919.1790571,86016,0.009049270302057266
1531264136.5607858,86144,0.008772262372076511
1531264256.1814852,86272,0.010899502784013748
1531264375.348671,86400,0.011300038546323776
1531264494.8151348,86528,0.009956848807632923
1531264712.5824645,86656,0.009467718191444874
1531264832.0091827,86784,0.010013727471232414
1531264951.4256253,86912,0.011297423392534256
1531265070.9103541,87040,0.008528947830200195
1531265287.1307397,87168,0.01049112994223833
1531265406.7003458,87296,0.00982682965695858
1531265525.9351695,87424,0.010575895197689533
1531265645.2012095,87552,0.011957716196775436
1531265860.3281531,87680,0.013661609962582588
1531265979.5402741,87808,0.016649657860398293
1531266098.8290915,87936,0.014090778306126595
1531266218.2847075,88064,0.010441982187330723
1531266435.377609,88192,0.008874794468283653
1531266554.923678,88320,0.010782739147543907
1531266674.5615463,88448,0.011193918064236641
1531266794.165207,88576,0.008420978672802448
1531267011.407042,88704,0.010567690245807171
1531267131.1071095,88832,0.011558394879102707
1531267250.7830746,88960,0.01116114016622305
1531267370.4648638,89088,0.01196050364524126
1531267586.0782788,89216,0.008493351750075817
1531267705.4606357,89344,0.015208243392407894
1531267825.064665,89472,0.009697427041828632
1531267944.6849997,89600,0.012848684564232826
1531268160.3644228,89728,0.010509965941309929
1531268279.6584604,89856,0.012211637571454048
1531268399.1162632,89984,0.00919028278440237
1531268518.6626651,90112,0.0064069731160998344
1531268736.4748642,90240,0.01630813628435135
1531268855.9067552,90368,0.012262082658708096
1531268975.5059874,90496,0.00938539020717144
1531269094.9103403,90624,0.011307007633149624
1531269314.480982,90752,0.011915618553757668
1531269434.021636,90880,0.009277638979256153
1531269553.6979225,91008,0.011290905065834522
1531269673.2519794,91136,0.009458855725824833
1531269891.7898443,91264,0.015015886165201664
1531270011.3467085,91392,0.01969209499657154
1531270130.9356015,91520,0.00803785864263773
1531270250.585782,91648,0.01149920467287302
1531270469.2291577,91776,0.006749467458575964
1531270588.9868805,91904,0.012564240023493767
1531270708.6343246,92032,0.011428596451878548
1531270828.29057,92160,0.012311187572777271
1531271047.6458437,92288,0.014396312646567822
1531271167.321716,92416,0.00988142378628254
1531271287.072757,92544,0.017110245302319527
1531271406.6869981,92672,0.008770246058702469
1531271625.0287676,92800,0.011519995518028736
1531271744.4439747,92928,0.010664914734661579
1531271863.8543136,93056,0.01263365987688303
1531271983.253424,93184,0.011172804050147533
1531272201.1332366,93312,0.010649915784597397
1531272320.65512,93440,0.009547499008476734
1531272440.093452,93568,0.010860192589461803
1531272559.7866077,93696,0.013813130557537079
1531272779.0507188,93824,0.015491240657866001
1531272898.6226156,93952,0.00819113664329052
1531273018.2520297,94080,0.010581667535007
1531273137.7639418,94208,0.00821524579077959
1531273353.7039716,94336,0.009702080860733986
1531273473.1197073,94464,0.01052861288189888
1531273592.5210412,94592,0.009709110483527184
1531273711.9441733,94720,0.012783529236912727
1531273928.639958,94848,0.013081283308565617
1531274047.8684118,94976,0.011328832246363163
1531274167.2291791,95104,0.01012354250997305
1531274286.5498562,95232,0.012160234153270721
1531274503.7627325,95360,0.00914220791310072
1531274623.0147433,95488,0.01666777953505516
1531274742.2641165,95616,0.009083986282348633
1531274861.603704,95744,0.00923889223486185
1531275079.711354,95872,0.011955780908465385
1531275199.1351693,96000,0.011769037693738937
1531275318.54551,96128,0.011002564802765846
1531275437.8945055,96256,0.013682130724191666
1531275655.0546696,96384,0.009103004820644855
1531275774.5236773,96512,0.01277914084494114
1531275893.910554,96640,0.009454909712076187
1531276013.398799,96768,0.008476223796606064
1531276231.7418625,96896,0.009323231875896454
1531276351.2591505,97024,0.009477704763412476
1531276470.8504946,97152,0.009699453599750996
1531276590.2828379,97280,0.010366294533014297
1531276806.885016,97408,0.011066379956901073
1531276926.2732084,97536,0.013335876166820526
1531277045.6363242,97664,0.011402938514947891
