wall_time,step,value
1531050838.8173735,128,1.5555312633514404
1531050945.3982008,256,0.6875074505805969
1531051052.324611,384,0.3001512885093689
1531051159.3949375,512,0.24960744380950928
1531051366.7634842,640,0.18431293964385986
1531051473.9658597,768,0.22818991541862488
1531051581.1504998,896,0.20722542703151703
1531051688.1115086,1024,0.1806330680847168
1531051893.3075182,1152,0.1740163266658783
1531052000.3730884,1280,0.17224371433258057
1531052106.8511806,1408,0.17246541380882263
1531052213.9573755,1536,0.14767402410507202
1531052409.472536,1664,0.11402130872011185
1531052516.3717084,1792,0.12080879509449005
1531052623.3301682,1920,0.11256320774555206
1531052730.2630563,2048,0.12034223228693008
1531052927.725403,2176,0.09043531864881516
1531053034.5742965,2304,0.11883844435214996
1531053141.6472857,2432,0.10215098410844803
1531053248.3719752,2560,0.10150662064552307
1531053442.3002374,2688,0.09943167865276337
1531053549.4002762,2816,0.09798552095890045
1531053656.4996548,2944,0.10639148950576782
1531053763.2213721,3072,0.08038073778152466
1531053962.8797219,3200,0.08781946450471878
1531054069.5529764,3328,0.08744646608829498
1531054176.3587496,3456,0.09750250726938248
1531054283.0492642,3584,0.08683769404888153
1531054481.144973,3712,0.08189879357814789
1531054587.8306925,3840,0.07153097540140152
1531054694.5329378,3968,0.08739412575960159
1531054801.1385643,4096,0.06206594780087471
1531054998.4980805,4224,0.08218081295490265
1531055105.1612148,4352,0.08088734745979309
1531055211.8977885,4480,0.08219671249389648
1531055318.6026762,4608,0.07466587424278259
1531055514.2355998,4736,0.08354395627975464
1531055620.9480538,4864,0.07531003654003143
1531055727.8188593,4992,0.0803632140159607
1531055834.5194783,5120,0.07057153433561325
1531056031.290122,5248,0.06931548565626144
1531056138.084556,5376,0.06956244260072708
1531056244.9475553,5504,0.08692331612110138
1531056351.8684325,5632,0.062222544103860855
1531056547.029956,5760,0.06847215443849564
1531056653.8729093,5888,0.06820565462112427
1531056760.7705176,6016,0.06323959678411484
1531056867.53635,6144,0.056735485792160034
1531057063.013462,6272,0.06783823668956757
1531057169.9326622,6400,0.05988582968711853
1531057276.668611,6528,0.0630909651517868
1531057383.4239888,6656,0.06642571091651917
1531057577.7316475,6784,0.0584956631064415
1531057684.7155993,6912,0.06512231379747391
1531057791.696234,7040,0.05723423883318901
1531057898.3402221,7168,0.05492081120610237
1531058090.9297817,7296,0.04377872496843338
1531058197.863221,7424,0.054265644401311874
1531058304.6901436,7552,0.054718539118766785
1531058411.5548325,7680,0.05080915242433548
1531058605.0423913,7808,0.05836523696780205
1531058711.934086,7936,0.0472688302397728
1531058818.8386889,8064,0.05793585628271103
1531058925.5582788,8192,0.0521557591855526
1531059116.674959,8320,0.05370602384209633
1531059223.5906007,8448,0.04652716964483261
1531059330.4713814,8576,0.054410360753536224
1531059437.3700402,8704,0.04484502226114273
1531059629.209211,8832,0.06623084098100662
1531059736.018659,8960,0.05845579504966736
1531059843.0304663,9088,0.047533661127090454
1531059949.9609811,9216,0.07438438385725021
1531060141.6829636,9344,0.051833607256412506
1531060248.6433744,9472,0.03898540139198303
1531060355.7677078,9600,0.053229428827762604
1531060462.8131287,9728,0.046440914273262024
1531060654.8544075,9856,0.0508556142449379
1531060762.00349,9984,0.05345098301768303
1531060868.8583362,10112,0.04305075854063034
1531060975.7433143,10240,0.0519726425409317
1531061168.2272978,10368,0.04034486413002014
1531061275.3880517,10496,0.04853530600667
1531061382.6348958,10624,0.049944113940000534
1531061489.4547908,10752,0.0371227040886879
1531061680.7709951,10880,0.05257103219628334
1531061787.7349203,11008,0.03471502289175987
1531061894.736291,11136,0.044359125196933746
1531062001.8171446,11264,0.04539375752210617
1531062192.5753777,11392,0.0371352955698967
1531062299.4914014,11520,0.043683428317308426
1531062406.6250765,11648,0.04598984867334366
1531062513.678592,11776,0.044721994549036026
1531062706.1702125,11904,0.050991203635931015
1531062813.1746695,12032,0.03677678853273392
1531062920.18258,12160,0.03819829598069191
1531063027.2086198,12288,0.03253709524869919
1531063218.4460046,12416,0.037814173847436905
1531063325.4531438,12544,0.04090019315481186
1531063432.5022805,12672,0.030623361468315125
1531063539.3629863,12800,0.04183398559689522
1531063732.1543598,12928,0.043016474694013596
1531063839.530515,13056,0.04153517633676529
1531063946.5957263,13184,0.04234699904918671
1531064053.7303698,13312,0.031874120235443115
1531064245.0798664,13440,0.04446510225534439
1531064352.1569734,13568,0.03171725571155548
1531064459.333304,13696,0.03371734917163849
1531064566.2325232,13824,0.047026969492435455
1531064757.4400775,13952,0.03251419588923454
1531064864.4811323,14080,0.038358669728040695
1531064971.4511542,14208,0.04231990873813629
1531065078.2909105,14336,0.037036146968603134
1531065270.3876612,14464,0.027216121554374695
1531065377.3843338,14592,0.05300750955939293
1531065484.4367979,14720,0.038649532943964005
1531065591.2977679,14848,0.034877728670835495
1531065782.7115338,14976,0.032578565180301666
1531065889.8102384,15104,0.02986985445022583
1531065996.9178743,15232,0.0346686951816082
1531066103.921009,15360,0.03557965159416199
1531066298.0137765,15488,0.029061321169137955
1531066404.7349076,15616,0.03835039585828781
1531066511.4191732,15744,0.04267808794975281
1531066618.5674703,15872,0.03851282224059105
1531066810.949226,16000,0.03052406571805477
1531066918.1537895,16128,0.04096680134534836
1531067025.230503,16256,0.032450851052999496
1531067132.3734133,16384,0.02823009341955185
1531067325.6841688,16512,0.03817692771553993
1531067432.8412173,16640,0.02618938684463501
1531067539.830909,16768,0.028402846306562424
1531067646.7144353,16896,0.03654535859823227
1531067838.7084746,17024,0.033544380217790604
1531067945.8144457,17152,0.0282438974827528
1531068052.6400874,17280,0.034125372767448425
1531068159.6384573,17408,0.031205302104353905
1531068350.8725507,17536,0.03583722561597824
1531068457.7218478,17664,0.03392120823264122
1531068564.509735,17792,0.03395748510956764
1531068671.1798728,17920,0.03512534126639366
1531068862.6425526,18048,0.03402338922023773
1531068969.555888,18176,0.02354290895164013
1531069076.5357695,18304,0.03018522821366787
1531069183.5781305,18432,0.02398012951016426
1531069375.7251525,18560,0.021713988855481148
1531069482.9244714,18688,0.021392391994595528
1531069590.1829886,18816,0.033163610845804214
1531069697.274871,18944,0.034771598875522614
1531069888.949805,19072,0.028137462213635445
1531069996.20969,19200,0.02886085957288742
1531070103.1810582,19328,0.03502388671040535
1531070210.3667421,19456,0.02799660712480545
1531070403.1037264,19584,0.022902946919202805
1531070510.3076491,19712,0.02501566708087921
1531070617.0735388,19840,0.027383185923099518
1531070724.0812287,19968,0.023257460445165634
1531070916.3508403,20096,0.0264121200889349
1531071023.5275228,20224,0.03002955950796604
1531071130.644519,20352,0.02870745211839676
1531071237.670836,20480,0.02966517023742199
1531071429.4420707,20608,0.026530947536230087
1531071536.5428908,20736,0.030063848942518234
1531071643.6506367,20864,0.02582213655114174
1531071750.6299973,20992,0.026938721537590027
1531071942.9120612,21120,0.0263736043125391
1531072050.05428,21248,0.026402242481708527
1531072157.4536724,21376,0.029318273067474365
1531072264.7459767,21504,0.02050067111849785
1531072458.2066329,21632,0.02998017519712448
1531072565.3359525,21760,0.03013957291841507
1531072672.559438,21888,0.023914558812975883
1531072779.7659292,22016,0.018753502517938614
1531072972.636288,22144,0.024661026895046234
1531073079.876587,22272,0.02847871370613575
1531073187.2049992,22400,0.031194891780614853
1531073294.3859427,22528,0.022588590160012245
1531073487.7988472,22656,0.02546796016395092
1531073594.83221,22784,0.024792306125164032
1531073702.1021516,22912,0.029837271198630333
1531073809.218309,23040,0.02395697683095932
1531074002.3389823,23168,0.02687215432524681
1531074109.7161944,23296,0.0330052487552166
1531074217.080728,23424,0.017597131431102753
1531074324.0359945,23552,0.03231000155210495
1531074516.781898,23680,0.02240602858364582
1531074623.9839454,23808,0.02123943902552128
1531074731.1849005,23936,0.025087792426347733
1531074838.4753175,24064,0.02583136595785618
1531075031.2707946,24192,0.022632064297795296
1531075138.3389533,24320,0.026382986456155777
1531075245.6390498,24448,0.029506318271160126
1531075352.8615353,24576,0.022733313962817192
1531075545.970933,24704,0.024649446830153465
1531075653.2221751,24832,0.020688777789473534
1531075760.551378,24960,0.02434440702199936
1531075867.726371,25088,0.021958591416478157
1531076062.0205262,25216,0.02549092285335064
1531076169.19358,25344,0.021893970668315887
1531076276.459135,25472,0.020661070942878723
1531076383.7139456,25600,0.026360049843788147
1531076577.6905189,25728,0.025338763371109962
1531076684.9935153,25856,0.024383557960391045
1531076792.320799,25984,0.02245180681347847
1531076899.4795187,26112,0.024339908733963966
1531077092.3318474,26240,0.02341686747968197
1531077199.4960947,26368,0.03235875442624092
1531077306.7089448,26496,0.02743234857916832
1531077413.8824859,26624,0.020502224564552307
1531077607.0941572,26752,0.029470613226294518
1531077714.3767548,26880,0.020883698016405106
1531077821.4222615,27008,0.018711457028985023
1531077928.5837004,27136,0.022983849048614502
1531078120.8685658,27264,0.02015872113406658
1531078228.1674986,27392,0.02340581640601158
1531078335.4092996,27520,0.018679600208997726
1531078442.7170718,27648,0.020128630101680756
1531078635.8982196,27776,0.02203257381916046
1531078742.8905694,27904,0.023031210526823997
1531078849.9335823,28032,0.019879281520843506
1531078957.1223722,28160,0.021211326122283936
1531079149.7047791,28288,0.026669522747397423
1531079256.9178882,28416,0.022920753806829453
1531079363.8917298,28544,0.024745825678110123
1531079471.1022239,28672,0.022575944662094116
1531079665.7301662,28800,0.01828615367412567
1531079772.7506752,28928,0.021108943969011307
1531079879.6148245,29056,0.021883247420191765
1531079986.795897,29184,0.018617112189531326
1531080182.0514002,29312,0.019030533730983734
1531080288.5772605,29440,0.024471193552017212
1531080395.1893299,29568,0.025181446224451065
1531080501.731183,29696,0.02095295675098896
1531080696.731667,29824,0.025162598118185997
1531080804.069375,29952,0.020575454458594322
1531080911.1826642,30080,0.019090624526143074
1531081018.0833945,30208,0.02739071287214756
1531081211.333175,30336,0.025728493928909302
1531081318.6854436,30464,0.02329690381884575
1531081425.8044138,30592,0.025052467361092567
1531081533.1121595,30720,0.02364051155745983
1531081728.0911138,30848,0.018082469701766968
1531081835.3039238,30976,0.01953555829823017
1531081942.7240088,31104,0.0252267736941576
1531082050.0232148,31232,0.018394721671938896
1531082244.7332141,31360,0.019198402762413025
1531082351.987525,31488,0.019903231412172318
1531082459.3307319,31616,0.02515082061290741
1531082566.5250301,31744,0.021612603217363358
1531082762.020521,31872,0.015786729753017426
1531082869.0802968,32000,0.015986772254109383
1531082976.1570325,32128,0.02726222202181816
1531083082.8768284,32256,0.01635058969259262
1531083276.5028658,32384,0.02163493074476719
1531083383.876672,32512,0.016284098848700523
1531083491.0196326,32640,0.029439780861139297
1531083598.210834,32768,0.022724496200680733
1531083792.092865,32896,0.022922247648239136
1531083899.2860537,33024,0.018475258722901344
1531084006.5606925,33152,0.01562105305492878
1531084113.6698456,33280,0.022769812494516373
1531084307.7766743,33408,0.02023746259510517
1531084415.094597,33536,0.018147841095924377
1531084522.30438,33664,0.019505511969327927
1531084629.6278398,33792,0.017228329554200172
1531084825.7690983,33920,0.020003685727715492
1531084933.0717282,34048,0.014981691725552082
1531085040.537009,34176,0.018111135810613632
1531085147.8058834,34304,0.01663539558649063
1531085343.6328762,34432,0.021887753158807755
1531085450.7552001,34560,0.02118046022951603
1531085557.932541,34688,0.02255340665578842
1531085664.8947785,34816,0.01936919428408146
1531085859.5326927,34944,0.020166998729109764
1531085966.7627351,35072,0.02030358463525772
1531086073.8449244,35200,0.015465565025806427
1531086180.968623,35328,0.02385314181447029
1531086375.5246928,35456,0.01603245548903942
1531086482.442824,35584,0.019862471148371696
1531086589.1627429,35712,0.017909850925207138
1531086695.8697321,35840,0.02019285038113594
1531086890.7810585,35968,0.018830541521310806
1531086997.902735,36096,0.0173856969922781
1531087104.8057647,36224,0.019923292100429535
1531087211.406308,36352,0.017012376338243484
1531087406.2179163,36480,0.020079748705029488
1531087513.1856031,36608,0.016581598669290543
1531087620.1159835,36736,0.016495943069458008
1531087727.0799017,36864,0.015552874654531479
1531087924.5180318,36992,0.021632874384522438
1531088031.597655,37120,0.016308706253767014
1531088138.59376,37248,0.025538021698594093
1531088245.7206721,37376,0.01977776177227497
1531222877.402879,37504,0.015614571049809456
1531222983.9030335,37632,0.0184437558054924
1531223090.5654926,37760,0.022905059158802032
1531223197.1171443,37888,0.020846784114837646
1531223389.0143409,38016,0.019912485033273697
1531223495.3510182,38144,0.013050312176346779
1531223601.7590897,38272,0.021036047488451004
1531223708.1532438,38400,0.02323087304830551
1531223898.252326,38528,0.022700414061546326
1531224004.8489778,38656,0.018449537456035614
1531224111.4628775,38784,0.01762799359858036
1531224218.026144,38912,0.016702812165021896
1531224409.0634723,39040,0.016826823353767395
1531224515.5772898,39168,0.01965962164103985
1531224622.3791764,39296,0.016493123024702072
1531224728.8576906,39424,0.018001850694417953
1531224920.5195043,39552,0.018162865191698074
1531225027.1711214,39680,0.016555307433009148
1531225133.941688,39808,0.016208287328481674
1531225240.5624862,39936,0.01884039305150509
1531225432.660973,40064,0.0186723992228508
1531225539.375273,40192,0.01634077914059162
1531225646.0406241,40320,0.022471453994512558
1531277159.8436887,40576,0.018468983471393585
1531277266.037803,40704,0.022124767303466797
1531277372.3694658,40832,0.0180200282484293
1531277478.408303,40960,0.012938428670167923
1531277668.920057,41088,0.021149970591068268
1531277775.5902126,41216,0.02042156644165516
1531277882.2295434,41344,0.015768960118293762
1531277988.8219528,41472,0.019415440037846565
1531278178.7947974,41600,0.01645306870341301
1531278285.1881435,41728,0.015224243514239788
1531278391.7317822,41856,0.016460498794913292
1531278498.1887982,41984,0.015621021389961243
1531278688.2735498,42112,0.016203977167606354
1531278794.9034617,42240,0.014540600590407848
1531278901.4686573,42368,0.01985294558107853
1531279008.078457,42496,0.017576519399881363
1531279198.1760128,42624,0.01582067832350731
1531279304.7459662,42752,0.014530818909406662
1531279411.3411813,42880,0.018803810700774193
1531279517.9496696,43008,0.021089384332299232
1531279708.2519588,43136,0.03009706735610962
1531279814.6912615,43264,0.015693239867687225
1531279921.3817565,43392,0.010759249329566956
1531280027.9932523,43520,0.015176495537161827
1531280218.580057,43648,0.01682417467236519
1531280325.202277,43776,0.024778714403510094
1531280431.78983,43904,0.013786304742097855
1531280538.3779807,44032,0.016073578968644142
1531280728.987956,44160,0.017879271879792213
1531280835.6508682,44288,0.015189573168754578
1531280942.1933596,44416,0.015047368593513966
1531281048.666844,44544,0.021038208156824112
1531281239.7493162,44672,0.019149847328662872
1531281346.335988,44800,0.026225561276078224
1531281452.9388413,44928,0.019613048061728477
1531281559.4051702,45056,0.015940390527248383
1531281750.3506968,45184,0.013586186803877354
1531281856.7810981,45312,0.023158930242061615
1531281963.3738918,45440,0.012586520984768867
1531282069.8025787,45568,0.01472195889800787
1531282262.055223,45696,0.01663186214864254
1531282368.6992383,45824,0.016921423375606537
1531282475.4287164,45952,0.016437890008091927
1531282581.9417722,46080,0.016964327543973923
1531282774.8002677,46208,0.01770378276705742
1531282881.3361914,46336,0.017954375594854355
1531282988.0937285,46464,0.010879307985305786
1531283094.6859179,46592,0.015115168876945972
1531283287.0286684,46720,0.013082947582006454
1531283393.4884276,46848,0.017052961513400078
1531283500.2175975,46976,0.014841075986623764
1531283606.884895,47104,0.011840342544019222
1531283798.6121933,47232,0.016004201024770737
1531283905.1661642,47360,0.014492559246718884
1531284011.8062725,47488,0.011739537119865417
1531284118.418102,47616,0.013731672428548336
1531284309.0654027,47744,0.021009055897593498
1531284415.7236707,47872,0.014090284705162048
1531284522.4114556,48000,0.013385040685534477
1531284629.044112,48128,0.015598197467625141
1531284820.6698685,48256,0.013881538063287735
1531284927.2905498,48384,0.016707438975572586
1531285034.0162127,48512,0.01428363099694252
1531285140.7083635,48640,0.011383941397070885
1531285332.4380684,48768,0.018091537058353424
1531285439.0608532,48896,0.012839892879128456
1531285545.8293717,49024,0.021951783448457718
1531285652.4381816,49152,0.020285308361053467
1531285844.8421888,49280,0.014056609012186527
1531285951.5568726,49408,0.011404713615775108
1531286058.0521314,49536,0.01188669539988041
1531286164.3942683,49664,0.014637220650911331
1531286358.4830313,49792,0.01619366556406021
1531286465.0017064,49920,0.01745135709643364
1531286571.6482937,50048,0.014505992643535137
1531286678.074142,50176,0.014648206532001495
1531286869.0882556,50304,0.013827856630086899
1531286975.737267,50432,0.011761406436562538
1531287082.3379538,50560,0.015251925215125084
1531287188.51602,50688,0.012319959700107574
1531287380.992591,50816,0.015905801206827164
1531287487.3901606,50944,0.012615245766937733
1531287594.0555365,51072,0.01495241466909647
1531287700.440943,51200,0.01506794337183237
1531287893.386645,51328,0.01068420521914959
1531287999.7959852,51456,0.018916141241788864
1531288106.2665098,51584,0.01496591791510582
1531288212.78855,51712,0.01419048011302948
1531288403.975924,51840,0.014130780473351479
1531288510.6135385,51968,0.011452593840658665
1531288617.0314722,52096,0.013848732225596905
1531288723.4253244,52224,0.015570176765322685
1531288916.5553637,52352,0.014015285298228264
1531289023.159645,52480,0.014337422326207161
1531289129.6125374,52608,0.012995925731956959
1531289235.9873834,52736,0.013298535719513893
1531289428.2614205,52864,0.017037559300661087
1531289534.6435091,52992,0.011939686723053455
1531289641.1163175,53120,0.016884714365005493
1531289747.451841,53248,0.012629900127649307
1531289938.131812,53376,0.016094528138637543
1531290044.5993483,53504,0.013280476443469524
1531290151.1436698,53632,0.01242739800363779
1531290257.6562295,53760,0.015004104003310204
1531290449.3009186,53888,0.012021401897072792
1531290555.8807566,54016,0.011819002218544483
1531290662.5984375,54144,0.013343555852770805
1531290769.0025852,54272,0.015382037498056889
1531290962.296918,54400,0.0158351119607687
1531291068.7572355,54528,0.015941474586725235
1531291175.4104862,54656,0.013464164920151234
1531291281.8252761,54784,0.01556441467255354
1531291475.271791,54912,0.01970803737640381
1531291581.7262127,55040,0.01665445789694786
1531291688.3599706,55168,0.019337842240929604
1531291794.8585598,55296,0.010470418259501457
1531291988.255304,55424,0.014868192374706268
1531292094.8107064,55552,0.011868225410580635
1531292201.3354812,55680,0.015636475756764412
1531292307.704416,55808,0.014135780744254589
1531292501.9841077,55936,0.018347861245274544
1531292608.4214637,56064,0.015307356603443623
1531292715.0824444,56192,0.016587555408477783
1531292821.2769065,56320,0.01614883542060852
1531293015.5150287,56448,0.017032543197274208
1531293122.2094977,56576,0.014006243087351322
1531293228.6490142,56704,0.01493929699063301
1531293335.1683702,56832,0.015478111803531647
1531293529.819074,56960,0.010838792659342289
1531293636.1307383,57088,0.011056588962674141
1531293742.621583,57216,0.014685133472084999
1531293849.0038588,57344,0.013583600521087646
1531294042.4766698,57472,0.014497615396976471
1531294149.1971579,57600,0.013026327826082706
1531294255.718414,57728,0.014782975427806377
1531294362.134423,57856,0.012649357318878174
1531294557.1896465,57984,0.01800849288702011
1531294663.9217727,58112,0.01854925975203514
1531294770.3993385,58240,0.017249491065740585
1531294876.969513,58368,0.013113446533679962
1531295070.988082,58496,0.014689924195408821
1531295177.5173326,58624,0.010381326079368591
1531295284.0629227,58752,0.01171431876718998
1531295390.662819,58880,0.020871402695775032
1531295586.672795,59008,0.013861875049769878
1531295693.3138857,59136,0.012977907434105873
1531295799.9709322,59264,0.013453876599669456
1531295906.1626267,59392,0.01781507022678852
1531296101.9424415,59520,0.024670379236340523
1531296208.2626987,59648,0.016819637268781662
1531296314.8039298,59776,0.014929907396435738
1531296421.2766273,59904,0.01587623916566372
1531296615.7846699,60032,0.013197137042880058
1531296722.112141,60160,0.011916070245206356
1531296828.6530566,60288,0.011454778723418713
1531296935.1181862,60416,0.013280045241117477
1531297128.95381,60544,0.012290452606976032
1531297235.303176,60672,0.013303443789482117
1531297341.7537816,60800,0.011752345599234104
1531297448.414815,60928,0.012322877533733845
1531297642.3488283,61056,0.01868440769612789
1531297748.649011,61184,0.014607430435717106
1531297854.8644469,61312,0.011485683731734753
1531297961.4591255,61440,0.016117798164486885
1531298155.6218784,61568,0.010340703651309013
1531298262.1855688,61696,0.011519251391291618
1531298368.6867754,61824,0.01908015087246895
1531298474.9274876,61952,0.012383985333144665
1531298668.9116774,62080,0.013598284684121609
1531298775.4049833,62208,0.013877030462026596
1531298881.9917266,62336,0.008922774344682693
1531298988.1633203,62464,0.009891129098832607
1531299181.5032856,62592,0.014981375075876713
1531299288.0990288,62720,0.012263976037502289
1531299394.7440405,62848,0.010960893705487251
1531299501.2729614,62976,0.011792205274105072
1531299695.0244045,63104,0.017528049647808075
1531299801.426424,63232,0.012390052899718285
1531299907.8508027,63360,0.012252124026417732
1531300014.5107396,63488,0.010405263863503933
1531300209.3250678,63616,0.01345644611865282
1531300315.9525037,63744,0.01570107601583004
1531300422.6282632,63872,0.015394216403365135
1531300529.0263104,64000,0.01245330274105072
1531300723.56686,64128,0.013520903885364532
1531300830.1548753,64256,0.016867907717823982
1531300936.74024,64384,0.010035235434770584
1531301043.3585877,64512,0.016069618985056877
1531301237.365637,64640,0.013216479681432247
1531301344.0015485,64768,0.010884158313274384
1531301450.6552098,64896,0.019549217075109482
1531301557.0406513,65024,0.015039701946079731
1531301751.549466,65152,0.0157808568328619
1531301857.9693863,65280,0.012837315909564495
1531301964.647071,65408,0.012167383916676044
1531302071.331825,65536,0.01017915178090334
1531302267.0983849,65664,0.011528356932103634
1531302373.7708461,65792,0.010638540610671043
1531302480.354577,65920,0.015822559595108032
1531302586.8940222,66048,0.012582818046212196
1531302781.5399163,66176,0.01001548208296299
1531302888.007295,66304,0.01403447613120079
1531302994.3796268,66432,0.01299221534281969
1531303100.9590082,66560,0.014896471053361893
1531303294.4558961,66688,0.010810639709234238
1531303400.9986122,66816,0.01052423007786274
1531303507.645653,66944,0.011411880142986774
1531303614.0077608,67072,0.0083034448325634
1531303809.4607363,67200,0.012442851439118385
1531303916.062437,67328,0.014437206089496613
1531304022.6763985,67456,0.01311553455889225
1531304129.12896,67584,0.010279325768351555
1531304323.5007389,67712,0.009885002858936787
1531304430.14732,67840,0.011477199383080006
1531304536.7848535,67968,0.012271215207874775
1531304643.163027,68096,0.016337063163518906
1531304838.1499815,68224,0.013806581497192383
1531304944.72265,68352,0.020050425082445145
1531305051.1233394,68480,0.01512827817350626
1531305157.6331193,68608,0.009509067051112652
1531305351.5530508,68736,0.01269675511866808
1531305457.876957,68864,0.015526280738413334
1531305564.0123594,68992,0.012747785076498985
1531305670.1935833,69120,0.011481757275760174
1531305864.6629293,69248,0.015040306374430656
1531305970.6850233,69376,0.018919343128800392
1531306077.091964,69504,0.012951966375112534
1531306183.15854,69632,0.014897717162966728
1531306377.3809242,69760,0.012961657717823982
1531306483.6483772,69888,0.012288087047636509
1531306589.936067,70016,0.01289517991244793
1531306696.3213208,70144,0.008750539273023605
1531306890.7237756,70272,0.013160819187760353
1531306997.082725,70400,0.011505058035254478
1531307103.2590919,70528,0.016937095671892166
1531307209.3485706,70656,0.010480123572051525
1531307403.8159182,70784,0.008087489753961563
1531307510.2646277,70912,0.012281112372875214
1531307616.4519258,71040,0.012250362895429134
1531307722.457384,71168,0.01204185001552105
1531307916.9009733,71296,0.018916994333267212
1531308023.134537,71424,0.0139998160302639
1531308129.7961674,71552,0.008255627937614918
1531308235.9835274,71680,0.013975106179714203
1531308429.5274012,71808,0.01095065288245678
1531308535.865043,71936,0.010329045355319977
1531308642.068948,72064,0.008936727419495583
1531308747.9965525,72192,0.0096816411241889
1531308942.4727294,72320,0.012190384790301323
1531309048.4910753,72448,0.011651874519884586
1531309154.6957796,72576,0.01126000378280878
1531309260.8506851,72704,0.01013491302728653
1531309455.6922863,72832,0.010394916869699955
1531309561.91817,72960,0.013376178219914436
1531309667.972625,73088,0.011064969934523106
1531309774.065386,73216,0.008008280768990517
1531309968.1184664,73344,0.01299203559756279
1531310074.6006327,73472,0.012340863235294819
1531310180.8129382,73600,0.011166003532707691
1531310287.0326638,73728,0.013273573480546474
1531310483.5835145,73856,0.01148261409252882
1531310589.9095604,73984,0.01663224957883358
1531310696.2206519,74112,0.010865474119782448
1531310802.4206593,74240,0.011437034234404564
1531310997.326414,74368,0.015133355744183064
1531311103.397318,74496,0.010477785021066666
1531311209.920482,74624,0.014295803382992744
1531311316.293916,74752,0.00874465610831976
1531311509.500895,74880,0.012401644140481949
1531311615.6401982,75008,0.012022138573229313
1531311721.9625301,75136,0.012084861285984516
1531311828.044374,75264,0.011097598820924759
1531312023.7667484,75392,0.012960588559508324
1531312130.0005424,75520,0.011512072756886482
1531312236.1793122,75648,0.01036391593515873
1531312342.1506436,75776,0.01581430993974209
1531312536.7723224,75904,0.009863329119980335
1531312643.1445105,76032,0.013871630653738976
1531312749.4782405,76160,0.01208385918289423
1531312855.5164237,76288,0.010850658640265465
1531313050.9768102,76416,0.011627193540334702
1531313157.616179,76544,0.011599527671933174
1531313264.2050328,76672,0.012578591704368591
1531313370.4996502,76800,0.011632587760686874
1531313565.4318109,76928,0.009323544800281525
1531313671.9110603,77056,0.010782160796225071
1531313778.1548083,77184,0.012902142480015755
1531313884.5370069,77312,0.011031059548258781
1531314080.3532252,77440,0.010494604706764221
1531314186.4449205,77568,0.013218829408288002
1531314292.3423278,77696,0.012533868663012981
1531314398.4794145,77824,0.009091492742300034
1531321850.2430255,77952,0.0115670682862401
1531321956.9646466,78080,0.010771825909614563
1531322064.861114,78208,0.010699150152504444
1531322172.9079928,78336,0.011087377555668354
1531322363.9011014,78464,0.01201552152633667
1531322469.789693,78592,0.009727676399052143
1531322575.5053236,78720,0.009249964728951454
1531322681.1491354,78848,0.010064473375678062
1531322873.8909593,78976,0.010832577012479305
1531322979.7727823,79104,0.008899354375898838
1531323085.7812479,79232,0.010079302825033665
1531323191.5202947,79360,0.011720781214535236
1531323382.6858919,79488,0.013613717630505562
1531323488.6666873,79616,0.013039683923125267
1531323594.5569,79744,0.010633961297571659
1531323700.3503134,79872,0.010197872295975685
1531323892.3644977,80000,0.014068741351366043
1531323998.255315,80128,0.010757045820355415
1531324104.154453,80256,0.009408099576830864
1531324209.9351103,80384,0.011557004414498806
1531324401.2283592,80512,0.00874866358935833
1531324507.2069569,80640,0.010464826598763466
1531324613.0278437,80768,0.0127476267516613
1531324718.8836968,80896,0.009940330870449543
1531324909.3101263,81024,0.012117426842451096
1531325015.242206,81152,0.012395964004099369
1531325121.20631,81280,0.013431149534881115
1531325227.1913238,81408,0.011726968921720982
1531325417.322577,81536,0.013867206871509552
1531325523.3549972,81664,0.013870101422071457
1531325629.1413696,81792,0.011066287755966187
1531325735.2885969,81920,0.014013729989528656
1531325926.3411365,82048,0.012004463002085686
1531326032.44643,82176,0.010192211717367172
1531326138.3873322,82304,0.010324020870029926
1531326244.2432551,82432,0.014029906131327152
1531326435.9408343,82560,0.010250565595924854
1531326541.9946687,82688,0.012305821292102337
1531326647.9920554,82816,0.00975830014795065
1531326753.748831,82944,0.012875144369900227
1531326944.6604483,83072,0.011404762044548988
1531327050.580054,83200,0.012875198386609554
1531327156.6090348,83328,0.009142876602709293
1531327262.4388068,83456,0.011093389242887497
1531327454.4912913,83584,0.009438621811568737
1531327560.4774938,83712,0.010696121491491795
1531327666.5582113,83840,0.00803970918059349
1531327772.2923274,83968,0.009802158921957016
1531327963.8189008,84096,0.013411680236458778
1531328069.8046567,84224,0.01333466824144125
1531328175.6673412,84352,0.01121006440371275
1531328281.4225504,84480,0.014995481818914413
1531328473.2932703,84608,0.011111102066934109
1531328579.2522678,84736,0.010758064687252045
1531328685.459072,84864,0.01768254116177559
1531328791.2663176,84992,0.011043054983019829
1531328983.2793303,85120,0.007740474306046963
1531329089.1267068,85248,0.017545022070407867
1531329195.384664,85376,0.0137898875400424
1531329301.2767575,85504,0.011316952295601368
1531329493.589852,85632,0.014273246750235558
1531329599.6088178,85760,0.00800013355910778
1531329705.771723,85888,0.007667243480682373
1531329811.629708,86016,0.014518032781779766
1531330003.4661648,86144,0.00895697996020317
1531330109.4406009,86272,0.011526362039148808
1531330215.2172282,86400,0.009440252557396889
1531330321.2828422,86528,0.011175488121807575
1531330512.9538057,86656,0.009380924515426159
1531330618.9511707,86784,0.014812404289841652
1531330724.8760982,86912,0.011896039359271526
1531330830.6036966,87040,0.010582814924418926
1531331023.2038271,87168,0.007974868640303612
1531331128.9686098,87296,0.012993895448744297
1531331235.078756,87424,0.010606523603200912
1531331341.172526,87552,0.007401932962238789
1531331532.9139092,87680,0.011291561648249626
1531331639.0586503,87808,0.013449626043438911
1531331745.1418839,87936,0.011269132606685162
1531331851.0624886,88064,0.012347495183348656
1531332044.0175323,88192,0.013973742723464966
1531332150.0942533,88320,0.009175444953143597
1531332256.0204475,88448,0.009755060076713562
1531332361.9037127,88576,0.012572575360536575
1531332554.07387,88704,0.012033844366669655
1531332660.0872712,88832,0.010915023274719715
1531332766.1412337,88960,0.011371752247214317
1531332872.0117044,89088,0.009800819680094719
1531333062.589191,89216,0.012989331036806107
1531333168.7141109,89344,0.011358334682881832
1531333274.965514,89472,0.00966755673289299
1531333381.044577,89600,0.008748279884457588
1531333573.1432083,89728,0.008986098691821098
1531333679.3318334,89856,0.012637508101761341
1531333785.5680823,89984,0.008078092709183693
1531333891.6788177,90112,0.01213434711098671
1531334083.2041855,90240,0.00941853690892458
1531334189.3062272,90368,0.008143666200339794
1531334295.61336,90496,0.008178913034498692
1531334401.644058,90624,0.009080037474632263
1531334592.1251113,90752,0.011865213513374329
1531334698.3978243,90880,0.009492814540863037
1531334804.5473742,91008,0.011097334325313568
1531334910.6771786,91136,0.00716315396130085
1531335102.6600788,91264,0.016874736174941063
1531335208.8425596,91392,0.009082602337002754
1531335314.951039,91520,0.010980585590004921
1531335420.969851,91648,0.010584305971860886
1531335613.128229,91776,0.010077224113047123
1531335719.2121387,91904,0.011825901456177235
1531335825.3350537,92032,0.014108973555266857
1531335931.6412423,92160,0.009403107687830925
1531336125.3694093,92288,0.01066499762237072
1531336231.4900692,92416,0.01274042297154665
1531336337.7039247,92544,0.008523299358785152
1531336443.7947428,92672,0.01142079383134842
1531336635.4044876,92800,0.016110535711050034
1531336741.614394,92928,0.008462687022984028
1531336847.724671,93056,0.009847832843661308
1531336953.8918488,93184,0.011675686575472355
1531337147.211845,93312,0.009760025888681412
1531337253.2701316,93440,0.010785243473947048
1531337359.1888542,93568,0.009930592030286789
1531337465.109638,93696,0.011724686250090599
1531337658.8476303,93824,0.00851852260529995
1531337765.0289009,93952,0.01628044620156288
1531337871.104499,94080,0.010946591384708881
1531337977.1901026,94208,0.009819336235523224
1531338169.913749,94336,0.0074021825566887856
1531338275.9352524,94464,0.007523455191403627
1531338382.1724956,94592,0.010680077597498894
1531338488.0046873,94720,0.00980965793132782
1531338679.5890872,94848,0.010969717055559158
1531338785.9880733,94976,0.013939515687525272
1531338891.9788136,95104,0.008058265782892704
1531338998.0877032,95232,0.013005348853766918
1531339191.2387886,95360,0.010267266072332859
1531339297.1410291,95488,0.00862894020974636
1531339403.5238652,95616,0.009561521001160145
1531339509.5196326,95744,0.00829926785081625
1531339702.7859423,95872,0.012423711828887463
1531339808.863281,96000,0.00944368727505207
1531339914.9628859,96128,0.012015563435852528
1531340021.218613,96256,0.014637358486652374
1531340214.1968532,96384,0.01319277286529541
1531340320.2187753,96512,0.010851610451936722
1531340426.2905622,96640,0.009877237491309643
1531340532.1197917,96768,0.007574576884508133
1531340723.6814556,96896,0.010600169189274311
1531340829.5807378,97024,0.00944254919886589
1531340935.5387251,97152,0.011112280189990997
1531341041.4655976,97280,0.011687908321619034
1531341235.9189882,97408,0.00933538656681776
1531341342.0205803,97536,0.010118386708199978
