wall_time,step,value
1531010007.7380207,512,5.29329776763916
1531010589.1308618,1024,2.2001569271087646
1531011161.7817378,1536,2.4132025241851807
1531011731.9294431,2048,1.590735912322998
1531012308.1822565,2560,1.8689128160476685
1531012877.9986663,3072,1.1842081546783447
1531013448.1083686,3584,1.121755838394165
1531014016.198112,4096,1.2631134986877441
1531014583.0995188,4608,1.3203827142715454
1531015149.9085405,5120,1.2802006006240845
1531015718.415713,5632,0.9974580407142639
1531016289.6494434,6144,1.289101243019104
1531016860.4055827,6656,1.1806740760803223
1531017434.0118737,7168,1.3023459911346436
1531018006.2553647,7680,1.0571637153625488
1531018577.161898,8192,1.2036789655685425
1531019151.0632308,8704,1.179140329360962
1531019722.8137624,9216,1.4586703777313232
1531020297.2463698,9728,1.0644878149032593
1531020868.4894593,10240,1.0831259489059448
1531021443.136181,10752,1.315104365348816
1531022015.3998652,11264,1.194640874862671
1531022588.7566466,11776,1.0752160549163818
1531023162.046969,12288,1.3754898309707642
1531023735.7170215,12800,1.110026478767395
1531024307.5804863,13312,1.1252566576004028
1531024881.072827,13824,1.0821155309677124
1531025455.1642513,14336,1.1411380767822266
1531026028.0162597,14848,0.8356377482414246
1531026602.2476947,15360,0.9746028780937195
1531027175.5828989,15872,1.5437031984329224
1531027750.004218,16384,1.4924206733703613
1531028323.028434,16896,1.2558238506317139
1531028895.9208267,17408,0.9817038774490356
1531029469.0218456,17920,0.9598310589790344
1531030043.0953805,18432,1.1921570301055908
1531030615.8809834,18944,1.203482985496521
1531031189.2825696,19456,1.0003397464752197
1531031762.4969945,19968,1.1316051483154297
1531032335.201076,20480,1.0213470458984375
1531032908.5563293,20992,1.2179455757141113
1531033480.8592963,21504,1.4844967126846313
1531034054.7922347,22016,1.1094655990600586
1531034627.0062761,22528,1.1041134595870972
1531035198.9052234,23040,0.9951696991920471
1531035771.3570123,23552,1.164549469947815
1531036343.6353333,24064,1.3024271726608276
1531036918.7562056,24576,1.1310008764266968
1531037493.1891904,25088,0.8854359984397888
1531038067.2828488,25600,1.5564264059066772
1531038640.252898,26112,0.8377806544303894
1531039216.2515132,26624,1.7071335315704346
1531039791.5265448,27136,1.2838919162750244
1531040365.9386895,27648,1.2866603136062622
1531040942.0039108,28160,1.1802819967269897
1531041516.9598346,28672,1.1240897178649902
1531042090.247689,29184,1.5588186979293823
1531042665.0424383,29696,1.4773716926574707
1531043237.6215997,30208,0.9505283832550049
1531043811.361565,30720,1.2531366348266602
1531044383.82004,31232,1.0338835716247559
1531044955.9373672,31744,0.9894047975540161
1531045531.0217977,32256,0.9319396615028381
1531046106.3668826,32768,1.3326263427734375
1531046680.1319132,33280,0.9140953421592712
1531047253.2199612,33792,1.7256819009780884
1531047825.33185,34304,1.4051451683044434
1531048398.312806,34816,0.9660382866859436
1531048972.7214766,35328,1.1746474504470825
1531049546.0634048,35840,1.0612884759902954
1531050120.5885239,36352,1.4573205709457397
1531181973.072494,37376,1.0634714365005493
1531182544.4840353,37888,1.7566262483596802
1531183115.2341666,38400,1.7722138166427612
1531183685.9040518,38912,1.552923321723938
1531184257.4863207,39424,1.6298240423202515
1531184827.9986749,39936,1.2310553789138794
1531185398.361753,40448,1.1397432088851929
1531185968.5944364,40960,1.1699568033218384
1531186540.7057722,41472,1.0438344478607178
1531187113.3010828,41984,1.308099389076233
1531187686.1084673,42496,1.6743817329406738
1531188257.7664468,43008,0.988731324672699
1531188830.0037384,43520,0.8680187463760376
1531189401.9400508,44032,1.5123854875564575
1531189974.3603647,44544,1.1176561117172241
1531190545.4111989,45056,1.2109254598617554
1531191116.9322562,45568,1.2592109441757202
1531191689.1438904,46080,1.3095675706863403
1531192261.2892313,46592,1.2220615148544312
1531192834.6430569,47104,0.9317454695701599
1531193406.338571,47616,1.0706366300582886
1531193979.390227,48128,0.9250382781028748
1531194552.9366193,48640,1.509103536605835
1531195125.6324732,49152,1.1800624132156372
1531195697.662445,49664,0.9371939897537231
1531196268.5691059,50176,1.7099578380584717
1531196840.4631722,50688,1.4376078844070435
1531197412.022473,51200,1.2784382104873657
1531197985.2102742,51712,0.9212115406990051
1531198558.6702826,52224,0.9754594564437866
1531199132.5871236,52736,0.8987641930580139
1531199707.0124133,53248,0.9863132834434509
1531200279.3574524,53760,0.9230162501335144
1531200852.9375753,54272,1.0454357862472534
1531201426.6039472,54784,1.2658697366714478
1531202000.8397348,55296,1.2109832763671875
1531202575.743163,55808,1.1327005624771118
1531203149.077689,56320,1.7357503175735474
1531203720.907088,56832,1.5110970735549927
1531204295.4791546,57344,1.2799161672592163
1531204870.4421217,57856,0.8316597938537598
1531205443.3928983,58368,1.0402671098709106
1531206017.7255576,58880,1.1830804347991943
1531206590.8458953,59392,1.1915290355682373
1531207165.6479516,59904,0.8637964129447937
1531207740.496046,60416,1.121535062789917
1531208315.381212,60928,1.097838044166565
1531208890.9050622,61440,0.9611991047859192
1531209466.2031467,61952,1.1772327423095703
1531210042.2324023,62464,0.9049909710884094
1531210619.221205,62976,1.1726948022842407
1531211195.3769417,63488,1.3266769647598267
1531211772.737439,64000,1.0349864959716797
1531212350.5268412,64512,1.3198769092559814
1531212927.984665,65024,0.9940184354782104
1531213503.5170467,65536,0.8661006689071655
1531214082.2865298,66048,1.3504315614700317
1531214659.7072635,66560,1.2366529703140259
1531215236.4064465,67072,1.28205406665802
1531215814.934134,67584,1.066445231437683
1531216392.3074818,68096,1.1658532619476318
1531216969.6348953,68608,0.913232147693634
1531217549.5194623,69120,1.4852479696273804
1531218126.7587156,69632,1.457175850868225
1531218705.247821,70144,1.1694817543029785
1531219282.6077406,70656,1.5209499597549438
1531219859.7527754,71168,0.8033115267753601
1531220437.583774,71680,0.953021228313446
1531221014.7277992,72192,1.2913438081741333
1531221591.634797,72704,1.2746988534927368
1531222169.2959352,73216,0.9437339305877686
1531242364.8648348,74240,0.8877296447753906
1531242937.8235333,74752,0.8603790998458862
1531252535.9330325,75776,1.3262590169906616
1531253108.662199,76288,1.3086485862731934
1531253683.4369671,76800,0.9951602816581726
1531254255.86737,77312,1.0497872829437256
1531254831.45111,77824,1.128285527229309
1531255404.9150605,78336,1.812361478805542
1531255977.0273736,78848,0.9064818620681763
1531256551.324057,79360,0.9698323011398315
1531257125.332949,79872,1.0871293544769287
1531257699.596799,80384,1.2289079427719116
1531258272.7061405,80896,0.8618124127388
1531258846.1564035,81408,1.2758859395980835
1531259420.1615856,81920,1.3711766004562378
1531259995.2696226,82432,1.3732423782348633
1531260569.6137226,82944,1.0194529294967651
1531261142.9707394,83456,1.608651041984558
1531261719.9071953,83968,1.2818019390106201
1531262295.9812667,84480,1.1220474243164062
1531262870.8050487,84992,0.9831678867340088
1531263444.473083,85504,0.9125701189041138
1531264020.3839364,86016,0.8723504543304443
1531264596.3853896,86528,1.2261724472045898
1531265170.916936,87040,1.4286751747131348
1531265744.3313832,87552,0.9218339920043945
1531266319.2112112,88064,1.060664415359497
1531266895.1728451,88576,1.0633479356765747
1531267469.9317017,89088,1.4062801599502563
1531268044.1324484,89600,1.0871061086654663
1531268620.1305094,90112,0.8778184652328491
1531269198.3885047,90624,1.447860836982727
1531269775.508948,91136,1.0955990552902222
1531270353.0890481,91648,1.286996603012085
1531270931.4479969,92160,1.3351680040359497
1531271508.9205306,92672,1.0057153701782227
1531272084.732329,93184,1.551186203956604
1531272662.947092,93696,1.3296958208084106
1531273237.6182733,94208,1.2269364595413208
1531273812.4534483,94720,1.3048514127731323
1531274387.7036197,95232,1.1813428401947021
1531274963.6212544,95744,1.154402732849121
1531275539.0646126,96256,1.168958306312561
1531276115.6397462,96768,1.0966746807098389
1531276690.6016552,97280,1.0494582653045654
