wall_time,step,value
1533212796.449367,512,2.305168628692627
1533214824.6456563,1024,2.7400097846984863
1533216826.8857713,1536,2.9143176078796387
1533218820.3358092,2048,3.0594482421875
1533220818.060023,2560,3.2714290618896484
1533222805.0247858,3072,3.4822583198547363
1533224787.762482,3584,3.5605132579803467
1533226775.4434364,4096,3.805091142654419
1533228765.5093424,4608,3.8618454933166504
1533230740.339518,5120,4.052076816558838
1533232709.4672327,5632,4.16288423538208
1533234677.2134252,6144,4.038861274719238
1533236648.8312542,6656,4.171506404876709
1533238609.4886713,7168,4.090581893920898
1533240572.0989091,7680,4.1885528564453125
1533242547.7199135,8192,4.18848991394043
1533244508.2588525,8704,4.1313982009887695
1533246474.1681678,9216,4.258423805236816
1533248448.816484,9728,4.1913838386535645
1533250419.8258305,10240,4.351039886474609
1533252388.2829719,10752,4.3022332191467285
1533254365.9934337,11264,4.1035356521606445
1533256335.116483,11776,4.185466766357422
1533258320.1428127,12288,4.189180374145508
1533260298.6937337,12800,4.188549995422363
1533262272.3450456,13312,4.098325729370117
1533264252.9618814,13824,4.1463494300842285
1533266229.6465995,14336,4.139938831329346
1533268177.9979212,14848,4.125936985015869
1533270145.1055055,15360,4.118894100189209
1533272106.1328464,15872,4.068553924560547
1533274081.901246,16384,4.2073445320129395
1533276050.2692306,16896,4.039862632751465
1533278002.908245,17408,4.092040061950684
1533279964.2658918,17920,4.1746673583984375
1533281926.6794636,18432,4.050264358520508
1533283881.5742583,18944,3.995391845703125
1533285837.598998,19456,4.028631210327148
1533287806.5418484,19968,3.9321563243865967
1533289767.8676248,20480,3.97636079788208
1533291723.4467177,20992,3.9660327434539795
1533293681.9855456,21504,3.8652756214141846
1533295649.4312794,22016,3.9399967193603516
1533297602.1588097,22528,3.9123172760009766
1533299544.0947063,23040,3.8842761516571045
1533301515.5447595,23552,3.8671956062316895
1533303484.2890065,24064,3.914681911468506
1533305452.309137,24576,3.808560848236084
1533307415.1426337,25088,3.8222415447235107
1533309384.5787392,25600,3.8326401710510254
1533311351.8251648,26112,3.8860251903533936
1533313311.2533705,26624,3.735339403152466
1533315284.7470565,27136,3.8809993267059326
1533317254.096836,27648,3.8353912830352783
1533319223.846703,28160,3.9153494834899902
1533321190.0618663,28672,3.818265438079834
1533323153.0210433,29184,3.7062366008758545
1533554396.506481,29696,3.86419939994812
1533556361.665478,30208,3.799753189086914
1533558320.8213027,30720,3.7977211475372314
1533560290.6047468,31232,3.743182420730591
1533562245.3904808,31744,3.729862689971924
1533564216.2818916,32256,3.8137927055358887
1533566173.4954147,32768,3.684424877166748
1533568159.2467487,33280,3.7697079181671143
1533570123.1743832,33792,3.802178144454956
1533572093.2761436,34304,3.693509578704834
1533574066.392062,34816,3.817326307296753
1533576044.192788,35328,3.7846322059631348
1533578021.8124728,35840,3.6539413928985596
1533579995.9957871,36352,3.70635724067688
1533581979.8741734,36864,3.660762310028076
1533583951.1937006,37376,3.7113265991210938
1533585918.8872142,37888,3.687502384185791
1533587887.6737309,38400,3.7362003326416016
1533589867.459809,38912,3.7554473876953125
1533591824.565324,39424,3.699592113494873
1533593789.283474,39936,3.6274890899658203
1533595754.0955145,40448,3.6408817768096924
1533597732.3798265,40960,3.633619785308838
1533599699.6688526,41472,3.576866865158081
1533601665.8389554,41984,3.62286114692688
1533603635.4503012,42496,3.613503932952881
1533605611.6526468,43008,3.620389223098755
1533607592.8647416,43520,3.6263785362243652
1533609560.5184894,44032,3.556406021118164
1533611548.6716936,44544,3.579270839691162
1533613536.2932906,45056,3.5865280628204346
1533615511.8000922,45568,3.647867202758789
1533617490.168922,46080,3.589722156524658
1533619468.8528798,46592,3.5759639739990234
1533621435.2243218,47104,3.6141490936279297
1533623412.0239663,47616,3.5066113471984863
1533625393.816323,48128,3.526578426361084
1533627372.2480094,48640,3.5676779747009277
1533629349.6202464,49152,3.4991469383239746
1533631318.398708,49664,3.556641101837158
1533633296.1728992,50176,3.534575939178467
1533635270.0834684,50688,3.4663796424865723
1533637248.23607,51200,3.5076828002929688
1533639242.940351,51712,3.493603229522705
1533641219.7583234,52224,3.535855770111084
1533643215.1910279,52736,3.48408579826355
1533645198.203406,53248,3.5373542308807373
1533647179.6989179,53760,3.5173404216766357
1533649168.3853278,54272,3.491542100906372
1533651156.5491366,54784,3.467648983001709
1533653146.5143971,55296,3.4475111961364746
1533655136.624362,55808,3.5095200538635254
1533657112.7772465,56320,3.533104419708252
1533659097.9129927,56832,3.406033992767334
1533661077.1685855,57344,3.4816482067108154
1533663054.1393712,57856,3.4993579387664795
1533665054.3965757,58368,3.4718985557556152
1533667064.5437093,58880,3.44287371635437
1533669054.414259,59392,3.4794039726257324
1533674857.961803,59904,3.423119306564331
1533676842.340533,60416,3.4688334465026855
1533678821.041347,60928,3.502167224884033
1533680799.384216,61440,3.3832144737243652
1533682793.2466738,61952,3.432527542114258
1533684797.2575667,62464,3.4369521141052246
1533686784.547214,62976,3.4162354469299316
1533688771.7180622,63488,3.448154926300049
1533690769.4899502,64000,3.4564948081970215
1533692752.53319,64512,3.421815872192383
1533694737.0588028,65024,3.438892364501953
1533696722.1378467,65536,3.353928804397583
1533698706.3940153,66048,3.4954617023468018
1533700703.476041,66560,3.344562530517578
1533702701.4588752,67072,3.3703536987304688
1533704689.4860728,67584,3.4184436798095703
1533706674.585381,68096,3.533433437347412
1533708675.1520371,68608,3.4603962898254395
1533710685.195701,69120,3.4588446617126465
1533712687.4271429,69632,3.428438663482666
1533714697.4559076,70144,3.3861801624298096
1533716692.9908762,70656,3.365286350250244
1533718706.386825,71168,3.3412113189697266
1533720708.0795884,71680,3.4017581939697266
1533722708.352975,72192,3.4402568340301514
1533724700.6201572,72704,3.3827457427978516
1533726706.5550244,73216,3.42968487739563
1533728701.113203,73728,3.363232135772705
1533730692.413796,74240,3.4292807579040527
1533732678.7063115,74752,3.4495434761047363
1533734661.6436784,75264,3.408496141433716
1533736664.1814399,75776,3.386962890625
1533738667.018401,76288,3.4330201148986816
1533740671.6717937,76800,3.3697171211242676
1533742691.891209,77312,3.421725034713745
1533745706.3184562,77824,3.3299362659454346
1533747702.6456387,78336,3.4013876914978027
1533749699.9375064,78848,3.297858476638794
1533751690.5869486,79360,3.3424232006073
1533753694.8686109,79872,3.375844955444336
1533755684.2017379,80384,3.3801276683807373
1533757675.0681689,80896,3.2788333892822266
1533759661.664325,81408,3.3196170330047607
1533761648.7827501,81920,3.383556365966797
1533763647.0610273,82432,3.353544235229492
1533765643.6541512,82944,3.357361316680908
1533767626.532945,83456,3.278651714324951
1533769626.4541566,83968,3.3493282794952393
1533771620.0464816,84480,3.2836837768554688
1533773628.775876,84992,3.3276054859161377
1533775625.6155822,85504,3.4615864753723145
1533777625.0466058,86016,3.2275917530059814
1533779628.8605776,86528,3.340876817703247
1533781625.3338728,87040,3.306248188018799
1533783632.4599638,87552,3.3001952171325684
1533785627.1878762,88064,3.3259334564208984
1533787632.7221262,88576,3.3774948120117188
1533789623.3432858,89088,3.2659518718719482
1533791615.336812,89600,3.259207248687744
1533793612.2790065,90112,3.2577834129333496
1533795612.834658,90624,3.320687770843506
1533797600.4981678,91136,3.3112072944641113
1533799591.990699,91648,3.272792100906372
1533801580.0597074,92160,3.2964859008789062
1533803571.0897775,92672,3.3041152954101562
1533805559.2621589,93184,3.2988648414611816
1533807544.4035683,93696,3.279423236846924
1533809542.6250796,94208,3.261585235595703
1533811536.6099198,94720,3.2243564128875732
1533813526.1306925,95232,3.283398389816284
1533815519.8802567,95744,3.2139041423797607
1533817504.941701,96256,3.212437868118286
1533819500.9567194,96768,3.282249927520752
1533821498.5036402,97280,3.294281005859375
