wall_time,step,value
1531050838.8174307,128,0.99973064661026
1531050945.3982706,256,0.9997230172157288
1531051052.3246758,384,0.9997223019599915
1531051159.3949835,512,0.999722421169281
1531051366.7635508,640,0.999722957611084
1531051473.9659088,768,0.9997252821922302
1531051581.150544,896,0.9997303485870361
1531051688.111554,1024,0.9997329711914062
1531051893.307576,1152,0.99973064661026
1531052000.373167,1280,0.9997305870056152
1531052106.8512318,1408,0.9997316002845764
1531052213.9574192,1536,0.999731719493866
1531052409.472582,1664,0.9997307658195496
1531052516.3717759,1792,0.9997303485870361
1531052623.3302178,1920,0.9997318387031555
1531052730.2631078,2048,0.9997314810752869
1531052927.7254524,2176,0.9997318983078003
1531053034.5743458,2304,0.9997326135635376
1531053141.6473546,2432,0.9997321367263794
1531053248.3720315,2560,0.9997333884239197
1531053442.3003178,2688,0.99973464012146
1531053549.400321,2816,0.9997349381446838
1531053656.4997008,2944,0.9997345209121704
1531053763.2214184,3072,0.999735951423645
1531053962.8797839,3200,0.9997367262840271
1531054069.5530384,3328,0.9997358918190002
1531054176.358825,3456,0.999736487865448
1531054283.0493293,3584,0.9997381567955017
1531054481.145026,3712,0.9997363686561584
1531054587.830748,3840,0.9997369647026062
1531054694.5329878,3968,0.9997373819351196
1531054801.1386194,4096,0.9997374415397644
1531054998.4981356,4224,0.9997355341911316
1531055105.161263,4352,0.9997355937957764
1531055211.8978565,4480,0.9997369050979614
1531055318.6027386,4608,0.9997355937957764
1531055514.2356753,4736,0.9997358322143555
1531055620.9481037,4864,0.9997360110282898
1531055727.818922,4992,0.9997363090515137
1531055834.5195234,5120,0.9997352361679077
1531056031.290184,5248,0.9997352957725525
1531056138.0846093,5376,0.9997355341911316
1531056244.9476264,5504,0.9997358322143555
1531056351.868502,5632,0.9997357726097107
1531056547.0300262,5760,0.9997349381446838
1531056653.8729532,5888,0.99973464012146
1531056760.7705624,6016,0.9997352957725525
1531056867.5364313,6144,0.9997345209121704
1531057063.0135105,6272,0.9997351169586182
1531057169.9327147,6400,0.9997348785400391
1531057276.6686623,6528,0.9997352957725525
1531057383.4240549,6656,0.999735414981842
1531057577.73171,6784,0.999736487865448
1531057684.7156532,6912,0.9997367858886719
1531057791.6962876,7040,0.999735951423645
1531057898.3403137,7168,0.9997364282608032
1531058090.9298384,7296,0.9997364282608032
1531058197.8633003,7424,0.9997367262840271
1531058304.6902165,7552,0.9997366070747375
1531058411.554903,7680,0.9997373819351196
1531058605.0424957,7808,0.9997383952140808
1531058711.934144,7936,0.9997392892837524
1531058818.838733,8064,0.9997390508651733
1531058925.558343,8192,0.9997382164001465
1531059116.675002,8320,0.9997377395629883
1531059223.5906641,8448,0.9997409582138062
1531059330.4714525,8576,0.999739944934845
1531059437.3701167,8704,0.999739408493042
1531059629.2092738,8832,0.9997385740280151
1531059736.0187044,8960,0.9997402429580688
1531059843.0305173,9088,0.9997401833534241
1531059949.9610312,9216,0.9997396469116211
1531060141.6830666,9344,0.999740481376648
1531060248.6434317,9472,0.9997395873069763
1531060355.767772,9600,0.9997407793998718
1531060462.8131797,9728,0.999740719795227
1531060654.854472,9856,0.9997403621673584
1531060762.0036025,9984,0.9997386932373047
1531060868.858425,10112,0.9997392296791077
1531060975.743363,10240,0.9997407793998718
1531061168.2273648,10368,0.9997404217720032
1531061275.3880987,10496,0.9997403025627136
1531061382.634946,10624,0.999739944934845
1531061489.4548502,10752,0.9997406005859375
1531061680.7710419,10880,0.9997415542602539
1531061787.7349687,11008,0.9997410774230957
1531061894.7363374,11136,0.9997419714927673
1531062001.8171885,11264,0.9997419714927673
1531062192.575423,11392,0.9997427463531494
1531062299.4914598,11520,0.999741792678833
1531062406.6251495,11648,0.9997413754463196
1531062513.6786358,11776,0.9997425675392151
1531062706.170259,11904,0.999741792678833
1531062813.174729,12032,0.9997413158416748
1531062920.1826262,12160,0.9997434616088867
1531063027.2086766,12288,0.9997437000274658
1531063218.446065,12416,0.9997426271438599
1531063325.4532142,12544,0.9997426271438599
1531063432.5023303,12672,0.9997437596321106
1531063539.3630311,12800,0.9997443556785583
1531063732.154405,12928,0.9997455477714539
1531063839.5305688,13056,0.9997448325157166
1531063946.5958,13184,0.9997451305389404
1531064053.7304156,13312,0.9997438788414001
1531064245.0799162,13440,0.9997435212135315
1531064352.1570215,13568,0.9997448921203613
1531064459.3334422,13696,0.9997444152832031
1531064566.2325697,13824,0.999744713306427
1531064757.4401352,13952,0.9997459650039673
1531064864.4811769,14080,0.9997464418411255
1531064971.4512029,14208,0.9997457265853882
1531065078.2909572,14336,0.9997462630271912
1531065270.3877304,14464,0.9997480511665344
1531065377.3843818,14592,0.9997453093528748
1531065484.4368577,14720,0.9997466802597046
1531065591.297815,14848,0.9997449517250061
1531065782.7116024,14976,0.9997471570968628
1531065889.8102865,15104,0.9997466802597046
1531065996.9179199,15232,0.9997448921203613
1531066103.9210682,15360,0.9997471570968628
1531066298.0138342,15488,0.999747097492218
1531066404.7349534,15616,0.9997472167015076
1531066511.4192286,15744,0.9997472763061523
1531066618.5675168,15872,0.9997463822364807
1531066810.949285,16000,0.9997482895851135
1531066918.1538544,16128,0.999747633934021
1531067025.2305527,16256,0.999747097492218
1531067132.373466,16384,0.9997484683990479
1531067325.684214,16512,0.9997490048408508
1531067432.8412762,16640,0.9997493028640747
1531067539.8309784,16768,0.9997466206550598
1531067646.714482,16896,0.9997472763061523
1531067838.7085347,17024,0.9997477531433105
1531067945.8144958,17152,0.9997484087944031
1531068052.6401355,17280,0.9997460842132568
1531068159.6385229,17408,0.9997479915618896
1531068350.872595,17536,0.9997484087944031
1531068457.7219071,17664,0.9997472763061523
1531068564.5097847,17792,0.9997483491897583
1531068671.1799345,17920,0.9997470378875732
1531068862.6426237,18048,0.9997478723526001
1531068969.5559344,18176,0.999747633934021
1531069076.5358377,18304,0.9997479915618896
1531069183.5781748,18432,0.9997485876083374
1531069375.7252007,18560,0.9997474551200867
1531069482.924522,18688,0.9997466802597046
1531069590.1830413,18816,0.9997462034225464
1531069697.2749312,18944,0.9997470378875732
1531069888.9498699,19072,0.9997473955154419
1531069996.2097511,19200,0.9997463822364807
1531070103.1811042,19328,0.9997465014457703
1531070210.3667881,19456,0.9997475147247314
1531070403.1037824,19584,0.9997488260269165
1531070510.3077438,19712,0.9997475147247314
1531070617.0735884,19840,0.9997488856315613
1531070724.0812726,19968,0.9997484683990479
1531070916.3509297,20096,0.9997474551200867
1531071023.5275986,20224,0.9997478723526001
1531071130.6445649,20352,0.9997485280036926
1531071237.6708908,20480,0.9997472763061523
1531071429.4421873,20608,0.999746561050415
1531071536.5429754,20736,0.9997451901435852
1531071643.6507044,20864,0.9997463226318359
1531071750.6300511,20992,0.9997468590736389
1531071942.9121575,21120,0.9997466206550598
1531072050.05433,21248,0.9997478127479553
1531072157.4537187,21376,0.9997490048408508
1531072264.7460237,21504,0.9997479319572449
1531072458.2066815,21632,0.9997461438179016
1531072565.336009,21760,0.9997477531433105
1531072672.5595088,21888,0.9997469782829285
1531072779.7660038,22016,0.9997478127479553
1531072972.636333,22144,0.999747097492218
1531073079.8766406,22272,0.9997479319572449
1531073187.2050526,22400,0.9997468590736389
1531073294.386007,22528,0.9997485876083374
1531073487.7989047,22656,0.9997469782829285
1531073594.8322732,22784,0.9997467994689941
1531073702.1022182,22912,0.9997482895851135
1531073809.2183533,23040,0.9997472167015076
1531074002.3390384,23168,0.9997469782829285
1531074109.7162669,23296,0.9997482895851135
1531074217.080809,23424,0.9997481107711792
1531074324.0360413,23552,0.9997496008872986
1531074516.7819896,23680,0.9997483491897583
1531074623.9839926,23808,0.9997504353523254
1531074731.1849627,23936,0.9997471570968628
1531074838.4754295,24064,0.9997482299804688
1531075031.2708437,24192,0.9997474551200867
1531075138.3390017,24320,0.9997468590736389
1531075245.6391168,24448,0.999748945236206
1531075352.861578,24576,0.9997490644454956
1531075545.9709783,24704,0.9997483491897583
1531075653.2222226,24832,0.9997509121894836
1531075760.5514266,24960,0.9997488856315613
1531075867.7264197,25088,0.9997504949569702
1531076062.0205789,25216,0.9997502565383911
1531076169.1936324,25344,0.9997502565383911
1531076276.4591863,25472,0.9997500777244568
1531076383.7140102,25600,0.9997513890266418
1531076577.690596,25728,0.9997498989105225
1531076684.9935992,25856,0.9997499585151672
1531076792.3208697,25984,0.9997515678405762
1531076899.4796224,26112,0.9997515678405762
1531077092.331915,26240,0.9997506141662598
1531077199.4961443,26368,0.9997519254684448
1531077306.7089977,26496,0.9997515082359314
1531077413.882544,26624,0.9997518658638
1531077607.0942163,26752,0.9997513294219971
1531077714.3768022,26880,0.9997528195381165
1531077821.4223804,27008,0.9997538328170776
1531077928.5837765,27136,0.9997536540031433
1531078120.8686416,27264,0.9997528791427612
1531078228.167545,27392,0.9997538328170776
1531078335.409368,27520,0.999752938747406
1531078442.717138,27648,0.9997546672821045
1531078635.8982701,27776,0.9997532367706299
1531078742.8906205,27904,0.9997537732124329
1531078849.933628,28032,0.9997504353523254
1531078957.1224287,28160,0.9997533559799194
1531079149.704828,28288,0.9997533559799194
1531079256.9179409,28416,0.9997501969337463
1531079363.8917747,28544,0.9997518658638
1531079471.1023355,28672,0.9997520446777344
1531079665.7302198,28800,0.9997532367706299
1531079772.7507427,28928,0.9997529983520508
1531079879.6148856,29056,0.9997526407241821
1531079986.7959478,29184,0.9997523427009583
1531080182.0514457,29312,0.9997512102127075
1531080288.577387,29440,0.9997525811195374
1531080395.189446,29568,0.9997528195381165
1531080501.7312503,29696,0.9997527003288269
1531080696.7317138,29824,0.9997550845146179
1531080804.0694475,29952,0.9997527003288269
1531080911.1827354,30080,0.9997540712356567
1531081018.0834587,30208,0.9997531175613403
1531081211.3332202,30336,0.9997526407241821
1531081318.6855333,30464,0.9997545480728149
1531081425.8044894,30592,0.9997535347938538
1531081533.112209,30720,0.9997543096542358
1531081728.0911617,30848,0.9997550845146179
1531081835.3040023,30976,0.9997542500495911
1531081942.7240717,31104,0.9997534155845642
1531082050.0232623,31232,0.9997554421424866
1531082244.7332613,31360,0.9997537136077881
1531082351.9875865,31488,0.9997552037239075
1531082459.3308017,31616,0.9997536540031433
1531082566.5250754,31744,0.9997566342353821
1531082762.0219197,31872,0.999756932258606
1531082869.0803478,32000,0.9997571110725403
1531082976.157079,32128,0.9997549057006836
1531083082.8768973,32256,0.9997572898864746
1531083276.5029316,32384,0.9997562766075134
1531083383.8767662,32512,0.9997588396072388
1531083491.0197284,32640,0.9997584223747253
1531083598.2108843,32768,0.9997550249099731
1531083792.0929143,32896,0.9997581243515015
1531083899.2861035,33024,0.9997590780258179
1531084006.560758,33152,0.9997598528862
1531084113.6698942,33280,0.9997598528862
1531084307.7767477,33408,0.9997593760490417
1531084415.0946486,33536,0.9997589588165283
1531084522.3044295,33664,0.9997575283050537
1531084629.6278937,33792,0.999756395816803
1531084825.7691941,33920,0.9997584819793701
1531084933.0717962,34048,0.9997605681419373
1531085040.537053,34176,0.999759316444397
1531085147.805995,34304,0.9997580051422119
1531085343.6329222,34432,0.9997598528862
1531085450.7552562,34560,0.9997595548629761
1531085557.9326296,34688,0.9997571110725403
1531085664.894825,34816,0.9997586607933044
1531085859.532738,34944,0.9997602105140686
1531085966.7628102,35072,0.999760091304779
1531086073.8449733,35200,0.9997605681419373
1531086180.9686747,35328,0.9997584223747253
1531086375.5247548,35456,0.9997612237930298
1531086482.4428933,35584,0.9997601509094238
1531086589.162798,35712,0.9997606873512268
1531086695.8698287,35840,0.9997604489326477
1531086890.7811282,35968,0.9997622966766357
1531086997.9027789,36096,0.999761700630188
1531087104.8058794,36224,0.9997628331184387
1531087211.4064207,36352,0.9997636079788208
1531087406.2179706,36480,0.9997641444206238
1531087513.185653,36608,0.9997650980949402
1531087620.1160316,36736,0.9997628331184387
1531087727.079948,36864,0.9997629523277283
1531087924.5180948,36992,0.9997656345367432
1531088031.5977042,37120,0.9997661113739014
1531088138.5938168,37248,0.9997663497924805
1531222877.4029799,37504,0.9997666478157043
1531222983.9030898,37632,0.9997660517692566
1531223090.5655608,37760,0.9997650384902954
1531223197.11719,37888,0.9997656941413879
1531223389.014426,38016,0.9997658133506775
1531223495.3510811,38144,0.9997648596763611
1531223601.7591784,38272,0.9997652769088745
1531223708.1532917,38400,0.9997652769088745
1531223898.2524128,38528,0.9997625350952148
1531224004.8490515,38656,0.9997634887695312
1531224111.4629562,38784,0.9997647404670715
1531224218.0261905,38912,0.9997592568397522
1531224409.0635295,39040,0.9997619390487671
1531224515.577357,39168,0.9997622966766357
1531224622.379237,39296,0.9997624754905701
1531224728.8577423,39424,0.9997602105140686
1531224920.5195482,39552,0.9997622966766357
1531225027.1711845,39680,0.9997609853744507
1531225133.9417505,39808,0.9997639656066895
1531225240.562565,39936,0.9997623562812805
1531225432.6610188,40064,0.9997648000717163
1531225539.3753428,40192,0.9997633099555969
1531277159.8437374,40576,0.999763548374176
1531277266.037856,40704,0.9997656941413879
1531277372.3695207,40832,0.9997659921646118
1531277478.4083674,40960,0.9997643828392029
1531277668.9201043,41088,0.9997665286064148
1531277775.5902593,41216,0.9997664093971252
1531277882.2295904,41344,0.999768078327179
1531277988.8219995,41472,0.9997648596763611
1531278178.7948453,41600,0.9997658133506775
1531278285.1881912,41728,0.9997670650482178
1531278391.7318492,41856,0.9997672438621521
1531278498.1888452,41984,0.9997669458389282
1531278688.273603,42112,0.9997679591178894
1531278794.9035723,42240,0.9997692108154297
1531278901.4687293,42368,0.9997678399085999
1531279008.0785072,42496,0.999767541885376
1531279198.1760771,42624,0.9997698068618774
1531279304.7460349,42752,0.9997683763504028
1531279411.3412285,42880,0.9997687339782715
1531279517.9497256,43008,0.9997690916061401
1531279708.2520432,43136,0.9997654557228088
1531279814.6913078,43264,0.9997677803039551
1531279921.3818572,43392,0.9997684955596924
1531280027.9933095,43520,0.9997695088386536
1531280218.580131,43648,0.9997699856758118
1531280325.202324,43776,0.9997715950012207
1531280431.789913,43904,0.9997698068618774
1531280538.3780272,44032,0.9997703433036804
1531280728.9880235,44160,0.9997698068618774
1531280835.6509287,44288,0.9997690916061401
1531280942.1934206,44416,0.9997707605361938
1531281048.6668866,44544,0.9997686147689819
1531281239.7493756,44672,0.999767541885376
1531281346.3360581,44800,0.9997674822807312
1531281452.9389102,44928,0.9997674822807312
1531281559.4052296,45056,0.9997683763504028
1531281750.3507445,45184,0.9997705817222595
1531281856.7811437,45312,0.9997676014900208
1531281963.373945,45440,0.9997711181640625
1531282069.8026764,45568,0.9997698068618774
1531282262.0553071,45696,0.9997692704200745
1531282368.6992872,45824,0.9997721314430237
1531282475.4287663,45952,0.9997689127922058
1531282581.9418325,46080,0.9997705817222595
1531282774.8003109,46208,0.9997687339782715
1531282881.3362458,46336,0.9997682571411133
1531282988.0937738,46464,0.9997694492340088
1531283094.6859643,46592,0.9997690916061401
1531283287.028716,46720,0.9997716546058655
1531283393.4885237,46848,0.9997692108154297
1531283500.2176483,46976,0.9997724294662476
1531283606.8849485,47104,0.9997748732566833
1531283798.612257,47232,0.9997727274894714
1531283905.1662335,47360,0.9997739791870117
1531284011.8063195,47488,0.9997721910476685
1531284118.4181604,47616,0.9997735619544983
1531284309.065474,47744,0.9997736811637878
1531284415.7237372,47872,0.9997745156288147
1531284522.411513,48000,0.9997719526290894
1531284629.0441592,48128,0.9997714757919312
1531284820.6699915,48256,0.9997726082801819
1531284927.2906072,48384,0.9997746348381042
1531285034.0162852,48512,0.9997723698616028
1531285140.708425,48640,0.9997714757919312
1531285332.4381502,48768,0.9997729659080505
1531285439.0609713,48896,0.9997714161872864
1531285545.829418,49024,0.9997679591178894
1531285652.4382486,49152,0.9997706413269043
1531285844.8422852,49280,0.9997713565826416
1531285951.5569837,49408,0.9997720122337341
1531286058.0521758,49536,0.9997708201408386
1531286164.3943164,49664,0.9997721314430237
1531286358.4830983,49792,0.9997719526290894
1531286465.001761,49920,0.9997709393501282
1531286571.648403,50048,0.9997720718383789
1531286678.0741956,50176,0.9997724890708923
1531286869.0883,50304,0.9997691512107849
1531286975.7373438,50432,0.9997707009315491
1531287082.338027,50560,0.9997714161872864
1531287188.516068,50688,0.9997735619544983
1531287380.9926357,50816,0.9997715353965759
1531287487.390236,50944,0.9997721910476685
1531287594.055583,51072,0.9997721314430237
1531287700.4409952,51200,0.9997736215591431
1531287893.3867054,51328,0.999774158000946
1531287999.7960443,51456,0.9997711777687073
1531288106.266558,51584,0.9997727274894714
1531288212.7886364,51712,0.9997734427452087
1531288403.9759912,51840,0.9997729659080505
1531288510.6135843,51968,0.9997729659080505
1531288617.0315168,52096,0.9997738599777222
1531288723.4253705,52224,0.9997726082801819
1531288916.555431,52352,0.9997740387916565
1531289023.1596897,52480,0.9997729659080505
1531289129.6125996,52608,0.9997739195823669
1531289235.9874818,52736,0.9997777342796326
1531289428.2614632,52864,0.999778687953949
1531289534.6435554,52992,0.9997780919075012
1531289641.1163628,53120,0.9997760057449341
1531289747.4518921,53248,0.9997801184654236
1531289938.1318655,53376,0.9997794032096863
1531290044.5993965,53504,0.9997799396514893
1531290151.143722,53632,0.9997849464416504
1531290257.6562772,53760,0.9997792840003967
1531290449.300962,53888,0.9997828602790833
1531290555.8808193,54016,0.9997836351394653
1531290662.5985186,54144,0.9997851252555847
1531290769.0026338,54272,0.999782145023346
1531290962.2969806,54400,0.9997856020927429
1531291068.757301,54528,0.9997823238372803
1531291175.4105482,54656,0.9997837543487549
1531291281.8253639,54784,0.9997838139533997
1531291475.2718492,54912,0.9997797608375549
1531291581.726276,55040,0.9997796416282654
1531291688.3600368,55168,0.9997773170471191
1531291794.85861,55296,0.9997773170471191
1531291988.2553523,55424,0.9997785687446594
1531292094.8107529,55552,0.9997785687446594
1531292201.3355498,55680,0.9997780919075012
1531292307.7044642,55808,0.9997786283493042
1531292501.984154,55936,0.9997798800468445
1531292608.4215417,56064,0.9997817873954773
1531292715.0825155,56192,0.9997829794883728
1531292821.2769668,56320,0.9997782707214355
1531293015.5150697,56448,0.9997802376747131
1531293122.2095473,56576,0.9997812509536743
1531293228.6490648,56704,0.99978107213974
1531293335.1684349,56832,0.9997809529304504
1531293529.8191278,56960,0.9997819066047668
1531293636.1307967,57088,0.999782383441925
1531293742.6216452,57216,0.9997811317443848
1531293849.0039272,57344,0.9997824430465698
1531294042.4767222,57472,0.9997828006744385
1531294149.1972072,57600,0.9997827410697937
1531294255.718465,57728,0.9997835755348206
1531294362.1344757,57856,0.9997822046279907
1531294557.1897063,57984,0.9997812509536743
1531294663.9218638,58112,0.9997825622558594
1531294770.3993883,58240,0.9997833371162415
1531294876.9695692,58368,0.9997841119766235
1531295070.988135,58496,0.999785840511322
1531295177.5173879,58624,0.999790608882904
1531295284.0629919,58752,0.9997925758361816
1531295390.662866,58880,0.9997859597206116
1531295586.6728425,59008,0.999793291091919
1531295693.3139315,59136,0.9997918605804443
1531295799.9709866,59264,0.9997966885566711
1531295906.1626942,59392,0.9997931122779846
1531296101.9425044,59520,0.9997948408126831
1531296208.2627468,59648,0.9997943639755249
1531296314.8039901,59776,0.9997920393943787
1531296421.2766767,59904,0.9997962713241577
1531296615.7847207,60032,0.9997920989990234
1531296722.1121907,60160,0.9997923374176025
1531296828.6531062,60288,0.9997953176498413
1531296935.118233,60416,0.9997924566268921
1531297128.9538667,60544,0.9997926950454712
1531297235.3032262,60672,0.9997941255569458
1531297341.7538724,60800,0.9997954368591309
1531297448.414864,60928,0.9997953772544861
1531297642.3488975,61056,0.9997944235801697
1531297748.6490703,61184,0.999793529510498
1531297854.864529,61312,0.9997988343238831
1531297961.4591951,61440,0.999795138835907
1531298155.6219435,61568,0.9997977018356323
1531298262.1856132,61696,0.9997968077659607
1531298368.6868224,61824,0.9997907280921936
1531298474.9275987,61952,0.9997969269752502
1531298668.9117205,62080,0.9997971057891846
1531298775.405028,62208,0.9997962117195129
1531298881.9917712,62336,0.9997996091842651
1531298988.1633964,62464,0.9997936487197876
1531299181.503364,62592,0.9997953772544861
1531299288.099075,62720,0.9997953772544861
1531299394.7440863,62848,0.9997942447662354
1531299501.2730074,62976,0.9997901916503906
1531299695.0244842,63104,0.9997956156730652
1531299801.4264731,63232,0.9997919797897339
1531299907.8508668,63360,0.99979168176651
1531300014.510796,63488,0.99979567527771
1531300209.3251133,63616,0.999793291091919
1531300315.952557,63744,0.9997936487197876
1531300422.6283283,63872,0.9997952580451965
1531300529.02638,64000,0.9997938275337219
1531300723.5669155,64128,0.9997958540916443
1531300830.1549277,64256,0.9997933506965637
1531300936.7402918,64384,0.9997949600219727
1531301043.3586361,64512,0.9997976422309875
1531301237.3656948,64640,0.9997990131378174
1531301344.001636,64768,0.9997987151145935
1531301450.655265,64896,0.9997957348823547
1531301557.040719,65024,0.9997986555099487
1531301751.5495398,65152,0.99979567527771
1531301857.9694324,65280,0.9998009204864502
1531301964.6471372,65408,0.999800443649292
1531302071.331916,65536,0.9998016357421875
1531302267.0984905,65664,0.9998023509979248
1531302373.770894,65792,0.9997958540916443
1531302480.354654,65920,0.9997946619987488
1531302586.894079,66048,0.9997977018356323
1531302781.5399742,66176,0.9997987747192383
1531302888.0073392,66304,0.999790370464325
1531302994.3796732,66432,0.9997938871383667
1531303100.959051,66560,0.9997920393943787
1531303294.4559436,66688,0.9997932314872742
1531303400.998657,66816,0.999793529510498
1531303507.6457367,66944,0.999793529510498
1531303614.0078108,67072,0.9997966885566711
1531303809.4607954,67200,0.9997950792312622
1531303916.0625062,67328,0.9997902512550354
1531304022.6764815,67456,0.9997880458831787
1531304129.1290307,67584,0.9997918009757996
1531304323.5008643,67712,0.9997905492782593
1531304430.1473677,67840,0.9997924566268921
1531304536.7849007,67968,0.9997914433479309
1531304643.1631203,68096,0.9997912645339966
1531304838.1500316,68224,0.9997900128364563
1531304944.7226946,68352,0.9997902512550354
1531305051.1234279,68480,0.9997894763946533
1531305157.633169,68608,0.9997959136962891
1531305351.5531175,68736,0.9997935891151428
1531305457.8770123,68864,0.9997972846031189
1531305564.012431,68992,0.9997987151145935
1531305670.193665,69120,0.9998043775558472
1531305864.6629763,69248,0.9998032450675964
1531305970.6850908,69376,0.9997996687889099
1531306077.092057,69504,0.999800980091095
1531306183.1586118,69632,0.99980229139328
1531306377.3809712,69760,0.999800980091095
1531306483.6484225,69888,0.9997974038124084
1531306589.9361246,70016,0.9997995495796204
1531306696.321369,70144,0.9998044371604919
1531306890.723824,70272,0.9998012781143188
1531306997.0827932,70400,0.999808132648468
1531307103.259154,70528,0.9998061060905457
1531307209.348616,70656,0.9998099207878113
1531307403.8159964,70784,0.9998137354850769
1531307510.2646737,70912,0.9998155236244202
1531307616.451971,71040,0.9998146295547485
1531307722.4574478,71168,0.9998167157173157
1531307916.901033,71296,0.9998165369033813
1531308023.1345885,71424,0.999809741973877
1531308129.7962365,71552,0.9998170137405396
1531308235.9835768,71680,0.9998146295547485
1531308429.5274668,71808,0.9998138546943665
1531308535.8651068,71936,0.9998170733451843
1531308642.0690105,72064,0.9998120069503784
1531308747.9966009,72192,0.9998154044151306
1531308942.472797,72320,0.9998177289962769
1531309048.4911258,72448,0.9998155832290649
1531309154.695854,72576,0.9998165369033813
1531309260.8507578,72704,0.9998161792755127
1531309455.6923356,72832,0.9998136758804321
1531309561.9182167,72960,0.9998106956481934
1531309667.9726822,73088,0.9998111128807068
1531309774.0654323,73216,0.9998095035552979
1531309968.118538,73344,0.9998075366020203
1531310074.6006827,73472,0.9998100996017456
1531310180.8130505,73600,0.9998124837875366
1531310287.0327113,73728,0.9998136758804321
1531310483.5835602,73856,0.9998140931129456
1531310589.9096074,73984,0.9998172521591187
1531310696.2207973,74112,0.9998164176940918
1531310802.4207077,74240,0.9998177886009216
1531310997.3264813,74368,0.9998143911361694
1531311103.3974102,74496,0.99981290102005
1531311209.9205415,74624,0.9998182654380798
1531311316.2939622,74752,0.9998177886009216
1531311509.5009537,74880,0.9998177289962769
1531311615.6402497,75008,0.999819278717041
1531311721.9625754,75136,0.9998182654380798
1531311828.0444562,75264,0.9998148679733276
1531312023.766815,75392,0.9998193383216858
1531312130.000592,75520,0.999821126461029
1531312236.1793587,75648,0.999820351600647
1531312342.1507094,75776,0.9998199939727783
1531312536.772419,75904,0.9998224377632141
1531312643.144572,76032,0.9998189806938171
1531312749.478298,76160,0.999823272228241
1531312855.516478,76288,0.9998185038566589
1531313050.9769208,76416,0.9998193979263306
1531313157.616227,76544,0.9998190402984619
1531313264.2051504,76672,0.9998154640197754
1531313370.4996963,76800,0.9998202919960022
1531313565.4318974,76928,0.999822199344635
1531313671.9111252,77056,0.9998167157173157
1531313778.154857,77184,0.9998205900192261
1531313884.5370753,77312,0.9998204708099365
1531314080.353274,77440,0.9998178482055664
1531314186.444976,77568,0.9998171925544739
1531314292.3423762,77696,0.9998202323913574
1531321850.2431524,77952,0.9998238682746887
1531321956.9646912,78080,0.9998161792755127
1531322064.861164,78208,0.9998186826705933
1531322172.9080439,78336,0.9998188018798828
1531322363.9011486,78464,0.999816358089447
1531322469.7897713,78592,0.9998196363449097
1531322575.50537,78720,0.9998171925544739
1531322681.1491833,78848,0.9998184442520142
1531322873.8910036,78976,0.9998156428337097
1531322979.772828,79104,0.9998171925544739
1531323085.7813127,79232,0.9998194575309753
1531323191.5203698,79360,0.9998177289962769
1531323382.6859403,79488,0.999811589717865
1531323488.666766,79616,0.9998103380203247
1531323594.5569472,79744,0.99981290102005
1531323700.35036,79872,0.9998201727867126
1531323892.3645444,80000,0.9998198747634888
1531323998.2553701,80128,0.9998131990432739
1531324104.1545072,80256,0.9998182058334351
1531324209.935165,80384,0.9998180866241455
1531324401.2284079,80512,0.9998204708099365
1531324507.2070096,80640,0.9998186826705933
1531324613.0278966,80768,0.9998167157173157
1531324718.8837507,80896,0.9998192191123962
1531324909.310188,81024,0.9998176693916321
1531325015.242274,81152,0.9998141527175903
1531325121.2063797,81280,0.9998161196708679
1531325227.1913898,81408,0.9998170733451843
1531325417.322637,81536,0.9998188614845276
1531325523.3550503,81664,0.9998151659965515
1531325629.1414275,81792,0.9998164772987366
1531325735.2886422,81920,0.9998155236244202
1531325926.3411944,82048,0.9998134970664978
1531326032.4465008,82176,0.9998189806938171
1531326138.3873851,82304,0.9998185634613037
1531326244.2433329,82432,0.9998154044151306
1531326435.9408803,82560,0.9998188018798828
1531326541.9947245,82688,0.9998173713684082
1531326647.9921184,82816,0.9998172521591187
1531326753.7488885,82944,0.9998179078102112
1531326944.6604977,83072,0.9998202919960022
1531327050.5801256,83200,0.9998183846473694
1531327156.6091497,83328,0.9998174905776978
1531327262.4388907,83456,0.9998133778572083
1531327454.4913623,83584,0.9998165965080261
1531327560.47754,83712,0.9998162388801575
1531327666.5582628,83840,0.9998173117637634
1531327772.2923746,83968,0.999817430973053
1531327963.8189538,84096,0.9998196959495544
1531328069.8047416,84224,0.9998167753219604
1531328175.6674132,84352,0.9998189210891724
1531328281.4226005,84480,0.9998162984848022
1531328473.2933195,84608,0.9998161792755127
1531328579.252324,84736,0.9998188614845276
1531328685.459121,84864,0.9998185038566589
1531328791.2663622,84992,0.9998148679733276
1531328983.279386,85120,0.9998180866241455
1531329089.126784,85248,0.9998145699501038
1531329195.384707,85376,0.9998180866241455
1531329301.2768102,85504,0.9998151659965515
1531329493.5899155,85632,0.9998125433921814
1531329599.6088707,85760,0.9998130202293396
1531329705.7718058,85888,0.9998154640197754
1531329811.6297681,86016,0.9998183250427246
1531330003.466211,86144,0.9998166561126709
1531330109.4406495,86272,0.9998177289962769
1531330215.2172773,86400,0.9998125433921814
1531330321.2829256,86528,0.9998161792755127
1531330512.9538527,86656,0.9998160004615784
1531330618.9512198,86784,0.9998146891593933
1531330724.8761652,86912,0.9998101592063904
1531330830.6037517,87040,0.9998196363449097
1531331023.203875,87168,0.9998145699501038
1531331128.9687362,87296,0.9998084902763367
1531331235.0788121,87424,0.9998201131820679
1531331341.1725867,87552,0.9998124837875366
1531331532.9139943,87680,0.999812662601471
1531331639.0586965,87808,0.9998157024383545
1531331745.141989,87936,0.9998139142990112
1531331851.0625691,88064,0.9998140335083008
1531332044.0175908,88192,0.9998148679733276
1531332150.094325,88320,0.9998157024383545
1531332256.020502,88448,0.9998158812522888
1531332361.9037778,88576,0.9998190999031067
1531332554.0739183,88704,0.9998137950897217
1531332660.087318,88832,0.999814510345459
1531332766.1413,88960,0.9998148083686829
1531332872.0117486,89088,0.9998170137405396
1531333062.589237,89216,0.9998130202293396
1531333168.7141678,89344,0.9998168349266052
1531333274.9656363,89472,0.9998161792755127
1531333381.0446274,89600,0.9998166561126709
1531333573.1432548,89728,0.9998142719268799
1531333679.3319561,89856,0.9998124241828918
1531333785.5681357,89984,0.9998136162757874
1531333891.6788824,90112,0.9998165965080261
1531334083.2042518,90240,0.9998140335083008
1531334189.3062782,90368,0.9998140335083008
1531334295.6134112,90496,0.9998167753219604
1531334401.644105,90624,0.99981689453125
1531334592.1251616,90752,0.9998165369033813
1531334698.3978906,90880,0.9998188614845276
1531334804.5474243,91008,0.9998133778572083
1531334910.6772268,91136,0.9998143911361694
1531335102.6601477,91264,0.9998127222061157
1531335208.8426166,91392,0.999817430973053
1531335314.9510882,91520,0.9998165369033813
1531335420.9699123,91648,0.9998155832290649
1531335613.1282802,91776,0.9998226165771484
1531335719.2121933,91904,0.9998154044151306
1531335825.3350995,92032,0.9998136162757874
1531335931.6412911,92160,0.9998186230659485
1531336125.3694546,92288,0.9998189210891724
1531336231.4901202,92416,0.9998140931129456
1531336337.7039702,92544,0.9998160600662231
1531336443.7947886,92672,0.9998132586479187
1531336635.404533,92800,0.9998124241828918
1531336741.6144392,92928,0.9998146295547485
1531336847.7247179,93056,0.9998152852058411
1531336953.8919165,93184,0.9998128414154053
1531337147.211899,93312,0.9998167157173157
1531337253.2701933,93440,0.999818742275238
1531337359.1889029,93568,0.9998169541358948
1531337465.109683,93696,0.9998174905776978
1531337658.847677,93824,0.9998221397399902
1531337765.0289876,93952,0.9998157620429993
1531337871.1045465,94080,0.9998175501823425
1531337977.1901605,94208,0.9998199939727783
1531338169.9138057,94336,0.9998175501823425
1531338275.9352975,94464,0.9998177886009216
1531338382.172542,94592,0.9998186826705933
1531338488.0047672,94720,0.999820351600647
1531338679.5891454,94848,0.9998204112052917
1531338785.9881172,94976,0.9998188018798828
1531338891.978907,95104,0.9998165369033813
1531338998.0877843,95232,0.9998159408569336
1531339191.2388403,95360,0.9998164772987366
1531339297.1410856,95488,0.9998144507408142
1531339403.523923,95616,0.9998185038566589
1531339509.5197055,95744,0.9998175501823425
1531339702.7859886,95872,0.9998137354850769
1531339808.863364,96000,0.9998143315315247
1531339914.9629471,96128,0.9998167157173157
1531340021.2186775,96256,0.9998142123222351
1531340214.1969047,96384,0.9998171925544739
1531340320.21884,96512,0.9998204112052917
1531340426.2906187,96640,0.9998195767402649
1531340532.1198454,96768,0.9998171329498291
1531340723.6815026,96896,0.9998178482055664
1531340829.580791,97024,0.9998161196708679
1531340935.5387704,97152,0.9998171329498291
1531341041.4656882,97280,0.9998161792755127
1531341235.9190793,97408,0.9998180866241455
