wall_time,step,value
1531610764.8654077,512,-14.094261169433594
1531611739.7733765,1024,-4.773105621337891
1531671176.4327574,2048,-8.022397994995117
1531672132.631645,2560,-7.207051753997803
1531673080.2407358,3072,-4.357538223266602
1531674013.5040226,3584,-5.745413780212402
1531674948.7817793,4096,-3.3399884700775146
1531675878.8909276,4608,-5.954710006713867
1531676818.4276567,5120,-4.5727219581604
1531677756.3685105,5632,-4.317366600036621
1531678700.5826008,6144,-5.152884006500244
1531679643.8757184,6656,-4.890176773071289
1531680588.9789326,7168,-4.191275596618652
1531681534.7723894,7680,-4.588834762573242
1531682481.1491604,8192,-2.3280701637268066
1531683431.643553,8704,-4.572517395019531
1531684376.9923017,9216,-6.95851469039917
1531685324.2766705,9728,-4.241593360900879
1531686275.3736124,10240,-1.5805960893630981
1531687222.0312407,10752,-4.372165203094482
1531688165.6722205,11264,-4.5422139167785645
1531689109.8011067,11776,-4.160210609436035
1531690055.4894998,12288,-2.392559051513672
1531691000.116253,12800,-1.3910421133041382
1531691945.5239816,13312,-3.7854714393615723
1531692892.8767087,13824,-3.83449125289917
1531693841.0964673,14336,-5.109701633453369
1531694784.1547668,14848,-2.0522971153259277
1531695726.6248565,15360,-2.719229221343994
1531696670.5837193,15872,-4.432113170623779
1531702104.2336535,16896,-1.3977301120758057
1531703042.815654,17408,-3.9229440689086914
1531703985.2655697,17920,-1.6689764261245728
1531704927.892312,18432,-2.7162880897521973
1531705867.6705558,18944,-0.5115642547607422
1531706813.1405742,19456,-3.782738208770752
1531707755.308649,19968,-4.080921173095703
1531708697.9956846,20480,-2.496629238128662
1531709641.6236482,20992,-6.442557334899902
1531710583.0056427,21504,-2.8185839653015137
1531711527.8855217,22016,-1.4460344314575195
1531712470.5623221,22528,-3.839324951171875
1531713411.681882,23040,-2.141486167907715
1531714357.7204888,23552,-2.3633484840393066
1531715301.6130998,24064,-1.8025833368301392
1531716243.656979,24576,-4.313714981079102
1531717186.5753632,25088,-0.4020498991012573
1531718127.6380663,25600,-2.4917280673980713
1531719072.5079224,26112,0.6168849468231201
1531720011.567528,26624,-4.420611381530762
1531720957.8607361,27136,-2.0245561599731445
1531721902.2589402,27648,-1.785091519355774
1531722840.9020514,28160,-2.942707061767578
1531723784.0123332,28672,-1.733311414718628
1531724728.3589053,29184,-2.9025778770446777
1531725671.8474076,29696,-2.295102834701538
1531726618.4587018,30208,-2.986177444458008
1531727563.2110558,30720,-2.155284881591797
1531728503.6888156,31232,-4.8797383308410645
1531729451.6487868,31744,-1.0806646347045898
1531730393.674234,32256,-2.661088466644287
1531738178.6635492,33280,-0.8488825559616089
1531739122.427342,33792,-6.001554489135742
1531740070.1241732,34304,0.17528818547725677
1531741016.4028213,34816,-4.034332275390625
1531741957.406793,35328,-0.327115923166275
1531742901.903209,35840,-2.616861343383789
1531743845.393397,36352,-4.498570442199707
1531744785.7588804,36864,-3.818291664123535
1531745727.232926,37376,-2.125265121459961
1531746672.4651299,37888,-1.581559658050537
1531747617.7907948,38400,-2.475093364715576
1531764241.2467046,39424,-0.42109841108322144
1531765180.1117766,39936,-6.711428642272949
1531766128.5902357,40448,-0.07961329817771912
1531767077.7056859,40960,-0.41221094131469727
1531768020.4667454,41472,-1.2604715824127197
1531768964.4511008,41984,-1.7326183319091797
1531769909.0835934,42496,-3.679379463195801
1531770854.704697,43008,-1.9193439483642578
1531773354.649678,44032,-0.764177143573761
1531774292.4892318,44544,-5.417827606201172
1531775234.4115446,45056,-0.01762775145471096
1531776177.7018912,45568,-0.08597186952829361
1531777113.433077,46080,-2.369981288909912
1531778057.1297429,46592,-0.08750730752944946
1531779005.0804763,47104,-3.2984225749969482
1531779946.5426679,47616,-3.3888704776763916
1531780887.6867511,48128,-2.1765592098236084
1531781829.940153,48640,-1.2435977458953857
1531782771.3679547,49152,-1.8452590703964233
1531783713.2508745,49664,-3.5025219917297363
1531784659.0656033,50176,2.692060708999634
1531785600.3793156,50688,-2.978242874145508
1531786545.3558266,51200,-2.1974375247955322
1531787487.9056187,51712,-3.2537102699279785
1531788430.2214139,52224,0.4936009645462036
1531789380.6910036,52736,-3.4967200756073
1531790322.8536398,53248,-3.202986240386963
1531791267.2163122,53760,-2.4043006896972656
1531792211.5751026,54272,-0.8630313277244568
1531793159.6859634,54784,0.7679576873779297
1531794106.8896809,55296,-3.364330768585205
1531795051.0639198,55808,-3.975727081298828
1531795993.7337937,56320,-3.736582040786743
1531796939.6990604,56832,-3.845167398452759
1531797887.3583066,57344,-1.770728349685669
1531798830.931151,57856,-2.672807216644287
1531799772.205008,58368,-6.55650520324707
1531800714.2436748,58880,-2.259129524230957
1531801660.070294,59392,-2.8101232051849365
1531802605.3083436,59904,-2.124507427215576
1531803552.4083529,60416,-3.5245509147644043
1531804498.2135122,60928,-2.0260732173919678
1531805446.2405725,61440,-4.7530975341796875
1531806392.8915017,61952,-0.7665994763374329
1531807336.9772754,62464,-3.950991630554199
1531808284.717898,62976,0.19391074776649475
1531809230.5768554,63488,-1.6553547382354736
1531810181.5913558,64000,-4.379042625427246
1531811127.4553094,64512,0.12537451088428497
1531812077.7629535,65024,-1.4145598411560059
1531813028.1630502,65536,-2.7998719215393066
1531813979.6690075,66048,-2.105038642883301
1531814931.637893,66560,0.3009629249572754
1531815881.488351,67072,-0.8163152933120728
1531816834.4975686,67584,-5.147218704223633
1531817786.24096,68096,-2.575789213180542
1531818740.4807367,68608,-3.5828757286071777
1531819693.5049357,69120,0.39720380306243896
1531820645.0153198,69632,-2.8753366470336914
1531821596.1212018,70144,1.2847611904144287
1531822551.838152,70656,-0.46412456035614014
1531823503.5842993,71168,-1.2775511741638184
1531824454.4332516,71680,-2.6411733627319336
1531825409.3375852,72192,-0.6423284411430359
1531826361.7568774,72704,-2.0790138244628906
1531827313.8029387,73216,-1.8610330820083618
1531828269.004389,73728,-0.7850819826126099
1531829222.8448048,74240,-4.776394844055176
1531830176.1676161,74752,-2.337959051132202
1531831128.5182643,75264,-0.9005880355834961
1531832081.3225987,75776,-3.999760627746582
1531833031.7131271,76288,-3.549403429031372
1531833981.2904391,76800,-4.12174129486084
1531834932.4503443,77312,-3.2060458660125732
1531835887.3525817,77824,-2.233987808227539
1531916658.6518357,78336,2.094961643218994
1531917613.4785225,78848,2.13023042678833
1531918559.910375,79360,0.033791691064834595
1531919510.464168,79872,-3.402711868286133
1531920460.7945418,80384,2.2963647842407227
1531921409.5714202,80896,-0.7473821043968201
1531922361.2172801,81408,3.5964837074279785
1531923313.3837695,81920,0.8812528848648071
1531924267.9731886,82432,1.1347277164459229
1531925218.6117249,82944,-0.6383245587348938
1531926165.31679,83456,-4.23374080657959
1531927114.423532,83968,0.5466899871826172
1531928069.8827043,84480,2.3344838619232178
1531929021.1196811,84992,0.8680832982063293
1531929971.2009768,85504,0.6437728404998779
1531930925.420812,86016,-0.1798580139875412
1531931876.5492773,86528,-4.163115501403809
1531932826.8010638,87040,2.314316987991333
1531933778.1362965,87552,-0.22651702165603638
1531934729.698032,88064,1.4201749563217163
1531935682.0542176,88576,1.5892586708068848
1531936632.2763016,89088,1.3800408840179443
1531937581.7781556,89600,-1.2537715435028076
1531938536.3039656,90112,3.672659397125244
1531939487.2245317,90624,-0.5843729376792908
1531940438.9219215,91136,-3.815019130706787
1531941389.04794,91648,0.6211915016174316
1531942339.9069037,92160,1.0659996271133423
1531943290.724241,92672,0.3619571924209595
1531944244.6936975,93184,0.012387525290250778
1531945193.536791,93696,-4.561316013336182
1531946145.8532057,94208,-2.27653169631958
1531947097.9012637,94720,0.3831446170806885
1531948049.208462,95232,-2.2111823558807373
1531949001.6083486,95744,-1.0181925296783447
1531949954.9167185,96256,1.1966779232025146
1531950913.3335118,96768,1.309511423110962
1531951867.162907,97280,0.3433002829551697
