wall_time,step,value
1531050838.8173735,128,-39.080955505371094
1531050945.3982008,256,-23.202486038208008
1531051052.324611,384,-15.309537887573242
1531051159.3949375,512,-12.315502166748047
1531051366.7634842,640,-10.568713188171387
1531051473.9658597,768,-11.113791465759277
1531051581.1504998,896,-11.490225791931152
1531051688.1115086,1024,-10.340145111083984
1531051893.3075182,1152,-10.296785354614258
1531052000.3730884,1280,-9.413434028625488
1531052106.8511806,1408,-9.687687873840332
1531052213.9573755,1536,-8.854743957519531
1531052409.472536,1664,-8.50078010559082
1531052516.3717084,1792,-8.130839347839355
1531052623.3301682,1920,-8.375470161437988
1531052730.2630563,2048,-7.487092971801758
1531052927.725403,2176,-7.311214447021484
1531053034.5742965,2304,-6.90185022354126
1531053141.6472857,2432,-7.234431266784668
1531053248.3719752,2560,-6.6427154541015625
1531053442.3002374,2688,-7.036026954650879
1531053549.4002762,2816,-7.259104251861572
1531053656.4996548,2944,-6.647585391998291
1531053763.2213721,3072,-6.588805198669434
1531053962.8797219,3200,-6.632068157196045
1531054069.5529764,3328,-6.554416656494141
1531054176.3587496,3456,-6.948983192443848
1531054283.0492642,3584,-6.8302507400512695
1531054481.144973,3712,-6.28886604309082
1531054587.8306925,3840,-6.117972373962402
1531054694.5329378,3968,-6.101223945617676
1531054801.1385643,4096,-6.280655384063721
1531054998.4980805,4224,-6.0980024337768555
1531055105.1612148,4352,-6.200237274169922
1531055211.8977885,4480,-6.260141372680664
1531055318.6026762,4608,-5.641815185546875
1531055514.2355998,4736,-5.8366379737854
1531055620.9480538,4864,-5.659241199493408
1531055727.8188593,4992,-5.949747562408447
1531055834.5194783,5120,-5.654156684875488
1531056031.290122,5248,-5.819654941558838
1531056138.084556,5376,-5.514908790588379
1531056244.9475553,5504,-5.9456634521484375
1531056351.8684325,5632,-5.60357141494751
1531056547.029956,5760,-5.484582424163818
1531056653.8729093,5888,-5.648745536804199
1531056760.7705176,6016,-5.290229797363281
1531056867.53635,6144,-5.377270221710205
1531057063.013462,6272,-5.680762767791748
1531057169.9326622,6400,-5.325103759765625
1531057276.668611,6528,-5.379167556762695
1531057383.4239888,6656,-5.040876865386963
1531057577.7316475,6784,-5.362508773803711
1531057684.7155993,6912,-5.291365623474121
1531057791.696234,7040,-5.217277526855469
1531057898.3402221,7168,-5.097860813140869
1531058090.9297817,7296,-5.25703239440918
1531058197.863221,7424,-5.231057643890381
1531058304.6901436,7552,-5.372018337249756
1531058411.5548325,7680,-5.215817451477051
1531058605.0423913,7808,-5.082879066467285
1531058711.934086,7936,-5.042662143707275
1531058818.8386889,8064,-4.757672309875488
1531058925.5582788,8192,-4.939887046813965
1531059116.674959,8320,-4.688234329223633
1531059223.5906007,8448,-4.7048187255859375
1531059330.4713814,8576,-4.67955207824707
1531059437.3700402,8704,-4.5311279296875
1531059629.209211,8832,-5.0039896965026855
1531059736.018659,8960,-5.02097225189209
1531059843.0304663,9088,-4.685046672821045
1531059949.9609811,9216,-4.855304718017578
1531060141.6829636,9344,-4.306285858154297
1531060248.6433744,9472,-4.477632522583008
1531060355.7677078,9600,-4.495366096496582
1531060462.8131287,9728,-4.6779680252075195
1531060654.8544075,9856,-4.594948768615723
1531060762.00349,9984,-4.634457588195801
1531060868.8583362,10112,-4.128354549407959
1531060975.7433143,10240,-4.772281169891357
1531061168.2272978,10368,-4.2560529708862305
1531061275.3880517,10496,-4.234841346740723
1531061382.6348958,10624,-4.390150547027588
1531061489.4547908,10752,-4.447932243347168
1531061680.7709951,10880,-4.465787887573242
1531061787.7349203,11008,-3.879345417022705
1531061894.736291,11136,-4.277331352233887
1531062001.8171446,11264,-4.17573356628418
1531062192.5753777,11392,-4.028210639953613
1531062299.4914014,11520,-4.638097763061523
1531062406.6250765,11648,-4.088977336883545
1531062513.678592,11776,-4.112889289855957
1531062706.1702125,11904,-3.9509315490722656
1531062813.1746695,12032,-4.054806709289551
1531062920.18258,12160,-4.164042949676514
1531063027.2086198,12288,-3.969921827316284
1531063218.4460046,12416,-4.001215934753418
1531063325.4531438,12544,-4.295468807220459
1531063432.5022805,12672,-4.0574517250061035
1531063539.3629863,12800,-4.02726411819458
1531063732.1543598,12928,-4.267334938049316
1531063839.530515,13056,-4.199160099029541
1531063946.5957263,13184,-3.890742778778076
1531064053.7303698,13312,-3.5593929290771484
1531064245.0798664,13440,-3.9199037551879883
1531064352.1569734,13568,-3.742659091949463
1531064459.333304,13696,-4.173602104187012
1531064566.2325232,13824,-3.9663429260253906
1531064757.4400775,13952,-3.935481548309326
1531064864.4811323,14080,-3.783087968826294
1531064971.4511542,14208,-3.851792812347412
1531065078.2909105,14336,-3.6285438537597656
1531065270.3876612,14464,-3.6688873767852783
1531065377.3843338,14592,-3.5423994064331055
1531065484.4367979,14720,-3.806396722793579
1531065591.2977679,14848,-3.5268802642822266
1531065782.7115338,14976,-3.7999048233032227
1531065889.8102384,15104,-3.350924015045166
1531065996.9178743,15232,-3.550192356109619
1531066103.921009,15360,-3.7449710369110107
1531066298.0137765,15488,-3.6117701530456543
1531066404.7349076,15616,-3.661640167236328
1531066511.4191732,15744,-3.7284839153289795
1531066618.5674703,15872,-3.6988136768341064
1531066810.949226,16000,-3.735191822052002
1531066918.1537895,16128,-3.8038768768310547
1531067025.230503,16256,-3.415836811065674
1531067132.3734133,16384,-3.360361099243164
1531067325.6841688,16512,-3.628143787384033
1531067432.8412173,16640,-3.5548572540283203
1531067539.830909,16768,-3.4303083419799805
1531067646.7144353,16896,-3.756861686706543
1531067838.7084746,17024,-3.3756489753723145
1531067945.8144457,17152,-3.696655511856079
1531068052.6400874,17280,-3.3834309577941895
1531068159.6384573,17408,-3.32869029045105
1531068350.8725507,17536,-3.7606658935546875
1531068457.7218478,17664,-3.3581480979919434
1531068564.509735,17792,-3.1885175704956055
1531068671.1798728,17920,-3.532583713531494
1531068862.6425526,18048,-3.6063637733459473
1531068969.555888,18176,-3.5580060482025146
1531069076.5357695,18304,-3.1874399185180664
1531069183.5781305,18432,-3.5130019187927246
1531069375.7251525,18560,-3.2360780239105225
1531069482.9244714,18688,-3.18672251701355
1531069590.1829886,18816,-3.489152193069458
1531069697.274871,18944,-3.38834285736084
1531069888.949805,19072,-3.322955846786499
1531069996.20969,19200,-3.446343421936035
1531070103.1810582,19328,-3.0245587825775146
1531070210.3667421,19456,-3.054577350616455
1531070403.1037264,19584,-3.2942771911621094
1531070510.3076491,19712,-3.28230881690979
1531070617.0735388,19840,-3.1587166786193848
1531070724.0812287,19968,-3.08850359916687
1531070916.3508403,20096,-3.3552732467651367
1531071023.5275228,20224,-3.1439499855041504
1531071130.644519,20352,-3.52972674369812
1531071237.670836,20480,-3.2352135181427
1531071429.4420707,20608,-3.229334831237793
1531071536.5428908,20736,-3.146585702896118
1531071643.6506367,20864,-3.0879316329956055
1531071750.6299973,20992,-3.229374885559082
1531071942.9120612,21120,-3.050539493560791
1531072050.05428,21248,-3.184323787689209
1531072157.4536724,21376,-3.1833438873291016
1531072264.7459767,21504,-3.089277744293213
1531072458.2066329,21632,-3.306403875350952
1531072565.3359525,21760,-3.0534708499908447
1531072672.559438,21888,-3.0907680988311768
1531072779.7659292,22016,-2.8236095905303955
1531072972.636288,22144,-3.23103928565979
1531073079.876587,22272,-3.347667694091797
1531073187.2049992,22400,-3.1420891284942627
1531073294.3859427,22528,-3.101802349090576
1531073487.7988472,22656,-2.8351948261260986
1531073594.83221,22784,-3.136653184890747
1531073702.1021516,22912,-3.1309261322021484
1531073809.218309,23040,-3.097196578979492
1531074002.3389823,23168,-3.1327929496765137
1531074109.7161944,23296,-3.054288864135742
1531074217.080728,23424,-3.0568184852600098
1531074324.0359945,23552,-3.1313090324401855
1531074516.781898,23680,-3.0207197666168213
1531074623.9839454,23808,-2.764940023422241
1531074731.1849005,23936,-3.1101784706115723
1531074838.4753175,24064,-2.912726402282715
1531075031.2707946,24192,-2.8806846141815186
1531075138.3389533,24320,-3.0578978061676025
1531075245.6390498,24448,-3.208451271057129
1531075352.8615353,24576,-2.8440887928009033
1531075545.970933,24704,-2.8712284564971924
1531075653.2221751,24832,-3.1083502769470215
1531075760.551378,24960,-2.8900959491729736
1531075867.726371,25088,-3.0810189247131348
1531076062.0205262,25216,-2.9495155811309814
1531076169.19358,25344,-2.9839096069335938
1531076276.459135,25472,-2.883352041244507
1531076383.7139456,25600,-2.8438408374786377
1531076577.6905189,25728,-2.8477623462677
1531076684.9935153,25856,-3.1216652393341064
1531076792.320799,25984,-2.90313720703125
1531076899.4795187,26112,-2.8431601524353027
1531077092.3318474,26240,-2.782733678817749
1531077199.4960947,26368,-3.040738582611084
1531077306.7089448,26496,-2.812828779220581
1531077413.8824859,26624,-2.9217121601104736
1531077607.0941572,26752,-2.914954662322998
1531077714.3767548,26880,-3.0986950397491455
1531077821.4222615,27008,-2.8439199924468994
1531077928.5837004,27136,-2.8243279457092285
1531078120.8685658,27264,-3.037722110748291
1531078228.1674986,27392,-2.9177396297454834
1531078335.4092996,27520,-2.972870111465454
1531078442.7170718,27648,-2.9058055877685547
1531078635.8982196,27776,-2.703835964202881
1531078742.8905694,27904,-2.8050341606140137
1531078849.9335823,28032,-2.748349189758301
1531078957.1223722,28160,-2.5869178771972656
1531079149.7047791,28288,-2.7817299365997314
1531079256.9178882,28416,-2.8763427734375
1531079363.8917298,28544,-2.6495978832244873
1531079471.1022239,28672,-3.038710594177246
1531079665.7301662,28800,-2.584885597229004
1531079772.7506752,28928,-2.9024133682250977
1531079879.6148245,29056,-2.751688003540039
1531079986.795897,29184,-2.8450920581817627
1531080182.0514002,29312,-2.591879367828369
1531080288.5772605,29440,-2.7134361267089844
1531080395.1893299,29568,-2.7021026611328125
1531080501.731183,29696,-2.872767448425293
1531080696.731667,29824,-2.8267574310302734
1531080804.069375,29952,-2.7559306621551514
1531080911.1826642,30080,-2.7245192527770996
1531081018.0833945,30208,-2.7478299140930176
1531081211.333175,30336,-2.7419135570526123
1531081318.6854436,30464,-2.498028516769409
1531081425.8044138,30592,-2.7963507175445557
1531081533.1121595,30720,-2.770615816116333
1531081728.0911138,30848,-2.5341572761535645
1531081835.3039238,30976,-2.4092328548431396
1531081942.7240088,31104,-2.59458589553833
1531082050.0232148,31232,-2.723497152328491
1531082244.7332141,31360,-2.637425661087036
1531082351.987525,31488,-2.5462570190429688
1531082459.3307319,31616,-2.867722511291504
1531082566.5250301,31744,-2.599189043045044
1531082762.020521,31872,-2.78033185005188
1531082869.0802968,32000,-2.574084758758545
1531082976.1570325,32128,-2.6160426139831543
1531083082.8768284,32256,-2.6948697566986084
1531083276.5028658,32384,-2.745988130569458
1531083383.876672,32512,-2.802344799041748
1531083491.0196326,32640,-2.9895708560943604
1531083598.210834,32768,-2.7136054039001465
1531083792.092865,32896,-2.5345458984375
1531083899.2860537,33024,-2.483675956726074
1531084006.5606925,33152,-2.714562177658081
1531084113.6698456,33280,-2.6989974975585938
1531084307.7766743,33408,-2.58728289604187
1531084415.094597,33536,-2.607959747314453
1531084522.30438,33664,-2.556734561920166
1531084629.6278398,33792,-2.7523837089538574
1531084825.7690983,33920,-2.4269721508026123
1531084933.0717282,34048,-2.5966691970825195
1531085040.537009,34176,-2.82574462890625
1531085147.8058834,34304,-2.483182907104492
1531085343.6328762,34432,-2.5678365230560303
1531085450.7552001,34560,-2.820571184158325
1531085557.932541,34688,-2.769416570663452
1531085664.8947785,34816,-2.6993603706359863
1531085859.5326927,34944,-2.440479040145874
1531085966.7627351,35072,-2.6927690505981445
1531086073.8449244,35200,-2.7787015438079834
1531086180.968623,35328,-2.7132222652435303
1531086375.5246928,35456,-2.6277310848236084
1531086482.442824,35584,-2.616008996963501
1531086589.1627429,35712,-2.5616888999938965
1531086695.8697321,35840,-2.537665367126465
1531086890.7810585,35968,-2.72255277633667
1531086997.902735,36096,-2.383790969848633
1531087104.8057647,36224,-2.424168825149536
1531087211.406308,36352,-2.6110591888427734
1531087406.2179163,36480,-2.681945323944092
1531087513.1856031,36608,-2.482017993927002
1531087620.1159835,36736,-2.7342166900634766
1531087727.0799017,36864,-2.7299535274505615
1531087924.5180318,36992,-2.480386734008789
1531088031.597655,37120,-2.6274831295013428
1531088138.59376,37248,-2.490567207336426
1531088245.7206721,37376,-2.313499689102173
1531222877.402879,37504,-2.446533441543579
1531222983.9030335,37632,-2.5972259044647217
1531223090.5654926,37760,-2.445603847503662
1531223197.1171443,37888,-2.5149059295654297
1531223389.0143409,38016,-2.6262545585632324
1531223495.3510182,38144,-2.4057929515838623
1531223601.7590897,38272,-2.5309014320373535
1531223708.1532438,38400,-2.517836809158325
1531223898.252326,38528,-2.443859338760376
1531224004.8489778,38656,-2.410480499267578
1531224111.4628775,38784,-2.3372862339019775
1531224218.026144,38912,-2.466740131378174
1531224409.0634723,39040,-2.409242868423462
1531224515.5772898,39168,-2.665492534637451
1531224622.3791764,39296,-2.478285074234009
1531224728.8576906,39424,-2.635153293609619
1531224920.5195043,39552,-2.5007271766662598
1531225027.1711214,39680,-2.355820894241333
1531225133.941688,39808,-2.8455700874328613
1531225240.5624862,39936,-2.549736738204956
1531225432.660973,40064,-2.2296829223632812
1531225539.375273,40192,-2.488051414489746
1531225646.0406241,40320,-2.5384585857391357
1531277159.8436887,40576,-2.491076946258545
1531277266.037803,40704,-2.564357042312622
1531277372.3694658,40832,-2.6032235622406006
1531277478.408303,40960,-2.320573091506958
1531277668.920057,41088,-2.4606027603149414
1531277775.5902126,41216,-2.346275568008423
1531277882.2295434,41344,-2.3737006187438965
1531277988.8219528,41472,-2.3831369876861572
1531278178.7947974,41600,-2.1578993797302246
1531278285.1881435,41728,-2.3862147331237793
1531278391.7317822,41856,-2.1678621768951416
1531278498.1887982,41984,-2.3346290588378906
1531278688.2735498,42112,-2.287832498550415
1531278794.9034617,42240,-2.341017723083496
1531278901.4686573,42368,-2.618833541870117
1531279008.078457,42496,-2.5324766635894775
1531279198.1760128,42624,-2.297633171081543
1531279304.7459662,42752,-2.320981740951538
1531279411.3411813,42880,-2.2764410972595215
1531279517.9496696,43008,-2.43561053276062
1531279708.2519588,43136,-2.2638802528381348
1531279814.6912615,43264,-2.277604818344116
1531279921.3817565,43392,-2.3838469982147217
1531280027.9932523,43520,-2.4087748527526855
1531280218.580057,43648,-2.3732426166534424
1531280325.202277,43776,-2.471073865890503
1531280431.78983,43904,-2.256218433380127
1531280538.3779807,44032,-2.4808120727539062
1531280728.987956,44160,-2.369102716445923
1531280835.6508682,44288,-2.3076281547546387
1531280942.1933596,44416,-2.3683176040649414
1531281048.666844,44544,-2.4260830879211426
1531281239.7493162,44672,-2.2801263332366943
1531281346.335988,44800,-2.3915328979492188
1531281452.9388413,44928,-2.350031852722168
1531281559.4051702,45056,-2.5052456855773926
1531281750.3506968,45184,-2.4007697105407715
1531281856.7810981,45312,-2.465076446533203
1531281963.3738918,45440,-2.4631381034851074
1531282069.8025787,45568,-2.4303359985351562
1531282262.055223,45696,-2.3104512691497803
1531282368.6992383,45824,-2.393035888671875
1531282475.4287164,45952,-2.369368076324463
1531282581.9417722,46080,-2.2194318771362305
1531282774.8002677,46208,-2.3289942741394043
1531282881.3361914,46336,-2.333890199661255
1531282988.0937285,46464,-2.5140535831451416
1531283094.6859179,46592,-2.3528904914855957
1531283287.0286684,46720,-2.2703793048858643
1531283393.4884276,46848,-2.1158289909362793
1531283500.2175975,46976,-2.339545965194702
1531283606.884895,47104,-2.2987515926361084
1531283798.6121933,47232,-2.4132449626922607
1531283905.1661642,47360,-2.4219512939453125
1531284011.8062725,47488,-2.2962703704833984
1531284118.418102,47616,-2.2168445587158203
1531284309.0654027,47744,-2.4440596103668213
1531284415.7236707,47872,-2.2704946994781494
1531284522.4114556,48000,-2.262777805328369
1531284629.044112,48128,-2.250671148300171
1531284820.6698685,48256,-2.2747268676757812
1531284927.2905498,48384,-2.2520201206207275
1531285034.0162127,48512,-2.1150588989257812
1531285140.7083635,48640,-2.1947686672210693
1531285332.4380684,48768,-2.382946014404297
1531285439.0608532,48896,-2.158036231994629
1531285545.8293717,49024,-2.3265137672424316
1531285652.4381816,49152,-1.9504643678665161
1531285844.8421888,49280,-2.2916202545166016
1531285951.5568726,49408,-1.9751640558242798
1531286058.0521314,49536,-2.2768187522888184
1531286164.3942683,49664,-2.1133065223693848
1531286358.4830313,49792,-2.2914624214172363
1531286465.0017064,49920,-2.1984384059906006
1531286571.6482937,50048,-2.2155749797821045
1531286678.074142,50176,-2.0690290927886963
1531286869.0882556,50304,-2.2099990844726562
1531286975.737267,50432,-1.9662151336669922
1531287082.3379538,50560,-2.24531888961792
1531287188.51602,50688,-2.243565797805786
1531287380.992591,50816,-2.4717328548431396
1531287487.3901606,50944,-2.1995203495025635
1531287594.0555365,51072,-2.357699394226074
1531287700.440943,51200,-2.1767873764038086
1531287893.386645,51328,-2.2362594604492188
1531287999.7959852,51456,-2.30623722076416
1531288106.2665098,51584,-2.3810324668884277
1531288212.78855,51712,-2.2476303577423096
1531288403.975924,51840,-2.377696990966797
1531288510.6135385,51968,-2.0187056064605713
1531288617.0314722,52096,-2.1711556911468506
1531288723.4253244,52224,-2.0877573490142822
1531288916.5553637,52352,-1.9988573789596558
1531289023.159645,52480,-2.130990982055664
1531289129.6125374,52608,-2.150101900100708
1531289235.9873834,52736,-2.282684803009033
1531289428.2614205,52864,-2.1715781688690186
1531289534.6435091,52992,-2.2763869762420654
1531289641.1163175,53120,-2.204587459564209
1531289747.451841,53248,-2.1608901023864746
1531289938.131812,53376,-2.0900726318359375
1531290044.5993483,53504,-2.1886916160583496
1531290151.1436698,53632,-2.0721402168273926
1531290257.6562295,53760,-2.225158452987671
1531290449.3009186,53888,-2.052915573120117
1531290555.8807566,54016,-1.9984114170074463
1531290662.5984375,54144,-1.9731062650680542
1531290769.0025852,54272,-1.9723416566848755
1531290962.296918,54400,-2.29634952545166
1531291068.7572355,54528,-2.030583381652832
1531291175.4104862,54656,-2.2437376976013184
1531291281.8252761,54784,-2.194303274154663
1531291475.271791,54912,-2.134415864944458
1531291581.7262127,55040,-2.423304796218872
1531291688.3599706,55168,-2.3256518840789795
1531291794.8585598,55296,-1.9372057914733887
1531291988.255304,55424,-1.9843614101409912
1531292094.8107064,55552,-2.1024229526519775
1531292201.3354812,55680,-2.1530869007110596
1531292307.704416,55808,-2.309457302093506
1531292501.9841077,55936,-2.177410840988159
1531292608.4214637,56064,-1.9507153034210205
1531292715.0824444,56192,-2.278106689453125
1531292821.2769065,56320,-2.2884857654571533
1531293015.5150287,56448,-2.201068878173828
1531293122.2094977,56576,-2.1289241313934326
1531293228.6490142,56704,-1.9536582231521606
1531293335.1683702,56832,-1.9896013736724854
1531293529.819074,56960,-1.857337474822998
1531293636.1307383,57088,-1.9240379333496094
1531293742.621583,57216,-1.9538249969482422
1531293849.0038588,57344,-2.124380111694336
1531294042.4766698,57472,-1.9944329261779785
1531294149.1971579,57600,-2.18829607963562
1531294255.718414,57728,-2.159318447113037
1531294362.134423,57856,-2.142025947570801
1531294557.1896465,57984,-1.9483168125152588
1531294663.9217727,58112,-2.130382537841797
1531294770.3993385,58240,-2.0106115341186523
1531294876.969513,58368,-2.130388021469116
1531295070.988082,58496,-2.004406452178955
1531295177.5173326,58624,-2.156092405319214
1531295284.0629227,58752,-2.079442024230957
1531295390.662819,58880,-1.7808096408843994
1531295586.672795,59008,-2.1466379165649414
1531295693.3138857,59136,-2.06307053565979
1531295799.9709322,59264,-1.9702109098434448
1531295906.1626267,59392,-2.2369420528411865
1531296101.9424415,59520,-2.1436660289764404
1531296208.2626987,59648,-2.2353031635284424
1531296314.8039298,59776,-2.239607334136963
1531296421.2766273,59904,-1.9667017459869385
1531296615.7846699,60032,-1.951805591583252
1531296722.112141,60160,-1.9715349674224854
1531296828.6530566,60288,-2.259699583053589
1531296935.1181862,60416,-1.8203879594802856
1531297128.95381,60544,-2.1487152576446533
1531297235.303176,60672,-2.159921884536743
1531297341.7537816,60800,-2.0444087982177734
1531297448.414815,60928,-2.028094530105591
1531297642.3488283,61056,-2.0768723487854004
1531297748.649011,61184,-1.9069762229919434
1531297854.8644469,61312,-2.1267170906066895
1531297961.4591255,61440,-1.9592500925064087
1531298155.6218784,61568,-2.0012030601501465
1531298262.1855688,61696,-2.118497848510742
1531298368.6867754,61824,-2.040402412414551
1531298474.9274876,61952,-2.1213340759277344
1531298668.9116774,62080,-1.8287171125411987
1531298775.4049833,62208,-2.1379473209381104
1531298881.9917266,62336,-1.9827502965927124
1531298988.1633203,62464,-1.9829881191253662
1531299181.5032856,62592,-2.0895581245422363
1531299288.0990288,62720,-2.045069456100464
1531299394.7440405,62848,-2.084225654602051
1531299501.2729614,62976,-1.9300720691680908
1531299695.0244045,63104,-1.784924864768982
1531299801.426424,63232,-2.113065242767334
1531299907.8508027,63360,-1.9815083742141724
1531300014.5107396,63488,-2.1820268630981445
1531300209.3250678,63616,-1.8648436069488525
1531300315.9525037,63744,-2.1236183643341064
1531300422.6282632,63872,-2.005626916885376
1531300529.0263104,64000,-1.9644314050674438
1531300723.56686,64128,-1.9992752075195312
1531300830.1548753,64256,-2.0953361988067627
1531300936.74024,64384,-1.8394252061843872
1531301043.3585877,64512,-2.0481200218200684
1531301237.365637,64640,-1.9564486742019653
1531301344.0015485,64768,-1.9170945882797241
1531301450.6552098,64896,-2.1432323455810547
1531301557.0406513,65024,-1.9497311115264893
1531301751.549466,65152,-1.9922540187835693
1531301857.9693863,65280,-1.9758021831512451
1531301964.647071,65408,-1.9408574104309082
1531302071.331825,65536,-1.8951356410980225
1531302267.0983849,65664,-1.858359694480896
1531302373.7708461,65792,-2.019174337387085
1531302480.354577,65920,-2.0580203533172607
1531302586.8940222,66048,-2.122509241104126
1531302781.5399163,66176,-2.0871756076812744
1531302888.007295,66304,-1.9095653295516968
1531302994.3796268,66432,-2.141892910003662
1531303100.9590082,66560,-2.102633476257324
1531303294.4558961,66688,-1.8205325603485107
1531303400.9986122,66816,-1.8700785636901855
1531303507.645653,66944,-2.0156219005584717
1531303614.0077608,67072,-1.8449604511260986
1531303809.4607363,67200,-2.000544548034668
1531303916.062437,67328,-2.1675636768341064
1531304022.6763985,67456,-1.8063346147537231
1531304129.12896,67584,-1.8138412237167358
1531304323.5007389,67712,-1.9119513034820557
1531304430.14732,67840,-1.8704413175582886
1531304536.7848535,67968,-1.9381585121154785
1531304643.163027,68096,-1.9387593269348145
1531304838.1499815,68224,-1.8860852718353271
1531304944.72265,68352,-2.001810073852539
1531305051.1233394,68480,-2.1189236640930176
1531305157.6331193,68608,-2.096949815750122
1531305351.5530508,68736,-2.0713376998901367
1531305457.876957,68864,-2.267712354660034
1531305564.0123594,68992,-2.0829803943634033
1531305670.1935833,69120,-2.029122829437256
1531305864.6629293,69248,-2.1822245121002197
1531305970.6850233,69376,-2.1375515460968018
1531306077.091964,69504,-2.026390552520752
1531306183.15854,69632,-2.0233612060546875
1531306377.3809242,69760,-2.1456210613250732
1531306483.6483772,69888,-1.7746464014053345
1531306589.936067,70016,-2.277070999145508
1531306696.3213208,70144,-1.8617429733276367
1531306890.7237756,70272,-2.174402952194214
1531306997.082725,70400,-2.041746139526367
1531307103.2590919,70528,-2.0898420810699463
1531307209.3485706,70656,-1.796006202697754
1531307403.8159182,70784,-1.8673003911972046
1531307510.2646277,70912,-2.003223180770874
1531307616.4519258,71040,-1.7479846477508545
1531307722.457384,71168,-2.0269787311553955
1531307916.9009733,71296,-1.828700304031372
1531308023.134537,71424,-1.90633225440979
1531308129.7961674,71552,-1.824326515197754
1531308235.9835274,71680,-2.035850763320923
1531308429.5274012,71808,-1.9100688695907593
1531308535.865043,71936,-1.7839370965957642
1531308642.068948,72064,-1.8430777788162231
1531308747.9965525,72192,-1.930045485496521
1531308942.4727294,72320,-2.1525251865386963
1531309048.4910753,72448,-2.0280237197875977
1531309154.6957796,72576,-2.121610164642334
1531309260.8506851,72704,-1.964705467224121
1531309455.6922863,72832,-1.9637562036514282
1531309561.91817,72960,-1.8905936479568481
1531309667.972625,73088,-1.9764944314956665
1531309774.065386,73216,-1.8254328966140747
1531309968.1184664,73344,-2.071949005126953
1531310074.6006327,73472,-2.0323262214660645
1531310180.8129382,73600,-2.1367809772491455
1531310287.0326638,73728,-2.01586651802063
1531310483.5835145,73856,-1.9865241050720215
1531310589.9095604,73984,-1.752863883972168
1531310696.2206519,74112,-1.8929338455200195
1531310802.4206593,74240,-1.9103384017944336
1531310997.326414,74368,-2.0002224445343018
1531311103.397318,74496,-1.9440510272979736
1531311209.920482,74624,-1.9324249029159546
1531311316.293916,74752,-1.9001712799072266
1531311509.500895,74880,-2.049222707748413
1531311615.6401982,75008,-1.8853514194488525
1531311721.9625301,75136,-1.9950623512268066
1531311828.044374,75264,-1.9425632953643799
1531312023.7667484,75392,-2.0194220542907715
1531312130.0005424,75520,-1.830735206604004
1531312236.1793122,75648,-2.068208694458008
1531312342.1506436,75776,-1.771601676940918
1531312536.7723224,75904,-1.840049386024475
1531312643.1445105,76032,-1.9013327360153198
1531312749.4782405,76160,-1.9022917747497559
1531312855.5164237,76288,-1.9521058797836304
1531313050.9768102,76416,-1.853681206703186
1531313157.616179,76544,-1.8146334886550903
1531313264.2050328,76672,-1.9912751913070679
1531313370.4996502,76800,-2.0598373413085938
1531313565.4318109,76928,-1.9285860061645508
1531313671.9110603,77056,-1.9796894788742065
1531313778.1548083,77184,-2.088620901107788
1531313884.5370069,77312,-1.6217318773269653
1531314080.3532252,77440,-2.049130439758301
1531314186.4449205,77568,-1.9367985725402832
1531314292.3423278,77696,-1.8796578645706177
1531314398.4794145,77824,-2.224240779876709
1531321850.2430255,77952,-2.0416295528411865
1531321956.9646466,78080,-1.8433886766433716
1531322064.861114,78208,-1.8977324962615967
1531322172.9079928,78336,-1.8322117328643799
1531322363.9011014,78464,-1.7191896438598633
1531322469.789693,78592,-2.012249708175659
1531322575.5053236,78720,-1.854371428489685
1531322681.1491354,78848,-1.9044722318649292
1531322873.8909593,78976,-1.8150092363357544
1531322979.7727823,79104,-1.8667018413543701
1531323085.7812479,79232,-1.9190436601638794
1531323191.5202947,79360,-1.9955720901489258
1531323382.6858919,79488,-2.135549545288086
1531323488.6666873,79616,-1.865483283996582
1531323594.5569,79744,-1.8099572658538818
1531323700.3503134,79872,-1.802961826324463
1531323892.3644977,80000,-1.8212330341339111
1531323998.255315,80128,-1.9744114875793457
1531324104.154453,80256,-1.8423939943313599
1531324209.9351103,80384,-1.962878942489624
1531324401.2283592,80512,-1.7845805883407593
1531324507.2069569,80640,-1.8899484872817993
1531324613.0278437,80768,-1.825578212738037
1531324718.8836968,80896,-1.8371747732162476
1531324909.3101263,81024,-1.7972626686096191
1531325015.242206,81152,-1.9981669187545776
1531325121.20631,81280,-1.9326708316802979
1531325227.1913238,81408,-1.8630844354629517
1531325417.322577,81536,-1.948594331741333
1531325523.3549972,81664,-1.8342230319976807
1531325629.1413696,81792,-1.9198474884033203
1531325735.2885969,81920,-1.7899532318115234
1531325926.3411365,82048,-1.850277066230774
1531326032.44643,82176,-1.9660238027572632
1531326138.3873322,82304,-1.7733286619186401
1531326244.2432551,82432,-1.876169204711914
1531326435.9408343,82560,-1.9982175827026367
1531326541.9946687,82688,-1.9756759405136108
1531326647.9920554,82816,-1.8564151525497437
1531326753.748831,82944,-1.84028160572052
1531326944.6604483,83072,-1.849827766418457
1531327050.580054,83200,-1.724265456199646
1531327156.6090348,83328,-1.8366725444793701
1531327262.4388068,83456,-1.7094770669937134
1531327454.4912913,83584,-1.8053274154663086
1531327560.4774938,83712,-1.7863059043884277
1531327666.5582113,83840,-1.8760963678359985
1531327772.2923274,83968,-1.7508624792099
1531327963.8189008,84096,-1.8352255821228027
1531328069.8046567,84224,-1.878424048423767
1531328175.6673412,84352,-1.8487193584442139
1531328281.4225504,84480,-1.870889663696289
1531328473.2932703,84608,-1.8951059579849243
1531328579.2522678,84736,-1.9365453720092773
1531328685.459072,84864,-2.0569286346435547
1531328791.2663176,84992,-1.8162164688110352
1531328983.2793303,85120,-1.7568607330322266
1531329089.1267068,85248,-1.9020839929580688
1531329195.384664,85376,-1.9222438335418701
1531329301.2767575,85504,-1.8535610437393188
1531329493.589852,85632,-1.879248023033142
1531329599.6088178,85760,-1.7078723907470703
1531329705.771723,85888,-1.8896963596343994
1531329811.629708,86016,-1.7399914264678955
1531330003.4661648,86144,-1.823936104774475
1531330109.4406009,86272,-1.9273911714553833
1531330215.2172282,86400,-1.804911494255066
1531330321.2828422,86528,-1.9793519973754883
1531330512.9538057,86656,-1.742037057876587
1531330618.9511707,86784,-1.7015962600708008
1531330724.8760982,86912,-1.8679406642913818
1531330830.6036966,87040,-1.6876989603042603
1531331023.2038271,87168,-1.7045567035675049
1531331128.9686098,87296,-2.0724401473999023
1531331235.078756,87424,-1.7692949771881104
1531331341.172526,87552,-1.689716100692749
1531331532.9139092,87680,-1.7496118545532227
1531331639.0586503,87808,-2.0988693237304688
1531331745.1418839,87936,-1.9210752248764038
1531331851.0624886,88064,-1.7922154664993286
1531332044.0175323,88192,-1.7888619899749756
1531332150.0942533,88320,-1.795445442199707
1531332256.0204475,88448,-1.933678388595581
1531332361.9037127,88576,-1.7214643955230713
1531332554.07387,88704,-1.7520384788513184
1531332660.0872712,88832,-1.6092026233673096
1531332766.1412337,88960,-1.7916522026062012
1531332872.0117044,89088,-1.6593047380447388
1531333062.589191,89216,-1.7619826793670654
1531333168.7141109,89344,-1.9332268238067627
1531333274.965514,89472,-1.8574962615966797
1531333381.044577,89600,-1.9457603693008423
1531333573.1432083,89728,-1.8556873798370361
1531333679.3318334,89856,-1.754231572151184
1531333785.5680823,89984,-1.7265491485595703
1531333891.6788177,90112,-1.6648207902908325
1531334083.2041855,90240,-1.8530879020690918
1531334189.3062272,90368,-1.712554693222046
1531334295.61336,90496,-1.7077339887619019
1531334401.644058,90624,-1.6999188661575317
1531334592.1251113,90752,-1.7678020000457764
1531334698.3978243,90880,-1.7852009534835815
1531334804.5473742,91008,-1.7983249425888062
1531334910.6771786,91136,-1.790168285369873
1531335102.6600788,91264,-1.773430347442627
1531335208.8425596,91392,-1.8613739013671875
1531335314.951039,91520,-1.9276785850524902
1531335420.969851,91648,-1.7346417903900146
1531335613.128229,91776,-1.6676762104034424
1531335719.2121387,91904,-1.6932744979858398
1531335825.3350537,92032,-1.827561378479004
1531335931.6412423,92160,-1.6936804056167603
1531336125.3694093,92288,-1.6840068101882935
1531336231.4900692,92416,-1.8919525146484375
1531336337.7039247,92544,-1.9157254695892334
1531336443.7947428,92672,-1.7265541553497314
1531336635.4044876,92800,-2.0231854915618896
1531336741.614394,92928,-1.7921123504638672
1531336847.724671,93056,-1.7881968021392822
1531336953.8918488,93184,-1.7507126331329346
1531337147.211845,93312,-1.761332392692566
1531337253.2701316,93440,-1.6971263885498047
1531337359.1888542,93568,-1.6799209117889404
1531337465.109638,93696,-1.73615300655365
1531337658.8476303,93824,-1.5811738967895508
1531337765.0289009,93952,-1.6948214769363403
1531337871.104499,94080,-1.7647849321365356
1531337977.1901026,94208,-1.8338520526885986
1531338169.913749,94336,-1.880645513534546
1531338275.9352524,94464,-1.758022427558899
1531338382.1724956,94592,-1.7911772727966309
1531338488.0046873,94720,-1.5316407680511475
1531338679.5890872,94848,-1.6834546327590942
1531338785.9880733,94976,-1.7813796997070312
1531338891.9788136,95104,-1.7670702934265137
1531338998.0877032,95232,-1.844531536102295
1531339191.2387886,95360,-1.7594958543777466
1531339297.1410291,95488,-1.5200412273406982
1531339403.5238652,95616,-1.8529629707336426
1531339509.5196326,95744,-1.6539554595947266
1531339702.7859423,95872,-2.1515002250671387
1531339808.863281,96000,-1.8094208240509033
1531339914.9628859,96128,-1.7175309658050537
1531340021.218613,96256,-1.8312729597091675
1531340214.1968532,96384,-1.640917181968689
1531340320.2187753,96512,-1.9065037965774536
1531340426.2905622,96640,-1.7034717798233032
1531340532.1197917,96768,-1.6641767024993896
1531340723.6814556,96896,-1.9163707494735718
1531340829.5807378,97024,-1.6634068489074707
1531340935.5387251,97152,-1.663480281829834
1531341041.4655976,97280,-1.6921992301940918
1531341235.9189882,97408,-1.5551608800888062
1531341342.0205803,97536,-1.6347830295562744
