wall_time,step,value
1530436385.0021117,512,421.678466796875
1530436598.6950245,1024,311.9986877441406
1530436812.0861375,1536,354.8930358886719
1530437025.6486807,2048,308.6010437011719
1530437239.5502396,2560,345.7422180175781
1530437453.288118,3072,350.4968566894531
1530437667.4311662,3584,302.6628723144531
1530437882.010731,4096,308.2640380859375
1530438096.4096897,4608,296.16973876953125
1530438309.5960648,5120,290.78387451171875
1530438524.9963014,5632,293.2989196777344
1530438738.9981234,6144,282.1717834472656
1530438952.801875,6656,287.3923645019531
1530439165.8260744,7168,295.0010070800781
1530439380.0411963,7680,279.7313537597656
1530439594.1368582,8192,287.9262390136719
1530439808.8266168,8704,283.62738037109375
1530440021.9483194,9216,278.83111572265625
1530440236.2335386,9728,260.2627258300781
1530440449.384147,10240,278.277099609375
1530440663.1893516,10752,282.41278076171875
1530440876.7450712,11264,256.3749694824219
1530441092.3521214,11776,254.98458862304688
1530441307.0547793,12288,253.5246124267578
1530441521.3337612,12800,259.6581115722656
1530441735.8933856,13312,263.7201232910156
1530441950.208831,13824,247.1178436279297
1530442164.6882515,14336,238.4678955078125
1530442379.4253428,14848,259.072509765625
1530442594.4597614,15360,253.46832275390625
1530442808.3772573,15872,230.91189575195312
1530443022.1553767,16384,256.9029541015625
1530443236.575989,16896,240.9217071533203
1530443451.0135367,17408,265.4373779296875
1530443665.8341722,17920,253.536865234375
1530443881.766521,18432,245.18289184570312
1530444096.2851536,18944,243.3207550048828
1530444311.555802,19456,256.418212890625
1530444526.5378187,19968,246.20538330078125
1530444741.0196617,20480,253.01950073242188
1530444956.113593,20992,246.5817413330078
1530445171.079398,21504,242.7117156982422
1530445386.1708374,22016,242.99444580078125
1530445602.0369003,22528,249.34307861328125
1530445817.6423643,23040,235.00709533691406
1530446033.6374311,23552,247.40606689453125
1530446248.335339,24064,251.85348510742188
1530446464.1288009,24576,245.9689178466797
1530446679.270072,25088,245.4246063232422
1530446895.0571728,25600,257.27679443359375
1530447110.1943588,26112,248.98744201660156
1530447324.52407,26624,251.9300079345703
1530447539.6220317,27136,264.9136962890625
1530447755.6684988,27648,248.03248596191406
1530447970.564049,28160,249.06141662597656
1530448186.7844605,28672,260.21881103515625
1530448402.074226,29184,249.94456481933594
1530448618.084903,29696,261.60821533203125
1530448833.4534352,30208,257.7035217285156
1530449050.3745532,30720,258.9377746582031
1530449265.8160925,31232,257.04229736328125
1530449481.5485911,31744,249.1709747314453
1530449696.8213081,32256,238.7506866455078
1530449912.4089618,32768,261.6575622558594
1530450127.7548976,33280,253.75987243652344
1530450343.686213,33792,249.16529846191406
1530450560.9569728,34304,247.24667358398438
1530450777.1868103,34816,253.06002807617188
1530450994.6122293,35328,261.1880187988281
1530451212.17693,35840,250.48838806152344
1530451428.0209205,36352,250.91481018066406
1530451643.3505516,36864,268.5685119628906
1530451859.2458057,37376,249.86361694335938
1530452076.0391283,37888,252.53668212890625
1530452294.5049717,38400,255.9737091064453
1530586095.4496183,39424,251.67059326171875
1530586309.3253038,39936,249.6011962890625
1530586523.4540992,40448,256.699462890625
1530586737.3056052,40960,251.02003479003906
1530586951.6058993,41472,252.4051971435547
1530587165.5987918,41984,251.42282104492188
1530587379.0755324,42496,245.4131622314453
1530587593.55268,43008,252.72581481933594
1530587808.5066762,43520,247.0565948486328
1530588023.6124077,44032,246.38815307617188
1530588239.2751715,44544,248.89881896972656
1530588453.6827183,45056,241.54595947265625
1530588668.2355978,45568,251.73875427246094
1530588884.0223386,46080,244.31613159179688
1530589099.1363356,46592,254.8686981201172
1530589312.9205444,47104,259.9957580566406
1530589528.3883777,47616,257.2220458984375
1530589744.1686082,48128,255.7794647216797
1530589958.743211,48640,258.0108337402344
1530590173.8966622,49152,265.40484619140625
1530590389.439891,49664,257.14044189453125
1530590604.44922,50176,259.3902893066406
1530590820.308121,50688,263.2712707519531
1530591035.6735857,51200,263.7037048339844
1530591250.587491,51712,278.61553955078125
1530591465.871339,52224,259.18817138671875
1530591680.5083325,52736,269.1517028808594
1530591897.5936751,53248,259.9738464355469
1530592112.841736,53760,253.50660705566406
1530592328.5865057,54272,259.5760803222656
1530592544.4392405,54784,258.809814453125
1530592761.582984,55296,252.40611267089844
1530592978.1647775,55808,256.5383605957031
1530593195.1881485,56320,267.5340881347656
1530593412.195642,56832,261.228271484375
1530593628.0842917,57344,258.49700927734375
1530593843.6152046,57856,248.09678649902344
1530594060.0427492,58368,257.3785705566406
1530594274.8567321,58880,259.4941101074219
1530594492.1353052,59392,245.74661254882812
1530594708.1997097,59904,251.27011108398438
1530594924.3047388,60416,255.3017120361328
1530595141.652127,60928,258.6705017089844
1530595358.9471624,61440,248.40086364746094
1530595576.009973,61952,245.4212646484375
1530672072.8216643,62976,245.2796630859375
1530672286.4340963,63488,244.25132751464844
1530672500.619624,64000,243.35585021972656
1530672715.8094304,64512,253.14707946777344
1530672929.436831,65024,250.0679473876953
1530673144.1997924,65536,260.1322937011719
1530673358.227714,66048,253.39781188964844
1530673571.5698354,66560,252.631103515625
1530673786.20373,67072,255.31741333007812
1530674000.283507,67584,256.18804931640625
1530674214.4412897,68096,260.74530029296875
1530674427.930315,68608,255.1260986328125
1530674642.723397,69120,254.1394500732422
1530674856.9424517,69632,254.0247344970703
1530675072.4510226,70144,247.47665405273438
1530675287.1343007,70656,250.96633911132812
1530675501.463772,71168,257.7310791015625
1530675716.0443573,71680,250.57614135742188
1530675931.969866,72192,255.97833251953125
1530676148.075357,72704,250.29348754882812
1530676361.773389,73216,247.18154907226562
1530676576.3200605,73728,251.34405517578125
1530676790.7720273,74240,247.50357055664062
1530677005.274028,74752,244.02061462402344
1530677219.4688919,75264,250.95849609375
1530712293.0758421,76288,258.84869384765625
1530712505.9650881,76800,254.40426635742188
1530712718.4613166,77312,260.08807373046875
1530712931.1859057,77824,261.509033203125
1530713143.7179146,78336,250.0453643798828
1530713356.1519399,78848,253.4989471435547
1530713568.9627395,79360,251.7194366455078
1530713781.8516939,79872,246.36207580566406
1530713994.9931357,80384,251.5253143310547
1530714207.6845574,80896,245.30807495117188
1530714420.4085398,81408,260.63800048828125
1530714634.826723,81920,253.45701599121094
1530714848.6340146,82432,251.02003479003906
1530715062.1926305,82944,254.41456604003906
1530715275.6236467,83456,251.3656463623047
1530715490.148262,83968,249.70391845703125
1530715703.5293345,84480,240.81625366210938
1530715917.8278904,84992,249.77000427246094
1530716131.156678,85504,259.5369873046875
1530716344.542301,86016,263.3131408691406
1530716559.2773323,86528,264.14288330078125
1530716772.6313052,87040,250.42501831054688
1530716987.517202,87552,258.87725830078125
1530717202.3054926,88064,257.8539733886719
1530717415.7943451,88576,265.89532470703125
1530717629.896282,89088,261.98760986328125
1530717843.7511544,89600,250.8748779296875
1530718057.379421,90112,261.7541809082031
1530718271.5746372,90624,258.33392333984375
1530718485.683139,91136,265.89666748046875
1530718699.8842912,91648,267.7764587402344
1530718914.3322234,92160,258.5972595214844
1530719129.4040825,92672,261.79071044921875
1530719343.840649,93184,263.9114685058594
1530719557.946902,93696,259.1217346191406
1530719772.2841167,94208,270.0751037597656
1530719986.71376,94720,259.64715576171875
1530720201.569797,95232,254.5356903076172
1530720415.8471608,95744,258.57354736328125
1530720632.260411,96256,262.2669677734375
1530720846.5347314,96768,269.6309814453125
1530721061.3918471,97280,265.67169189453125
