wall_time,step,value
1532279691.5996478,128,153.40005493164062
1532279855.4585378,256,60.33523178100586
1532280019.43902,384,46.41912841796875
1532280183.398579,512,47.907867431640625
1532280489.918477,640,44.867984771728516
1532280653.8079197,768,49.951656341552734
1532280817.7860231,896,48.741756439208984
1532280981.6406364,1024,43.7198486328125
1532281296.3502831,1152,43.755523681640625
1532281460.252536,1280,39.995750427246094
1532281624.1890504,1408,40.48171615600586
1532281788.231603,1536,37.58976364135742
1532282100.2972722,1664,36.04330062866211
1532282264.03892,1792,35.34231948852539
1532282427.9165006,1920,34.32253646850586
1532282591.7705004,2048,32.77299118041992
1532282899.1452265,2176,31.553659439086914
1532283062.8868065,2304,30.483367919921875
1532283226.5545032,2432,29.606950759887695
1532283390.2241998,2560,28.502666473388672
1532283692.402141,2688,28.622840881347656
1532283856.2855577,2816,28.607988357543945
1532284020.211518,2944,29.454952239990234
1532284183.9716797,3072,28.77326774597168
1532284484.4822638,3200,28.215871810913086
1532284648.2859325,3328,26.9085636138916
1532284812.1518352,3456,28.209182739257812
1532284976.0234833,3584,27.44901466369629
1532285273.9510343,3712,28.222280502319336
1532285437.7163436,3840,27.174407958984375
1532285601.6621218,3968,27.93354034423828
1532285765.4818654,4096,28.323867797851562
1532286058.4415436,4224,28.274978637695312
1532286222.302596,4352,28.45087432861328
1532286386.3535943,4480,28.20097541809082
1532286550.3079593,4608,27.986082077026367
1532286841.2971458,4736,28.609230041503906
1532287005.1835518,4864,30.15945053100586
1532287169.1759026,4992,28.518571853637695
1532287333.091779,5120,29.064056396484375
1532287624.1080503,5248,29.315139770507812
1532287787.9487908,5376,29.473690032958984
1532287951.9151523,5504,28.960567474365234
1532288115.8587677,5632,28.541797637939453
1532288408.451793,5760,28.604503631591797
1532288572.0546591,5888,29.613384246826172
1532288735.6693695,6016,28.612199783325195
1532288899.4481847,6144,29.685741424560547
1532289194.1891952,6272,29.87029266357422
1532289357.9431646,6400,29.413076400756836
1532289521.8209863,6528,29.08915138244629
1532289685.5791216,6656,29.23685646057129
1532289983.1416984,6784,29.451942443847656
1532290146.9257388,6912,29.898048400878906
1532290310.6923473,7040,29.459619522094727
1532290474.4210737,7168,29.976722717285156
1532290767.8066378,7296,29.291650772094727
1532290931.7380004,7424,28.574878692626953
1532291095.6394775,7552,29.077678680419922
1532291259.547413,7680,29.50071144104004
1532291552.6769254,7808,28.47464942932129
1532291716.6460483,7936,29.160335540771484
1532291880.4923403,8064,29.67947769165039
1532292044.443409,8192,30.466312408447266
1532292340.5649502,8320,29.801420211791992
1532292504.4481173,8448,29.433380126953125
1532292668.3652425,8576,30.070348739624023
1532292832.3486881,8704,29.013124465942383
1532293127.4388943,8832,30.337600708007812
1532293291.2726624,8960,29.84941864013672
1532293455.0955598,9088,30.001964569091797
1532293619.086564,9216,29.989646911621094
1532293915.6997173,9344,30.44391632080078
1532294079.5945668,9472,29.272207260131836
1532294243.4300234,9600,29.553627014160156
1532294407.2680278,9728,30.118484497070312
1532294709.1573436,9856,30.389724731445312
1532294873.0124965,9984,30.734786987304688
1532295036.9891293,10112,29.26934814453125
1532295200.747978,10240,30.0816707611084
1532295500.736965,10368,29.917367935180664
1532295664.709572,10496,30.928592681884766
1532295828.6064615,10624,31.253835678100586
1532295992.602276,10752,30.00644874572754
1532296289.7262008,10880,29.925962448120117
1532296453.6388102,11008,30.721952438354492
1532296617.4741786,11136,30.29899024963379
1532296781.382587,11264,29.707748413085938
1532297076.864735,11392,30.54724884033203
1532297240.85574,11520,30.078006744384766
1532297404.7748048,11648,30.895679473876953
1532297568.6576886,11776,30.375911712646484
1532297862.2337878,11904,31.93064308166504
1532298025.9266968,12032,30.731834411621094
1532298189.7399995,12160,32.14911651611328
1532298353.4591522,12288,31.59185791015625
1532298650.063438,12416,32.38132858276367
1532298813.7631958,12544,31.337600708007812
1532298977.5905259,12672,31.92545509338379
1532299141.2400756,12800,31.293235778808594
1532299437.8570092,12928,32.707664489746094
1532299601.5325296,13056,32.035560607910156
1532299765.145272,13184,31.332536697387695
1532299928.9204736,13312,30.811037063598633
1532300224.4502158,13440,31.27663803100586
1532300388.5087729,13568,30.760387420654297
1532300552.4040017,13696,32.19369888305664
1532300716.3528345,13824,32.82352066040039
1532301008.803459,13952,31.685352325439453
1532301172.728876,14080,31.524890899658203
1532301336.7004154,14208,31.58343505859375
1532301500.6348674,14336,31.99939727783203
1532301794.027687,14464,32.02249526977539
1532301957.776879,14592,32.56767272949219
1532302121.6664712,14720,31.48941421508789
1532302285.520631,14848,32.50580978393555
1532302579.7980483,14976,32.44477081298828
1532302743.7231286,15104,32.54207229614258
1532302907.6805882,15232,32.18332290649414
1532303071.5386364,15360,30.932886123657227
1532303365.8177528,15488,32.41299057006836
1532303529.7068722,15616,31.446571350097656
1532303693.6601124,15744,31.443172454833984
1532454115.7731113,16000,32.6622428894043
1532454279.761305,16128,32.34254837036133
1532454443.6320906,16256,32.222557067871094
1532454607.5575576,16384,32.30095291137695
1532454900.4723666,16512,31.31256866455078
1532455064.3239489,16640,31.19919204711914
1532455228.0577345,16768,31.337055206298828
1532455391.8416078,16896,32.1427001953125
1532455685.4681008,17024,30.75298309326172
1532455849.4691455,17152,32.50312423706055
1532456013.585496,17280,31.54009437561035
1532456177.627254,17408,31.433198928833008
1532456472.5322788,17536,31.31294059753418
1532456636.5967531,17664,32.77509307861328
1532456800.4475284,17792,31.736942291259766
1532456964.1837742,17920,31.052989959716797
1532457258.2730486,18048,32.011878967285156
1532457422.2937207,18176,32.616004943847656
1532457586.2677298,18304,31.89491081237793
1532457750.298297,18432,32.266658782958984
1532458042.6448412,18560,32.0562744140625
1532458206.8387563,18688,31.39472198486328
1532458370.8319442,18816,31.941268920898438
1532458534.9510329,18944,32.79195785522461
1532458830.682812,19072,32.162376403808594
1532458994.728249,19200,31.93400764465332
1532459158.71682,19328,31.893169403076172
1532459322.7277682,19456,32.500919342041016
1532459613.381642,19584,32.80658721923828
1532459777.4323363,19712,32.00177001953125
1532459941.3099632,19840,32.121742248535156
1532460105.3401148,19968,32.40393829345703
1532460402.229885,20096,32.254371643066406
1532460566.038595,20224,31.858402252197266
1532460730.1284423,20352,32.136566162109375
1532460894.176179,20480,32.39617919921875
1532461189.4643857,20608,32.05789566040039
1532461353.513522,20736,32.158851623535156
1532461517.5991673,20864,31.85417938232422
1532461681.6846368,20992,31.674087524414062
1532461975.3980231,21120,32.78792953491211
1532462139.5744355,21248,31.359195709228516
1532462303.7575684,21376,31.621328353881836
1532462467.987072,21504,32.00113296508789
1532462761.7203915,21632,31.646440505981445
1532462925.7899048,21760,33.36552810668945
1532463089.8436313,21888,31.478591918945312
1532463253.4877715,22016,32.621131896972656
1532463546.114737,22144,32.89057159423828
1532463710.0789866,22272,31.888694763183594
1532463874.1004477,22400,31.92660903930664
1532464037.9569411,22528,31.635761260986328
1532464330.1480865,22656,32.58790969848633
1532464494.0413244,22784,31.302947998046875
1532464657.8826346,22912,32.15293502807617
1532464821.9056218,23040,32.23969650268555
1532465116.2527962,23168,32.415374755859375
1532465280.2647252,23296,33.8573112487793
1532465444.472437,23424,32.487491607666016
1532525364.0511358,23680,31.888507843017578
1532525527.9268286,23808,32.37295150756836
1532525691.7962928,23936,32.1201171875
1532525855.7439556,24064,32.004459381103516
1532526147.7126596,24192,32.10641098022461
1532526311.7017019,24320,33.00465393066406
1532526475.5892923,24448,32.64873504638672
1532526639.7141,24576,31.89764404296875
1532526933.052798,24704,31.852527618408203
1532527097.0775704,24832,31.339462280273438
1532527260.9375994,24960,32.0616569519043
1532527424.888971,25088,31.562814712524414
1532527719.152363,25216,32.30049133300781
1532527883.1492546,25344,32.138607025146484
1532528047.170865,25472,32.93608474731445
1532528211.2141008,25600,32.9571533203125
1532528503.7803488,25728,32.89118194580078
1532528667.8129675,25856,34.122833251953125
1532528831.8747342,25984,33.66603088378906
1532528996.0311582,26112,33.79618453979492
1532529289.063185,26240,34.083251953125
1532529453.039415,26368,32.59123229980469
1532529617.1099665,26496,33.80632781982422
1532529781.1343734,26624,33.22001647949219
1532530074.419606,26752,33.59535598754883
1532530238.4208164,26880,33.41875076293945
1532530402.3519814,27008,33.038482666015625
1532530566.373052,27136,34.30146026611328
1532530857.3560543,27264,33.84389877319336
1532531021.1768208,27392,33.960792541503906
1532531184.9791439,27520,34.676456451416016
1532531348.7517595,27648,33.44014358520508
1532531641.885289,27776,35.239952087402344
1532531805.8129687,27904,33.40667724609375
1532531969.874853,28032,34.27961730957031
1532532133.7584355,28160,34.96305847167969
1532532426.5548499,28288,35.0302734375
1532532590.5316064,28416,34.451744079589844
1532532754.4893475,28544,33.43015670776367
1532532918.3537261,28672,34.67057418823242
1532533214.0427787,28800,35.05043411254883
1532533378.0091531,28928,34.64297103881836
1532533542.0298846,29056,35.011329650878906
1532533705.8873754,29184,33.807533264160156
1532533998.6943147,29312,34.58903121948242
1532534162.5779274,29440,34.49697494506836
1532534326.7428741,29568,33.846107482910156
1532534490.713516,29696,35.47798156738281
1532534781.1089134,29824,34.664466857910156
1532534945.1709054,29952,34.95341873168945
1532535109.1899614,30080,35.00225830078125
1532535273.2358344,30208,35.728729248046875
1532535564.9943829,30336,33.51903533935547
1532535728.9080708,30464,34.74272155761719
1532535892.8933022,30592,34.53490447998047
1532536056.7624395,30720,35.122474670410156
1532536349.3192945,30848,34.64023971557617
1532536513.2066634,30976,35.24433517456055
1532536677.3126411,31104,34.41578674316406
1532536841.4443703,31232,34.29602813720703
1532537134.182128,31360,34.48039245605469
1532537298.1639545,31488,34.24629592895508
1532537462.1705346,31616,35.69398880004883
1532537626.1430311,31744,35.194881439208984
1532537918.8795352,31872,34.97179412841797
1532538082.861985,32000,35.6755485534668
1532538246.7651823,32128,35.63349151611328
1532538410.7983978,32256,35.1174430847168
1532538703.6681688,32384,36.29152297973633
1532538867.496437,32512,35.12995147705078
1532539031.5961585,32640,36.153114318847656
1532539195.5488029,32768,35.48283767700195
1532539488.7569883,32896,34.809852600097656
1532539652.7422159,33024,36.22329330444336
1532539816.7295368,33152,36.507755279541016
1532539980.6104815,33280,36.85466384887695
1532540268.9318154,33408,35.681983947753906
1532540432.8867946,33536,36.671348571777344
1532540596.8353398,33664,36.53279495239258
1532540760.8871522,33792,37.27659606933594
1532541054.8004782,33920,36.39409255981445
1532541218.929691,34048,37.36481475830078
1532541383.0918186,34176,36.75433349609375
1532541547.1518242,34304,37.677581787109375
1532541842.0883443,34432,36.8243408203125
1532542006.0331986,34560,36.15784454345703
1532542170.0215852,34688,37.01211166381836
1532542334.0247118,34816,36.763877868652344
1532542626.3878078,34944,37.42672348022461
1532542790.0130353,35072,36.402408599853516
1532542953.9025176,35200,36.52368927001953
1532543117.676139,35328,37.151798248291016
1532543408.057443,35456,38.53935623168945
1532543571.781307,35584,37.184757232666016
1532543735.5117273,35712,35.999595642089844
1532543899.1875865,35840,36.16035079956055
1532544193.4589086,35968,36.61183166503906
1532544357.4252522,36096,37.83958435058594
1532544521.5482745,36224,36.47414016723633
1532544685.6786964,36352,37.29591369628906
1532544977.4290068,36480,37.34870529174805
1532545141.4120443,36608,37.26612091064453
1532545305.5267406,36736,36.93778991699219
1532545469.6733494,36864,36.573734283447266
1532545762.075322,36992,36.6341552734375
1532545926.0138943,37120,36.745792388916016
1532546089.9874313,37248,36.0461311340332
1532546253.991372,37376,36.190101623535156
1532546545.953791,37504,35.98003387451172
1532546709.9122727,37632,36.28493118286133
1532546873.9283652,37760,37.76380920410156
1532547037.9574368,37888,37.12533950805664
1532547330.0514193,38016,37.040977478027344
1532547494.0487216,38144,37.54188919067383
1532547658.1122718,38272,36.22480010986328
1532547822.0277038,38400,36.77765655517578
1532548114.7166862,38528,37.14078903198242
1532548278.9455326,38656,37.05011749267578
1532548443.2161818,38784,37.54914855957031
1532548607.4425528,38912,37.70865249633789
1532548900.996483,39040,38.856441497802734
1532549065.0695183,39168,38.333038330078125
1532549229.0131638,39296,37.96971893310547
1532549392.9750628,39424,37.50712203979492
1532549684.1014817,39552,37.24617004394531
1532549848.1024518,39680,37.444190979003906
1532550012.077258,39808,37.94610595703125
1532550176.086633,39936,38.799034118652344
1532550469.4819453,40064,38.7967529296875
1532550633.432613,40192,38.916778564453125
1532550797.367061,40320,38.50623321533203
1532550961.4629786,40448,37.727012634277344
1532551256.6883235,40576,37.2702522277832
1532551420.6150043,40704,38.5695686340332
1532551584.4697912,40832,38.00563430786133
1532551748.4357588,40960,38.132625579833984
1532552044.3506734,41088,38.48657989501953
1532552208.2754357,41216,38.427764892578125
1532552372.3153923,41344,39.22350311279297
1532552536.4173884,41472,38.55617904663086
1532552832.966072,41600,38.4458122253418
1532552996.7910883,41728,38.1300048828125
1532553160.6090446,41856,39.626197814941406
1532553324.289294,41984,38.73647689819336
1532553618.7595093,42112,39.3508415222168
1532553782.549785,42240,38.56694793701172
1532553946.4034684,42368,39.44615173339844
1532554110.2799547,42496,40.35880661010742
1532554403.521578,42624,39.70786666870117
1532554567.3141208,42752,39.02699279785156
1532554731.192725,42880,38.67424774169922
1532554894.9504137,43008,39.650123596191406
1532555187.6561887,43136,39.18769454956055
1532555351.629821,43264,40.35065460205078
1532555515.3492353,43392,39.29158401489258
1532555679.3258622,43520,38.55723190307617
1532555975.14418,43648,39.98299789428711
1532556139.0707066,43776,39.084922790527344
1532556302.9691296,43904,39.974952697753906
1532556467.00867,44032,38.857643127441406
1532556763.6658332,44160,38.61459732055664
1532556927.6137383,44288,38.95087432861328
1532557091.4527655,44416,38.790069580078125
1532557255.382254,44544,39.01151657104492
1532557550.7467723,44672,40.457603454589844
1532557714.8407905,44800,40.24892807006836
1532557879.0244083,44928,41.13918685913086
1532558043.049647,45056,39.59068298339844
1532558338.353832,45184,40.34368133544922
1532558502.4070573,45312,39.84812927246094
1532558666.2765079,45440,39.8224983215332
1532558830.207121,45568,40.62013626098633
1532559127.1364274,45696,40.03215789794922
1532559291.055804,45824,40.036903381347656
1532559454.9645312,45952,40.32419204711914
1532559618.9391372,46080,40.947444915771484
1532559914.3273637,46208,41.21445083618164
1532560078.3394728,46336,39.9024772644043
1532560242.2657897,46464,39.9368896484375
1532560406.2386112,46592,40.896087646484375
1532560703.0995057,46720,39.93610382080078
1532560867.1235151,46848,39.451080322265625
1532561031.1376183,46976,40.84834289550781
1532561195.0868797,47104,40.02965545654297
1532561493.8793876,47232,38.71627426147461
1532561658.1162176,47360,40.49428176879883
1532561822.3444428,47488,39.29956817626953
1532561986.6040955,47616,41.04277038574219
1532562285.5352187,47744,40.393409729003906
1532562449.4427497,47872,41.839111328125
1532562613.3605106,48000,40.45279312133789
1532562777.4053364,48128,41.3572883605957
1532563076.6507444,48256,40.33586502075195
1532563240.475172,48384,40.42186737060547
1532563404.4830635,48512,41.32253646850586
1532563568.4261098,48640,42.114837646484375
1532563867.067587,48768,41.13652038574219
1532564031.1529663,48896,40.8385009765625
1532564195.2017078,49024,41.70805740356445
1532564359.265842,49152,40.97626495361328
1532564660.1671813,49280,42.238685607910156
1532564824.3641222,49408,40.85366439819336
1532564988.6818461,49536,43.40362548828125
1532565152.8369632,49664,42.18734359741211
1532565453.1807775,49792,40.95598602294922
1532565617.271802,49920,41.78900146484375
1532565781.5061157,50048,42.30350112915039
1532565945.633666,50176,41.32465744018555
1532566241.4284914,50304,41.11648941040039
1532566405.5542858,50432,42.809234619140625
1532566569.5274684,50560,42.142364501953125
1532566733.499018,50688,41.99894332885742
1532567033.922437,50816,41.78912353515625
1532567197.9255168,50944,40.810630798339844
1532567362.042979,51072,41.89690017700195
1532567525.9630394,51200,41.568382263183594
1532567823.1482675,51328,41.9112434387207
1532567987.1318939,51456,42.038963317871094
1532568151.1568892,51584,42.87610626220703
1532568315.0789373,51712,42.07831573486328
1532568613.48611,51840,43.9090576171875
1532568777.5463707,51968,41.24872589111328
1532568941.6248114,52096,41.75027084350586
1532569105.7599766,52224,42.667659759521484
1532569403.0470576,52352,42.500694274902344
1532569566.968795,52480,41.82828903198242
1532569730.774966,52608,43.220863342285156
1532569894.7797644,52736,42.363037109375
1532570194.7312865,52864,43.405372619628906
1532570358.7203689,52992,42.870033264160156
1532570522.6461394,53120,43.33866882324219
1532570686.6408117,53248,42.59862518310547
1532570987.8184056,53376,44.33879852294922
1532571151.9364429,53504,43.084510803222656
1532571315.9539695,53632,42.440887451171875
1532571479.8538766,53760,45.027191162109375
1532571781.1802979,53888,42.75931930541992
1532571945.152416,54016,42.41877365112305
1532572109.0982692,54144,42.70674133300781
1532572273.0861132,54272,42.188289642333984
1532572574.2418377,54400,42.37554168701172
1532572738.3787768,54528,43.27505874633789
1532572902.5586886,54656,43.029151916503906
1532573066.6220858,54784,42.597999572753906
1532573368.625763,54912,43.822113037109375
1532573532.6509717,55040,42.85441589355469
1532573696.5804217,55168,45.03096008300781
1532573860.618021,55296,43.33777618408203
1532574161.8730223,55424,42.2021484375
1532574325.9138358,55552,42.7978630065918
1532574489.9505317,55680,43.58380126953125
1532574653.880875,55808,44.34519958496094
1532574955.8547604,55936,42.89623260498047
1532575119.8101075,56064,42.5974006652832
1532575283.8751047,56192,42.89034652709961
1532575447.9012263,56320,44.72416687011719
1532575744.7587242,56448,43.092315673828125
1532575908.747707,56576,44.706886291503906
1532576072.670945,56704,44.13386154174805
1532576236.5909772,56832,42.824684143066406
1532576535.1212523,56960,43.824859619140625
1532576699.3249934,57088,44.00318145751953
1532576863.5825303,57216,44.120792388916016
1532577027.7364278,57344,43.56625747680664
1532577330.223596,57472,43.998085021972656
1532577494.260513,57600,44.394142150878906
1532577658.3431582,57728,43.972412109375
1532577822.4636083,57856,44.72591781616211
1532578124.5158286,57984,43.32605743408203
1532578288.468716,58112,43.5570068359375
1532578452.4855647,58240,43.74745178222656
1532578616.3192797,58368,43.922218322753906
1532578917.3803065,58496,43.819705963134766
1532579081.3304658,58624,42.85158157348633
1532579245.212399,58752,44.00286102294922
1532579409.1587868,58880,44.15264129638672
1532728632.5069149,59136,44.77602767944336
1532728796.1030722,59264,45.6183967590332
1532728959.948722,59392,44.20970153808594
1532729257.7397046,59520,45.47494888305664
1532729421.4421782,59648,44.03702163696289
1532729585.373014,59776,43.0815315246582
1532729749.2413468,59904,43.242431640625
1532730047.5580137,60032,45.07429504394531
1532730211.5128355,60160,44.47351837158203
1532730375.4488282,60288,44.41404724121094
1532730539.438495,60416,46.79905319213867
1532730839.1221182,60544,44.960472106933594
1532731002.8980289,60672,45.01105499267578
1532731166.6971986,60800,45.71571731567383
1532731330.6474943,60928,45.764183044433594
1532731631.7383664,61056,46.30757522583008
1532731795.6361148,61184,46.89591598510742
1532731959.4661758,61312,44.51232147216797
1532732123.2700655,61440,45.99332046508789
1532732420.573727,61568,44.79542922973633
1532732584.4110847,61696,45.778648376464844
1532732748.3143833,61824,46.49208068847656
1532732912.155634,61952,45.2421875
1532733211.217441,62080,46.65095901489258
1532733375.069351,62208,46.0045051574707
1532733538.909953,62336,45.43231964111328
1532733702.662868,62464,45.008270263671875
1532734005.6130238,62592,46.38247299194336
1532734169.4213865,62720,46.825408935546875
1532734333.1742718,62848,46.211708068847656
1532734497.0353324,62976,44.79487228393555
1532734797.0069153,63104,46.25186538696289
1532734960.838909,63232,46.73581314086914
1532735124.7277534,63360,44.744842529296875
1532735288.5249047,63488,47.616085052490234
1532735587.3346667,63616,46.09245681762695
1532735751.2594502,63744,46.31413269042969
1532735915.1859188,63872,47.11269760131836
1532736079.1034245,64000,44.662349700927734
1532736380.4734519,64128,45.89919662475586
1532736544.4807851,64256,46.130130767822266
1532736708.510266,64384,45.39447784423828
1532736872.5110857,64512,46.201969146728516
1532737172.0328512,64640,46.36711883544922
1532737335.9794297,64768,44.96927261352539
1532737500.0263188,64896,47.77012634277344
1532737664.0294876,65024,47.21195983886719
1532737963.1468687,65152,44.38241958618164
1532738127.0214245,65280,46.52568054199219
1532738291.001706,65408,46.094940185546875
1532738454.6786757,65536,46.89396667480469
1532738755.1827297,65664,45.983070373535156
1532738919.0888076,65792,46.33457946777344
1532739082.9176087,65920,48.0117073059082
1532739246.7172203,66048,46.80594253540039
1532739549.8635676,66176,46.321983337402344
1532739713.706132,66304,46.98950958251953
1532739877.5778463,66432,47.206932067871094
1532740041.5358748,66560,47.808692932128906
1532740341.4869149,66688,47.187644958496094
1532740505.2470882,66816,46.461891174316406
1532740669.0548346,66944,47.26517868041992
1532740833.0143604,67072,48.43344497680664
1532741128.8364234,67200,48.37311935424805
1532741292.68231,67328,47.591121673583984
1532741456.5495474,67456,46.329830169677734
1532741620.4754183,67584,46.22468185424805
1532741921.8885694,67712,46.58405303955078
1532742085.7780461,67840,48.43864822387695
1532742249.6567798,67968,47.42017364501953
1532742413.5677993,68096,48.7727165222168
1532742710.6924183,68224,46.95220184326172
1532742874.4065173,68352,48.5167121887207
1532743038.297268,68480,48.646324157714844
1532743202.075991,68608,49.16230773925781
1532743501.2666454,68736,47.82682418823242
1532743665.32986,68864,48.615604400634766
1532743829.4009767,68992,47.638160705566406
1532743993.3147194,69120,49.95048904418945
1532744291.3790865,69248,49.153865814208984
1532744455.2843733,69376,47.66779327392578
1532744619.2424104,69504,48.82204818725586
1532744783.1036358,69632,49.45668029785156
1532745082.0712907,69760,48.78728103637695
1532745246.0047944,69888,49.31359100341797
1532745410.0197587,70016,49.12572479248047
1532745573.9082031,70144,47.961082458496094
1532745871.4278386,70272,49.38506317138672
1532746035.275306,70400,49.65753936767578
1532746199.1161985,70528,47.44123840332031
1532746362.9748895,70656,49.20997619628906
1532746662.1472511,70784,50.80986404418945
1532746826.1979625,70912,47.86751174926758
1532746990.139957,71040,49.99153137207031
1532747154.1831524,71168,51.520076751708984
1532747450.333978,71296,48.55225372314453
1532747614.3386807,71424,48.76033020019531
1532747778.24034,71552,51.63421630859375
1532747942.1941512,71680,49.76940155029297
1532748243.5686643,71808,49.48100280761719
1532748407.455601,71936,51.926231384277344
1532748571.0247345,72064,51.058006286621094
1532748734.9029162,72192,51.769981384277344
1532749033.5145848,72320,52.22294235229492
1532749197.4906197,72448,49.09571075439453
1532749361.4008958,72576,49.0774040222168
1532749525.2248735,72704,51.66139221191406
1532749824.082071,72832,48.602821350097656
1532749988.0362875,72960,50.352622985839844
1532750151.907618,73088,50.17677307128906
1532750315.7368755,73216,49.76091003417969
1532750620.2618423,73344,51.4949836730957
1532750784.2105482,73472,51.424556732177734
1532750948.2626662,73600,49.790863037109375
1532751112.2997687,73728,51.605464935302734
1532751409.396202,73856,51.157005310058594
1532751573.3252077,73984,49.56651306152344
1532751737.3051789,74112,48.277557373046875
1532751901.2872047,74240,49.842063903808594
1532752200.5609868,74368,49.61397171020508
1532752364.4346313,74496,50.39687728881836
1532752528.1166945,74624,50.46516036987305
1532752692.0415857,74752,50.478981018066406
1532752993.372454,74880,50.56583786010742
1532753157.1347973,75008,50.080936431884766
1532753321.043377,75136,51.11533737182617
1532753484.892393,75264,50.82619857788086
1532753784.0835705,75392,51.42824935913086
1532753947.994649,75520,50.86416244506836
1532754111.8486447,75648,48.27936553955078
1532754275.632373,75776,49.0772705078125
1532754574.6992953,75904,49.88500213623047
1532754738.4973974,76032,49.3980712890625
1532754902.4193978,76160,49.382667541503906
1532755066.1984584,76288,50.60983657836914
1532755367.5949755,76416,50.306583404541016
1532755531.3542001,76544,52.122127532958984
1532755695.218751,76672,51.108943939208984
1532755858.9845653,76800,50.95692443847656
1532756159.1619346,76928,51.347232818603516
1532756323.027727,77056,51.17215347290039
1532756486.8808072,77184,51.07288360595703
1532756650.8536568,77312,51.7392578125
1532756950.1588962,77440,49.929134368896484
1532757114.0539587,77568,48.95932388305664
1532757277.9818716,77696,50.993709564208984
1532757441.82832,77824,49.84333419799805
1532757744.0229876,77952,49.492122650146484
1532757907.9303591,78080,50.51811981201172
1532758071.7919934,78208,52.12157440185547
1532758235.6737573,78336,50.83442306518555
1532758535.8041441,78464,50.74342346191406
1532758699.7525501,78592,50.4984016418457
1532758863.6812296,78720,52.933284759521484
1532759027.5061572,78848,50.11249542236328
1532759329.03913,78976,50.833412170410156
1532759492.9678142,79104,51.78200149536133
1532759656.8120136,79232,52.65939712524414
1532759820.784744,79360,52.153717041015625
1532760123.5350168,79488,52.3548698425293
1532760287.238703,79616,51.95932388305664
1532760451.0218263,79744,52.49028396606445
1532760614.7834663,79872,52.36191940307617
1532760913.756288,80000,52.94683837890625
1532761077.7096486,80128,53.02671432495117
1532761241.7572482,80256,52.540809631347656
1532761405.7181625,80384,52.27781295776367
1532761704.9002533,80512,51.47624969482422
1532761868.8412125,80640,52.94703674316406
1532762032.7520657,80768,52.76303482055664
1532762196.694484,80896,52.24325942993164
1532762499.0869367,81024,54.251583099365234
1532762663.0480592,81152,51.48126983642578
1532762826.891845,81280,53.03113555908203
1532762990.7148328,81408,51.882835388183594
1532763293.1290457,81536,53.17658615112305
1532763457.1121278,81664,52.97744369506836
1532763620.944945,81792,53.02777862548828
1532763784.5809646,81920,52.269775390625
1532764089.9423804,82048,54.35737228393555
1532764254.0543587,82176,53.091453552246094
1532764418.0368373,82304,51.67619323730469
1532764582.2109604,82432,53.83835220336914
1532764882.0535884,82560,51.49273681640625
1532765046.138449,82688,52.06986999511719
1532765210.2421262,82816,52.37546920776367
1532765374.2249138,82944,54.17996597290039
1532765678.2583747,83072,53.4976692199707
1532765842.249806,83200,54.50034713745117
1532766006.1593297,83328,53.351898193359375
1532766170.1423917,83456,51.113311767578125
1532766471.3944616,83584,55.420875549316406
1532766635.2622552,83712,52.047142028808594
1532766799.2123158,83840,54.57698059082031
1532766963.077408,83968,56.10414505004883
1532767263.510028,84096,53.13102722167969
1532767427.2853668,84224,51.91752624511719
1532767591.0930252,84352,50.079837799072266
1532767755.001087,84480,51.25963592529297
1532768058.1278431,84608,53.21354293823242
1532768222.0855324,84736,52.24782943725586
1532768385.9046352,84864,53.380462646484375
1532773812.5058188,85120,52.417110443115234
1532773980.5954988,85248,52.14179229736328
1532774148.6588194,85376,54.801353454589844
1532774316.766949,85504,53.05942153930664
1532774616.4801152,85632,54.260807037353516
1532774780.2987285,85760,55.47773361206055
1532774943.8995786,85888,53.266353607177734
1532775107.692634,86016,56.8975715637207
1532775407.9657845,86144,54.27130126953125
1532775571.87259,86272,56.86695861816406
1532775735.8001852,86400,54.05478286743164
1532775899.5726306,86528,52.65324020385742
1532776198.3623111,86656,53.0009651184082
1532776362.1367793,86784,53.83530807495117
1532776525.9719887,86912,53.99024200439453
1532776689.8116841,87040,53.013641357421875
1532776988.4355707,87168,54.120094299316406
1532777152.0931,87296,53.60947036743164
1532777315.7506256,87424,54.56725311279297
1532777479.2593648,87552,54.265316009521484
1532777777.8148096,87680,53.969703674316406
1532777941.5091724,87808,54.20438766479492
1532778105.3347847,87936,53.79084014892578
1532778269.1050982,88064,52.14734649658203
1532778568.900466,88192,54.454017639160156
1532778732.7282872,88320,55.058677673339844
1532778896.628302,88448,53.2845344543457
1532779060.5147882,88576,54.01948547363281
1532779362.835565,88704,55.59519577026367
1532779526.66543,88832,56.04670333862305
1532779690.5000103,88960,53.764766693115234
1532779854.2712913,89088,56.20447540283203
1532780151.0464993,89216,54.6257438659668
1532780314.890553,89344,55.80261993408203
1532780478.756326,89472,54.48957443237305
1532780642.6463475,89600,54.788604736328125
1532780944.5061076,89728,55.44437026977539
1532781108.33577,89856,54.35053634643555
1532781272.1709938,89984,52.40964126586914
1532781435.7953124,90112,55.54374694824219
1532781733.85329,90240,57.43742370605469
1532781897.7665663,90368,56.48142623901367
1532782061.505867,90496,54.92452621459961
1532782225.388577,90624,54.39258575439453
1532782523.6177382,90752,55.21125793457031
1532782687.5350025,90880,54.72713088989258
1532782851.4245975,91008,54.86096954345703
1532783015.2877443,91136,53.782440185546875
1532783312.7967644,91264,56.05567932128906
1532783476.6752744,91392,54.64811325073242
1532783640.4322278,91520,54.41848373413086
1532783804.2514346,91648,53.614585876464844
1532784103.0399444,91776,56.51884460449219
1532784266.9092112,91904,54.696693420410156
1532784430.778148,92032,55.654388427734375
1532784594.6962175,92160,54.94034194946289
1532784897.8470802,92288,53.988914489746094
1532785061.670997,92416,54.48835754394531
1532785225.4605618,92544,55.19198226928711
1532785389.3206437,92672,56.778541564941406
1532785686.8542824,92800,55.574424743652344
1532785850.4206913,92928,55.479270935058594
1532786014.0462,93056,57.68460464477539
1532786177.5991216,93184,56.649314880371094
1532786478.0961177,93312,56.561859130859375
1532786641.888176,93440,56.29743957519531
1532786805.6329818,93568,55.82822036743164
1532786969.2660048,93696,57.67737579345703
1532787268.8443747,93824,57.21892166137695
1532787432.5884492,93952,56.25080108642578
1532787596.3087194,94080,58.113128662109375
1532787760.0190735,94208,56.77156066894531
1532788062.5265737,94336,55.35885238647461
1532788226.4483147,94464,58.300880432128906
1532788390.2025344,94592,58.1478271484375
1532788554.040683,94720,59.204345703125
1532788854.5304644,94848,57.75544738769531
1532789018.5990705,94976,57.899391174316406
1532789182.6714919,95104,57.886940002441406
1532789346.7011077,95232,57.781394958496094
1532789646.2336361,95360,55.1400032043457
1532789810.0719376,95488,55.29601287841797
1532789973.9272466,95616,55.91440200805664
1532790137.8016772,95744,56.597503662109375
1532790440.5293112,95872,55.92973327636719
1532790604.3666027,96000,56.50595474243164
1532790768.4235284,96128,57.06083297729492
1532790932.3822775,96256,57.28260803222656
1532791234.0684538,96384,57.39141845703125
1532791397.9478955,96512,55.42703628540039
1532791561.7282708,96640,56.28697967529297
1532791725.6674137,96768,55.37568283081055
1532792026.3964963,96896,58.01198196411133
1532792190.0930972,97024,57.826507568359375
1532792353.7947187,97152,57.80697250366211
1532792517.4540124,97280,56.19636154174805
1532792818.8762443,97408,60.430152893066406
1532792982.6881366,97536,57.84514236450195
