wall_time,step,value
1531869334.9440916,128,301.22430419921875
1531869477.724966,256,175.77557373046875
1531869620.6984885,384,110.63432312011719
1531869763.5200493,512,87.59596252441406
1531870029.7152064,640,53.29902648925781
1531870172.600058,768,53.46623611450195
1531870315.384136,896,59.864013671875
1531870458.1278255,1024,67.64053344726562
1531870724.6753166,1152,58.03983688354492
1531870867.496609,1280,54.91752243041992
1531871010.4632974,1408,63.23284912109375
1531871153.267265,1536,54.30168151855469
1531871412.4438534,1664,54.91748046875
1531871555.3180583,1792,54.02960205078125
1531871698.1208675,1920,48.848201751708984
1531871841.0125415,2048,49.809757232666016
1531872097.7195663,2176,49.128631591796875
1531872240.454072,2304,51.450077056884766
1531872383.3053553,2432,48.57224655151367
1531872526.1392238,2560,51.146759033203125
1531872783.1962874,2688,49.82060241699219
1531872926.0169463,2816,46.05591583251953
1531873068.706539,2944,42.13378143310547
1531873211.378128,3072,42.84635543823242
1531873463.7733095,3200,39.019344329833984
1531873606.516907,3328,39.764488220214844
1531873749.3654656,3456,40.91744613647461
1531873892.2483256,3584,39.31707763671875
1531874141.5362027,3712,39.69092559814453
1531874284.569429,3840,38.22856521606445
1531874427.3450835,3968,36.217472076416016
1531874570.2451277,4096,36.01877975463867
1531874817.3012135,4224,35.85133361816406
1531874960.2808478,4352,36.4977912902832
1531875103.2310958,4480,36.8848991394043
1531875246.3113115,4608,36.47613525390625
1531875489.9498804,4736,36.323883056640625
1531875633.0251822,4864,37.00584411621094
1531875776.1455295,4992,35.47845458984375
1531875919.159676,5120,37.44023132324219
1531876160.3379443,5248,36.638607025146484
1531876303.3313286,5376,36.390724182128906
1531876446.3399577,5504,35.39097595214844
1531876589.2190957,5632,36.93334197998047
1531876829.4158027,5760,37.13105773925781
1531876972.351799,5888,37.12681198120117
1531877115.4075701,6016,37.37310028076172
1531877258.2926123,6144,35.8494987487793
1531877499.6446338,6272,35.1518669128418
1531877642.7082608,6400,35.85589599609375
1531877785.6842122,6528,36.63347625732422
1531877928.5927746,6656,34.05229568481445
1531878170.2168288,6784,36.13002395629883
1531878313.2275634,6912,36.8752326965332
1531878456.0970025,7040,33.632102966308594
1531878599.1000898,7168,33.187774658203125
1531878840.0583627,7296,33.05632019042969
1531878983.1557753,7424,33.72505187988281
1531879126.161054,7552,32.59685516357422
1531879269.3230498,7680,33.49118423461914
1531879510.09483,7808,31.813947677612305
1531879653.001136,7936,32.16701126098633
1531879795.972102,8064,32.9268684387207
1531879939.032793,8192,31.829940795898438
1531880179.6050682,8320,32.147186279296875
1531880322.5821393,8448,31.32190704345703
1531880465.6018622,8576,31.738996505737305
1531880608.486821,8704,30.579471588134766
1531880850.8735013,8832,30.176856994628906
1531880993.9389868,8960,30.520307540893555
1531881136.9180226,9088,30.266738891601562
1531881279.8301919,9216,30.58277130126953
1531881523.8992834,9344,30.712013244628906
1531881666.7415705,9472,30.127643585205078
1531881809.470992,9600,29.934768676757812
1531881952.154078,9728,29.272611618041992
1531882199.069102,9856,28.831697463989258
1531882342.0953612,9984,29.739112854003906
1531882485.026113,10112,28.52000617980957
1531882627.887774,10240,29.50299072265625
1531882874.333674,10368,28.23360824584961
1531883017.2720656,10496,28.41536521911621
1531883160.1834295,10624,28.774606704711914
1531883303.0650709,10752,30.10000991821289
1531883549.716385,10880,29.77149200439453
1531883692.5833569,11008,28.176944732666016
1531883835.5210214,11136,29.491302490234375
1531883978.4415538,11264,29.038434982299805
1531884222.0627728,11392,29.557043075561523
1531884365.019382,11520,29.346162796020508
1531884508.0437121,11648,28.590158462524414
1531884650.871515,11776,29.154220581054688
1531884897.0281794,11904,29.283248901367188
1531885039.82529,12032,29.299131393432617
1531885182.6556184,12160,28.412067413330078
1531885325.51097,12288,29.23089027404785
1531885570.1293828,12416,29.14044189453125
1531885713.0673497,12544,29.0642032623291
1531885856.1018682,12672,28.768447875976562
1531885999.0005872,12800,29.113143920898438
1531886242.9496117,12928,28.788463592529297
1531886385.7999306,13056,29.063385009765625
1531886528.7136254,13184,28.278425216674805
1531886671.5881612,13312,27.95262336730957
1531886916.2190194,13440,29.552278518676758
1531887059.2151322,13568,28.4742488861084
1531887202.2832584,13696,27.837127685546875
1531887345.3841734,13824,29.38812828063965
1531887590.4125583,13952,28.288875579833984
1531887733.5014837,14080,28.73082733154297
1531887876.5309465,14208,30.47745132446289
1531888019.614107,14336,28.75548553466797
1531888265.1592371,14464,28.37946319580078
1531888408.1156712,14592,29.688827514648438
1531888551.1734207,14720,28.82278823852539
1531888694.349991,14848,29.85015869140625
1531888938.4988465,14976,29.602293014526367
1531889081.3919895,15104,28.988306045532227
1531889224.5418234,15232,28.25042724609375
1531889367.70966,15360,28.294771194458008
1531889610.7937238,15488,28.640357971191406
1531889753.7431693,15616,27.79620361328125
1531889896.7796862,15744,27.726985931396484
1531890039.841985,15872,27.783601760864258
1531890285.3285353,16000,28.055910110473633
1531890428.430234,16128,29.115806579589844
1531890571.5516565,16256,28.933408737182617
1531890714.5736656,16384,28.329456329345703
1531890958.4595394,16512,29.473766326904297
1531891101.439968,16640,28.766817092895508
1531891244.382395,16768,28.80014419555664
1531891387.2630825,16896,29.459915161132812
1531891632.433174,17024,28.0451602935791
1531891775.355272,17152,28.719070434570312
1531891918.487094,17280,29.012670516967773
1531892061.5010579,17408,28.513126373291016
1531892304.967946,17536,28.09506607055664
1531892448.0741446,17664,28.252037048339844
1531892591.0585978,17792,28.407745361328125
1531892733.9786117,17920,29.411020278930664
1531892979.3791718,18048,28.44904327392578
1531893122.4349582,18176,28.576574325561523
1531893265.469845,18304,28.37217903137207
1531893408.5017517,18432,27.343965530395508
1531893652.8708265,18560,27.972972869873047
1531893795.9485068,18688,27.45841407775879
1531893939.1072037,18816,28.545743942260742
1531894082.2713335,18944,27.955150604248047
1531894326.6574223,19072,27.704181671142578
1531894469.6525915,19200,28.06690216064453
1531894612.495301,19328,28.05142593383789
1531894755.420845,19456,27.456771850585938
1531895000.4222763,19584,28.981271743774414
1531895143.3646505,19712,27.10041046142578
1531895286.2925193,19840,27.109161376953125
1531895429.1839557,19968,26.15331268310547
1531895674.2045338,20096,27.280712127685547
1531895817.1304688,20224,27.963321685791016
1531895959.9456995,20352,26.89777374267578
1532075366.6763322,20608,27.329410552978516
1532075509.4975085,20736,28.585458755493164
1532075652.2788815,20864,26.728843688964844
1532075795.245093,20992,26.449155807495117
1532076038.2931056,21120,26.47759437561035
1532076181.285211,21248,26.567922592163086
1532076324.0798867,21376,27.333988189697266
1532076466.826459,21504,26.278038024902344
1532076709.6983228,21632,26.87149429321289
1532076852.6848485,21760,25.764848709106445
1532076995.6437113,21888,28.05863380432129
1532077138.6211114,22016,26.39089584350586
1532077381.6566486,22144,26.262588500976562
1532077524.5971425,22272,26.182682037353516
1532077667.6187866,22400,26.025585174560547
1532077810.6174414,22528,26.767616271972656
1532078052.564501,22656,26.87443733215332
1532078195.6029239,22784,27.458419799804688
1532078338.6213918,22912,27.312889099121094
1532081444.708908,23168,28.142719268798828
1532081591.597468,23296,27.36020851135254
1532081738.6037707,23424,27.21721839904785
1532081885.3667653,23552,27.715442657470703
1532082127.3368762,23680,26.658992767333984
1532082270.324539,23808,28.610164642333984
1532082413.219638,23936,28.748149871826172
1532082556.2322133,24064,27.644454956054688
1532082797.9767966,24192,27.652254104614258
1532082941.1247313,24320,27.233619689941406
1532083084.2858627,24448,27.7081298828125
1532083227.2864597,24576,28.000404357910156
1532083470.690255,24704,28.648221969604492
1532083613.6423876,24832,28.266273498535156
1532083756.6806905,24960,27.437482833862305
1532083899.6539586,25088,28.20516586303711
1532084141.784827,25216,27.88729476928711
1532084284.7559373,25344,28.477476119995117
1532084427.6742454,25472,28.338308334350586
1532084570.612609,25600,27.928115844726562
1532084813.4654386,25728,28.160444259643555
1532084956.4760156,25856,28.65292739868164
1532085099.4118292,25984,28.064043045043945
1532085242.2770553,26112,28.17237091064453
1532085484.1709404,26240,28.829055786132812
1532085627.0288746,26368,28.96673583984375
1532085769.9097605,26496,29.21207618713379
1532085912.7609394,26624,29.192138671875
1532086155.1869814,26752,28.63848114013672
1532086297.8561473,26880,28.07698631286621
1532086440.6811914,27008,28.020713806152344
1532086583.3714333,27136,29.339397430419922
1532086828.2843754,27264,28.368974685668945
1532086971.1561267,27392,28.67372703552246
1532087114.0325773,27520,29.78610610961914
1532087256.7380123,27648,29.520301818847656
1532087499.9732053,27776,29.601913452148438
1532087642.860889,27904,30.544572830200195
1532087785.731894,28032,30.075956344604492
1532087928.6699164,28160,29.438016891479492
1532088170.9145849,28288,30.068387985229492
1532088313.825762,28416,29.747343063354492
1532088456.7865272,28544,29.246631622314453
1532088599.6636946,28672,29.331684112548828
1532088844.906333,28800,29.04499626159668
1532088987.8775504,28928,29.74938201904297
1532089130.9836514,29056,29.326107025146484
1532089274.094511,29184,29.251558303833008
1532089519.6491323,29312,29.53938865661621
1532089662.5511398,29440,29.205636978149414
1532089805.5257857,29568,29.92644691467285
1532089948.3930516,29696,28.87506675720215
1532090190.2822542,29824,30.089521408081055
1532090333.2683687,29952,29.96532440185547
1532090476.0648825,30080,30.27392578125
1532090618.9048834,30208,28.931882858276367
1532090865.159053,30336,29.449296951293945
1532091007.9379368,30464,30.07830810546875
1532091150.954666,30592,30.133018493652344
1532091293.9335532,30720,29.55479621887207
1532091539.9303308,30848,29.589862823486328
1532091682.834268,30976,30.552091598510742
1532091825.7230866,31104,29.844511032104492
1532091968.5856562,31232,29.799379348754883
1532092211.4985569,31360,30.090070724487305
1532092354.375736,31488,29.1405029296875
1532092497.3276157,31616,29.735837936401367
1532092640.0741358,31744,31.05962371826172
1532092886.6838946,31872,30.336395263671875
1532093029.5576794,32000,29.983753204345703
1532093172.5108423,32128,31.040283203125
1532093315.5893505,32256,30.506013870239258
1532093561.3859937,32384,30.618942260742188
1532093704.3071368,32512,28.694015502929688
1532093847.264643,32640,30.543502807617188
1532093990.1721647,32768,30.38109588623047
1532094236.3512206,32896,29.291316986083984
1532094379.4480238,33024,29.895925521850586
1532094522.6135757,33152,30.183841705322266
1532094665.6999624,33280,31.17071533203125
1532094911.2388744,33408,29.45050811767578
1532095054.2144341,33536,28.904682159423828
1532095197.0234315,33664,30.35345458984375
1532095339.781599,33792,30.23719596862793
1532095584.0323222,33920,30.131330490112305
1532095727.1305754,34048,29.08084487915039
1532095870.195135,34176,29.884660720825195
1532096013.245595,34304,29.998680114746094
1532096259.151614,34432,30.906679153442383
1532096402.3476765,34560,30.336021423339844
1532096545.5019262,34688,29.73360252380371
1532096688.6586926,34816,30.060213088989258
1532096933.2661343,34944,29.33802604675293
1532097076.379299,35072,30.54789161682129
1532097219.5741158,35200,30.471294403076172
1532097362.7124379,35328,29.08468246459961
1532097607.4722388,35456,30.150806427001953
1532097750.4231143,35584,30.635181427001953
1532097893.5890563,35712,29.50847053527832
1532098036.752389,35840,29.901039123535156
1532098284.4016333,35968,30.514022827148438
1532098427.4526184,36096,29.82946014404297
1532098570.4593043,36224,30.985185623168945
1532098713.5073829,36352,29.08145523071289
1532098963.0043762,36480,28.18621253967285
1532099106.1162403,36608,30.13375473022461
1532099249.2190738,36736,31.39202117919922
1532099392.4534767,36864,31.21674346923828
1532099638.0949867,36992,32.88984680175781
1532099781.2021346,37120,32.10586166381836
1532099924.3899426,37248,30.255830764770508
1532100067.570572,37376,31.4013671875
1532100313.8429053,37504,29.25677490234375
1532100457.0369663,37632,31.57672119140625
1532100600.1320775,37760,30.943912506103516
1532100743.258779,37888,30.883481979370117
1532100989.712019,38016,30.976404190063477
1532101132.7900841,38144,30.638572692871094
1532101275.831465,38272,30.593280792236328
1532101418.9147513,38400,32.00602722167969
1532101666.3290398,38528,31.230363845825195
1532101809.5012188,38656,30.95975112915039
1532101952.5097535,38784,30.156972885131836
1532102095.6458266,38912,31.536306381225586
1532102341.4274368,39040,32.379886627197266
1532102484.5014172,39168,31.723434448242188
1532102627.717557,39296,31.259376525878906
1532102770.9011965,39424,30.142202377319336
1532103017.8686428,39552,31.32982063293457
1532103160.771317,39680,31.730228424072266
1532103303.7675173,39808,31.265918731689453
1532110686.2841268,40064,31.94706916809082
1532110833.145751,40192,31.525821685791016
1532110979.9767797,40320,31.709932327270508
1532111126.9915197,40448,31.728809356689453
1532111374.6287377,40576,30.506826400756836
1532111517.4643512,40704,31.912015914916992
1532111660.2593033,40832,31.137277603149414
1532111803.1286483,40960,31.60199546813965
1532112049.4899344,41088,31.229209899902344
1532112192.6259282,41216,31.532482147216797
1532112335.6620545,41344,30.835933685302734
1532112478.7407258,41472,31.978816986083984
1532112725.6224349,41600,32.28446960449219
1532112868.8186753,41728,30.326454162597656
1532113011.8880527,41856,32.837646484375
1532113154.9925551,41984,31.285106658935547
1532113401.8729665,42112,33.05939865112305
1532113544.8826873,42240,34.08533477783203
1532113687.9940403,42368,32.05084228515625
1532113831.0448523,42496,32.925331115722656
1532114082.3731465,42624,31.84676170349121
1532114225.4437306,42752,32.41719055175781
1532114368.4489253,42880,32.332576751708984
1532114511.3688843,43008,33.70336151123047
1532114761.833477,43136,30.744937896728516
1532114904.8115814,43264,33.413658142089844
1532115047.836525,43392,31.785106658935547
1532115190.9244525,43520,33.59003448486328
1532115438.550033,43648,32.14677429199219
1532115581.4312644,43776,32.47705078125
1532115724.3618746,43904,31.683195114135742
1532115867.2355459,44032,32.367942810058594
1532116117.7294462,44160,32.46202850341797
1532116260.7695825,44288,33.262630462646484
1532116403.7988107,44416,34.988441467285156
1532116546.7997885,44544,32.83383560180664
1532116793.8701499,44672,32.447635650634766
1532116936.9536417,44800,31.941429138183594
1532117080.0575764,44928,32.767974853515625
1532117223.1764193,45056,32.81414794921875
1532117472.1421971,45184,33.81502914428711
1532117615.2418725,45312,32.959495544433594
1532117758.468254,45440,32.13625717163086
1532117901.7094254,45568,32.989864349365234
1532118149.9299605,45696,32.10419845581055
1532118292.8383608,45824,32.076622009277344
1532118435.9848673,45952,32.12966537475586
1532118579.0465763,46080,31.796754837036133
1532118826.5634093,46208,32.249637603759766
1532118969.6532485,46336,32.731414794921875
1532119112.7686462,46464,33.34553146362305
1532119255.900284,46592,32.13360595703125
1532119503.8601716,46720,32.44164276123047
1532119646.7470932,46848,33.11409378051758
1532119789.612248,46976,33.82780456542969
1532119932.4768107,47104,33.719398498535156
1532120180.5055168,47232,33.55390548706055
1532120323.3856125,47360,33.644432067871094
1532120466.342844,47488,32.989219665527344
1532120609.2018392,47616,33.5615119934082
1532120858.3795698,47744,32.73872756958008
1532121001.3718858,47872,34.03046798706055
1532121144.364009,48000,32.75102996826172
1532121287.400614,48128,33.70272445678711
1532121538.223016,48256,34.53087615966797
1532121681.3462203,48384,33.57843017578125
1532121824.198943,48512,33.20600128173828
1532121967.320798,48640,33.5135498046875
1532122217.6095426,48768,32.94820785522461
1532122360.6009157,48896,33.20460510253906
1532122503.5097954,49024,36.15049743652344
1532122646.503949,49152,32.993045806884766
1532122895.3805056,49280,33.438140869140625
1532123038.4482086,49408,32.74187088012695
1532123181.3272705,49536,34.543907165527344
1532123324.377412,49664,34.68113327026367
1532123575.314413,49792,33.07619857788086
1532123718.3664594,49920,33.47483825683594
1532123861.41884,50048,33.665401458740234
1532124004.4497864,50176,33.418434143066406
1532124253.3878586,50304,33.76140213012695
1532124396.5027597,50432,33.88176727294922
1532124539.6075368,50560,33.19415283203125
1532124682.6144934,50688,33.62952423095703
1532124931.3440285,50816,32.261756896972656
1532125074.3660297,50944,35.560462951660156
1532125217.5789914,51072,33.633514404296875
1532125360.7631943,51200,33.425315856933594
1532125610.9714808,51328,34.0905876159668
1532125754.0524855,51456,31.497812271118164
1532125897.1376476,51584,32.5715217590332
1532126040.1986141,51712,32.9544563293457
1532126292.8649538,51840,32.59442901611328
1532126436.0395615,51968,34.81832504272461
1532126579.2331421,52096,35.34144973754883
1532126722.4075851,52224,33.18989562988281
1532126973.0244453,52352,34.78278350830078
1532127116.0906823,52480,35.17030715942383
1532127259.3020728,52608,36.00041580200195
1532127402.450273,52736,34.004756927490234
1532127652.0509539,52864,34.46577453613281
1532127795.0803516,52992,32.77518081665039
1532127938.1401446,53120,33.78193283081055
1532128081.1818957,53248,32.330501556396484
1532128332.3643477,53376,32.826011657714844
1532128475.4305894,53504,33.54309844970703
1532128618.448096,53632,33.62297439575195
1532128761.3941882,53760,34.20277404785156
1532129012.3481226,53888,34.138999938964844
1532129155.2536988,54016,33.283782958984375
1532129298.3031976,54144,33.744510650634766
1532129441.221714,54272,36.017086029052734
1532129692.321948,54400,32.886131286621094
1532129835.257289,54528,32.84173583984375
1532129978.152211,54656,33.22545623779297
1532130121.1144896,54784,32.38526153564453
1532130371.6300938,54912,35.23934555053711
1532130514.603749,55040,33.54928970336914
1532130657.7990108,55168,32.79601287841797
1532130800.908764,55296,33.52740478515625
1532131052.6029258,55424,35.76504898071289
1532131195.7579885,55552,36.895423889160156
1532131338.881987,55680,34.28081130981445
1532131482.0012941,55808,33.142574310302734
1532131734.5696118,55936,36.10232162475586
1532131877.6704261,56064,34.2427864074707
1532132020.696051,56192,32.85124969482422
1532132163.896783,56320,34.15180969238281
1532132414.0736768,56448,33.36140823364258
1532132557.013904,56576,33.98503112792969
1532132700.057605,56704,33.99458694458008
1532132843.0915623,56832,34.879920959472656
1532133094.8248084,56960,34.43045425415039
1532133237.90393,57088,33.829612731933594
1532133381.231994,57216,33.999691009521484
1532133524.2531314,57344,34.758270263671875
1532133775.414559,57472,35.118629455566406
1532133918.4176862,57600,33.09635925292969
1532134061.5033913,57728,35.66145706176758
1532134204.6546514,57856,34.873634338378906
1532134453.2528672,57984,33.5750846862793
1532134596.2220585,58112,33.45057678222656
1532134739.4057076,58240,34.24067687988281
1532134882.4306984,58368,34.83095932006836
1532135135.9765534,58496,35.84849548339844
1532135279.064241,58624,34.6626091003418
1532135422.217322,58752,36.21258544921875
1532135565.317545,58880,34.03425979614258
1532135814.7205806,59008,35.05650329589844
1532135957.7656581,59136,36.63545608520508
1532136100.8661132,59264,36.09701156616211
1532136243.9728613,59392,35.04576110839844
1532136495.3619757,59520,33.60310745239258
1532136638.2819445,59648,34.819236755371094
1532136781.2035782,59776,36.368324279785156
1532136924.1896405,59904,34.86431884765625
1532137177.1094868,60032,36.14599609375
1532137320.0505385,60160,36.03727722167969
1532137462.9403908,60288,35.0090217590332
1532137605.836993,60416,35.45988845825195
1532137855.8981247,60544,34.451805114746094
1532137998.6245868,60672,35.17860412597656
1532138141.427388,60800,35.36748123168945
1532138284.0824542,60928,35.89387512207031
1532138537.9255977,61056,35.43011474609375
1532138680.7242303,61184,37.077430725097656
1532138823.631237,61312,35.90292739868164
1532138966.6437178,61440,35.99654006958008
1532139218.6199503,61568,36.61298370361328
1532139361.5526655,61696,34.66045379638672
1532139504.5313067,61824,33.71687316894531
1532139647.4360528,61952,34.72129821777344
1532139899.6335788,62080,35.817771911621094
1532140042.463874,62208,34.620323181152344
1532140185.4691122,62336,36.03725814819336
1532164340.6814275,62592,35.955196380615234
1532164487.7458346,62720,33.63768768310547
1532164634.4284203,62848,36.19253158569336
1532164781.7304668,62976,36.371070861816406
1532165029.4569757,63104,35.08766174316406
1532165172.530029,63232,34.07741928100586
1532165315.6513827,63360,37.21122741699219
1532165458.7285368,63488,35.64147186279297
1532165706.279332,63616,37.134552001953125
1532165849.2466004,63744,38.9284782409668
1532165992.2949739,63872,36.14311599731445
1532166135.411331,64000,34.899715423583984
1532166380.403796,64128,36.581825256347656
1532166523.4303474,64256,34.33368682861328
1532166666.4861617,64384,35.68292236328125
1532166809.5994446,64512,35.637550354003906
1532167057.6480055,64640,35.17086410522461
1532167200.7357972,64768,35.941261291503906
1532167343.788807,64896,34.214263916015625
1532167486.8867388,65024,36.96799087524414
1532167734.9830317,65152,38.79063415527344
1532167877.8876562,65280,35.638916015625
1532168020.9269602,65408,36.60314178466797
1532168163.8869412,65536,37.014766693115234
1532168413.4907084,65664,33.88007354736328
1532168556.3338015,65792,36.595794677734375
1532168699.1185982,65920,35.163936614990234
1532168842.0379426,66048,35.393428802490234
1532169087.402104,66176,37.84598922729492
1532169230.2674778,66304,35.122093200683594
1532169373.133123,66432,33.80133819580078
1532169516.0600965,66560,34.91594696044922
1532169765.3806791,66688,35.84431457519531
1532169908.4009597,66816,35.06000518798828
1532170051.438922,66944,37.31394958496094
1532170194.5205283,67072,34.59783935546875
1532170443.3759174,67200,34.081703186035156
1532170586.4976099,67328,36.89118576049805
1532170729.5863335,67456,35.27186584472656
1532170872.687705,67584,34.889034271240234
1532171118.8225844,67712,35.47435760498047
1532171261.9015474,67840,36.365238189697266
1532171404.8718543,67968,35.062904357910156
1532171547.865872,68096,35.46520233154297
1532171794.7462795,68224,35.78705596923828
1532171937.8010788,68352,36.16971206665039
1532172080.8405085,68480,35.27328872680664
1532172223.9137325,68608,35.718170166015625
1532172474.4617045,68736,36.25641632080078
1532172617.5485814,68864,35.795387268066406
1532172760.5420432,68992,38.90360641479492
1532172903.6425812,69120,34.320125579833984
1532173150.8567352,69248,35.577083587646484
1532173293.9062226,69376,36.16443634033203
1532173436.9667401,69504,37.17462921142578
1532173580.0904808,69632,35.5496940612793
1532173828.8664439,69760,36.83133316040039
1532173971.9849775,69888,35.291690826416016
1532174115.3154159,70016,35.683082580566406
1532174258.5421977,70144,37.18785858154297
1532174507.3535492,70272,36.96591567993164
1532174650.5167356,70400,37.898712158203125
1532174793.610196,70528,35.72919845581055
1532174936.8088043,70656,40.59001159667969
1532175185.7092907,70784,36.11756134033203
1532175328.7313778,70912,35.15573501586914
1532175471.9101474,71040,36.90583801269531
1532175614.9384928,71168,35.321414947509766
1532175862.2435203,71296,35.756893157958984
1532176005.36988,71424,35.84128189086914
1532176148.4745758,71552,37.640159606933594
1532176291.5981958,71680,36.24504089355469
1532176539.5549214,71808,36.29854202270508
1532176682.6547682,71936,35.69122314453125
1532176825.6964507,72064,37.33914566040039
1532176968.757808,72192,35.931190490722656
1532177216.1929216,72320,35.317230224609375
1532177359.5102262,72448,36.403472900390625
1532177502.7185771,72576,35.92381286621094
1532177645.96181,72704,38.38426208496094
1532177892.0997224,72832,37.194061279296875
1532178035.305015,72960,35.41687774658203
1532178178.525932,73088,36.9404182434082
1532178321.6717744,73216,36.607242584228516
1532178571.3631496,73344,35.928810119628906
1532178714.5024364,73472,37.14964294433594
1532178857.677613,73600,36.03683853149414
1532179000.8345313,73728,36.67947006225586
1532179249.991964,73856,34.44115447998047
1532179393.3047473,73984,34.47679901123047
1532179536.5083885,74112,38.29436492919922
1532179679.7420228,74240,35.503257751464844
1532179927.566675,74368,36.760318756103516
1532180070.8214247,74496,36.83765411376953
1532180214.00997,74624,34.809242248535156
1532180357.1883085,74752,36.98761749267578
1532180608.665937,74880,36.574440002441406
1532180751.7854412,75008,34.43016815185547
1532180895.0058131,75136,37.523136138916016
1532181038.1607523,75264,36.943931579589844
1532181286.5457163,75392,36.218170166015625
1532181429.7390118,75520,35.033382415771484
1532181573.0238454,75648,36.065433502197266
1532181716.153722,75776,38.727699279785156
1532181962.3653045,75904,35.951229095458984
1532182105.699372,76032,35.16516876220703
1532182248.775367,76160,35.70096206665039
1532182391.9190037,76288,38.37286376953125
1532182642.9921782,76416,36.609378814697266
1532182786.1264207,76544,36.6776123046875
1532182929.319518,76672,39.338661193847656
1532183072.489365,76800,37.52504348754883
1532183323.7208025,76928,35.74811553955078
1532183466.8657796,77056,34.8604736328125
1532183610.072412,77184,37.26095962524414
1532183753.38451,77312,34.76961135864258
1532184002.7347016,77440,37.109657287597656
1532184145.9892607,77568,37.4567756652832
1532184289.216222,77696,34.96976852416992
1532184432.3341775,77824,38.059043884277344
1532184679.2231793,77952,34.5302734375
1532184822.1435604,78080,37.254966735839844
1532184965.1894147,78208,35.459007263183594
1532185108.219085,78336,35.70744705200195
1532185353.975009,78464,36.65435028076172
1532185496.834244,78592,33.738250732421875
1532185639.9880002,78720,36.215492248535156
1532185783.1075478,78848,35.25774383544922
1532186033.846538,78976,38.51966094970703
1532186176.998826,79104,38.5809326171875
1532186320.3612,79232,36.180938720703125
1532186463.4682357,79360,34.28858947753906
1532186711.6131256,79488,36.702781677246094
1532186854.8373084,79616,37.61266326904297
1532186998.0917807,79744,36.6001091003418
1532187141.262747,79872,34.793861389160156
1532187391.243427,80000,37.50532531738281
1532187534.3998737,80128,38.44887924194336
1532187677.6539156,80256,37.168861389160156
1532187820.8966517,80384,35.66687774658203
1532188070.055722,80512,38.02462387084961
1532188213.0027637,80640,38.62239456176758
1532188356.1545684,80768,35.51945877075195
1532188499.4022892,80896,37.72777557373047
1532188747.5114834,81024,34.606788635253906
1532188890.7243063,81152,35.00541687011719
1532189033.728269,81280,38.32902908325195
1532189176.8627253,81408,37.276702880859375
1532189425.8285878,81536,40.75111770629883
1532189568.892063,81664,39.530616760253906
1532189712.0707855,81792,34.88820266723633
1532189855.1821382,81920,39.70965576171875
1532190106.543558,82048,37.087982177734375
1532190249.6250396,82176,38.87491989135742
1532190392.7892601,82304,37.26365661621094
1532190535.928031,82432,38.150638580322266
1532190786.692682,82560,35.7597770690918
1532190929.6866136,82688,37.750545501708984
1532191072.632587,82816,36.63918685913086
1532191215.5157053,82944,37.65635681152344
1532191466.3840346,83072,39.665218353271484
1532191609.2953303,83200,38.27573013305664
1532191752.2511559,83328,33.00328826904297
1532191895.2786205,83456,36.85315704345703
1532192145.983327,83584,35.334808349609375
1532192288.8214996,83712,38.90198516845703
1532192431.8433776,83840,37.522071838378906
1532192574.9177172,83968,35.70856857299805
1532192823.566578,84096,37.47862243652344
1532192966.7234132,84224,36.38794708251953
1532193109.8145404,84352,36.15776062011719
1532193252.8914464,84480,35.650569915771484
1532193500.9600883,84608,42.71626281738281
1532193644.0279856,84736,36.2757682800293
1532193787.0689325,84864,37.396385192871094
1532193930.0745053,84992,37.003173828125
1532194179.4651294,85120,35.36800765991211
1532194322.5366216,85248,36.50382995605469
1532194465.4016297,85376,36.44369888305664
1532194608.5417635,85504,37.72969055175781
1532194861.4453986,85632,36.006439208984375
1532195004.7306695,85760,37.54498291015625
1532195147.9534903,85888,35.78324890136719
1532195291.1284876,86016,36.985740661621094
1532195543.213053,86144,38.157135009765625
1532195686.3021836,86272,38.09233093261719
1532195829.5590153,86400,36.016380310058594
1532195972.7343109,86528,38.44482421875
1532196225.1207218,86656,29.69439125061035
1532196368.424583,86784,26.24570083618164
1532196511.7258377,86912,74.86607360839844
1532196654.9666135,87040,136.29786682128906
1532196915.5643382,87168,97.13519287109375
1532197058.761391,87296,81.96351623535156
1532197201.8025029,87424,166.50338745117188
1532197345.1214352,87552,241.33123779296875
1532197605.015648,87680,137.49578857421875
1532197748.168997,87808,90.76380157470703
1532197891.4320388,87936,139.12835693359375
1532198034.6839662,88064,90.09819793701172
1532198293.8178716,88192,105.00721740722656
1532198437.1511436,88320,96.2885513305664
1532198580.4018645,88448,173.43031311035156
1532198723.6736786,88576,103.15797424316406
1532198974.7038543,88704,93.35546112060547
1532199118.0960767,88832,139.033935546875
1532199261.3397427,88960,105.04418182373047
1532199404.5530365,89088,80.88391876220703
1532199662.5180376,89216,125.28854370117188
1532199805.8209784,89344,138.4005126953125
1532199949.0342202,89472,131.50758361816406
1532200092.349719,89600,152.86614990234375
1532200338.5652468,89728,84.87698364257812
1532200481.734972,89856,113.35694885253906
1532200624.7617755,89984,142.7259063720703
1532200767.9265776,90112,59.190093994140625
1532201017.8102138,90240,182.11318969726562
1532201161.0260243,90368,116.77946472167969
1532201304.2523296,90496,144.8657989501953
1532201447.5559838,90624,169.719970703125
1532201698.4568398,90752,92.27918243408203
1532201841.667802,90880,153.70370483398438
1532201984.8064787,91008,85.45863342285156
1532202128.006243,91136,91.71726989746094
1532202378.2585719,91264,190.6814727783203
1532202521.3616428,91392,106.76903533935547
1532202664.5411084,91520,140.12107849121094
1532202807.6532407,91648,295.4600524902344
1532203061.112869,91776,115.34333801269531
1532203204.0931726,91904,97.41629028320312
1532203347.0265667,92032,55.18913269042969
1532203490.043603,92160,122.70133209228516
1532203742.5379572,92288,120.10340881347656
1532203885.760466,92416,93.38016510009766
1532204028.9957738,92544,140.26083374023438
1532204172.1889412,92672,124.12016296386719
1532204419.6717353,92800,151.1303253173828
1532204562.8639624,92928,125.96172332763672
1532204706.0304825,93056,196.43666076660156
1532204849.260821,93184,122.95431518554688
1532205098.7759385,93312,232.16421508789062
1532205241.8435535,93440,147.54466247558594
1532205385.1413977,93568,228.1535186767578
1532205528.28822,93696,168.67495727539062
1532205783.564743,93824,111.53582763671875
1532205926.685862,93952,208.42996215820312
1532206069.7811584,94080,197.2123565673828
1532206213.0651114,94208,187.93629455566406
1532206462.2475371,94336,132.03814697265625
1532206605.3386323,94464,94.14763641357422
1532206748.5149283,94592,169.31410217285156
1532206891.6628313,94720,190.81419372558594
1532207147.3427308,94848,116.36046600341797
1532207290.4888077,94976,124.17478942871094
1532207433.6029572,95104,186.89773559570312
1532207576.9359965,95232,175.9710693359375
1532207818.7802868,95360,224.08815002441406
1532207961.8683736,95488,128.69839477539062
1532208104.9973912,95616,180.79444885253906
1532208248.158191,95744,135.67933654785156
1532208485.0463078,95872,77.79895782470703
1532208628.1953819,96000,151.38217163085938
1532208771.3716748,96128,112.81410217285156
1532208914.5377562,96256,153.70472717285156
1532209146.3868222,96384,144.46859741210938
1532209289.4596846,96512,123.1427993774414
1532209432.4868333,96640,136.66851806640625
1532209575.5169961,96768,160.94837951660156
1532209814.1235337,96896,87.20048522949219
1532209957.2150326,97024,93.43648529052734
1532210100.1682115,97152,193.73629760742188
1532210243.2276816,97280,73.63909149169922
1532210476.051722,97408,143.53041076660156
1532210619.0895853,97536,113.280029296875
