wall_time,step,value
1532280328.740503,512,5.475815773010254
1532281135.3856788,1024,4.436183452606201
1532281939.4091632,1536,3.671668291091919
1532282738.146014,2048,3.4163994789123535
1532283531.2099802,2560,4.051327228546143
1532284323.3483148,3072,2.7657060623168945
1532285112.8148036,3584,2.8011465072631836
1532285897.0825706,4096,2.9328176975250244
1532286680.0659056,4608,2.2250537872314453
1532287462.809194,5120,3.1128089427948
1532288247.3364322,5632,3.1716737747192383
1532289032.874679,6144,2.4154915809631348
1532289821.8202205,6656,2.044692039489746
1532290606.456716,7168,2.0783514976501465
1532291391.369626,7680,2.369874954223633
1532292179.3235471,8192,2.1319315433502197
1532292966.0006616,8704,2.18342661857605
1532293754.3791656,9216,2.1369550228118896
1532294547.9785352,9728,2.4364333152770996
1532295339.4682128,10240,2.406815528869629
1532296128.5677192,10752,2.662128448486328
1532296915.2206419,11264,1.9825433492660522
1532297700.986065,11776,2.8043694496154785
1532298488.9306397,12288,2.9529201984405518
1532299276.5372906,12800,2.192786931991577
1532300063.0169268,13312,1.9056435823440552
1532300847.450516,13824,2.122356653213501
1532301632.5578055,14336,2.130711793899536
1532302418.443552,14848,2.0348312854766846
1532303204.4211464,15360,2.0371205806732178
1532454738.9686668,16384,2.23073148727417
1532455523.9536624,16896,1.556505560874939
1532456311.0430665,17408,2.390153408050537
1532457096.6194866,17920,1.881054162979126
1532457881.0639248,18432,2.5280301570892334
1532458669.1121838,18944,2.2917027473449707
1532459451.71654,19456,1.9527850151062012
1532460240.7243216,19968,2.109130620956421
1532461027.7820241,20480,1.5656315088272095
1532461813.649555,20992,2.0168213844299316
1532462600.184157,21504,1.7062554359436035
1532463384.4874754,22016,1.5833957195281982
1532464168.5173845,22528,2.0144689083099365
1532464954.6140847,23040,1.5806190967559814
1532525986.229992,24064,2.206813335418701
1532526771.5508091,24576,1.6338090896606445
1532527557.5507565,25088,2.4249396324157715
1532528342.1613204,25600,1.80807363986969
1532529127.6654406,26112,2.5419418811798096
1532529913.0456216,26624,1.9453155994415283
1532530695.9588265,27136,1.7205259799957275
1532531480.4951525,27648,2.037156581878662
1532532265.066222,28160,1.655273675918579
1532533052.52346,28672,1.623254418373108
1532533837.0595055,29184,1.7091668844223022
1532534619.5277069,29696,2.196781873703003
1532535403.6984117,30208,2.508531332015991
1532536187.79525,30720,1.7084417343139648
1532536972.8104486,31232,1.6003196239471436
1532537757.2706888,31744,1.6243839263916016
1532538542.1343265,32256,2.447190523147583
1532539327.4220164,32768,2.107696533203125
1532540107.3179357,33280,1.9975955486297607
1532540893.1569948,33792,1.4385559558868408
1532541680.711588,34304,2.676482677459717
1532542464.8370936,34816,1.5312957763671875
1532543246.5681381,35328,1.7376482486724854
1532544031.7810256,35840,1.7964301109313965
1532544815.589709,36352,2.982436180114746
1532545600.476775,36864,1.584984540939331
1532546384.411997,37376,1.8007173538208008
1532547168.516285,37888,2.0140159130096436
1532547952.7947955,38400,1.6126644611358643
1532548739.4010625,38912,1.7539763450622559
1532549522.5735688,39424,1.7066444158554077
1532550308.035855,39936,2.04183030128479
1532551095.1610606,40448,2.057373046875
1532551882.6458914,40960,1.905936360359192
1532552671.5016932,41472,1.7413737773895264
1532553457.0654833,41984,1.5898805856704712
1532554242.0310218,42496,1.4890995025634766
1532555026.005512,43008,1.3894968032836914
1532555813.4671493,43520,2.0162832736968994
1532556602.1846097,44032,1.8236364126205444
1532557388.9871986,44544,1.7007955312728882
1532558176.7120125,45056,1.4465795755386353
1532558965.4960337,45568,1.7396916151046753
1532559752.5316925,46080,1.7632710933685303
1532560541.4464304,46592,1.4984502792358398
1532561332.0877652,47104,1.5884864330291748
1532562123.8380942,47616,1.4923646450042725
1532562915.0286474,48128,1.934929609298706
1532563705.3476996,48640,1.5234801769256592
1532564498.307606,49152,1.987980842590332
1532565291.5084817,49664,2.3594698905944824
1532566079.7890007,50176,1.545830249786377
1532566872.1348925,50688,1.9847458600997925
1532567661.5044794,51200,1.9808416366577148
1532568451.550313,51712,1.4245619773864746
1532569241.3308792,52224,1.5430724620819092
1532570033.0745962,52736,1.7675490379333496
1532570826.1778343,53248,1.570039987564087
1532571619.6464875,53760,1.6496999263763428
1532572412.2771115,54272,1.4235687255859375
1532573206.8994892,54784,1.8138152360916138
1532574000.310471,55296,1.6945794820785522
1532574794.2349808,55808,1.88241708278656
1532575583.1143298,56320,2.155665159225464
1532576373.1998494,56832,1.4803398847579956
1532577168.4936337,57344,1.468687891960144
1532577962.9287524,57856,1.8024046421051025
1532578755.811206,58368,1.7927509546279907
1532579550.1730235,58880,1.4680688381195068
1532729096.1764846,59392,1.8581783771514893
1532729885.6556258,59904,1.6289294958114624
1532730677.4709651,60416,1.8574689626693726
1532731469.9321654,60928,1.6354517936706543
1532732258.817722,61440,1.683286190032959
1532733049.4421904,61952,1.4530619382858276
1532733843.9981833,62464,1.655273675918579
1532734635.2005994,62976,1.504503607749939
1532735425.4683204,63488,2.121943235397339
1532736218.6034641,64000,1.6254780292510986
1532737010.1489024,64512,1.4109495878219604
1532737801.245379,65024,1.448216199874878
1532738593.4779732,65536,1.6690620183944702
1532739388.1032047,66048,1.5229926109313965
1532740179.7024028,66560,1.5257937908172607
1532740967.1279948,67072,1.5232595205307007
1532741760.073356,67584,2.1863183975219727
1532742548.854315,68096,1.5742855072021484
1532743339.2732694,68608,1.7255403995513916
1532744129.5772886,69120,1.3820346593856812
1532744920.2566023,69632,1.635884404182434
1532745709.6295047,70144,1.995576024055481
1532746500.3089585,70656,1.9203649759292603
1532747288.4549103,71168,1.5840569734573364
1532748081.9417768,71680,1.7454992532730103
1532748871.6912763,72192,2.075017213821411
1532749662.3028815,72704,1.8679851293563843
1532750458.4164011,73216,2.7352709770202637
1532751247.5269365,73728,2.068079948425293
1532752038.8003664,74240,1.5834310054779053
1532752831.664342,74752,1.3213824033737183
1532753622.267597,75264,1.240404486656189
1532754412.9087439,75776,1.2866357564926147
1532755205.8560529,76288,1.4877516031265259
1532755997.4199874,76800,3.0075316429138184
1532756788.4636261,77312,1.5374020338058472
1532757582.5736206,77824,1.2711888551712036
1532758374.21642,78336,2.153635025024414
1532759167.4787855,78848,1.2306416034698486
1532759961.9864664,79360,1.9228529930114746
1532760751.983578,79872,1.4077585935592651
1532761543.3471797,80384,1.4700642824172974
1532762337.4814453,80896,1.9042627811431885
1532763131.5082223,81408,1.4319449663162231
1532763928.1492183,81920,1.7752656936645508
1532764720.218045,82432,1.6203678846359253
1532765516.5758948,82944,1.972185492515564
1532766309.7400942,83456,1.3878823518753052
1532767101.9877007,83968,2.0479090213775635
1532767896.411254,84480,2.052011251449585
1532774454.9771636,85504,1.5648040771484375
1532775246.3780193,86016,1.8723783493041992
1532776036.890229,86528,1.739639163017273
1532776827.0028145,87040,1.4579694271087646
1532777616.2269392,87552,2.240992307662964
1532778407.1600697,88064,1.3132257461547852
1532779201.241439,88576,1.5343762636184692
1532779989.467579,89088,1.5112321376800537
1532780782.990383,89600,1.1960734128952026
1532781572.0852487,90112,1.316974401473999
1532782362.037406,90624,1.551716923713684
1532783151.1815321,91136,1.1198872327804565
1532783941.4377534,91648,1.866713047027588
1532784736.3136134,92160,1.7674957513809204
1532785525.3934479,92672,1.4791650772094727
1532786316.6627183,93184,1.5340720415115356
1532787107.219788,93696,1.5244051218032837
1532787900.9436138,94208,1.4416332244873047
1532788692.674608,94720,1.5387177467346191
1532789484.5960836,95232,1.4573277235031128
1532790279.0479658,95744,1.3144927024841309
1532791072.7128446,96256,2.1592812538146973
1532791864.8630486,96768,1.5837082862854004
1532792657.3825989,97280,2.1005473136901855
