wall_time,step,value
1533325555.4707952,512,301.3714904785156
1533327964.1794899,1024,265.6001281738281
1533330341.1844385,1536,240.11643981933594
1533332715.362634,2048,217.12306213378906
1533335064.507652,2560,202.76295471191406
1533337380.0959115,3072,194.3415069580078
1533339683.8938973,3584,186.98695373535156
1533341974.4643853,4096,178.2411651611328
1533344284.9506958,4608,170.70550537109375
1533346606.6511495,5120,165.59426879882812
1533348931.6070716,5632,165.76901245117188
1533351229.9008203,6144,160.41648864746094
1533353545.9844723,6656,153.8629608154297
1533671399.8416862,7680,141.14158630371094
1533824951.4217212,8192,139.29483032226562
1533827240.206211,8704,138.32720947265625
1533829528.289336,9216,134.70494079589844
1533831825.2934268,9728,130.06173706054688
1533834118.577278,10240,121.62014770507812
1533836418.1203194,10752,120.08634185791016
1533838721.9806442,11264,124.11363983154297
1533841029.606751,11776,117.50061798095703
1533843328.4604194,12288,114.35464477539062
1533845644.270315,12800,109.03428649902344
1533847941.0103745,13312,114.93826293945312
1533850248.4634085,13824,111.59416961669922
1533852554.915465,14336,104.82996368408203
1533854854.6994045,14848,103.98526000976562
1533857159.0989034,15360,104.989501953125
1533859474.4939134,15872,102.68441772460938
1533861799.222074,16384,98.39724731445312
1533864104.0456765,16896,97.4141616821289
1533866421.418942,17408,100.7032470703125
1533868744.5371628,17920,93.16521453857422
1533871055.622142,18432,95.42929077148438
1533873373.7794452,18944,93.94959259033203
1533875687.7007203,19456,92.91374969482422
1533877997.8100867,19968,89.55536651611328
1533880289.6742165,20480,88.85406494140625
1533882581.9873652,20992,89.55975341796875
1533884876.0814173,21504,88.46794128417969
1533887174.4298346,22016,85.95832061767578
1533889465.5826125,22528,89.71675109863281
1533891775.8367178,23040,84.58350372314453
1533894076.0055172,23552,85.96755981445312
1533896383.2076344,24064,86.17276000976562
1533898679.6487522,24576,77.4242935180664
1533900962.0228796,25088,77.16873168945312
1533903246.3412676,25600,79.03339385986328
1533905550.2032096,26112,77.80924224853516
1533907844.8347068,26624,80.26018524169922
1533910150.2036762,27136,80.106689453125
1533912437.293767,27648,79.83110046386719
1533916976.3349736,28672,75.41582489013672
1533919276.5763795,29184,74.44087219238281
1533921576.0953515,29696,76.70104217529297
1533923888.419287,30208,76.31952667236328
1533926188.5850577,30720,74.81627655029297
1533928500.5176568,31232,71.43254089355469
1533930799.8196468,31744,73.93085479736328
1533933113.4557378,32256,71.17512512207031
1533935428.3954833,32768,68.90880584716797
1533937748.6356578,33280,71.98815155029297
1533940062.8549457,33792,71.6731948852539
1533942380.6758459,34304,69.37423706054688
1533944699.7141707,34816,69.46762084960938
1533947014.6619775,35328,67.98681640625
1533949335.9839385,35840,65.0837173461914
1533951661.2825687,36352,66.17719268798828
1533953981.6661036,36864,65.85224914550781
1533956287.027315,37376,67.23717498779297
1533958607.1753552,37888,66.45840454101562
1533960928.249439,38400,67.35181427001953
1533963231.3855743,38912,61.28837966918945
1533965544.190373,39424,63.53810501098633
1533967860.5051415,39936,65.6170654296875
1533970180.8422508,40448,62.532325744628906
1533972510.5623043,40960,63.15848159790039
1533974825.998418,41472,66.882568359375
1533977138.8048122,41984,63.833194732666016
1533979467.738288,42496,62.84345245361328
1533981792.3091257,43008,60.850677490234375
1533984106.0032883,43520,60.33076477050781
1533986441.3934393,44032,60.83833694458008
1533988766.4635184,44544,64.90737915039062
1533991077.070209,45056,60.88289260864258
1533993400.3950088,45568,57.00289535522461
1533995713.6226866,46080,59.49147033691406
1533998037.6865792,46592,59.91668701171875
1534000354.5494642,47104,60.95476150512695
1534002674.7171679,47616,60.75531768798828
1534004996.0176008,48128,61.08930587768555
1534007322.4824255,48640,58.95802307128906
1534009639.43165,49152,59.54632568359375
1534011945.5563698,49664,58.479331970214844
1534014267.2803469,50176,57.94911193847656
1534016594.4183161,50688,56.91717529296875
1534018919.0561626,51200,56.03477478027344
1534021253.156048,51712,56.132041931152344
1534023572.1473448,52224,56.087711334228516
1534025897.2848039,52736,54.04945373535156
1534028205.258121,53248,56.60607147216797
1534030535.7657835,53760,57.91392517089844
1534032859.6615188,54272,55.80101776123047
1534035183.234508,54784,55.8380241394043
1534037502.426742,55296,54.67940139770508
1534039828.5876637,55808,54.9295654296875
1534042154.926147,56320,53.44504928588867
1534044495.1477792,56832,52.96489334106445
1534099296.5348003,57344,54.276248931884766
1534101604.4628334,57856,55.598777770996094
1534103933.689725,58368,53.194122314453125
1534106258.7283633,58880,49.13869094848633
1534108582.763544,59392,55.331703186035156
1534110902.4287732,59904,55.98601531982422
1534113222.8174963,60416,53.48722839355469
1534115555.3152642,60928,52.71248245239258
1534117880.9146063,61440,52.06584548950195
1534120201.8072016,61952,51.54241943359375
1534122537.3704588,62464,55.41572570800781
1534124871.7354066,62976,51.83574295043945
1534127196.5965815,63488,52.488346099853516
1534129519.385815,64000,49.91089630126953
1534131832.4616644,64512,51.26595687866211
1534134160.4890158,65024,48.628562927246094
1534136496.4961417,65536,52.4093017578125
1534138828.3763855,66048,53.61170196533203
1534141162.2386997,66560,51.34160614013672
1534143505.0268195,67072,51.76751708984375
1534145843.7027395,67584,49.99733352661133
1534148188.1932693,68096,48.57868576049805
1534150519.3200963,68608,50.966739654541016
1534152863.3747196,69120,50.02488327026367
1534155201.1485736,69632,51.74978256225586
1534157548.367845,70144,51.82078170776367
1534159880.348399,70656,48.85588455200195
1534162216.758282,71168,50.77779006958008
1534164560.9239485,71680,50.632328033447266
1534166895.4556627,72192,48.10239791870117
1534169229.028096,72704,52.167415618896484
1534171566.508622,73216,52.14370346069336
1534173910.9745011,73728,47.30558776855469
1534176254.1913805,74240,48.68368148803711
1534178594.8835006,74752,48.4520149230957
1534180936.3924735,75264,48.4366455078125
1534185242.813395,76288,49.167816162109375
1534187575.0607092,76800,48.78890609741211
1534189928.3085508,77312,49.58981704711914
1534192275.8485663,77824,47.909122467041016
1534194618.765041,78336,50.842674255371094
1534196964.2283459,78848,50.09354019165039
