wall_time,step,value
1531110041.0159717,512,0.03937487304210663
1531110396.5603318,1024,0.04597853124141693
1531110752.2007768,1536,0.05456458777189255
1531111108.3072717,2048,0.04915448650717735
1531111462.26778,2560,0.04948270320892334
1531111817.1252139,3072,0.06927113234996796
1531112171.2558658,3584,0.057984836399555206
1531112523.3592415,4096,0.08230187743902206
1531112873.7912874,4608,0.08451969176530838
1531113226.495815,5120,0.09748724848031998
1531113575.4079087,5632,0.06966961175203323
1531113924.569509,6144,0.06294678896665573
1531114274.6843991,6656,0.07268577069044113
1531114626.080887,7168,0.09432504326105118
1531367971.5476646,8192,0.09668529033660889
1531368316.2629402,8704,0.04014662653207779
1531368661.2079556,9216,0.07569994032382965
1531369005.7278612,9728,0.1347443163394928
1531369350.6807895,10240,0.13887657225131989
1531369697.380467,10752,0.07763922214508057
1531370042.3504746,11264,0.08717145770788193
1531370387.5154054,11776,0.07785817980766296
1531370732.3693383,12288,0.09357789903879166
1531371078.4347384,12800,0.11757328361272812
1531371425.035213,13312,0.11510671675205231
1531371770.3713782,13824,0.10774139314889908
1531372117.312501,14336,0.0718524381518364
1531372462.7488263,14848,0.09246454387903214
1531372808.5930996,15360,0.12932033836841583
1531373153.827791,15872,0.11286713182926178
1531373499.1366065,16384,0.1201542541384697
1531373844.5884364,16896,0.1482197642326355
1531374189.9321506,17408,0.11135858297348022
1531374537.0580437,17920,0.14412130415439606
1531374883.1983182,18432,0.10876207053661346
1531375230.4871473,18944,0.08657657355070114
1531375577.3259814,19456,0.11422297358512878
1531375925.1263926,19968,0.12089550495147705
1531376271.342858,20480,0.08715993911027908
1531376617.2384818,20992,0.1281312257051468
1531376963.9587946,21504,0.12339082360267639
1531377310.7415512,22016,0.07770447432994843
1531377656.3325334,22528,0.11361528933048248
1531378003.647576,23040,0.10659850388765335
1531378350.4524117,23552,0.09157770127058029
1531378696.0131211,24064,0.12712928652763367
1531379042.8927221,24576,0.09254826605319977
1531379389.320098,25088,0.08338562399148941
1531379735.3913126,25600,0.08704706281423569
1531380083.4683158,26112,0.09657373279333115
1531380429.4111886,26624,0.08643221110105515
1531380777.4335415,27136,0.13502925634384155
1531381123.748649,27648,0.09486782550811768
1531381470.938011,28160,0.08850305527448654
1531381817.2056844,28672,0.09595153480768204
1531382165.4896815,29184,0.1008346676826477
1531382511.506292,29696,0.11718130856752396
1531382859.427814,30208,0.09662795811891556
1531383208.7303426,30720,0.10275574773550034
1531383557.0863872,31232,0.09251762926578522
1531383905.8031163,31744,0.10497832298278809
1531384253.7313979,32256,0.11821987479925156
1531384602.1998162,32768,0.11959219723939896
1531384950.4100506,33280,0.08570358157157898
1531385298.8636096,33792,0.12132921069860458
1531385646.31394,34304,0.16341495513916016
1531385994.309201,34816,0.13863839209079742
1531386342.9936254,35328,0.07032905519008636
1531386690.6867423,35840,0.12339373677968979
1531387039.1442122,36352,0.09865306317806244
1531387387.7272656,36864,0.13244178891181946
1531387735.2545943,37376,0.08595689386129379
1531388083.6805499,37888,0.12161816656589508
1531388430.9961286,38400,0.11784421652555466
1531388778.3682418,38912,0.10578925162553787
1531389127.4776287,39424,0.08639848977327347
1531389474.4447935,39936,0.1478317677974701
1531389821.9376948,40448,0.10255938023328781
1531390170.2532387,40960,0.1206573098897934
1531390518.222688,41472,0.13075558841228485
1531390866.1388142,41984,0.11898744106292725
1531391214.17439,42496,0.1451595574617386
1531391561.7000349,43008,0.11794520169496536
1531391909.7679927,43520,0.11110717058181763
1531392259.3126283,44032,0.12809377908706665
1531392606.21256,44544,0.13717691600322723
1531392954.6976113,45056,0.12655119597911835
1531393303.4288409,45568,0.15411995351314545
1531416779.9594848,46592,0.13416321575641632
1531417123.6158552,47104,0.09113703668117523
1531417469.2519312,47616,0.11252927035093307
1531417812.7628489,48128,0.11755625903606415
1531418159.0886006,48640,0.07214988768100739
1531418504.1707406,49152,0.13045553863048553
1531418848.3291612,49664,0.08351903408765793
1531419195.148689,50176,0.15587125718593597
1531419540.2278614,50688,0.08107702434062958
1531419886.6543803,51200,0.0960569679737091
1531420231.1568835,51712,0.06187345087528229
1531420576.2492664,52224,0.08986028283834457
1531420922.5041928,52736,0.10984054207801819
1531421268.378916,53248,0.07203663140535355
1531421612.925697,53760,0.09967630356550217
1531421958.4628131,54272,0.09047457575798035
1531422304.7316458,54784,0.11372785270214081
1531422650.315784,55296,0.07216952741146088
1531422994.8730793,55808,0.056286826729774475
1531423340.4603016,56320,0.12302202731370926
1531423686.762556,56832,0.08782506734132767
1531424033.2104814,57344,0.13678674399852753
1531424379.128045,57856,0.11465723812580109
1531424724.374405,58368,0.11944378167390823
1531425070.471593,58880,0.08430163562297821
1531425416.5123525,59392,0.11096677929162979
1531425763.2357242,59904,0.0839521586894989
1531426108.844343,60416,0.1550547480583191
1531426455.4984493,60928,0.1206597164273262
1531426800.7176094,61440,0.08670037984848022
1531427147.667094,61952,0.15067674219608307
1531427494.2005682,62464,0.13285832107067108
1531427842.7875338,62976,0.1272328794002533
1531428188.7746766,63488,0.19250842928886414
1531428536.478895,64000,0.1305558979511261
1531428883.7014217,64512,0.11862783879041672
1531429231.6557412,65024,0.12816449999809265
1531429579.1342583,65536,0.1224004253745079
1531429925.9093525,66048,0.10329905897378922
1531430272.972276,66560,0.1547725796699524
1531430619.5090864,67072,0.10371807217597961
1531430967.4562361,67584,0.1203417032957077
1531431314.777679,68096,0.15634384751319885
1531431662.0477757,68608,0.17898385226726532
1531432010.046573,69120,0.11639241874217987
1531432357.8417015,69632,0.1733221560716629
1531432705.6227489,70144,0.16989324986934662
1531433055.481268,70656,0.10991976410150528
1531433403.9572878,71168,0.11310075223445892
1531433754.0759876,71680,0.12508414685726166
1531434101.2972322,72192,0.16292090713977814
1531434451.6778615,72704,0.10020320862531662
1531434799.4010031,73216,0.09435779601335526
1531435149.6448689,73728,0.10341349244117737
1531435498.2963588,74240,0.11856110394001007
1531435847.7037673,74752,0.10547743737697601
1531436198.2675264,75264,0.11124520003795624
1531436546.5101168,75776,0.13397979736328125
1531436895.975271,76288,0.10524341464042664
1531437244.6381724,76800,0.08320868015289307
1531437593.4578407,77312,0.11784674227237701
1531437943.006538,77824,0.1646517515182495
1531438291.0772796,78336,0.17385539412498474
1531438640.5162911,78848,0.08123422414064407
1531438990.749501,79360,0.11378516256809235
1531439341.879208,79872,0.12997087836265564
1531439690.8505204,80384,0.11159519106149673
1531440040.864577,80896,0.12498018145561218
1531440390.1062105,81408,0.11201739311218262
1531440741.8416257,81920,0.10171633213758469
1531441092.3933043,82432,0.08894503116607666
1531441442.0580318,82944,0.09835299849510193
1531441793.9619937,83456,0.11408737301826477
1531442145.6378093,83968,0.06766721606254578
1531517719.5205367,84992,0.14247028529644012
1531518064.770622,85504,0.09482097625732422
1531518409.7573018,86016,0.06919285655021667
1531518755.2646513,86528,0.12335042655467987
1531519101.3662207,87040,0.13151924312114716
1531519449.1396801,87552,0.09154666215181351
1531519795.5142815,88064,0.08620798587799072
1531520142.5774105,88576,0.1051240861415863
1531520489.2535396,89088,0.11825217306613922
1531520836.19832,89600,0.06377147883176804
1531521183.4393983,90112,0.10158411413431168
1531521531.1113195,90624,0.14223803579807281
1531521879.400496,91136,0.14124807715415955
1531522226.9305847,91648,0.1179947480559349
1531522575.0113082,92160,0.10190507024526596
1531522922.9459875,92672,0.1643209308385849
1531523270.3099108,93184,0.14720170199871063
1531523617.8865802,93696,0.1400059163570404
1531523966.0534205,94208,0.16218219697475433
1531524314.1270368,94720,0.08591708540916443
1531524663.6620154,95232,0.1513751745223999
1531525012.430655,95744,0.11130241304636002
1531525360.480263,96256,0.10300436615943909
1531525708.9309924,96768,0.07251318544149399
1531526057.1625338,97280,0.10295592248439789
