wall_time,step,value
1534048144.710948,512,2.359302520751953
1534051830.2988784,1024,6.8592681884765625
1534055577.401489,1536,10.830318450927734
1534059303.0738213,2048,8.537345886230469
1534062935.9647648,2560,9.803304672241211
1534066599.7854245,3072,3.373420000076294
1534070276.9273846,3584,2.5106236934661865
1534073937.028177,4096,6.573762893676758
1534077575.9274988,4608,-2.51902174949646
1534081199.2830088,5120,1.2376253604888916
1534084837.275096,5632,2.0763983726501465
1534088460.8937876,6144,3.593283176422119
1534092090.4793425,6656,1.9782440662384033
1534095709.5032864,7168,4.125724792480469
