wall_time,step,value
1530415869.710416,512,1007.9619140625
1530416146.771396,1024,55.56275939941406
1530416423.3221145,1536,81.36925506591797
1530416697.9514103,2048,93.41371154785156
1530416972.9431076,2560,45.47554397583008
1530417245.568259,3072,36.878604888916016
1530417517.3135922,3584,41.2175178527832
1530417789.021648,4096,46.99674606323242
1530418061.1612582,4608,47.565765380859375
1530418334.7667015,5120,33.15032196044922
1530418607.8448062,5632,40.16381072998047
1530418881.3739789,6144,42.319679260253906
1530419155.5507402,6656,26.680435180664062
1530419428.7297118,7168,41.44646453857422
1530419703.5326154,7680,32.635169982910156
1530419978.5414739,8192,29.572303771972656
1530420251.0015752,8704,29.642576217651367
1530420524.2703779,9216,31.02332878112793
1530420797.55022,9728,37.80027389526367
1530421070.7669325,10240,26.956872940063477
1530421343.9333432,10752,30.785356521606445
1530421618.059493,11264,28.466360092163086
1530421890.0031915,11776,45.80287551879883
1530422162.6062346,12288,32.65304946899414
1530422436.8292427,12800,29.81818962097168
1530422711.6173549,13312,28.48383331298828
1530422984.6528902,13824,33.62385940551758
1530423256.7948778,14336,24.45675277709961
1530423529.1405456,14848,29.31927490234375
1530423802.6906753,15360,20.411663055419922
1530424075.724699,15872,19.53470802307129
1530424350.0124567,16384,19.488235473632812
1530424623.602681,16896,19.801788330078125
1530424897.7073653,17408,18.011728286743164
1530425171.2799034,17920,23.62347984313965
1530425446.62862,18432,20.876985549926758
1530425721.0166032,18944,19.872610092163086
1530425995.9981909,19456,18.271516799926758
1530426270.8021312,19968,18.689258575439453
1530426545.47941,20480,19.622838973999023
1530426819.4991481,20992,18.542631149291992
1530427094.6247454,21504,18.765329360961914
1530427368.9301898,22016,21.63193130493164
1530427645.1029923,22528,22.486663818359375
1530427919.875394,23040,19.7484130859375
1530428194.6358979,23552,18.728591918945312
1530428470.8935924,24064,19.446224212646484
1530428746.3009171,24576,20.195398330688477
1530429021.144959,25088,17.182392120361328
1530429296.668968,25600,19.910131454467773
1530429573.2149935,26112,18.60871696472168
1530429850.1982117,26624,18.579912185668945
1530430126.0508387,27136,18.075408935546875
1530430402.200323,27648,19.806917190551758
1530430677.1107836,28160,21.470291137695312
1530430953.5145276,28672,20.608125686645508
1530431228.9673944,29184,20.622943878173828
1530431506.3006356,29696,19.061967849731445
1530431782.4879007,30208,21.391878128051758
1530432058.6708102,30720,22.112226486206055
1530432335.6569734,31232,21.381603240966797
1530432612.143319,31744,18.78847885131836
1530432888.5070224,32256,20.55799102783203
1530433165.2371535,32768,20.84807014465332
1530433441.6744518,33280,20.611669540405273
1530433717.1855118,33792,19.910654067993164
1530433992.8176584,34304,21.604291915893555
1530434270.5821488,34816,21.235065460205078
1530434546.3469298,35328,21.20621681213379
1530434823.0213532,35840,21.3159236907959
1530435099.0735536,36352,20.949874877929688
1530435375.4757056,36864,19.967369079589844
1530435652.3305023,37376,19.599430084228516
1530435930.1505718,37888,19.95244598388672
1530565481.549836,38912,21.287878036499023
1530565757.597293,39424,21.514623641967773
1530566032.6341252,39936,21.430652618408203
1530566308.9225655,40448,22.283109664916992
1530566584.0172105,40960,21.6165828704834
1530566859.0840843,41472,20.941225051879883
1530567134.7667933,41984,21.665971755981445
1530567409.6569874,42496,21.378070831298828
1530567684.9481955,43008,22.001928329467773
1530567960.1450279,43520,22.145769119262695
1530568236.4709141,44032,22.345691680908203
1530568511.1734114,44544,22.74847412109375
1530568786.4263322,45056,19.430004119873047
1530569061.0990036,45568,21.26763153076172
1530569336.7019687,46080,19.434986114501953
1530569612.4152603,46592,18.64620590209961
1530569887.934073,47104,22.424226760864258
1530570163.9528604,47616,20.370731353759766
1530570439.4180176,48128,19.52374839782715
1530570714.4763923,48640,19.646587371826172
1530570991.4994667,49152,20.38648796081543
1530571267.0782099,49664,20.198974609375
1530571542.2503102,50176,21.78986358642578
1530571817.967734,50688,20.336580276489258
1530572093.9056885,51200,19.544540405273438
1530572370.4876492,51712,19.751235961914062
1530572644.4395826,52224,20.316741943359375
1530572921.056635,52736,20.181303024291992
1530573197.2514515,53248,19.350177764892578
1530573473.2568974,53760,20.529211044311523
1530573748.9993348,54272,21.894006729125977
1530574023.779227,54784,19.906278610229492
1530574299.3813128,55296,21.207399368286133
1530574574.6678305,55808,22.67986488342285
1530574849.6705246,56320,24.997400283813477
1530575124.9047725,56832,20.706079483032227
1530575399.9469094,57344,20.834884643554688
1530575676.2315488,57856,21.812501907348633
1530575951.5675042,58368,23.349092483520508
1530576228.3378792,58880,23.80919647216797
1530576504.112747,59392,21.748485565185547
1530576780.3106256,59904,22.525957107543945
1530577054.8719296,60416,22.57547950744629
1530577330.6216424,60928,21.766748428344727
1530577605.5854409,61440,22.78383445739746
1530577882.503427,61952,24.707963943481445
1530578158.6961305,62464,21.426895141601562
1530578434.8693469,62976,22.578718185424805
1530578711.0485682,63488,23.142446517944336
1530578988.4192362,64000,24.655519485473633
1530579265.9053354,64512,22.353544235229492
1530579542.2853785,65024,21.839120864868164
1530579819.9938982,65536,21.606115341186523
1530580096.217672,66048,24.433452606201172
1530580372.8267097,66560,20.364513397216797
1530580650.2328336,67072,21.695178985595703
1530580925.727484,67584,20.959260940551758
1530581203.2051618,68096,21.844669342041016
1530581481.429221,68608,20.182270050048828
1530581758.2666187,69120,23.017303466796875
1530582035.4103692,69632,22.928430557250977
1530582311.8704932,70144,22.325546264648438
1530582588.7528493,70656,20.76348304748535
1530582865.377319,71168,21.610363006591797
1530583142.4966722,71680,23.628816604614258
1530583420.1588614,72192,22.357162475585938
1530583697.0853744,72704,24.929113388061523
1530583973.364985,73216,22.95042610168457
1530584250.2476854,73728,23.88232421875
1530584527.4198053,74240,27.44809341430664
1530584805.1998084,74752,28.30888557434082
1530585082.538957,75264,29.190656661987305
1530585360.4864016,75776,27.840978622436523
1530585640.5068383,76288,26.786712646484375
1530660955.5672944,77312,26.957975387573242
1530661229.8904023,77824,28.883907318115234
1530661503.9879053,78336,31.196269989013672
1530661779.6893525,78848,28.4345645904541
1530662055.0078263,79360,29.25128173828125
1530662329.0505385,79872,27.94012451171875
1530662602.6823542,80384,26.503868103027344
1530662878.213278,80896,28.363525390625
1530663152.7869728,81408,29.628095626831055
1530663427.233999,81920,29.49579429626465
1530663702.1188998,82432,31.75612449645996
1530663978.1767528,82944,31.723331451416016
1530664253.0021112,83456,32.10097885131836
1530664528.0441477,83968,32.95410919189453
1530664802.6117594,84480,33.03546905517578
1530665077.550287,84992,37.29314422607422
1530665353.0826335,85504,36.3447151184082
1530665628.6239772,86016,32.904136657714844
1530665903.7015467,86528,34.70001220703125
1530666179.3063736,87040,34.29335021972656
1530666454.484085,87552,33.21405029296875
1530666729.1725638,88064,37.80672073364258
1530667004.7484255,88576,37.37788009643555
1530667279.5662065,89088,34.13103485107422
1530667554.4325814,89600,33.23890686035156
1530667830.1468549,90112,34.32020950317383
1530668104.426194,90624,34.98552703857422
1530668380.9963999,91136,34.26768112182617
1530668655.6745243,91648,35.75077819824219
1530668930.5224445,92160,34.442481994628906
1530669205.6435487,92672,37.36606216430664
1530669482.4712021,93184,37.14369583129883
1530669757.738526,93696,34.29886245727539
1530670033.3135486,94208,35.478363037109375
1530670308.0902767,94720,38.1861686706543
1530670583.6920314,95232,38.47187042236328
1530670858.855964,95744,40.504173278808594
1530671134.8414931,96256,39.510135650634766
1530671410.178059,96768,37.70304870605469
1530671688.0665545,97280,38.685569763183594
