wall_time,step,value
1531088419.5733063,128,59.358890533447266
1531088475.2150767,256,42.687068939208984
1531088531.2759342,384,18.071998596191406
1531088587.5528517,512,19.52019500732422
1531088698.8809311,640,18.716032028198242
1531088755.0340793,768,11.19459342956543
1531088811.2093563,896,15.951324462890625
1531088867.412623,1024,11.845726013183594
1531088977.5184975,1152,14.246591567993164
1531089033.7718492,1280,13.580827713012695
1531089090.1087303,1408,13.409418106079102
1531089146.4790652,1536,12.226608276367188
1531089258.4886537,1664,11.112212181091309
1531089314.7574902,1792,11.305418014526367
1531089370.9721153,1920,10.650664329528809
1531089427.3557038,2048,11.081435203552246
1531089537.5240295,2176,11.67385482788086
1531089593.8143525,2304,9.61961841583252
1531089650.2023313,2432,11.856179237365723
1531089706.4158041,2560,9.336372375488281
1531089815.9301796,2688,11.453747749328613
1531089872.2763035,2816,10.914533615112305
1531089928.5245676,2944,13.7913179397583
1531089984.7536607,3072,11.330890655517578
1531090096.0170248,3200,9.850883483886719
1531090152.393529,3328,11.37039566040039
1531090208.7360911,3456,11.50798511505127
1531090265.0149124,3584,9.754354476928711
1531090374.9646378,3712,13.290143966674805
1531090431.2289948,3840,11.1983642578125
1531090487.6221404,3968,9.671338081359863
1531090543.95955,4096,9.716636657714844
1531090654.0395055,4224,12.425522804260254
1531090710.479855,4352,11.598760604858398
1531090766.8458047,4480,11.299367904663086
1531090823.2706957,4608,11.11035442352295
1531090932.8173702,4736,11.398560523986816
1531090989.2819407,4864,11.261834144592285
1531091045.6938398,4992,13.015246391296387
1531091101.9850929,5120,11.406804084777832
1531091213.4439795,5248,12.144843101501465
1531091269.694226,5376,10.962946891784668
1531091326.0631382,5504,13.001420974731445
1531091382.3660965,5632,11.005814552307129
1531091493.2244556,5760,11.742591857910156
1531091549.6791222,5888,11.674504280090332
1531091606.103106,6016,10.486371994018555
1531091662.5134435,6144,11.995891571044922
1531091773.3081982,6272,9.977192878723145
1531091829.7258458,6400,11.46498966217041
1531091886.1295764,6528,12.285054206848145
1531091942.5446677,6656,10.70927619934082
1531092053.057935,6784,9.975432395935059
1531092109.3723483,6912,11.994183540344238
1531092165.7820542,7040,11.900420188903809
1531092222.1604302,7168,12.250869750976562
1531092332.6514492,7296,11.793700218200684
1531092389.0308566,7424,10.485981941223145
1531092445.4151297,7552,11.931086540222168
1531092501.7901654,7680,10.774796485900879
1531092613.1294785,7808,11.370887756347656
1531092669.4961677,7936,10.08655071258545
1531092725.9204628,8064,10.673548698425293
1531092782.200313,8192,10.51868724822998
1531092892.938826,8320,9.693737030029297
1531092949.3217654,8448,10.781314849853516
1531093005.8052542,8576,10.950918197631836
1531093062.1234381,8704,10.031682968139648
1531093172.5371912,8832,10.092880249023438
1531093228.8976357,8960,10.17088508605957
1531093285.3367481,9088,10.2081880569458
1531093341.643837,9216,9.85433292388916
1531093452.5781145,9344,9.951987266540527
1531093509.0032115,9472,10.372818946838379
1531093565.4028676,9600,9.506850242614746
1531093621.8172448,9728,10.034276962280273
1531093732.5149229,9856,10.331988334655762
1531093788.9334402,9984,11.63228702545166
1531093845.3367386,10112,11.082517623901367
1531093901.6980896,10240,11.049476623535156
1531094013.4533112,10368,12.160941123962402
1531094069.7845342,10496,12.374717712402344
1531094126.2369256,10624,11.284979820251465
1531094182.557517,10752,11.640929222106934
1531094292.8971014,10880,10.96412181854248
1531094349.24408,11008,10.134660720825195
1531094405.680135,11136,11.380680084228516
1531094462.0036967,11264,11.529496192932129
1531094573.594072,11392,10.895195007324219
1531094630.00721,11520,11.035136222839355
1531094686.4059587,11648,11.24315357208252
1531094742.8795214,11776,9.64175033569336
1531094853.953787,11904,10.653124809265137
1531094910.3592575,12032,10.712688446044922
1531094966.7170913,12160,11.708813667297363
1531095023.0525663,12288,10.936332702636719
1531095134.686422,12416,13.103608131408691
1531095191.1291564,12544,10.059906959533691
1531095247.5799353,12672,9.716015815734863
1531095303.9954557,12800,11.24232006072998
1531095414.9467592,12928,10.575554847717285
1531095471.335915,13056,10.508882522583008
1531095527.693286,13184,9.791847229003906
1531095584.1665435,13312,11.34682846069336
1531095695.0817,13440,10.424250602722168
1531095751.515328,13568,11.290584564208984
1531095807.9724085,13696,11.17022705078125
1531095864.3250704,13824,9.35987377166748
1531095975.5884151,13952,10.765478134155273
1531096031.8738084,14080,10.655094146728516
1531096088.4128096,14208,10.201666831970215
1531096144.6608336,14336,10.957429885864258
1531096256.0452113,14464,9.781381607055664
1531096312.4367518,14592,10.294984817504883
1531096368.8432462,14720,10.45016098022461
1531096425.2038438,14848,9.806404113769531
1531096537.6270528,14976,11.449214935302734
1531096593.9748094,15104,10.118221282958984
1531096650.3463786,15232,10.185559272766113
1531096706.6515188,15360,9.976836204528809
1531096816.927325,15488,11.251173973083496
1531096873.2447238,15616,11.27567195892334
1531096929.6096203,15744,9.607638359069824
1531096985.9890506,15872,9.833038330078125
1531097097.0670228,16000,9.939208030700684
1531097153.4675324,16128,10.123908042907715
1531097209.7367315,16256,10.490957260131836
1531097266.1639438,16384,10.701927185058594
1531097378.1823466,16512,11.70691967010498
1531097434.601662,16640,10.75255012512207
1531097491.2458262,16768,9.767120361328125
1531097547.5428076,16896,10.087520599365234
1531097659.1826022,17024,11.912185668945312
1531097715.4999104,17152,12.819536209106445
1531097771.7784636,17280,11.637198448181152
1531097828.021541,17408,10.410868644714355
1531097939.5043309,17536,11.552271842956543
1531097995.93355,17664,10.330370903015137
1531098052.3187683,17792,12.45764446258545
1531098108.6994884,17920,10.148543357849121
1531098219.2699301,18048,10.319188117980957
1531098275.5983806,18176,10.97024917602539
1531098331.9943342,18304,11.227389335632324
1531098388.3916633,18432,10.088580131530762
1531098501.130728,18560,10.10942554473877
1531098557.3482094,18688,10.690909385681152
1531098613.8727105,18816,10.287080764770508
1531098670.320288,18944,9.573179244995117
1531098783.336684,19072,11.7314453125
1531098839.6489213,19200,9.82177448272705
1531098896.057722,19328,9.844808578491211
1531098952.4034212,19456,11.995240211486816
1531099063.847189,19584,9.430367469787598
1531099120.1432521,19712,10.003650665283203
1531099176.3995776,19840,10.352401733398438
1531099232.7847676,19968,10.593908309936523
1531099345.5145462,20096,10.898951530456543
1531099401.7354703,20224,10.762394905090332
1531099458.1526997,20352,10.617796897888184
1531099514.4919589,20480,10.022677421569824
1531099628.0022776,20608,10.568516731262207
1531099684.3270578,20736,10.45637321472168
1531099740.678146,20864,9.658634185791016
1531099797.1050155,20992,10.435152053833008
1531099908.2025957,21120,9.670239448547363
1531099964.5440474,21248,9.824361801147461
1531100020.896334,21376,10.030765533447266
1531100077.2046678,21504,11.244873046875
1531100189.6423583,21632,9.760701179504395
1531100245.9603238,21760,10.24217700958252
1531100302.3677726,21888,10.393935203552246
1531100358.5509582,22016,10.318670272827148
1531100471.0867593,22144,9.648067474365234
1531100527.3297894,22272,10.173925399780273
1531100583.5448897,22400,9.473464965820312
1531100639.740027,22528,9.901455879211426
1531100753.0757947,22656,10.573134422302246
1531100809.336845,22784,9.385396957397461
1531100865.6430316,22912,10.355608940124512
1531100921.9777367,23040,10.257701873779297
1531101033.9964726,23168,10.470746994018555
1531101090.6618633,23296,9.457762718200684
1531101147.264571,23424,11.002965927124023
1531101203.6958702,23552,11.029808044433594
1531101317.060142,23680,10.42331600189209
1531101373.6080568,23808,11.469298362731934
1531101430.2011402,23936,11.405667304992676
1531101486.7169847,24064,10.052957534790039
1531101597.99853,24192,9.4945707321167
1531101654.2709267,24320,11.680302619934082
1531101710.565809,24448,10.456592559814453
1531101766.9534967,24576,9.59265422821045
1531101879.8303282,24704,10.660673141479492
1531101936.0490315,24832,9.848742485046387
1531101992.3764915,24960,10.083287239074707
1531102048.6632354,25088,10.976308822631836
1531102161.14995,25216,9.753924369812012
1531102217.5388255,25344,9.854040145874023
1531102273.8727503,25472,9.658845901489258
1531102330.3073058,25600,11.390645027160645
1531102442.939636,25728,11.313895225524902
1531102499.2067485,25856,11.34442138671875
1531102555.5543227,25984,9.977104187011719
1531102611.9008183,26112,10.100139617919922
1531102724.7172794,26240,9.765116691589355
1531102780.956556,26368,10.253430366516113
1531102837.2193167,26496,10.907336235046387
1531102893.50675,26624,10.561624526977539
1531103006.308686,26752,9.874626159667969
1531103062.5437665,26880,10.087458610534668
1531103118.892057,27008,10.242600440979004
1531103175.2446609,27136,9.464576721191406
1531103288.0839486,27264,11.907827377319336
1531103344.4890075,27392,9.697515487670898
1531103400.8557982,27520,10.518791198730469
1531103457.1362062,27648,10.558145523071289
1531103569.713467,27776,10.477289199829102
1531103626.0701296,27904,10.66024112701416
1531103682.3781936,28032,12.827877044677734
1531103738.6489518,28160,10.780841827392578
1531103851.3346758,28288,9.952765464782715
1531103907.6255941,28416,9.775938987731934
1531103963.85919,28544,11.83318042755127
1531104020.1612284,28672,10.351036071777344
1531104133.8022482,28800,10.291504859924316
1531104190.0863886,28928,10.6513090133667
1531104246.3872714,29056,10.322168350219727
1531104302.7107472,29184,10.78824234008789
1531104414.8216314,29312,10.033146858215332
1531104471.146656,29440,10.414468765258789
1531104527.5407073,29568,9.78333854675293
1531104583.9304798,29696,9.928009986877441
1531104697.1605988,29824,10.444167137145996
1531104753.4360812,29952,9.928982734680176
1531104809.7356923,30080,9.850541114807129
1531104865.9930475,30208,10.497061729431152
1531104979.9039605,30336,9.792562484741211
1531105036.028039,30464,10.526297569274902
1531105092.3273776,30592,11.023329734802246
1531105148.5977204,30720,10.332534790039062
1531105260.9183707,30848,10.116658210754395
1531105317.1495779,30976,9.866035461425781
1531105373.4719028,31104,10.835232734680176
1531105429.7023525,31232,10.393160820007324
1531105543.6203575,31360,10.741737365722656
1531105599.8523173,31488,11.699835777282715
1531105656.1216733,31616,10.006082534790039
1531105712.4144917,31744,10.891249656677246
1531105824.687769,31872,9.941139221191406
1531105880.9172788,32000,10.385095596313477
1531105937.3360784,32128,10.393742561340332
1531105993.6863236,32256,10.14849853515625
1531106106.0161514,32384,10.022673606872559
1531106162.2423167,32512,10.83297348022461
1531106218.4659023,32640,10.447282791137695
1531106274.7066174,32768,10.790983200073242
1531106388.5615537,32896,11.024809837341309
1531106445.0115786,33024,10.671074867248535
1531106501.5850267,33152,11.530872344970703
1531106558.196753,33280,10.884556770324707
1531106671.4887688,33408,10.413955688476562
1531106727.8421576,33536,10.711004257202148
1531106784.2757244,33664,10.013551712036133
1531106840.472876,33792,9.77798843383789
1531106952.8771791,33920,11.65588665008545
1531107009.1529255,34048,10.055904388427734
1531107065.4353724,34176,10.003028869628906
1531107121.6995916,34304,10.359389305114746
1531107234.5277343,34432,10.161633491516113
1531107290.7376018,34560,11.167491912841797
1531107347.0247111,34688,9.706621170043945
1531107403.3651352,34816,11.022180557250977
1531107516.1106308,34944,9.285932540893555
1531107572.2925024,35072,10.453023910522461
1531107628.4949007,35200,11.616654396057129
1531107684.668525,35328,10.905340194702148
1531107797.7406797,35456,9.696473121643066
1531107854.024243,35584,10.917195320129395
1531107910.1008916,35712,9.683661460876465
1531107966.34293,35840,9.577676773071289
1531108079.4870136,35968,9.848388671875
1531108135.759811,36096,10.51026439666748
1531108191.9648817,36224,9.838491439819336
1531108248.2238553,36352,9.587241172790527
1531108360.905543,36480,9.873022079467773
1531108417.0606048,36608,9.939164161682129
1531108473.268786,36736,9.565073013305664
1531108529.4909775,36864,10.557130813598633
1531108643.2201235,36992,9.528422355651855
1531108699.4274502,37120,9.717342376708984
1531108755.672463,37248,10.474066734313965
1531108811.8041885,37376,10.93109130859375
1531108924.6802647,37504,10.108953475952148
1531108980.963364,37632,9.918672561645508
1531109037.2837849,37760,9.505890846252441
1531109093.593904,37888,10.142793655395508
1531109208.299987,38016,9.631856918334961
1531109264.564454,38144,9.493412017822266
1531109320.9413247,38272,10.708531379699707
1531109377.132466,38400,9.975253105163574
1531109491.2145169,38528,9.904170036315918
1531109547.5083075,38656,9.844993591308594
1531314570.678634,39040,9.652743339538574
1531314625.2004478,39168,10.608951568603516
1531314680.6348433,39296,9.7313871383667
1531314736.117766,39424,9.783492088317871
1531314845.9920602,39552,10.784417152404785
1531314901.404205,39680,10.267448425292969
1531314957.0071166,39808,9.718029975891113
1531315012.6791618,39936,10.145040512084961
1531315120.8449283,40064,9.870607376098633
1531315176.4074852,40192,10.033035278320312
1531315231.9615068,40320,9.50613784790039
1531315287.5275686,40448,9.875956535339355
1531315395.2540033,40576,9.845908164978027
1531315450.7631795,40704,10.706493377685547
1531315506.3257823,40832,9.664116859436035
1531315561.8798108,40960,9.997505187988281
1531315669.1952417,41088,10.07371997833252
1531315724.706912,41216,9.393481254577637
1531315780.3830285,41344,9.952073097229004
1531315835.879368,41472,9.371329307556152
1531315945.9958577,41600,10.129657745361328
1531316001.5250237,41728,9.492452621459961
1531316057.14984,41856,10.876932144165039
1531316112.7674725,41984,10.57093334197998
1531316221.238825,42112,10.488107681274414
1531316276.7011516,42240,10.066591262817383
1531316332.431707,42368,9.372758865356445
1531316388.0573297,42496,9.707865715026855
1531316496.601912,42624,10.28238296508789
1531316552.1250627,42752,10.508744239807129
1531316607.6901135,42880,11.462604522705078
1531316663.2434049,43008,10.222885131835938
1531316771.5435417,43136,11.643153190612793
1531316827.1955998,43264,11.057073593139648
1531316882.7638254,43392,9.809449195861816
1531316938.397394,43520,9.9467191696167
1531317046.5774486,43648,10.252287864685059
1531317102.2098458,43776,10.414093017578125
1531317157.9208665,43904,9.80001163482666
1531317213.7248979,44032,10.828272819519043
1531317323.2798343,44160,10.395647048950195
1531317378.8686633,44288,9.79543399810791
1531317434.597962,44416,9.72117805480957
1531317490.340505,44544,10.84179401397705
1531317599.7730162,44672,11.346758842468262
1531317655.309955,44800,9.361898422241211
1531317711.0029032,44928,9.43244457244873
1531317766.9331913,45056,9.599967002868652
1531317875.92995,45184,10.273238182067871
1531317931.683926,45312,9.802971839904785
1531317987.4201918,45440,10.145014762878418
1531318043.0973134,45568,10.22480583190918
1531318152.095645,45696,9.910465240478516
1531318207.8225272,45824,10.864068031311035
1531318263.5732906,45952,10.720157623291016
1531318319.3271956,46080,10.932051658630371
1531318428.3614707,46208,10.181640625
1531318484.0380187,46336,9.741867065429688
1531318539.7629528,46464,10.40737533569336
1531318595.399197,46592,11.156183242797852
1531318704.571289,46720,10.701821327209473
1531318760.0016356,46848,10.4265718460083
1531318815.7437735,46976,11.015700340270996
1531318871.6229146,47104,9.442244529724121
1531318981.2418098,47232,9.766291618347168
1531319036.916416,47360,9.728251457214355
1531319092.624374,47488,9.844769477844238
1531319148.332278,47616,9.843356132507324
1531319257.8900394,47744,9.87893009185791
1531319313.5520928,47872,9.631551742553711
1531319369.3391635,48000,9.14228630065918
1531319424.9227166,48128,9.625500679016113
1531319534.5284116,48256,11.036362648010254
1531319590.2328632,48384,9.423348426818848
1531319645.8631709,48512,9.776330947875977
1531319701.642507,48640,9.732222557067871
1531319812.386166,48768,9.753037452697754
1531319868.0368776,48896,10.34160327911377
1531319923.785313,49024,9.646240234375
1531319979.575166,49152,9.695440292358398
1531320088.5434947,49280,10.270495414733887
1531320144.1774638,49408,9.612703323364258
1531320199.8587947,49536,10.0758638381958
1531320255.5612063,49664,10.388738632202148
1531320364.5758982,49792,9.902381896972656
1531320420.2591825,49920,9.690917015075684
1531341510.7627208,50304,9.474738121032715
1531341566.3831153,50432,9.536407470703125
1531341622.1144326,50560,11.500602722167969
1531341677.7790632,50688,9.377484321594238
1531341786.7522366,50816,9.894600868225098
1531341842.4764307,50944,10.037735939025879
1531341898.267799,51072,9.600835800170898
1531341954.1120114,51200,9.22265625
1531342062.9199772,51328,9.875656127929688
1531342118.6206596,51456,9.226057052612305
1531342174.5200548,51584,10.189379692077637
1531342230.2169898,51712,10.193921089172363
1531342339.1115575,51840,10.059560775756836
1531342394.7201111,51968,9.515206336975098
1531342450.4983766,52096,9.424236297607422
1531342506.2297387,52224,10.662137031555176
1531342615.0879893,52352,9.753534317016602
1531342670.8131833,52480,9.521615028381348
1531342726.6217036,52608,10.403848648071289
1531342782.3081815,52736,9.643538475036621
1531342892.077185,52864,9.745920181274414
1531342947.8032346,52992,10.134037971496582
1531343003.670535,53120,10.417895317077637
1531343059.5244539,53248,10.935502052307129
1531343169.250177,53376,9.576833724975586
1531343224.8403313,53504,9.17650318145752
1531343280.611462,53632,9.205183982849121
1531343336.3610797,53760,9.63631820678711
1531343444.7460206,53888,9.323676109313965
1531343500.4621208,54016,10.32491397857666
1531343556.2365396,54144,9.619382858276367
1531343611.906347,54272,9.848581314086914
1531343721.4962938,54400,9.394041061401367
1531343777.2917845,54528,10.089219093322754
1531343833.0475574,54656,9.931917190551758
1531343888.908095,54784,10.644808769226074
1531343997.869255,54912,10.140442848205566
1531344053.5419724,55040,9.41508960723877
1531344109.3730886,55168,9.512743949890137
1531344165.1611526,55296,9.698404312133789
1531344275.371801,55424,9.497010231018066
1531344331.0671747,55552,9.591874122619629
1531344386.75864,55680,10.37625503540039
1531344442.5644403,55808,9.510171890258789
1531344550.8542469,55936,9.770161628723145
1531344606.6036937,56064,10.577682495117188
1531344662.3817787,56192,9.715803146362305
1531344718.1830993,56320,9.612227439880371
1531344826.3410418,56448,9.76325511932373
1531344882.0761242,56576,9.621825218200684
1531344938.0484889,56704,9.381114959716797
1531344993.9783578,56832,9.614730834960938
1531345103.2832475,56960,10.544788360595703
1531345158.999425,57088,9.84460735321045
1531345214.8643236,57216,9.300174713134766
1531345270.634591,57344,10.109703063964844
1531345379.0807118,57472,9.220440864562988
1531345434.8731022,57600,9.518877029418945
1531345490.6216307,57728,10.323333740234375
1531345546.5382552,57856,9.633681297302246
1531345656.1690888,57984,10.16107177734375
1531345711.889098,58112,9.870837211608887
1531345767.6587393,58240,10.274182319641113
1531345823.529038,58368,10.618171691894531
1531345932.5112052,58496,12.43459701538086
1531345988.2208343,58624,10.83303451538086
1531346044.071254,58752,10.651945114135742
1531346099.940224,58880,11.272582054138184
1531346208.1159859,59008,11.39554214477539
1531346263.8523922,59136,10.761096000671387
1531346319.7459435,59264,11.687984466552734
1531346375.5800655,59392,10.099556922912598
1531346483.9481075,59520,9.338178634643555
1531346539.7346396,59648,9.67975902557373
1531346595.6173546,59776,10.330029487609863
1531346651.3095503,59904,9.396970748901367
1531346759.8530672,60032,10.290936470031738
1531346815.680153,60160,9.674001693725586
1531346871.4860113,60288,9.6549072265625
1531346927.3906922,60416,10.971166610717773
1531347036.4733667,60544,10.279062271118164
1531347092.2056613,60672,10.804131507873535
1531347148.054897,60800,10.140862464904785
1531347203.9043486,60928,9.467574119567871
1531347312.582243,61056,9.38542652130127
1531347368.294555,61184,10.11550521850586
1531347424.0579152,61312,9.405344009399414
1531347479.7754452,61440,10.796561241149902
1531347588.5414639,61568,9.705799102783203
1531347644.4073322,61696,9.233970642089844
1531347700.1968591,61824,9.823692321777344
1531347756.019775,61952,9.47075080871582
1531347865.568895,62080,9.82127571105957
1531347921.3076127,62208,8.92126750946045
1531347977.1190243,62336,9.945455551147461
1531348032.973751,62464,9.760090827941895
1531348142.5451748,62592,9.665595054626465
1531348198.306214,62720,9.450594902038574
1531348254.173499,62848,10.778946876525879
1531348309.9217682,62976,10.740561485290527
1531348419.5549474,63104,9.329168319702148
1531348475.323731,63232,9.368011474609375
1531348531.0806599,63360,10.072553634643555
1531348586.8668482,63488,9.874032974243164
1531348697.3448386,63616,9.961030006408691
1531348753.0463157,63744,10.440031051635742
1531348808.8353217,63872,9.223151206970215
1531348864.6070268,64000,10.946015357971191
1531348975.121342,64128,9.951139450073242
1531349030.8960392,64256,9.048922538757324
1531349086.799098,64384,10.060637474060059
1531349142.6165311,64512,11.586308479309082
1531349252.1448646,64640,10.50247573852539
1531349307.8695526,64768,11.125626564025879
1531349363.6813395,64896,10.124886512756348
1531349419.4699004,65024,9.384673118591309
1531349529.270727,65152,9.445316314697266
1531349584.9404275,65280,9.277817726135254
1531349640.7207627,65408,9.309212684631348
1531349696.5847206,65536,9.527741432189941
1531349807.756481,65664,10.721653938293457
1531349863.5372727,65792,9.64802360534668
1531349919.3210127,65920,9.501853942871094
1531349975.2540507,66048,10.167830467224121
1531350086.8439033,66176,9.438824653625488
1531350142.5562623,66304,9.937814712524414
1531350198.371892,66432,10.10240364074707
1531350254.1884656,66560,9.565849304199219
1531350365.7592015,66688,9.33309268951416
1531350421.4399014,66816,9.606789588928223
1531350477.3883326,66944,11.74086856842041
1531350533.2473052,67072,9.552224159240723
1531350643.372568,67200,9.521979331970215
1531350699.0928822,67328,9.68395709991455
1531350754.9059277,67456,9.603719711303711
1531350810.7335413,67584,9.573263168334961
1531350922.108546,67712,10.425531387329102
1531350977.9249816,67840,9.757418632507324
1531351033.794899,67968,9.573834419250488
1531351089.7700117,68096,9.37918472290039
1531351200.2222025,68224,9.2363862991333
1531351255.9875,68352,10.440667152404785
1531351311.8861763,68480,9.47249698638916
1531351367.650142,68608,9.471384048461914
1531351477.8608537,68736,9.768818855285645
1531351533.7400138,68864,10.749380111694336
1531351589.54969,68992,10.339303016662598
1531351645.3990757,69120,10.586714744567871
1531351756.894155,69248,10.478716850280762
1531351812.7400029,69376,10.398941040039062
1531351868.6261573,69504,10.286760330200195
1531352523.0964983,69760,11.355932235717773
1531352577.748826,69888,9.743608474731445
1531352633.2312446,70016,10.194385528564453
1531352689.7450237,70144,9.589117050170898
1531352799.7446418,70272,10.088912963867188
1531352855.353988,70400,10.522613525390625
1531352911.2593796,70528,9.601190567016602
1531352967.0672872,70656,9.479365348815918
1531353074.4091287,70784,12.09740924835205
1531353130.2960317,70912,9.725650787353516
1531353186.1493776,71040,9.558588027954102
1531353241.9933436,71168,9.275049209594727
1531353350.0956364,71296,10.010351181030273
1531353405.9894853,71424,9.47761058807373
1531353461.7898815,71552,10.395604133605957
1531353517.6636744,71680,10.077497482299805
1531353626.0254579,71808,10.435552597045898
1531353681.7695878,71936,11.028844833374023
1531353737.6985457,72064,10.102682113647461
1531353793.5953202,72192,11.057562828063965
1531353903.357105,72320,10.826438903808594
1531353959.3030534,72448,10.214515686035156
1531354015.2359338,72576,9.841737747192383
1531354071.2304864,72704,10.142571449279785
1531354180.092368,72832,10.11028003692627
1531354235.9082093,72960,10.02099895477295
1531354291.7535408,73088,10.585613250732422
1531354347.6211638,73216,10.252447128295898
1531354457.3251078,73344,10.257729530334473
1531354513.13298,73472,15.142277717590332
1531354569.021197,73600,12.908408164978027
1531354625.0227256,73728,10.99555492401123
1531354733.9569738,73856,10.510960578918457
1531354789.841992,73984,10.030386924743652
1531354845.9201646,74112,12.040727615356445
1531354901.8786013,74240,10.368651390075684
1531355011.2267108,74368,11.015110969543457
1531355067.1015007,74496,10.495671272277832
1531355122.8846495,74624,11.475117683410645
1531355178.7311008,74752,9.097196578979492
1531355287.7840576,74880,9.729244232177734
1531355343.4777322,75008,11.47096061706543
1531355399.3203728,75136,8.991559028625488
1531355455.2365065,75264,10.995081901550293
1531355563.6833043,75392,9.633733749389648
1531355619.619426,75520,9.97858715057373
1531355675.5627227,75648,9.849438667297363
1531355731.5224566,75776,9.841055870056152
1531355840.7003229,75904,9.884184837341309
1531355896.6563308,76032,10.048782348632812
1531355952.6630678,76160,11.209646224975586
1531356008.5929298,76288,10.114678382873535
1531356117.6059859,76416,9.498414993286133
1531356173.488791,76544,10.481586456298828
1531356229.3763947,76672,9.859107971191406
1531356285.1802948,76800,9.622279167175293
1531356394.7988381,76928,12.133922576904297
1531356450.5801866,77056,10.083433151245117
1531356506.4857833,77184,9.239175796508789
1531356562.482641,77312,9.86353588104248
1531356671.2878904,77440,9.389993667602539
1531356727.1609185,77568,9.491697311401367
1531356782.9891894,77696,10.46606731414795
1531356838.8869786,77824,9.745094299316406
1531356947.8524406,77952,10.047697067260742
1531357003.614514,78080,9.860810279846191
1531357059.5970478,78208,10.970331192016602
1531357115.4420805,78336,9.641467094421387
1531357223.724094,78464,10.641335487365723
1531357279.583621,78592,9.702713966369629
1531357335.4470067,78720,9.813094139099121
1531357391.3789463,78848,9.760852813720703
1531357501.5965054,78976,9.569721221923828
1531357557.5236084,79104,9.474529266357422
1531357613.4560611,79232,9.541776657104492
1531357669.1919637,79360,10.930965423583984
1531357779.5684612,79488,9.487737655639648
1531357835.299365,79616,10.310063362121582
1531357891.1736119,79744,10.871722221374512
1531357947.123195,79872,10.33642864227295
1531358056.0979078,80000,9.361553192138672
1531358111.8996994,80128,10.077879905700684
1531358167.7791295,80256,10.1254243850708
1531358223.7589645,80384,9.986512184143066
1531358334.513934,80512,10.374394416809082
1531358390.2888794,80640,9.663458824157715
1531358446.1211112,80768,10.92246150970459
1531358501.979162,80896,9.863301277160645
1531358611.7837615,81024,10.568201065063477
1531358667.7084625,81152,11.549601554870605
1531358723.5501678,81280,9.772662162780762
1531358779.3640883,81408,10.366317749023438
1531358888.861208,81536,11.899014472961426
1531358944.6561775,81664,9.719971656799316
1531359000.5849442,81792,10.054430961608887
1531359056.4667513,81920,9.33764934539795
1531359167.121153,82048,9.927815437316895
1531359222.9094546,82176,9.828003883361816
1531359278.7996366,82304,9.50137996673584
1531359334.8014705,82432,9.264497756958008
1531359444.240363,82560,10.453904151916504
1531359500.0132048,82688,10.003056526184082
1531359555.9621956,82816,10.296765327453613
1531359611.839939,82944,10.038073539733887
1531359721.6766934,83072,9.503057479858398
1531359777.5702608,83200,9.635376930236816
1531359833.3697312,83328,9.750238418579102
1531359889.1656287,83456,9.168632507324219
1531360000.3979638,83584,9.732382774353027
1531360056.156838,83712,9.69074821472168
1531360112.0030718,83840,9.72703742980957
1531360167.8715658,83968,9.456696510314941
1531360277.7550974,84096,10.214847564697266
1531360333.6738,84224,11.13408374786377
1531360389.5956583,84352,10.36683464050293
1531360445.3893616,84480,9.664678573608398
1531360555.028889,84608,9.422887802124023
1531360610.7682793,84736,9.526143074035645
1531360666.648425,84864,9.824978828430176
1531360722.7135625,84992,9.5673828125
1531360833.3318503,85120,11.19554615020752
1531360889.2089252,85248,10.012266159057617
1531360945.1175,85376,9.628941535949707
1531361000.9752064,85504,9.510518074035645
1531361110.0945497,85632,9.630300521850586
1531361165.9402783,85760,10.179410934448242
1531361221.907863,85888,10.000899314880371
1531361277.8831725,86016,9.662456512451172
1531361387.4108539,86144,9.473978042602539
1531361443.2623708,86272,10.854079246520996
1531361499.161132,86400,11.15970230102539
1531361555.0396595,86528,9.698015213012695
1531361664.7327993,86656,9.802165985107422
1531361720.6716907,86784,9.668407440185547
1531361776.5788798,86912,9.35131549835205
1531361832.4225862,87040,10.662150382995605
1531361943.522279,87168,9.929699897766113
1531361999.2358463,87296,9.36985969543457
1531362055.1617062,87424,9.640305519104004
1531362111.0703309,87552,9.005229949951172
1531362221.6636453,87680,9.984380722045898
1531362277.6131625,87808,9.64535903930664
1531362333.5706666,87936,9.609675407409668
1531362389.5450432,88064,9.405362129211426
1531362500.6281126,88192,10.543530464172363
1531362556.5747,88320,10.187159538269043
1531362612.5709536,88448,10.005694389343262
1531362668.4975066,88576,10.448012351989746
1531362778.8926947,88704,10.509943008422852
1531362835.0038729,88832,12.290833473205566
1531362890.966707,88960,10.117094993591309
1531362946.8846738,89088,10.143366813659668
1531363056.9093997,89216,9.486000061035156
1531363112.7161665,89344,10.27711296081543
1531363168.7244222,89472,9.61506175994873
1531363224.6752138,89600,10.665699005126953
1531363334.890081,89728,9.49736213684082
1531363390.8038952,89856,9.839791297912598
1531363446.6912677,89984,10.887120246887207
1531363502.688006,90112,10.428630828857422
1531363612.9207695,90240,9.834961891174316
1531363668.7242947,90368,9.778888702392578
1531363724.6448731,90496,10.01516342163086
1531363780.5243657,90624,9.355424880981445
1531363890.525916,90752,9.77152156829834
1531363946.3108742,90880,10.246159553527832
1531364002.0519168,91008,10.182452201843262
1531364057.9473839,91136,9.893787384033203
1531364168.314787,91264,11.02784538269043
1531364224.1062279,91392,9.969785690307617
1531364280.02016,91520,10.926180839538574
1531364335.9173348,91648,9.611810684204102
1531364446.7847214,91776,10.166441917419434
1531364502.6527076,91904,9.45793342590332
1531364558.6172774,92032,10.328652381896973
1531364614.4741466,92160,10.484155654907227
1531364724.3643732,92288,10.394976615905762
1531364780.203552,92416,10.00306224822998
1531364836.099848,92544,9.93012523651123
1531364892.0760243,92672,11.192581176757812
1531365002.2777345,92800,10.152883529663086
1531365058.2707858,92928,9.616351127624512
1531365114.1393547,93056,10.2991943359375
1531365170.2275507,93184,9.32327651977539
1531365281.665821,93312,10.599252700805664
1531365337.4533904,93440,10.116698265075684
1531365393.3267791,93568,10.885662078857422
1531365449.1533666,93696,10.454584121704102
1531365559.0525606,93824,10.206503868103027
1531365614.912822,93952,9.634329795837402
1531365670.656144,94080,9.755600929260254
1531365726.4614,94208,10.431137084960938
1531365836.3736472,94336,10.098672866821289
1531365892.1754048,94464,9.71703815460205
1531365948.1071265,94592,9.740928649902344
1531366004.0805247,94720,9.428977012634277
1531366113.8879812,94848,9.667107582092285
1531366169.7312653,94976,11.179563522338867
1531366225.612421,95104,9.954463958740234
1531366281.4987442,95232,9.142091751098633
1531366392.771148,95360,10.848403930664062
1531366448.6295054,95488,11.233932495117188
1531366504.5469093,95616,10.227585792541504
1531366560.3002071,95744,10.36797046661377
1531366671.0293963,95872,9.750692367553711
1531366726.7854354,96000,9.39352798461914
1531366782.8203263,96128,10.952764511108398
1531366838.7972379,96256,10.10729694366455
1531366948.5910058,96384,9.830378532409668
1531367004.4454453,96512,9.72791576385498
1531367060.38789,96640,9.494051933288574
1531367116.1031847,96768,10.1946382522583
1531367226.9619071,96896,9.686673164367676
1531367282.7928624,97024,10.05270767211914
1531367338.7435617,97152,9.50952434539795
1531367394.7218282,97280,11.05629825592041
1531367504.9631197,97408,9.831547737121582
1531367560.756876,97536,9.349557876586914
