wall_time,step,value
1531088644.4087906,512,720.97314453125
1531088922.988672,1024,191.99758911132812
1531089204.0158157,1536,95.06407165527344
1531089482.8794248,2048,96.53722381591797
1531089761.234796,2560,53.47200012207031
1531090041.495718,3072,37.37955856323242
1531090320.3000393,3584,28.403076171875
1531090599.3208606,4096,37.288082122802734
1531090878.0967577,4608,40.48342514038086
1531091158.8225753,5120,41.35390090942383
1531091438.5337076,5632,54.34185028076172
1531091718.572464,6144,49.46489715576172
1531091998.4262724,6656,43.2564811706543
1531092277.9844613,7168,50.24010467529297
1531092558.6135085,7680,47.712913513183594
1531092838.2875516,8192,49.01898193359375
1531093117.8313043,8704,50.58315658569336
1531093397.9503856,9216,45.483367919921875
1531093677.6802292,9728,39.718177795410156
1531093958.8910866,10240,41.465206146240234
1531094238.1809752,10752,47.01496124267578
1531094518.94427,11264,40.51932144165039
1531094799.324356,11776,47.6060905456543
1531095080.069414,12288,35.396942138671875
1531095360.1507273,12800,42.54226303100586
1531095640.4160051,13312,41.41096878051758
1531095920.7777376,13824,51.31680679321289
1531096201.4694848,14336,50.512821197509766
1531096482.8564677,14848,48.215179443359375
1531096762.0749712,15360,54.38851547241211
1531097042.4380813,15872,62.47410583496094
1531097323.4934523,16384,72.50618743896484
1531097604.5404432,16896,53.685298919677734
1531097884.9114237,17408,61.09467697143555
1531098164.6735017,17920,57.66486358642578
1531098446.5893197,18432,56.9228515625
1531098728.760451,18944,62.353981018066406
1531099009.256484,19456,60.77915954589844
1531099290.9708707,19968,66.94086456298828
1531099573.4622674,20480,55.235233306884766
1531099853.542827,20992,65.6249771118164
1531100135.1646235,21504,72.47338104248047
1531100416.5372686,22016,50.18040084838867
1531100698.3476999,22528,49.32725143432617
1531100979.2831266,23040,41.28779220581055
1531101262.4160993,23552,89.30772399902344
1531101543.3122373,24064,51.977535247802734
1531101825.3115232,24576,49.982391357421875
1531102106.5190253,25088,42.33916091918945
1531102388.491684,25600,46.284698486328125
1531102670.2963595,26112,51.64904022216797
1531102951.7502208,26624,61.50205612182617
1531103233.4822826,27136,53.82896041870117
1531103515.2511823,27648,55.318389892578125
1531103796.7377634,28160,74.58869171142578
1531104079.364841,28672,65.8021469116211
1531104360.2167935,29184,79.32814025878906
1531104642.489592,29696,75.20848083496094
1531104925.3457975,30208,66.53458404541016
1531105206.4009144,30720,76.04393005371094
1531105488.9913092,31232,133.8108673095703
1531105770.0337486,31744,75.89859008789062
1531106051.4254951,32256,105.90241241455078
1531106333.974216,32768,212.77523803710938
1531106616.967163,33280,89.1211929321289
1531106898.2077835,33792,41.988582611083984
1531107179.9471505,34304,87.18799591064453
1531107461.6111507,34816,62.25425720214844
1531107743.1680946,35328,65.12147521972656
1531108024.893391,35840,22.132034301757812
1531108306.3964243,36352,55.773468017578125
1531108588.6379888,36864,115.36426544189453
1531108870.2572117,37376,62.500389099121094
1531109153.7896826,37888,97.2126693725586
1531109436.6497586,38400,41.57860565185547
1531314792.032815,39424,91.59940338134766
1531315066.8098276,39936,101.38566589355469
1531315341.3356366,40448,111.7767333984375
1531315615.281575,40960,74.29876708984375
1531315892.097508,41472,144.37661743164062
1531316167.3310707,41984,70.53502655029297
1531316442.6224535,42496,117.81812286376953
1531316717.6970394,43008,24.601951599121094
1531316992.5818446,43520,74.8932113647461
1531317269.4460812,44032,41.92177963256836
1531317545.9749818,44544,87.41816711425781
1531317821.9565988,45056,96.03345489501953
1531318098.113307,45568,112.65735626220703
1531318374.4578934,46080,79.07386016845703
1531318650.778484,46592,190.74749755859375
1531318927.2726374,47104,68.97323608398438
1531319204.0694442,47616,50.85384750366211
1531319480.6237044,48128,84.67015838623047
1531319758.5447528,48640,35.720252990722656
1531320034.5589232,49152,144.63206481933594
1531320310.8201413,49664,80.50651550292969
1531341732.7034416,50688,173.019775390625
1531342008.79166,51200,63.055198669433594
1531342285.0178385,51712,244.0933074951172
1531342560.9634333,52224,130.8790740966797
1531342837.954212,52736,180.84906005859375
1531343115.1723285,53248,89.03468322753906
1531343390.7477818,53760,83.70438385009766
1531343667.3001375,54272,141.96998596191406
1531343943.796503,54784,119.58966064453125
1531344221.362777,55296,65.95890045166016
1531344496.7754369,55808,84.4016342163086
1531344772.1917572,56320,142.8766326904297
1531345049.10562,56832,61.8320198059082
1531345325.0200045,57344,115.54904174804688
1531345602.1617572,57856,254.0381317138672
1531345878.4190853,58368,317.9510498046875
1531346154.094108,58880,183.35934448242188
1531346429.9050236,59392,156.081298828125
1531346705.7824502,59904,177.4340057373047
1531346982.3920286,60416,85.84883117675781
1531347258.5515864,60928,112.13265991210938
1531347534.431842,61440,140.43873596191406
1531347811.469341,61952,147.76422119140625
1531348088.4557767,62464,84.73222351074219
1531348365.4225383,62976,130.0135955810547
1531348643.346138,63488,199.673095703125
1531348921.0933762,64000,380.24945068359375
1531349198.0659468,64512,119.17473602294922
1531349475.1381183,65024,115.6612319946289
1531349753.7432597,65536,219.66461181640625
1531350032.8734047,66048,93.91642761230469
1531350311.5376298,66560,60.473445892333984
1531350589.1933422,67072,492.240234375
1531350868.12695,67584,158.201171875
1531351146.179191,68096,197.33924865722656
1531351423.7988899,68608,89.84701538085938
1531351702.9112031,69120,69.66289520263672
1531352745.8287554,70144,76.01063537597656
1531353020.232995,70656,41.561100006103516
1531353295.9438415,71168,48.846256256103516
1531353572.0911403,71680,92.21428680419922
1531353849.2074065,72192,126.79380798339844
1531354125.8226624,72704,60.85294723510742
1531354403.0881572,73216,114.1886215209961
1531354679.7291093,73728,28.74894142150879
1531354957.1200736,74240,167.06443786621094
1531355233.8251014,74752,196.0023956298828
1531355509.4253612,75264,87.44337463378906
1531355786.5038462,75776,145.324951171875
1531356063.3484974,76288,267.211669921875
1531356340.7052958,76800,197.3638458251953
1531356617.1229024,77312,65.13125610351562
1531356893.5331864,77824,59.18037414550781
1531357169.4782665,78336,369.4701232910156
1531357447.3266659,78848,176.23422241210938
1531357725.4512794,79360,248.06541442871094
1531358002.0089252,79872,71.71452331542969
1531358280.409493,80384,341.6927795410156
1531358557.633911,80896,190.4143829345703
1531358834.7168934,81408,137.24441528320312
1531359112.8859766,81920,80.99122619628906
1531359389.9625192,82432,147.17613220214844
1531359667.3705616,82944,179.1201629638672
1531359946.304018,83456,140.74551391601562
1531360223.6280997,83968,88.2273941040039
1531360500.7163777,84480,116.81507110595703
1531360779.2521973,84992,126.30729675292969
1531361055.876965,85504,162.80873107910156
1531361333.3219323,86016,100.04502868652344
1531361610.6128945,86528,69.8204345703125
1531361889.572209,87040,84.65225219726562
1531362167.586788,87552,128.63626098632812
1531362446.59562,88064,63.59774398803711
1531362724.7157962,88576,323.3074645996094
1531363002.7130067,89088,66.82064819335938
1531363280.7913299,89600,119.29655456542969
1531363558.746793,90112,358.031005859375
1531363836.4972458,90624,364.0616455078125
1531364114.2069151,91136,74.11318969726562
1531364392.6989217,91648,86.9522933959961
1531364670.1696053,92160,126.63168334960938
1531364948.1953142,92672,219.34237670898438
1531365227.6057007,93184,133.61001586914062
1531365504.9057336,93696,134.0707550048828
1531365782.1646001,94208,167.9143524169922
1531366059.8003452,94720,94.05765533447266
1531366338.660382,95232,154.35055541992188
1531366616.9180024,95744,227.12777709960938
1531366894.444594,96256,281.46728515625
1531367172.839844,96768,161.85284423828125
1531367450.8576422,97280,112.99675750732422
