wall_time,step,value
1531010007.7380207,512,7.280651569366455
1531010589.1308618,1024,5.06756067276001
1531011161.7817378,1536,4.590444564819336
1531011731.9294431,2048,2.572057008743286
1531012308.1822565,2560,3.2746434211730957
1531012877.9986663,3072,2.4535410404205322
1531013448.1083686,3584,2.835212230682373
1531014016.198112,4096,2.4925057888031006
1531014583.0995188,4608,2.229273557662964
1531015149.9085405,5120,2.280914068222046
1531015718.415713,5632,2.2417964935302734
1531016289.6494434,6144,2.332385778427124
1531016860.4055827,6656,2.076279401779175
1531017434.0118737,7168,2.158470392227173
1531018006.2553647,7680,2.2520523071289062
1531018577.161898,8192,1.8766545057296753
1531019151.0632308,8704,2.3504798412323
1531019722.8137624,9216,1.8013068437576294
1531020297.2463698,9728,2.624821424484253
1531020868.4894593,10240,1.8832659721374512
1531021443.136181,10752,2.4538304805755615
1531022015.3998652,11264,2.2224228382110596
1531022588.7566466,11776,1.9725545644760132
1531023162.046969,12288,1.9278370141983032
1531023735.7170215,12800,1.7580965757369995
1531024307.5804863,13312,1.9241970777511597
1531024881.072827,13824,1.9363510608673096
1531025455.1642513,14336,2.007570743560791
1531026028.0162597,14848,1.6216927766799927
1531026602.2476947,15360,1.8775227069854736
1531027175.5828989,15872,1.6630505323410034
1531027750.004218,16384,2.1233890056610107
1531028323.028434,16896,1.7602120637893677
1531028895.9208267,17408,2.2337400913238525
1531029469.0218456,17920,1.68196439743042
1531030043.0953805,18432,2.161419153213501
1531030615.8809834,18944,2.040830373764038
1531031189.2825696,19456,2.202247381210327
1531031762.4969945,19968,1.8268381357192993
1531032335.201076,20480,1.832166075706482
1531032908.5563293,20992,1.8105838298797607
1531033480.8592963,21504,1.4281466007232666
1531034054.7922347,22016,1.6135989427566528
1531034627.0062761,22528,1.7042372226715088
1531035198.9052234,23040,1.4741941690444946
1531035771.3570123,23552,1.9657155275344849
1531036343.6353333,24064,1.6046013832092285
1531036918.7562056,24576,2.0048859119415283
1531037493.1891904,25088,1.4437986612319946
1531038067.2828488,25600,2.2756540775299072
1531038640.252898,26112,1.457957148551941
1531039216.2515132,26624,2.6032938957214355
1531039791.5265448,27136,1.3188855648040771
1531040365.9386895,27648,1.6444820165634155
1531040942.0039108,28160,1.5708916187286377
1531041516.9598346,28672,1.8588541746139526
1531042090.247689,29184,2.2548458576202393
1531042665.0424383,29696,1.2870632410049438
1531043237.6215997,30208,1.4303561449050903
1531043811.361565,30720,1.7080869674682617
1531044383.82004,31232,1.8485782146453857
1531044955.9373672,31744,1.3410794734954834
1531045531.0217977,32256,1.4581292867660522
1531046106.3668826,32768,2.0885446071624756
1531046680.1319132,33280,1.617129921913147
1531047253.2199612,33792,1.5009676218032837
1531047825.33185,34304,2.2696778774261475
1531048398.312806,34816,1.3138068914413452
1531048972.7214766,35328,1.8208012580871582
1531049546.0634048,35840,1.8784558773040771
1531050120.5885239,36352,2.4915242195129395
1531181973.072494,37376,1.7469745874404907
1531182544.4840353,37888,1.5962514877319336
1531183115.2341666,38400,2.566612958908081
1531183685.9040518,38912,1.6812022924423218
1531184257.4863207,39424,1.7962852716445923
1531184827.9986749,39936,1.890901803970337
1531185398.361753,40448,1.699228286743164
1531185968.5944364,40960,1.9508097171783447
1531186540.7057722,41472,1.6587272882461548
1531187113.3010828,41984,1.3902016878128052
1531187686.1084673,42496,1.8755018711090088
1531188257.7664468,43008,1.1913882493972778
1531188830.0037384,43520,1.301730990409851
1531189401.9400508,44032,1.9325202703475952
1531189974.3603647,44544,1.82803475856781
1531190545.4111989,45056,1.8207123279571533
1531191116.9322562,45568,1.361045479774475
1531191689.1438904,46080,1.7826253175735474
1531192261.2892313,46592,1.6401197910308838
1531192834.6430569,47104,1.2813825607299805
1531193406.338571,47616,1.537391185760498
1531193979.390227,48128,1.2107962369918823
1531194552.9366193,48640,1.4157153367996216
1531195125.6324732,49152,1.8026783466339111
1531195697.662445,49664,1.505794882774353
1531196268.5691059,50176,1.6384998559951782
1531196840.4631722,50688,1.9407095909118652
1531197412.022473,51200,1.282397747039795
1531197985.2102742,51712,1.3128591775894165
1531198558.6702826,52224,1.4497402906417847
1531199132.5871236,52736,1.6398775577545166
1531199707.0124133,53248,1.3389641046524048
1531200279.3574524,53760,1.416762113571167
1531200852.9375753,54272,1.515925645828247
1531201426.6039472,54784,1.6151400804519653
1531202000.8397348,55296,1.5769433975219727
1531202575.743163,55808,1.4560632705688477
1531203149.077689,56320,2.2714920043945312
1531203720.907088,56832,1.9429917335510254
1531204295.4791546,57344,1.290030598640442
1531204870.4421217,57856,1.395630955696106
1531205443.3928983,58368,1.4739468097686768
1531206017.7255576,58880,1.3486994504928589
1531206590.8458953,59392,1.9280036687850952
1531207165.6479516,59904,1.4478504657745361
1531207740.496046,60416,1.6034399271011353
1531208315.381212,60928,1.7074565887451172
1531208890.9050622,61440,1.550587773323059
1531209466.2031467,61952,1.2724530696868896
1531210042.2324023,62464,1.4830211400985718
1531210619.221205,62976,1.5362792015075684
1531211195.3769417,63488,1.4044536352157593
1531211772.737439,64000,1.5999799966812134
1531212350.5268412,64512,1.7431503534317017
1531212927.984665,65024,1.3068536520004272
1531213503.5170467,65536,1.1195669174194336
1531214082.2865298,66048,1.3664387464523315
1531214659.7072635,66560,1.8093442916870117
1531215236.4064465,67072,1.8634021282196045
1531215814.934134,67584,1.6876726150512695
1531216392.3074818,68096,1.268664002418518
1531216969.6348953,68608,1.1539247035980225
1531217549.5194623,69120,1.4546232223510742
1531218126.7587156,69632,1.5777182579040527
1531218705.247821,70144,1.3847883939743042
1531219282.6077406,70656,2.1597888469696045
1531219859.7527754,71168,1.1623252630233765
1531220437.583774,71680,1.2204231023788452
1531221014.7277992,72192,2.10760498046875
1531221591.634797,72704,1.4598515033721924
1531222169.2959352,73216,1.3889371156692505
1531242364.8648348,74240,1.599890947341919
1531242937.8235333,74752,1.1723856925964355
1531252535.9330325,75776,1.8991138935089111
1531253108.662199,76288,1.355136752128601
1531253683.4369671,76800,1.4926649332046509
1531254255.86737,77312,1.142595887184143
1531254831.45111,77824,1.5041109323501587
1531255404.9150605,78336,2.048381805419922
1531255977.0273736,78848,1.3279247283935547
1531256551.324057,79360,1.5279935598373413
1531257125.332949,79872,1.30630624294281
1531257699.596799,80384,1.2000516653060913
1531258272.7061405,80896,1.266575813293457
1531258846.1564035,81408,1.9597885608673096
1531259420.1615856,81920,1.9537675380706787
1531259995.2696226,82432,2.00105357170105
1531260569.6137226,82944,1.045041561126709
1531261142.9707394,83456,2.0755059719085693
1531261719.9071953,83968,1.8843988180160522
1531262295.9812667,84480,1.513372540473938
1531262870.8050487,84992,1.137557029724121
1531263444.473083,85504,1.15493905544281
1531264020.3839364,86016,1.1599410772323608
1531264596.3853896,86528,1.7073088884353638
1531265170.916936,87040,1.1944974660873413
1531265744.3313832,87552,1.4600516557693481
1531266319.2112112,88064,1.1594207286834717
1531266895.1728451,88576,1.4838610887527466
1531267469.9317017,89088,1.8434243202209473
1531268044.1324484,89600,1.095919132232666
1531268620.1305094,90112,1.1719043254852295
1531269198.3885047,90624,1.5942867994308472
1531269775.508948,91136,1.3691933155059814
1531270353.0890481,91648,1.136738657951355
1531270931.4479969,92160,1.7098678350448608
1531271508.9205306,92672,1.1639063358306885
1531272084.732329,93184,1.4377272129058838
1531272662.947092,93696,1.5288145542144775
1531273237.6182733,94208,1.407195806503296
1531273812.4534483,94720,2.031644582748413
1531274387.7036197,95232,1.837524175643921
1531274963.6212544,95744,1.6542991399765015
1531275539.0646126,96256,1.5300527811050415
1531276115.6397462,96768,1.0807781219482422
1531276690.6016552,97280,1.0828222036361694
