wall_time,step,value
1530398025.8339906,512,132.5670928955078
1530398258.01199,1024,128.46725463867188
1530398490.4195235,1536,213.17047119140625
1530398722.6608987,2048,238.77972412109375
1530398955.9782104,2560,196.18836975097656
1530399188.2644997,3072,139.03411865234375
1530399421.8964229,3584,128.8903350830078
1530399655.2184372,4096,145.6033935546875
1530399888.6418061,4608,120.13487243652344
1530400122.061654,5120,133.5074920654297
1530400355.519236,5632,133.75587463378906
1530400589.2210917,6144,87.93379211425781
1530400825.5773559,6656,117.02818298339844
1530401060.2858827,7168,121.75323486328125
1530401294.6248913,7680,99.48707580566406
1530401528.4167159,8192,93.64054870605469
1530401763.4900546,8704,101.63987731933594
1530401997.1838357,9216,74.02592468261719
1530402231.6536708,9728,78.58003234863281
1530402466.2149513,10240,71.19599914550781
1530402701.2394428,10752,46.776424407958984
1530402935.4794953,11264,52.268333435058594
1530403170.5932477,11776,59.00564956665039
1530403406.276572,12288,40.086639404296875
1530403640.5659306,12800,38.79437255859375
1530403874.1714652,13312,45.31203079223633
1530404108.7242446,13824,39.640525817871094
1530404343.768279,14336,42.249141693115234
1530404577.8692374,14848,49.398094177246094
1530404812.3290615,15360,42.623146057128906
1530405046.4100466,15872,43.33128356933594
1530405281.4289815,16384,41.11003112792969
1530405516.84372,16896,26.090614318847656
1530405751.5436854,17408,30.418842315673828
1530405985.4042547,17920,16.27958869934082
1530406219.9496112,18432,33.95737075805664
1530406454.3433673,18944,25.75951385498047
1530406688.8408515,19456,19.39312744140625
1530406924.1615858,19968,16.360275268554688
1530407158.928863,20480,21.098430633544922
1530407393.3065035,20992,21.36495590209961
1530407627.8176239,21504,23.660985946655273
1530407862.2248964,22016,22.06082534790039
1530408097.5406916,22528,16.102745056152344
1530408331.7245374,23040,15.592134475708008
1530408566.2284238,23552,6.79388427734375
1530408800.645579,24064,23.03189468383789
1530409036.442162,24576,12.020149230957031
1530409271.1222637,25088,4.489528179168701
1530409506.6929822,25600,9.311874389648438
1530409740.2819123,26112,11.98666000366211
1530409974.8750012,26624,11.948661804199219
1530410208.5259643,27136,5.306463241577148
1530410444.8412762,27648,8.056755065917969
1530410679.6439393,28160,7.14625358581543
1530410913.9357474,28672,3.7037415504455566
1530411148.5608761,29184,3.771259069442749
1530411382.673757,29696,-1.601996660232544
1530411618.9751527,30208,0.43539100885391235
1530411852.9524398,30720,0.07890185713768005
1530412088.599708,31232,0.08070985227823257
1530412324.5933182,31744,0.07451176643371582
1530412559.9119117,32256,0.5456014275550842
1530412795.1843462,32768,-0.14034727215766907
1530413029.9506953,33280,3.7262134552001953
1530413266.3475208,33792,1.1021063327789307
1530413501.5283773,34304,-2.648361921310425
1530413736.7795386,34816,-1.0816290378570557
1530413973.593424,35328,-0.985050618648529
1530414209.076052,35840,2.9547383785247803
1530414444.6523702,36352,0.8013355731964111
1530414680.6528597,36864,-3.5860657691955566
1530414917.444051,37376,1.4282758235931396
1530415153.2760818,37888,2.0524208545684814
1530415389.6419876,38400,0.0277525894343853
1530547740.9506204,39424,4.644556999206543
1530547972.734069,39936,-2.043675422668457
1530548203.3606021,40448,1.2223541736602783
1530548435.7542553,40960,3.0904202461242676
1530548666.9176495,41472,1.9643696546554565
1530548897.6331272,41984,4.234655380249023
1530549129.0173948,42496,4.974820613861084
1530549361.3646464,43008,2.2001028060913086
1530549592.938155,43520,1.8366267681121826
1530549822.7384722,44032,-0.5794333815574646
1530550054.0920684,44544,3.244110107421875
1530550285.2315152,45056,2.6542305946350098
1530550517.5133014,45568,6.073604583740234
1530550747.6597173,46080,2.555112838745117
1530550980.0068367,46592,5.492684841156006
1530551210.9106328,47104,0.8082600235939026
1530551442.7406945,47616,-2.1552927494049072
1530551674.5803926,48128,2.0816948413848877
1530551905.9299786,48640,-1.2697937488555908
1530552138.9139888,49152,1.08452308177948
1530552371.1508143,49664,1.2769958972930908
1530552604.1646738,50176,0.07323085516691208
1530552837.3019137,50688,-1.040015459060669
1530553070.5405934,51200,-0.525712251663208
1530553302.6064615,51712,-2.850891590118408
1530553534.9432914,52224,1.7751178741455078
1530553766.3851166,52736,-2.2306995391845703
1530553998.7298377,53248,-1.9652613401412964
1530554230.9879937,53760,-6.59809684753418
1530554464.1776414,54272,-5.195103645324707
1530554695.9037464,54784,-5.912679195404053
1530554929.6856706,55296,-1.4304474592208862
1530555162.0259163,55808,-1.1806368827819824
1530555394.294117,56320,-3.192706823348999
1530555627.813118,56832,-5.39155912399292
1530555859.8460624,57344,-7.527856349945068
1530556094.002983,57856,-10.777645111083984
1530556327.8868783,58368,-11.177006721496582
1530556561.1053457,58880,-9.241249084472656
1530556794.301049,59392,-5.567510604858398
1530557027.1118674,59904,-10.476786613464355
1530557259.8822615,60416,-9.790994644165039
1530557493.6597638,60928,-6.735084533691406
1530557726.4632409,61440,-8.67321491241455
1530557960.6140068,61952,-7.497142791748047
1530558193.8638113,62464,-10.48080062866211
1530558426.7536502,62976,-9.428573608398438
1530558661.4874003,63488,-8.000381469726562
1530558896.3746328,64000,-7.273282051086426
1530559130.9462247,64512,-8.431913375854492
1530559365.1149683,65024,-7.359666347503662
1530559600.0283997,65536,-10.625500679016113
1530559834.418373,66048,-10.635528564453125
1530560068.111097,66560,-8.133861541748047
1530560303.2127779,67072,-7.753044128417969
1530560536.797211,67584,-11.549993515014648
1530560771.2447364,68096,-9.125099182128906
1530561005.6182692,68608,-10.3375825881958
1530561239.4175792,69120,-7.600522994995117
1530561473.7896626,69632,-8.300260543823242
1530561709.2272854,70144,-9.88386344909668
1530561945.3044183,70656,-6.226856708526611
1530562179.0054626,71168,-11.18862247467041
1530562414.7834196,71680,-8.154287338256836
1530562649.0961783,72192,-10.254755020141602
1530562884.5279083,72704,-7.0396270751953125
1530563118.8531113,73216,-8.381246566772461
1530563354.630333,73728,-10.487466812133789
1530563588.2363987,74240,-8.301313400268555
1530563823.3396282,74752,-8.57563304901123
1530564059.4466264,75264,-8.091730117797852
1530564294.7681427,75776,-7.1003289222717285
1530564531.6452863,76288,-6.75627326965332
1530564767.557984,76800,-8.6622896194458
1530565004.5798364,77312,-9.294073104858398
1530651917.8341389,78336,-7.7733564376831055
1530652149.5574787,78848,-11.37952995300293
1530652380.7883422,79360,-9.025789260864258
1530652613.692008,79872,-8.001761436462402
1530652845.122345,80384,-7.5024847984313965
1530653076.4451842,80896,-8.12209701538086
1530653307.4998367,81408,-8.465975761413574
1530653539.0484483,81920,-9.750998497009277
1530653770.7084792,82432,-9.743697166442871
1530654002.8327038,82944,-7.318663120269775
1530654234.457797,83456,-9.380922317504883
1530654467.193318,83968,-5.664905071258545
1530654699.9950445,84480,-7.080578804016113
1530654933.5665898,84992,-4.187727928161621
1530655167.2146344,85504,-6.05235481262207
1530655399.5340724,86016,-8.411971092224121
1530655632.0013235,86528,-5.283148288726807
1530655864.752724,87040,-9.577256202697754
1530656098.3135326,87552,-8.772150039672852
1530656332.5054553,88064,-7.364049911499023
1530656565.203909,88576,-11.504993438720703
1530656798.1283484,89088,-11.165042877197266
1530657031.031172,89600,-10.997308731079102
1530657264.063356,90112,-12.649494171142578
1530657498.8270845,90624,-11.578886032104492
1530657732.2045686,91136,-9.850712776184082
1530657965.9855177,91648,-11.583086013793945
1530658199.9459062,92160,-11.272177696228027
1530658432.5937605,92672,-10.037191390991211
1530658666.2701209,93184,-11.128229141235352
1530658900.059378,93696,-8.383590698242188
1530659133.7259526,94208,-6.945115566253662
1530659367.6822057,94720,0.8443769812583923
1530659602.2680986,95232,-2.5805792808532715
1530659837.3291993,95744,-9.691431045532227
1530660072.15909,96256,1.165412187576294
1530660306.9783928,96768,-0.9893407821655273
1530660540.405438,97280,0.14933396875858307
