wall_time,step,value
1530471340.4093938,512,0.026409907266497612
1530471622.5477505,1024,0.05309733748435974
1530471907.5580616,1536,0.05528717860579491
1530472190.4810896,2048,0.038404375314712524
1530472472.5453074,2560,0.07221165299415588
1530472755.3453481,3072,0.04977664351463318
1530473038.1275768,3584,0.08396802097558975
1530473320.3997915,4096,0.07079343497753143
1530473603.6643367,4608,0.052798133343458176
1530473886.8374355,5120,0.08538701385259628
1530474171.0291038,5632,0.05056567117571831
1530474453.7676644,6144,0.08429241180419922
1530474737.0195298,6656,0.03601702302694321
1530475020.177836,7168,0.09539583325386047
1530475302.7451475,7680,0.082569420337677
1530475584.9352365,8192,0.08495796471834183
1530475866.6084745,8704,0.09266656637191772
1530476149.367486,9216,0.08759041875600815
1530476432.1912303,9728,0.09869801253080368
1530476714.570156,10240,0.07052595168352127
1530476996.0102065,10752,0.06752937287092209
1530477278.2049224,11264,0.11298500001430511
1530477560.3854764,11776,0.08588600903749466
1530477842.2558606,12288,0.07509511709213257
1530478123.8708515,12800,0.09584522992372513
1530478404.0060446,13312,0.09621205925941467
1530478686.1062844,13824,0.07702234387397766
1530478968.6700134,14336,0.08029072731733322
1530479249.9192708,14848,0.11323794722557068
1530479532.9552534,15360,0.09774237871170044
1530479815.4252827,15872,0.059193577617406845
1530480097.1091504,16384,0.1297752559185028
1530480378.7500167,16896,0.11029119789600372
1530480661.3593209,17408,0.08164007216691971
1530480943.6008928,17920,0.09413807094097137
1530481224.9311717,18432,0.10146931558847427
1530481505.3095586,18944,0.10147256404161453
1530481787.1581118,19456,0.1345372498035431
1530482068.853615,19968,0.13894018530845642
1530482351.0321422,20480,0.12833289802074432
1530482633.4800713,20992,0.07850544154644012
1530482916.3172152,21504,0.12155096232891083
1530483198.2002904,22016,0.09310919046401978
1530483480.6560535,22528,0.09606800973415375
1530483762.9405775,23040,0.14461269974708557
1530484046.4794693,23552,0.1553713083267212
1530484328.7054532,24064,0.11476390063762665
1530484612.166179,24576,0.0885319635272026
1530484895.639704,25088,0.10773134231567383
1530485177.9814,25600,0.13498717546463013
1530485461.6163166,26112,0.11328975111246109
1530485743.9728582,26624,0.11115261912345886
1530486028.0658596,27136,0.09285199642181396
1530486310.2241645,27648,0.08559194952249527
1530486593.3537445,28160,0.10517993569374084
1530486877.9579132,28672,0.16267909109592438
1530487160.5786233,29184,0.08566728234291077
1530487443.997556,29696,0.05950554087758064
1530487728.8879335,30208,0.08433204889297485
1530488012.263591,30720,0.11393231153488159
1530488296.7526193,31232,0.049606285989284515
1530488580.0597808,31744,0.11003817617893219
1530488864.891785,32256,0.0786307156085968
1530489150.1590576,32768,0.1946868598461151
1530489434.6539383,33280,0.13396798074245453
1530489718.7502449,33792,0.08924800902605057
1530490002.138691,34304,0.13672448694705963
1530490285.7050822,34816,0.15084998309612274
1530490571.046996,35328,0.09427981078624725
1530490855.682174,35840,0.0732131078839302
1530491139.610252,36352,0.13418665528297424
1530491423.1325178,36864,0.08224708586931229
1530491706.1156178,37376,0.10039438307285309
1530491991.173183,37888,0.14263589680194855
1530740126.1481552,38912,0.10641086101531982
1530740404.8762665,39424,0.11886785924434662
1530740684.5312495,39936,0.14772473275661469
1530740963.3380737,40448,0.09727916121482849
1530741242.9179065,40960,0.10889358818531036
1530741522.6327488,41472,0.09441224485635757
1530741802.0963411,41984,0.11234094947576523
1530742081.684957,42496,0.08543545007705688
1530742361.1524615,43008,0.10425072908401489
1530742642.7642345,43520,0.12160233408212662
1530742923.8917394,44032,0.05627075210213661
1530743204.1841624,44544,0.10205236077308655
1530743485.0248582,45056,0.11747872084379196
1530743766.6599357,45568,0.11846774816513062
1530744048.9457874,46080,0.10244544595479965
1530744330.50695,46592,0.13973979651927948
1530744611.4711208,47104,0.06748855113983154
1530744893.177763,47616,0.14836835861206055
1530745174.6122,48128,0.135603666305542
1530745455.0624425,48640,0.13794361054897308
1530745736.9942722,49152,0.12364204972982407
1530746017.9237585,49664,0.13042043149471283
1530746300.7170908,50176,0.12113230675458908
1530746581.4341114,50688,0.07856619358062744
1530746862.5236678,51200,0.07126908749341965
1530747144.608426,51712,0.11151131987571716
1530747425.978906,52224,0.09949562698602676
1530747708.398021,52736,0.1279643326997757
1530747989.5864313,53248,0.0781407579779625
1530748272.2242017,53760,0.1071147546172142
1530748553.311832,54272,0.10619871318340302
1530748834.5104609,54784,0.11995615810155869
1530749116.5734994,55296,0.07376445829868317
1530749397.6412466,55808,0.07094357907772064
1530749679.51841,56320,0.10406653583049774
1530749961.537676,56832,0.09383432567119598
1530750244.2948558,57344,0.08454599231481552
1530750526.597883,57856,0.10109887272119522
1530750809.0767422,58368,0.11456876993179321
1530751091.3853908,58880,0.13470104336738586
1530751371.8898065,59392,0.10108713060617447
1530751654.4646003,59904,0.1424243301153183
1530751936.6753953,60416,0.11258171498775482
1530752220.0387342,60928,0.09358768165111542
1530752500.9879804,61440,0.08930898457765579
1530752782.0935485,61952,0.11959172040224075
1530753065.1584642,62464,0.15551410615444183
1530753346.2414625,62976,0.11431999504566193
1530753628.8082776,63488,0.1423979252576828
1530753913.033688,64000,0.11670706421136856
1530754195.8858697,64512,0.09930549561977386
1530754478.4394193,65024,0.11084141582250595
1530754761.710294,65536,0.1492723673582077
1530755046.4215736,66048,0.0837116539478302
1530755329.0703206,66560,0.10876399278640747
1530755611.8828113,67072,0.0917060375213623
1530755894.5885408,67584,0.10797101259231567
1530756177.90594,68096,0.16554655134677887
1530756460.4199224,68608,0.0849020704627037
1530756742.9816227,69120,0.16406698524951935
1530757026.9539142,69632,0.12085728347301483
1530757309.0337873,70144,0.1139613687992096
1530757592.7740557,70656,0.12696155905723572
1530757875.568354,71168,0.15829141438007355
1530758157.96153,71680,0.0960497036576271
1530758441.457218,72192,0.1271647959947586
1530758723.598485,72704,0.15521511435508728
1530759008.2327702,73216,0.06681054085493088
1530759290.831017,73728,0.11225589364767075
1530759574.534307,74240,0.07296483963727951
1530759858.1986601,74752,0.09147292375564575
1530760141.6765108,75264,0.10564033687114716
1530770032.3700192,75776,0.10298467427492142
1530770312.7821083,76288,0.12697285413742065
1530770592.6351962,76800,0.10770779103040695
1530770874.5836616,77312,0.07918684929609299
1530771154.1120343,77824,0.06822328269481659
1530771433.912232,78336,0.1334843933582306
1530771714.1144912,78848,0.12759152054786682
1530771994.070759,79360,0.12408504635095596
1530772273.90204,79872,0.10563652217388153
1530772555.2704334,80384,0.09228084981441498
1530772836.655733,80896,0.13384929299354553
1530773117.7260597,81408,0.11043951660394669
1530773398.9091291,81920,0.08320611715316772
1530773679.4311051,82432,0.0426916778087616
1530773960.40674,82944,0.06912875920534134
1530774242.5848386,83456,0.1251838058233261
1530774524.5979416,83968,0.0857299193739891
1530774805.2931032,84480,0.13865038752555847
1530775085.1129138,84992,0.09546330571174622
1530775365.3363607,85504,0.09080542623996735
1530775645.7855976,86016,0.06573405116796494
1530775927.9398077,86528,0.1016962081193924
1530776208.772739,87040,0.1304921805858612
1530776489.2615943,87552,0.09932436794042587
1530776771.1130579,88064,0.14699962735176086
1530777053.4199967,88576,0.10095146298408508
1530777333.8693826,89088,0.11780738085508347
1530777614.5770798,89600,0.1195654347538948
1530777895.5925808,90112,0.11107445508241653
1530778176.4915597,90624,0.08959437161684036
1530778456.825809,91136,0.12277454137802124
1530778737.9194212,91648,0.11752348393201828
1530779018.735729,92160,0.1604275107383728
1530779301.2688496,92672,0.07968063652515411
1530779582.6222963,93184,0.14028121531009674
1530779864.388312,93696,0.11680404096841812
1530780145.8336704,94208,0.11122914403676987
1530780426.9074712,94720,0.12100718915462494
1530780708.8198054,95232,0.12372709065675735
1530780989.8684437,95744,0.13876879215240479
1530781271.4328673,96256,0.17026782035827637
1530781551.8537676,96768,0.14786791801452637
1530781833.8310628,97280,0.11630678921937943
