wall_time,step,value
1532280328.740503,512,2.661034345626831
1532281135.3856788,1024,1.7385175228118896
1532281939.4091632,1536,1.5166016817092896
1532282738.146014,2048,1.967084527015686
1532283531.2099802,2560,2.2436270713806152
1532284323.3483148,3072,1.269814372062683
1532285112.8148036,3584,1.293952465057373
1532285897.0825706,4096,1.277833104133606
1532286680.0659056,4608,1.2560280561447144
1532287462.809194,5120,1.516650915145874
1532288247.3364322,5632,1.2991505861282349
1532289032.874679,6144,1.3861905336380005
1532289821.8202205,6656,1.5591403245925903
1532290606.456716,7168,1.8575043678283691
1532291391.369626,7680,1.0944619178771973
1532292179.3235471,8192,1.8083335161209106
1532292966.0006616,8704,1.2084009647369385
1532293754.3791656,9216,1.8449534177780151
1532294547.9785352,9728,1.2143656015396118
1532295339.4682128,10240,1.2253955602645874
1532296128.5677192,10752,1.3212641477584839
1532296915.2206419,11264,1.0039857625961304
1532297700.986065,11776,1.60567045211792
1532298488.9306397,12288,1.8759807348251343
1532299276.5372906,12800,1.0946388244628906
1532300063.0169268,13312,1.017625331878662
1532300847.450516,13824,1.5218347311019897
1532301632.5578055,14336,1.3548133373260498
1532302418.443552,14848,1.3561989068984985
1532303204.4211464,15360,1.1623914241790771
1532454738.9686668,16384,1.2895926237106323
1532455523.9536624,16896,1.4978224039077759
1532456311.0430665,17408,1.369381070137024
1532457096.6194866,17920,0.9826729893684387
1532457881.0639248,18432,1.731602668762207
1532458669.1121838,18944,1.4936656951904297
1532459451.71654,19456,1.3509618043899536
1532460240.7243216,19968,1.2837846279144287
1532461027.7820241,20480,1.305713415145874
1532461813.649555,20992,1.2805999517440796
1532462600.184157,21504,1.361251950263977
1532463384.4874754,22016,1.3823633193969727
1532464168.5173845,22528,1.0610566139221191
1532464954.6140847,23040,1.3374706506729126
1532525986.229992,24064,1.149715781211853
1532526771.5508091,24576,1.1668133735656738
1532527557.5507565,25088,2.0569941997528076
1532528342.1613204,25600,0.9794936776161194
1532529127.6654406,26112,1.530637502670288
1532529913.0456216,26624,1.3313591480255127
1532530695.9588265,27136,1.0202585458755493
1532531480.4951525,27648,1.0085780620574951
1532532265.066222,28160,1.195658564567566
1532533052.52346,28672,1.1579777002334595
1532533837.0595055,29184,0.9998531937599182
1532534619.5277069,29696,1.9712527990341187
1532535403.6984117,30208,1.716011881828308
1532536187.79525,30720,1.3121562004089355
1532536972.8104486,31232,1.4114857912063599
1532537757.2706888,31744,1.208733081817627
1532538542.1343265,32256,1.7715729475021362
1532539327.4220164,32768,1.2640713453292847
1532540107.3179357,33280,1.4715180397033691
1532540893.1569948,33792,1.1453481912612915
1532541680.711588,34304,1.875927448272705
1532542464.8370936,34816,1.0067200660705566
1532543246.5681381,35328,1.382321834564209
1532544031.7810256,35840,0.870516300201416
1532544815.589709,36352,2.0890469551086426
1532545600.476775,36864,1.2856040000915527
1532546384.411997,37376,1.117310881614685
1532547168.516285,37888,1.4678585529327393
1532547952.7947955,38400,1.133158802986145
1532548739.4010625,38912,1.5793404579162598
1532549522.5735688,39424,1.697296142578125
1532550308.035855,39936,1.4811407327651978
1532551095.1610606,40448,1.3901501893997192
1532551882.6458914,40960,1.1010547876358032
1532552671.5016932,41472,1.3511296510696411
1532553457.0654833,41984,1.125556230545044
1532554242.0310218,42496,1.252431035041809
1532555026.005512,43008,1.1552352905273438
1532555813.4671493,43520,1.3965283632278442
1532556602.1846097,44032,1.5945923328399658
1532557388.9871986,44544,0.8957630395889282
1532558176.7120125,45056,1.0815519094467163
1532558965.4960337,45568,1.2513669729232788
1532559752.5316925,46080,1.1744757890701294
1532560541.4464304,46592,0.9972137212753296
1532561332.0877652,47104,1.0387860536575317
1532562123.8380942,47616,1.1452826261520386
1532562915.0286474,48128,1.4259755611419678
1532563705.3476996,48640,1.4141796827316284
1532564498.307606,49152,1.757840871810913
1532565291.5084817,49664,1.656890630722046
1532566079.7890007,50176,0.9964221715927124
1532566872.1348925,50688,1.7267091274261475
1532567661.5044794,51200,1.4232035875320435
1532568451.550313,51712,0.9372028112411499
1532569241.3308792,52224,1.7778751850128174
1532570033.0745962,52736,1.1787652969360352
1532570826.1778343,53248,1.167726755142212
1532571619.6464875,53760,1.650672197341919
1532572412.2771115,54272,0.984061598777771
1532573206.8994892,54784,1.3183306455612183
1532574000.310471,55296,1.4660170078277588
1532574794.2349808,55808,1.4008524417877197
1532575583.1143298,56320,2.5947654247283936
1532576373.1998494,56832,1.4669805765151978
1532577168.4936337,57344,1.226263403892517
1532577962.9287524,57856,1.6302564144134521
1532578755.811206,58368,1.8261488676071167
1532579550.1730235,58880,1.0976539850234985
1532729096.1764846,59392,1.2138680219650269
1532729885.6556258,59904,1.1163661479949951
1532730677.4709651,60416,2.03181791305542
1532731469.9321654,60928,1.2014409303665161
1532732258.817722,61440,1.5312166213989258
1532733049.4421904,61952,1.0473942756652832
1532733843.9981833,62464,1.293092131614685
1532734635.2005994,62976,1.036795973777771
1532735425.4683204,63488,1.7185732126235962
1532736218.6034641,64000,1.1411783695220947
1532737010.1489024,64512,0.9975278973579407
1532737801.245379,65024,1.096663475036621
1532738593.4779732,65536,1.3201626539230347
1532739388.1032047,66048,1.1196446418762207
1532740179.7024028,66560,1.3624048233032227
1532740967.1279948,67072,1.554358959197998
1532741760.073356,67584,1.4655771255493164
1532742548.854315,68096,1.5019066333770752
1532743339.2732694,68608,1.6028050184249878
1532744129.5772886,69120,1.052720069885254
1532744920.2566023,69632,1.2092640399932861
1532745709.6295047,70144,1.5291744470596313
1532746500.3089585,70656,1.24945068359375
1532747288.4549103,71168,1.593242883682251
1532748081.9417768,71680,1.1658058166503906
1532748871.6912763,72192,1.8182437419891357
1532749662.3028815,72704,1.9209681749343872
1532750458.4164011,73216,2.093522071838379
1532751247.5269365,73728,2.1259961128234863
1532752038.8003664,74240,1.1018755435943604
1532752831.664342,74752,0.9660032391548157
1532753622.267597,75264,1.1842432022094727
1532754412.9087439,75776,0.9149775505065918
1532755205.8560529,76288,1.0514552593231201
1532755997.4199874,76800,2.220414876937866
1532756788.4636261,77312,1.5865023136138916
1532757582.5736206,77824,0.9146015644073486
1532758374.21642,78336,1.080457091331482
1532759167.4787855,78848,1.251734972000122
1532759961.9864664,79360,1.8657668828964233
1532760751.983578,79872,1.2953259944915771
1532761543.3471797,80384,1.5798420906066895
1532762337.4814453,80896,1.4419758319854736
1532763131.5082223,81408,0.9884037971496582
1532763928.1492183,81920,1.3133316040039062
1532764720.218045,82432,1.619497537612915
1532765516.5758948,82944,1.3744337558746338
1532766309.7400942,83456,1.1799653768539429
1532767101.9877007,83968,2.0625956058502197
1532767896.411254,84480,1.4867037534713745
1532774454.9771636,85504,1.1812492609024048
1532775246.3780193,86016,2.2614166736602783
1532776036.890229,86528,1.196202039718628
1532776827.0028145,87040,1.068966269493103
1532777616.2269392,87552,1.527618169784546
1532778407.1600697,88064,1.0660173892974854
1532779201.241439,88576,1.0701099634170532
1532779989.467579,89088,1.019437551498413
1532780782.990383,89600,1.2034366130828857
1532781572.0852487,90112,1.1965810060501099
1532782362.037406,90624,1.444727897644043
1532783151.1815321,91136,0.8932811617851257
1532783941.4377534,91648,1.3338483572006226
1532784736.3136134,92160,1.0798827409744263
1532785525.3934479,92672,1.7407444715499878
1532786316.6627183,93184,1.2941992282867432
1532787107.219788,93696,1.2583240270614624
1532787900.9436138,94208,0.9176115393638611
1532788692.674608,94720,1.9200483560562134
1532789484.5960836,95232,1.545623540878296
1532790279.0479658,95744,1.0219695568084717
1532791072.7128446,96256,1.8099526166915894
1532791864.8630486,96768,1.2542359828948975
1532792657.3825989,97280,1.6285024881362915
