wall_time,step,value
1532211835.844858,512,0.05406460165977478
1532212902.6640596,1024,0.049018796533346176
1532213965.1221545,1536,0.055018678307533264
1532215016.808246,2048,0.09862547367811203
1532216066.5280282,2560,0.07841373980045319
1532217119.5284595,3072,0.09241248667240143
1532218159.1825743,3584,0.07828373461961746
1532219192.8400283,4096,0.0426795668900013
1532220227.5581698,4608,0.09361764043569565
1532221262.0250633,5120,0.12285321205854416
1532222294.0847907,5632,0.12206804007291794
1532223326.9756246,6144,0.10340084880590439
1532224358.7021954,6656,0.10980789363384247
1532225389.581817,7168,0.11895588785409927
1532226419.0129468,7680,0.12077745050191879
1532227451.9571564,8192,0.12726588547229767
1532228482.315992,8704,0.16876006126403809
1532229519.065823,9216,0.15598200261592865
1532230553.6473858,9728,0.11638567596673965
1532231592.3109717,10240,0.08248160779476166
1532232631.2789192,10752,0.1139192283153534
1532233670.5502968,11264,0.17968648672103882
1532234707.8423347,11776,0.10101516544818878
1532235743.7454927,12288,0.09677589684724808
1532236780.4880965,12800,0.14332160353660583
1532237819.1036024,13312,0.12840034067630768
1532238856.869159,13824,0.12419483065605164
1532239892.8128107,14336,0.1413305550813675
1532240928.6561606,14848,0.0754137635231018
1532241968.4734445,15360,0.10719279944896698
1532243010.5796466,15872,0.13906607031822205
1532244053.1014898,16384,0.09307742118835449
1532245094.8648496,16896,0.0777154415845871
1532246131.426584,17408,0.23901206254959106
1532247168.944183,17920,0.1613893359899521
1532248206.723506,18432,0.1058994010090828
1532249246.896603,18944,0.14088937640190125
1532250288.4563456,19456,0.0648900642991066
1532251324.7493966,19968,0.14620549976825714
1532252365.6812773,20480,0.13674530386924744
1532253407.885968,20992,0.11792467534542084
1532254445.4346404,21504,0.15931019186973572
1532255487.1327593,22016,0.16209253668785095
1532256526.9234774,22528,0.12168682366609573
1532257565.359028,23040,0.13304775953292847
1532258605.3483467,23552,0.1071208268404007
1532259645.7098868,24064,0.14947272837162018
1532260690.185323,24576,0.11687429994344711
1532261732.5866015,25088,0.09203667938709259
1532262776.7745848,25600,0.10171783715486526
1532263816.169713,26112,0.1764654666185379
1532264860.2795498,26624,0.09985405951738358
1532265902.3509958,27136,0.09838899224996567
1532266946.4710054,27648,0.11216185986995697
1532267990.4375546,28160,0.11727143824100494
1532269033.3374324,28672,0.05052409693598747
1532270079.2880995,29184,0.13515163958072662
1532271124.1401296,29696,0.16934406757354736
1532272166.0315447,30208,0.11537980288267136
1532273211.2966135,30720,0.13354764878749847
1532274258.2336159,31232,0.1218346655368805
1532275303.8052523,31744,0.11296495795249939
1532276348.0623565,32256,0.16422319412231445
1532277392.7904198,32768,0.12436537444591522
1532278435.0134459,33280,0.1150272786617279
1532279480.1359391,33792,0.10397446155548096
1532307913.1835148,34304,0.10009026527404785
1532308955.471007,34816,0.1504201591014862
1532310002.8966832,35328,0.12389231473207474
1532311046.666798,35840,0.09320423007011414
1532312093.4499738,36352,0.1321277767419815
1532313138.278634,36864,0.13560546934604645
1532385029.7338338,37888,0.14177760481834412
1532386072.362616,38400,0.171791672706604
1532387117.2527976,38912,0.13715864717960358
1532388164.2880933,39424,0.10870607197284698
1532389210.6588192,39936,0.14729124307632446
1532390256.3059747,40448,0.10930531471967697
1532391299.3045247,40960,0.12953391671180725
1532392345.5743363,41472,0.14748349785804749
1532393393.071727,41984,0.14599554240703583
1532394438.2029018,42496,0.08805400133132935
1532395484.6360059,43008,0.11162212491035461
1532396531.7477014,43520,0.12116338312625885
1532397576.8105896,44032,0.13581672310829163
1532398622.457974,44544,0.18078038096427917
1532399668.1244943,45056,0.09767864644527435
1532400714.6357448,45568,0.11911308765411377
1532401761.3923213,46080,0.05906098335981369
1532402808.208273,46592,0.12104054540395737
1532403856.7498562,47104,0.09271552413702011
1532404908.4012315,47616,0.10321875661611557
1532405956.2833855,48128,0.12998299300670624
1532407007.6723514,48640,0.10662341862916946
1532408056.4300497,49152,0.07507290691137314
1532409105.3134968,49664,0.06866619735956192
1532410153.4209104,50176,0.13566038012504578
1532411201.9594812,50688,0.09299135953187943
1532412251.6114864,51200,0.11256075650453568
1532413303.2299335,51712,0.10309646278619766
1532414353.1584365,52224,0.1369277983903885
1532415405.3690794,52736,0.1370047777891159
1532416456.3886178,53248,0.07115492969751358
1532417503.3011353,53760,0.08107729256153107
1532418554.292904,54272,0.12520824372768402
1532419604.4479187,54784,0.13452903926372528
1532420654.0977507,55296,0.12926587462425232
1532421707.558549,55808,0.13624994456768036
1532422757.604635,56320,0.11857451498508453
1532423807.2984772,56832,0.05967225506901741
1532424855.4097874,57344,0.14191563427448273
1532425902.749055,57856,0.1671651303768158
1532426948.5521817,58368,0.09154964983463287
1532427999.8453248,58880,0.16941149532794952
1532429053.250141,59392,0.09815565496683121
1532430105.757364,59904,0.13582390546798706
1532431159.8845873,60416,0.08827634900808334
1532432213.597787,60928,0.11641082912683487
1532433266.7716246,61440,0.08689162135124207
1532434315.7554984,61952,0.12126021087169647
1532435368.7119966,62464,0.13762886822223663
1532436423.7684162,62976,0.09388139098882675
1532437477.9097018,63488,0.08960603177547455
1532438528.7609658,64000,0.11621034890413284
1532439583.854934,64512,0.114509217441082
1532440636.619084,65024,0.15212255716323853
1532441690.9774017,65536,0.09842079132795334
1532442746.778201,66048,0.09326457977294922
1532443800.6281633,66560,0.15028537809848785
1532444854.0340984,67072,0.1692468374967575
1532445908.4415615,67584,0.12308721244335175
1532446964.1046288,68096,0.07483737170696259
1532448016.5187657,68608,0.13102619349956512
1532449068.936284,69120,0.06845613569021225
1532450123.8630574,69632,0.10679205507040024
1532451177.8021765,70144,0.1008007824420929
1532452232.2836428,70656,0.15832048654556274
1532453282.7835157,71168,0.08112523704767227
1532471927.3936546,71680,0.15346644818782806
1532472975.102633,72192,0.07311788946390152
1532474021.978157,72704,0.14123517274856567
1532475069.36011,73216,0.08567101508378983
1532476117.9002562,73728,0.13726244866847992
1532477166.9439814,74240,0.04706971347332001
1532478218.3607237,74752,0.1564713716506958
1532479270.0369678,75264,0.1197897270321846
1532480320.8068557,75776,0.08696068823337555
1532481369.3628716,76288,0.10759119689464569
1532482418.9143426,76800,0.11418367177248001
1532483471.5499358,77312,0.07096033543348312
1532484520.0422404,77824,0.08074332028627396
1532485572.129884,78336,0.10755675286054611
1532486622.8585167,78848,0.14788366854190826
1532487672.650323,79360,0.10190050303936005
1532488726.6069796,79872,0.1478293240070343
1532489776.6824965,80384,0.16629092395305634
1532490832.5102866,80896,0.13973471522331238
1532491885.5122783,81408,0.11256583034992218
1532492936.4017105,81920,0.15779706835746765
1532493986.8332822,82432,0.1099817082285881
1532495041.4477994,82944,0.12307055294513702
1532496097.292273,83456,0.0805434063076973
1532497150.041841,83968,0.08163931220769882
1532498203.5028722,84480,0.10916943848133087
1532499257.6514509,84992,0.08370290696620941
1532500311.8473227,85504,0.08702646940946579
1532501363.5124626,86016,0.114434152841568
1532502417.54043,86528,0.09212317317724228
1532503468.1583047,87040,0.08875966817140579
1532504518.911394,87552,0.1737264096736908
1532505568.0424647,88064,0.12112533301115036
1532506620.5021336,88576,0.11475418508052826
1532507672.8142865,89088,0.14128378033638
1532508728.1065853,89600,0.1006101593375206
1532509781.076522,90112,0.12892115116119385
1532510834.4277186,90624,0.14028316736221313
1532511888.9685097,91136,0.10633128881454468
1532512943.9951372,91648,0.14771676063537598
1532513998.4543362,92160,0.13234765827655792
1532515054.6514955,92672,0.10664357244968414
1532516108.4031086,93184,0.07208344340324402
1532517162.2497342,93696,0.09423413872718811
1532518217.663987,94208,0.14703325927257538
1532519269.4996157,94720,0.11334218829870224
1532520324.8195503,95232,0.13435499370098114
1532521379.5151515,95744,0.10095604509115219
1532522437.539155,96256,0.14775331318378448
1532523495.0685275,96768,0.1287202537059784
1532524548.9572194,97280,0.10107475519180298
