wall_time,step,value
1531609998.0318506,128,-27.04834747314453
1531610188.9378889,256,-16.0173397064209
1531610379.952662,384,-13.163002014160156
1531610571.0174327,512,-12.802231788635254
1531610952.8188007,640,-12.234614372253418
1531611143.7277122,768,-12.297264099121094
1531611334.4802413,896,-11.842607498168945
1531611525.4813976,1024,-12.197216987609863
1531611927.356818,1152,-10.397488594055176
1531612118.1886528,1280,-10.56414794921875
1531612309.0358877,1408,-10.606424331665039
1531612499.9523766,1536,-10.357564926147461
1531670403.689729,1664,-10.07473087310791
1531670594.3885145,1792,-10.08359146118164
1531670785.1699228,1920,-8.900849342346191
1531670976.0225165,2048,-9.62804889678955
1531671363.9385803,2176,-9.211298942565918
1531671554.5535445,2304,-9.055231094360352
1531671745.4154189,2432,-8.853737831115723
1531671936.1737108,2560,-8.535131454467773
1531672320.2163506,2688,-8.337958335876465
1531672511.052772,2816,-8.41167163848877
1531672701.917339,2944,-8.331469535827637
1531672892.4715588,3072,-7.372380256652832
1531673268.0891984,3200,-8.001592636108398
1531673458.907674,3328,-7.488932132720947
1531673649.7522442,3456,-7.31956672668457
1531673840.7666647,3584,-7.1995720863342285
1531674201.2192254,3712,-7.223295211791992
1531674392.2836845,3840,-7.511477470397949
1531674583.2079747,3968,-7.288796901702881
1531674774.168496,4096,-7.20060920715332
1531675136.664772,4224,-6.995855808258057
1531675327.63078,4352,-7.198995590209961
1531675518.5271778,4480,-6.9344353675842285
1531675709.4200523,4608,-6.7260332107543945
1531676066.5347106,4736,-7.251590728759766
1531676257.3713095,4864,-7.179453372955322
1531676448.2597418,4992,-6.6833815574646
1531676639.122467,5120,-6.79683780670166
1531677006.4357526,5248,-6.552366733551025
1531677197.4283404,5376,-6.324258804321289
1531677388.555442,5504,-6.3949875831604
1531677579.6470368,5632,-6.750617980957031
1531677944.3495283,5760,-6.616799354553223
1531678135.4538548,5888,-6.417081832885742
1531678326.5173562,6016,-6.649258613586426
1531678517.636386,6144,-6.052239418029785
1531678888.4108472,6272,-6.280630111694336
1531679079.2349868,6400,-6.387724876403809
1531679270.1850302,6528,-5.91658353805542
1531679461.0491414,6656,-6.213400363922119
1531679831.781874,6784,-6.225693225860596
1531680022.7113228,6912,-6.141376495361328
1531680213.6796257,7040,-6.051807880401611
1531680404.6531482,7168,-6.053639888763428
1531680776.816491,7296,-5.981660842895508
1531680967.8367753,7424,-5.78778076171875
1531681158.8883429,7552,-5.962348461151123
1531681349.7049477,7680,-5.817556381225586
1531681722.60452,7808,-6.144558429718018
1531681913.7202396,7936,-5.679774284362793
1531682104.8417077,8064,-5.751641750335693
1531682295.9264543,8192,-5.824685096740723
1531682669.1691008,8320,-5.394315719604492
1531682860.2833772,8448,-5.477980613708496
1531683051.2408285,8576,-5.563661575317383
1531683242.3481474,8704,-5.348415851593018
1531683619.5588524,8832,-5.164332866668701
1531683810.4878407,8960,-5.513970375061035
1531684001.4097176,9088,-5.746713161468506
1531684192.284099,9216,-5.511966705322266
1531684564.6852226,9344,-5.283791542053223
1531684755.6871595,9472,-5.379001140594482
1531684946.6317592,9600,-5.4450154304504395
1531685137.7219017,9728,-5.3341217041015625
1531685512.1058521,9856,-5.257819652557373
1531685703.0253031,9984,-5.080728054046631
1531685894.025239,10112,-5.091732501983643
1531686085.026347,10240,-5.297475337982178
1531686463.0993526,10368,-5.355198383331299
1531686653.9502184,10496,-5.486050605773926
1531686844.7721028,10624,-5.305178642272949
1531687035.5639498,10752,-5.351310729980469
1531687409.9379086,10880,-5.056926727294922
1531687600.7516441,11008,-5.179131507873535
1531687791.5836637,11136,-5.394447326660156
1531687982.4351203,11264,-4.994276523590088
1531688353.5511732,11392,-5.153473377227783
1531688544.5319433,11520,-5.418909072875977
1531688735.595923,11648,-4.963732719421387
1531688926.5789838,11776,-4.89224910736084
1531689297.7164016,11904,-4.795406818389893
1531689488.7288992,12032,-4.7297749519348145
1531689679.7433903,12160,-4.943051338195801
1531689870.9319723,12288,-5.002416133880615
1531690243.470909,12416,-4.678649425506592
1531690434.485986,12544,-4.969283580780029
1531690625.4868631,12672,-4.859211444854736
1531690816.33646,12800,-4.621492862701416
1531691188.1037624,12928,-4.711777687072754
1531691379.0530908,13056,-4.521454811096191
1531691570.2624428,13184,-4.8859734535217285
1531691761.417098,13312,-4.892949104309082
1531692133.461119,13440,-4.910889625549316
1531692324.3798294,13568,-4.672140598297119
1531692515.5384963,13696,-4.637866973876953
1531692706.4851913,13824,-4.495815277099609
1531693080.7661119,13952,-5.056084632873535
1531693271.884437,14080,-4.481094837188721
1531693462.8917713,14208,-4.830121040344238
1531693653.955147,14336,-4.513704776763916
1531694029.030189,14464,-4.758299827575684
1531694219.8281167,14592,-4.596364498138428
1531694410.6024542,14720,-4.585372447967529
1531694601.5470526,14848,-4.467434883117676
1531694972.2251763,14976,-4.574398517608643
1531695163.1460369,15104,-4.619217395782471
1531695354.1350632,15232,-4.452273845672607
1531695545.0899067,15360,-4.395801067352295
1531695914.6644313,15488,-4.343523025512695
1531696105.6896293,15616,-4.564047813415527
1531696296.600937,15744,-4.397159099578857
1531696487.5175602,15872,-4.342039108276367
1531696858.5685294,16000,-4.478017807006836
1531697049.587154,16128,-4.52132511138916
1531697240.5256073,16256,-4.529333114624023
1531697431.5081484,16384,-4.317551136016846
1531701354.1164606,16512,-4.1778106689453125
1531701545.1088433,16640,-4.358334064483643
1531701736.058988,16768,-4.489782810211182
1531701926.9864304,16896,-4.407876968383789
1531702292.4901881,17024,-4.336885929107666
1531702483.483229,17152,-3.891084909439087
1531702674.3325834,17280,-4.561070919036865
1531702865.2940733,17408,-4.260571002960205
1531703231.0572324,17536,-4.322588920593262
1531703422.137119,17664,-4.111392974853516
1531703613.3607867,17792,-4.42609977722168
1531703804.367843,17920,-4.305607795715332
1531704173.3395445,18048,-4.399062156677246
1531704364.354354,18176,-4.049066066741943
1531704555.3678434,18304,-4.221353054046631
1531704746.321367,18432,-4.166994571685791
1531705116.0136712,18560,-3.985914945602417
1531705307.0466452,18688,-4.306636333465576
1531705498.1266935,18816,-3.996995210647583
1531705689.170261,18944,-4.338250637054443
1531706055.8072395,19072,-4.063888072967529
1531706246.845438,19200,-4.3363871574401855
1531706438.0423794,19328,-4.128433704376221
1531706629.196744,19456,-4.130699634552002
1531707001.3000808,19584,-4.0519304275512695
1531707192.4493911,19712,-4.258453369140625
1531707383.6078167,19840,-4.243626117706299
1531707574.6698956,19968,-4.124385833740234
1531707943.5209637,20096,-4.040136814117432
1531708134.5172694,20224,-4.031177997589111
1531708325.6765435,20352,-3.9281575679779053
1531708516.694456,20480,-4.266391277313232
1531708886.2995205,20608,-4.119990348815918
1531709077.5289226,20736,-4.003261566162109
1531709268.4727027,20864,-4.054489612579346
1531709459.5505223,20992,-4.159368991851807
1531709829.8098788,21120,-4.065009117126465
1531710020.7947063,21248,-3.960197687149048
1531710211.8274758,21376,-4.169377326965332
1531710403.053079,21504,-3.9954206943511963
1531710771.2264981,21632,-3.896066665649414
1531710962.3317997,21760,-3.9593725204467773
1531711153.4419453,21888,-3.872662305831909
1531711344.635029,22016,-3.82244610786438
1531711715.9825482,22144,-3.7582359313964844
1531711907.0788147,22272,-3.8501393795013428
1531712098.2957842,22400,-3.941939115524292
1531712289.2368681,22528,-3.7326741218566895
1531712658.7591906,22656,-3.81911563873291
1531712849.7519026,22784,-3.9023900032043457
1531713040.6058192,22912,-3.7651607990264893
1531713231.3694358,23040,-3.8339385986328125
1531713599.8439403,23168,-3.919689178466797
1531713790.887864,23296,-4.202768325805664
1531713982.0984657,23424,-3.6963412761688232
1531714173.175249,23552,-3.717123031616211
1531714545.8474822,23680,-4.077902317047119
1531714736.8964539,23808,-3.8240089416503906
1531714927.9854877,23936,-3.8142054080963135
1531715119.0822551,24064,-3.7226815223693848
1531715489.7640226,24192,-3.6236214637756348
1531715680.818719,24320,-3.84462833404541
1531715871.9026487,24448,-3.8936119079589844
1531716062.7593873,24576,-3.8869826793670654
1531716431.7242336,24704,-3.891968250274658
1531716622.7356815,24832,-4.034448146820068
1531716813.7697074,24960,-3.844066858291626
1531717004.7732954,25088,-3.8845646381378174
1531717374.584602,25216,-3.857665538787842
1531717565.4362736,25344,-3.853168249130249
1531717756.4714575,25472,-3.8604331016540527
1531717947.214609,25600,-3.7501275539398193
1531718315.8162272,25728,-4.093688488006592
1531718506.777735,25856,-3.507910966873169
1531718697.8727229,25984,-3.73468017578125
1531718888.9693098,26112,-3.93668794631958
1531719260.713052,26240,-3.971907138824463
1531719451.696499,26368,-3.827587842941284
1531719642.7657738,26496,-3.7277112007141113
1531719833.8191183,26624,-3.744297981262207
1531720199.6544926,26752,-3.8008873462677
1531720390.5640664,26880,-3.992487668991089
1531720581.2958038,27008,-3.7338473796844482
1531720772.4180532,27136,-3.6075665950775146
1531721145.9668484,27264,-3.5285701751708984
1531721337.0980651,27392,-3.8071441650390625
1531721528.2275076,27520,-3.783522367477417
1531721719.061531,27648,-3.93682861328125
1531722090.5197208,27776,-3.759873628616333
1531722281.5990052,27904,-3.49324369430542
1531722472.6859791,28032,-3.931968927383423
1531722663.9733355,28160,-3.796623706817627
1531723029.2204423,28288,-3.3846452236175537
1531723220.473364,28416,-3.720370292663574
1531723411.5817058,28544,-3.67755389213562
1531723602.7126942,28672,-3.604557991027832
1531723972.1446624,28800,-3.743177652359009
1531724163.3016014,28928,-3.569753408432007
1531724354.3740158,29056,-3.678973436355591
1531724545.6205468,29184,-3.3177318572998047
1531724916.5986958,29312,-3.390167713165283
1531725107.593223,29440,-3.7559926509857178
1531725298.6693535,29568,-3.5413684844970703
1531725489.6686466,29696,-3.450464963912964
1531725859.8944552,29824,-3.5328118801116943
1531726050.8772514,29952,-3.566122055053711
1531726242.0105476,30080,-3.742513656616211
1531726433.1008904,30208,-3.458948850631714
1531726806.541736,30336,-3.565382957458496
1531726997.5139306,30464,-3.4755775928497314
1531727188.5649621,30592,-3.6031079292297363
1531727379.7488415,30720,-3.399548053741455
1531727751.4641206,30848,-3.624565839767456
1531727942.5161197,30976,-3.415260076522827
1531728133.667664,31104,-3.3386216163635254
1531728324.8796232,31232,-3.541386842727661
1531728691.8297396,31360,-3.6381611824035645
1531728882.7419782,31488,-3.4604077339172363
1531729073.7341764,31616,-3.222949266433716
1531729264.860083,31744,-3.7309751510620117
1531729639.7795293,31872,-3.433281183242798
1531729830.9577706,32000,-3.718529224395752
1531730022.0157707,32128,-3.424224615097046
1531730213.2191772,32256,-3.304849863052368
1531730581.9230807,32384,-3.6296422481536865
1531730773.0033023,32512,-3.3274102210998535
1531730964.1690922,32640,-3.299046754837036
1531731155.301102,32768,-3.762845277786255
1531737405.2145586,32896,-3.334381341934204
1531737601.7324843,33024,-3.283720016479492
1531737798.319373,33152,-3.3252294063568115
1531737994.8735044,33280,-3.153421640396118
1531738366.365702,33408,-3.353365898132324
1531738557.143294,33536,-3.5586729049682617
1531738748.024523,33664,-3.224482297897339
1531738938.8014271,33792,-3.7225446701049805
1531739310.2046144,33920,-3.2684998512268066
1531739500.9829843,34048,-3.4241795539855957
1531739691.8163943,34176,-3.2922463417053223
1531739882.7557447,34304,-3.5045998096466064
1531740257.742883,34432,-3.4787802696228027
1531740448.6196847,34560,-3.3446102142333984
1531740639.5135543,34688,-3.2042181491851807
1531740830.355298,34816,-3.323486089706421
1531741204.161071,34944,-3.41316819190979
1531741395.0230744,35072,-3.3355660438537598
1531741585.8590753,35200,-3.248600959777832
1531741776.7778904,35328,-3.277348756790161
1531742145.2731237,35456,-3.2858328819274902
1531742336.0983765,35584,-3.297232151031494
1531742527.0258863,35712,-3.3776707649230957
1531742718.0532427,35840,-3.3177123069763184
1531743089.6380296,35968,-3.159083843231201
1531743280.4647925,36096,-3.6417081356048584
1531743471.416966,36224,-3.404296636581421
1531743662.3096788,36352,-3.266326665878296
1531744033.2391775,36480,-3.2420833110809326
1531744224.3582876,36608,-3.3930704593658447
1531744415.4777699,36736,-3.1300859451293945
1531744606.5496795,36864,-3.3147966861724854
1531744973.7384546,36992,-3.2158777713775635
1531745164.8127089,37120,-3.4264113903045654
1531745355.993025,37248,-3.329878568649292
1531745547.061504,37376,-3.4138998985290527
1531745915.1130474,37504,-3.294489860534668
1531746106.0625238,37632,-3.204035520553589
1531746297.1006393,37760,-3.1939127445220947
1531746488.2851872,37888,-3.0873281955718994
1531746860.31024,38016,-3.21993350982666
1531747051.2781951,38144,-3.23544979095459
1531747242.159199,38272,-3.054079055786133
1531747433.222531,38400,-3.170524835586548
1531747805.6045222,38528,-3.157681465148926
1531747996.4806845,38656,-3.1532506942749023
1531748187.4463875,38784,-3.2441978454589844
1531748378.3193984,38912,-3.310276746749878
1531763466.0637927,39040,-3.227189064025879
1531763662.7897835,39168,-3.200340747833252
1531763859.480271,39296,-3.2152178287506104
1531764056.2359054,39424,-3.3408396244049072
1531764429.2447023,39552,-3.3197853565216064
1531764620.2972803,39680,-3.182738780975342
1531764811.350849,39808,-3.188093423843384
1531765002.4224758,39936,-3.5394012928009033
1531765368.3661013,40064,-2.9951348304748535
1531765559.3893945,40192,-2.915632963180542
1531765750.453661,40320,-3.1315321922302246
1531765941.5190547,40448,-3.252340793609619
1531766316.7066953,40576,-3.1322484016418457
1531766507.803978,40704,-3.3669066429138184
1531766699.0480192,40832,-3.121962547302246
1531766890.184318,40960,-3.271353244781494
1531767265.6859405,41088,-3.130735158920288
1531767456.6397758,41216,-3.1507060527801514
1531767647.6752417,41344,-3.192911148071289
1531767838.7070143,41472,-2.9934580326080322
1531768208.5476656,41600,-3.1486520767211914
1531768399.4524844,41728,-3.0024969577789307
1531768590.497905,41856,-3.1949269771575928
1531768781.4406044,41984,-3.2035622596740723
1531769152.4647512,42112,-3.1110498905181885
1531769343.2306433,42240,-3.2819600105285645
1531769534.0935807,42368,-2.9930660724639893
1531769725.1042879,42496,-3.20790958404541
1531770097.0928962,42624,-3.191088914871216
1531770287.9818041,42752,-3.1677355766296387
1531770479.064161,42880,-2.8509023189544678
1531770670.1010714,43008,-3.084643602371216
1531771042.7329288,43136,-3.1070077419281006
1531771233.6746714,43264,-3.1634881496429443
1531771424.6726773,43392,-3.1693222522735596
1531771615.7206569,43520,-2.8267130851745605
1531772582.3610926,43648,-2.965294361114502
1531772778.8952217,43776,-3.1396350860595703
1531772975.568228,43904,-3.122238874435425
1531773172.0904436,44032,-3.0552875995635986
1531773542.5652642,44160,-3.1383461952209473
1531773733.5165198,44288,-2.7804172039031982
1531773924.4460073,44416,-3.057192325592041
1531774115.4828463,44544,-3.0950379371643066
1531774480.4553735,44672,-2.8121185302734375
1531774671.3808665,44800,-2.970766305923462
1531774862.163732,44928,-3.1221659183502197
1531775053.1460903,45056,-3.20139479637146
1531775422.2724433,45184,-3.0349042415618896
1531775612.9500933,45312,-2.897778272628784
1531775803.612494,45440,-3.196070432662964
1531775994.3082747,45568,-2.8778247833251953
1531776365.6020467,45696,-3.0391578674316406
1531776556.2162135,45824,-3.272883415222168
1531776746.839569,45952,-2.646911382675171
1531776937.465586,46080,-3.027250289916992
1531777301.3504577,46208,-3.284743547439575
1531777492.0291023,46336,-2.891711950302124
1531777682.6748083,46464,-3.0249791145324707
1531777873.2735555,46592,-3.0554728507995605
1531778245.0689712,46720,-3.0394446849823
1531778435.8010046,46848,-3.2282018661499023
1531778626.552002,46976,-2.8888869285583496
1531778817.34109,47104,-3.0731003284454346
1531779192.951108,47232,-3.0422825813293457
1531779383.9513671,47360,-3.2200019359588623
1531779574.8342094,47488,-2.7606167793273926
1531779765.7714446,47616,-2.95599627494812
1531780134.7131655,47744,-2.683823347091675
1531780325.7020874,47872,-3.091068983078003
1531780516.6376057,48000,-3.094514846801758
1531780707.783891,48128,-2.9756345748901367
1531781075.927921,48256,-2.8502037525177
1531781266.8430784,48384,-2.983286142349243
1531781457.7411885,48512,-3.009370803833008
1531781648.7281945,48640,-2.8987162113189697
1531782018.0293288,48768,-2.9857473373413086
1531782208.9372473,48896,-2.739377975463867
1531782399.8579547,49024,-3.0376975536346436
1531782590.779291,49152,-2.851149082183838
1531782959.6389024,49280,-2.9940004348754883
1531783150.5981174,49408,-2.8608436584472656
1531783341.5480623,49536,-3.2459566593170166
1531783532.459739,49664,-2.888519287109375
1531783901.381385,49792,-3.17714524269104
1531784092.2379992,49920,-3.1294147968292236
1531784283.1386313,50048,-2.6020960807800293
1531784474.087817,50176,-3.075225830078125
1531784847.346516,50304,-2.7662031650543213
1531785038.265139,50432,-2.9229989051818848
1531785229.2117667,50560,-3.189615488052368
1531785420.1203952,50688,-2.8001012802124023
1531785788.2990222,50816,-2.715665817260742
1531785979.1128163,50944,-2.8166699409484863
1531786169.8820477,51072,-2.9421985149383545
1531786360.7505195,51200,-3.234264850616455
1531786733.3982825,51328,-3.0431628227233887
1531786923.9278061,51456,-2.7754287719726562
1531787114.5604463,51584,-2.946993112564087
1531787305.2369187,51712,-2.8445000648498535
1531787675.9272432,51840,-3.1157326698303223
1531787866.6312706,51968,-3.0737171173095703
1531788057.386423,52096,-2.899160146713257
1531788248.1270354,52224,-2.896469831466675
1531788618.2250824,52352,-3.003298282623291
1531788808.9388006,52480,-2.872119188308716
1531788999.746026,52608,-2.915537118911743
1531789190.575226,52736,-3.024867296218872
1531789568.8476152,52864,-3.1469199657440186
1531789759.7561839,52992,-3.0179455280303955
1531789950.62958,53120,-2.7678606510162354
1531790141.4334397,53248,-2.811192274093628
1531790510.8972104,53376,-2.8923184871673584
1531790701.79873,53504,-2.6983132362365723
1531790892.5738356,53632,-3.0199880599975586
1531791083.5221353,53760,-3.1907124519348145
1531791455.189972,53888,-2.8563644886016846
1531791646.0458996,54016,-2.846733570098877
1531791836.9559648,54144,-2.67952823638916
1531792027.7891726,54272,-2.806302785873413
1531792399.6905649,54400,-2.894148826599121
1531792590.618057,54528,-2.8204009532928467
1531792781.5991628,54656,-2.83333158493042
1531792972.530281,54784,-2.7742414474487305
1531793347.8294446,54912,-3.0261149406433105
1531793538.6481757,55040,-2.921226978302002
1531793729.3618279,55168,-3.0045132637023926
1531793919.998179,55296,-2.7098143100738525
1531794294.919214,55424,-2.89385986328125
1531794485.640417,55552,-2.8426904678344727
1531794676.2919133,55680,-2.9213814735412598
1531794866.9930875,55808,-3.145777463912964
1531795239.0005054,55936,-2.7233667373657227
1531795429.6403682,56064,-2.9667372703552246
1531795620.4175653,56192,-2.778427839279175
1531795811.1976807,56320,-2.8300957679748535
1531796181.9607391,56448,-2.7486379146575928
1531796372.9555883,56576,-2.894804000854492
1531796563.8962975,56704,-2.7431800365448
1531796754.8148787,56832,-3.003175973892212
1531797127.8629274,56960,-2.8356809616088867
1531797318.6601315,57088,-2.881366491317749
1531797509.641048,57216,-2.6950368881225586
1531797700.5399642,57344,-2.657266855239868
1531798075.3904006,57472,-3.0421388149261475
1531798266.2009115,57600,-2.642974615097046
1531798457.1207929,57728,-2.6037328243255615
1531798648.0510578,57856,-2.7432239055633545
1531799019.0690281,57984,-2.774803638458252
1531799209.7977006,58112,-2.8278064727783203
1531799400.511798,58240,-2.9610681533813477
1531799591.2194417,58368,-2.7328693866729736
1531799960.372704,58496,-2.8820056915283203
1531800151.078144,58624,-2.8213212490081787
1531800341.7930415,58752,-2.9079294204711914
1531800532.3751318,58880,-2.7359113693237305
1531800902.496239,59008,-2.9764113426208496
1531801093.1972198,59136,-2.9999942779541016
1531801283.9068434,59264,-2.6980409622192383
1531801474.6920888,59392,-2.9010939598083496
1531801848.1933923,59520,-2.825157642364502
1531802038.8959172,59648,-3.1643214225769043
1531802229.7577114,59776,-2.8298699855804443
1531802420.6014209,59904,-2.612924098968506
1531802793.5072186,60032,-2.7403223514556885
1531802984.3494592,60160,-2.851712942123413
1531803175.2747905,60288,-2.6888983249664307
1531803366.1224356,60416,-2.8164072036743164
1531803740.4651144,60544,-2.640414237976074
1531803931.3585393,60672,-2.9957919120788574
1531804122.2311378,60800,-2.9277241230010986
1531804313.0844471,60928,-2.865065813064575
1531804686.312942,61056,-2.6325931549072266
1531804877.0278137,61184,-2.667994260787964
1531805068.064272,61312,-2.7432074546813965
1531805258.9470625,61440,-2.7256267070770264
1531805634.4224176,61568,-2.679253101348877
1531805825.2694879,61696,-2.8072502613067627
1531806016.1939077,61824,-2.8949220180511475
1531806207.1579835,61952,-2.7906439304351807
1531806580.9036486,62080,-2.749593734741211
1531806771.7640328,62208,-2.899193286895752
1531806962.5567768,62336,-2.7227935791015625
1531807153.4586647,62464,-2.8834147453308105
1531807524.9012082,62592,-2.8413755893707275
1531807715.7653558,62720,-2.6443166732788086
1531807906.6781154,62848,-2.982560396194458
1531808097.4474666,62976,-2.585216999053955
1531808472.681042,63104,-2.656747341156006
1531808663.3086996,63232,-2.6213533878326416
1531808854.1611435,63360,-2.9759953022003174
1531809044.858288,63488,-2.7883052825927734
1531809418.6126003,63616,-2.544508457183838
1531809609.2462835,63744,-2.834289073944092
1531809799.8645132,63872,-2.643998861312866
1531809990.5992177,64000,-2.7613656520843506
1531810369.6336195,64128,-2.5324885845184326
1531810560.312442,64256,-2.637040138244629
1531810751.0149913,64384,-2.711674451828003
1531810941.666554,64512,-2.751540184020996
1531811315.539834,64640,-2.8113698959350586
1531811506.4686656,64768,-2.819835662841797
1531811697.2589483,64896,-2.6517221927642822
1531811888.1668603,65024,-2.664456605911255
1531812265.7941194,65152,-2.7359676361083984
1531812456.7135208,65280,-2.6513454914093018
1531812647.4884725,65408,-2.7710137367248535
1531812838.4507182,65536,-2.812007188796997
1531813216.4743655,65664,-2.8566136360168457
1531813407.5446126,65792,-2.816159963607788
1531813598.4692578,65920,-2.8398518562316895
1531813789.4544113,66048,-2.7548885345458984
1531814167.7244976,66176,-2.8061790466308594
1531814358.645656,66304,-2.9194893836975098
1531814549.6216362,66432,-2.6684374809265137
1531814740.5759737,66560,-2.7004940509796143
1531815119.6881077,66688,-2.553548812866211
1531815310.6765888,66816,-2.5070600509643555
1531815501.5846944,66944,-2.369699239730835
1531815692.6018,67072,-2.482257127761841
1531816069.539002,67200,-2.7447988986968994
1531816260.4066617,67328,-2.7228360176086426
1531816451.3210306,67456,-2.7908554077148438
1531816642.1414235,67584,-2.7475733757019043
1531817022.4487247,67712,-2.6069705486297607
1531817213.477642,67840,-2.4914772510528564
1531817404.3017178,67968,-2.4873366355895996
1531817595.2474267,68096,-2.60750150680542
1531817974.2341008,68224,-2.601555109024048
1531818165.0553453,68352,-2.6213440895080566
1531818356.0653443,68480,-2.8059754371643066
1531818547.070763,68608,-2.899240016937256
1531818928.5320158,68736,-2.979491710662842
1531819119.4068289,68864,-2.812229871749878
1531819310.3937933,68992,-2.731041193008423
1531819501.3581028,69120,-2.547313690185547
1531819881.2452593,69248,-2.651073694229126
1531820072.0447712,69376,-2.6277449131011963
1531820262.9062266,69504,-2.4619550704956055
1531820453.7185032,69632,-2.6554155349731445
1531820833.0625572,69760,-2.907102346420288
1531821023.9668586,69888,-2.620784282684326
1531821214.8595119,70016,-2.6086881160736084
1531821405.7497616,70144,-2.831902027130127
1531821784.0879548,70272,-2.77886700630188
1531821975.0343206,70400,-2.6668972969055176
1531822166.0405633,70528,-2.875159502029419
1531822356.9085689,70656,-2.7018017768859863
1531822739.7611854,70784,-2.8325018882751465
1531822930.691745,70912,-2.6801795959472656
1531823121.7004707,71040,-2.3821287155151367
1531823312.5175705,71168,-2.8019766807556152
1531823691.5857964,71296,-2.689084529876709
1531823882.5563853,71424,-2.675292491912842
1531824073.6739042,71552,-2.900556802749634
1531824264.7110615,71680,-2.6993746757507324
1531824642.1837487,71808,-2.7500171661376953
1531824833.0837648,71936,-2.7884011268615723
1531825023.998862,72064,-2.8506479263305664
1531825214.898594,72192,-2.8317296504974365
1531825597.0284286,72320,-2.499081611633301
1531825787.784962,72448,-2.5657246112823486
1531825978.599392,72576,-2.6178903579711914
1531826169.3802583,72704,-2.992990493774414
1531826549.5694158,72832,-2.7200145721435547
1531826740.291001,72960,-2.6288862228393555
1531826931.2604978,73088,-2.780362129211426
1531827122.1270533,73216,-2.5659847259521484
1531827501.8107777,73344,-2.8269202709198
1531827692.889106,73472,-2.708514928817749
1531827883.9034789,73600,-2.6130502223968506
1531828074.767166,73728,-2.592923879623413
1531828456.7973258,73856,-2.36088228225708
1531828647.6326845,73984,-2.6579246520996094
1531828838.573141,74112,-2.427990674972534
1531829029.5001101,74240,-2.7207744121551514
1531829410.681231,74368,-2.583699941635132
1531829601.610634,74496,-2.8103702068328857
1531829792.5979714,74624,-2.654590129852295
1531829983.5504477,74752,-2.4866442680358887
1531830363.9393888,74880,-2.5569446086883545
1531830554.8443284,75008,-2.4938344955444336
1531830745.6492302,75136,-2.7344791889190674
1531830936.4554558,75264,-2.5222842693328857
1531831316.4064066,75392,-2.382476806640625
1531831507.2214475,75520,-2.429107189178467
1531831698.1609724,75648,-2.471266984939575
1531831889.0891776,75776,-2.612422466278076
1531832268.998685,75904,-2.5099148750305176
1531832459.8182278,76032,-2.6159658432006836
1531832650.715725,76160,-2.2806615829467773
1531832841.6328402,76288,-2.6215453147888184
1531833219.5262632,76416,-2.475764274597168
1531833410.5095732,76544,-2.331376314163208
1531833601.4102323,76672,-2.7328333854675293
1531833792.27994,76800,-2.47005033493042
1531834169.074953,76928,-2.708146810531616
1531834360.002338,77056,-2.3771462440490723
1531834550.9129558,77184,-2.4780113697052
1531834741.824031,77312,-2.39379620552063
1531835120.0369897,77440,-2.587613582611084
1531835310.888945,77568,-2.497506856918335
1531835501.7697585,77696,-2.644111394882202
1531835692.8733864,77824,-2.7074854373931885
1531915877.8518002,77952,-2.6825804710388184
1531916074.5241249,78080,-2.621241807937622
1531916271.282845,78208,-2.5565474033355713
1531916468.1416523,78336,-2.580674648284912
1531916846.453719,78464,-2.7721266746520996
1531917037.3911304,78592,-2.577181100845337
1531917228.410233,78720,-2.7115283012390137
1531917419.2894053,78848,-2.417165994644165
1531917801.256787,78976,-2.441176176071167
1531917992.4253483,79104,-2.6386728286743164
1531918183.5795708,79232,-2.727631092071533
1531918374.550053,79360,-2.5661656856536865
1531918747.8674545,79488,-2.6146199703216553
1531918938.939497,79616,-2.6534507274627686
1531919129.9484348,79744,-2.612112045288086
1531919321.0211482,79872,-2.726726531982422
1531919698.2295449,80000,-2.852158308029175
1531919889.206229,80128,-2.536754608154297
1531920080.29395,80256,-2.729337692260742
1531920271.4230542,80384,-2.4915244579315186
1531920648.5861077,80512,-2.61228609085083
1531920839.379553,80640,-2.5391557216644287
1531921030.470418,80768,-2.6905407905578613
1531921221.2326295,80896,-2.520390510559082
1531921597.3276443,81024,-2.615117073059082
1531921788.0808666,81152,-2.6136667728424072
1531921978.999361,81280,-2.327970027923584
1531922170.020488,81408,-2.5109941959381104
1531922549.0107174,81536,-2.633708953857422
1531922740.0850847,81664,-2.5819640159606934
1531922931.231929,81792,-2.6332666873931885
1531923122.358127,81920,-2.6439387798309326
1531923501.3785756,82048,-2.603797197341919
1531923692.378237,82176,-2.5275261402130127
1531923883.4968238,82304,-2.563201427459717
1531924074.667939,82432,-2.8328440189361572
1531924455.8289247,82560,-2.5634279251098633
1531924646.9781256,82688,-2.64156436920166
1531924838.1496403,82816,-2.8302974700927734
1531925029.3558602,82944,-2.4422664642333984
1531925406.5608463,83072,-2.378669023513794
1531925597.7620156,83200,-2.503110647201538
1531925788.921703,83328,-2.555008888244629
1531925980.0144105,83456,-2.629211187362671
1531926353.3444304,83584,-2.4418468475341797
1531926544.5859296,83712,-2.7120110988616943
1531926735.8811255,83840,-2.4659345149993896
1531926927.0563345,83968,-2.2005112171173096
1531927302.4449399,84096,-2.5288472175598145
1531927493.6603477,84224,-2.433614730834961
1531927684.838373,84352,-2.5422286987304688
1531927876.0536175,84480,-2.709097146987915
1531928257.7200124,84608,-2.621894121170044
1531928448.6658762,84736,-2.6519525051116943
1531928639.6101673,84864,-2.53391695022583
1531928830.6648808,84992,-2.653381109237671
1531929208.8695815,85120,-2.5889792442321777
1531929399.752292,85248,-2.2662014961242676
1531929590.7385125,85376,-2.3770792484283447
1531929781.793081,85504,-2.5627293586730957
1531930159.1503334,85632,-2.481090784072876
1531930350.15494,85760,-2.56996750831604
1531930541.2899873,85888,-2.5671565532684326
1531930732.4599357,86016,-2.814879894256592
1531931113.291113,86144,-2.6046290397644043
1531931304.2591085,86272,-2.491398334503174
1531931495.192493,86400,-2.5258045196533203
1531931686.2447498,86528,-2.171375274658203
1531932063.7848887,86656,-2.5662903785705566
1531932254.2122142,86784,-2.4398419857025146
1531932444.6303403,86912,-2.5556182861328125
1531932634.9097536,87040,-2.683445692062378
1531933014.217312,87168,-2.514204502105713
1531933204.6709647,87296,-2.613548517227173
1531933395.2153044,87424,-2.2530481815338135
1531933585.6426194,87552,-2.506669759750366
1531933965.5867686,87680,-2.1842310428619385
1531934156.0556657,87808,-2.639848232269287
1531934346.5525603,87936,-2.5682549476623535
1531934537.103103,88064,-2.5620548725128174
1531934917.2127626,88192,-2.4046831130981445
1531935107.8282137,88320,-2.839884042739868
1531935298.3362973,88448,-2.346693992614746
1531935488.9555278,88576,-2.6617090702056885
1531935869.5380483,88704,-2.58219838142395
1531936059.9415524,88832,-2.4590253829956055
1531936250.567956,88960,-2.4252915382385254
1531936440.9898963,89088,-2.592801570892334
1531936819.721604,89216,-2.520268678665161
1531937010.3168201,89344,-2.640406608581543
1531937200.98437,89472,-2.5919153690338135
1531937391.6407053,89600,-2.600346803665161
1531937769.2310662,89728,-2.570952892303467
1531937959.7640536,89856,-2.3114380836486816
1531938150.4252653,89984,-2.4600048065185547
1531938340.9356327,90112,-2.2427210807800293
1531938723.6495726,90240,-2.622694253921509
1531938913.978526,90368,-2.8271639347076416
1531939104.4077318,90496,-2.655596971511841
1531939294.7435174,90624,-2.5427169799804688
1531939674.7744703,90752,-2.446845769882202
1531939865.3393087,90880,-2.4973862171173096
1531940055.920127,91008,-2.515007972717285
1531940246.4713247,91136,-2.3605260848999023
1531940626.4529502,91264,-2.646362543106079
1531940816.8991244,91392,-2.349674701690674
1531941007.4642713,91520,-2.5284388065338135
1531941197.9586618,91648,-2.5929503440856934
1531941576.683408,91776,-2.329984188079834
1531941767.2841532,91904,-2.476414680480957
1531941957.8465354,92032,-2.551422119140625
1531942148.456619,92160,-2.670257806777954
1531942527.5166316,92288,-2.6444458961486816
1531942718.1763082,92416,-2.4861390590667725
1531942908.6461222,92544,-2.381946563720703
1531943099.156194,92672,-2.44580340385437
1531943478.3891373,92800,-2.437492609024048
1531943668.7887073,92928,-2.469940185546875
1531943859.290805,93056,-2.550833225250244
1531944049.9819405,93184,-2.5567593574523926
1531944432.2289138,93312,-2.4411404132843018
1531944622.7338843,93440,-2.3604507446289062
1531944813.2812562,93568,-2.497764825820923
1531945003.822153,93696,-2.816290855407715
1531945381.0714047,93824,-2.606907367706299
1531945571.5104685,93952,-2.5961899757385254
1531945762.0561361,94080,-2.5224294662475586
1531945952.700643,94208,-2.3489673137664795
1531946333.2820907,94336,-2.2947375774383545
1531946523.702934,94464,-2.229952335357666
1531946714.179819,94592,-2.408817768096924
1531946904.5360725,94720,-2.226850748062134
1531947285.2827156,94848,-2.7761318683624268
1531947475.6255019,94976,-2.482501983642578
1531947666.0455348,95104,-2.444149971008301
1531947856.4088013,95232,-2.3515236377716064
1531948236.6883452,95360,-2.356646776199341
1531948427.0580738,95488,-2.5384392738342285
1531948617.4796226,95616,-2.5716354846954346
1531948807.9382095,95744,-2.4717719554901123
1531949189.241019,95872,-2.5558133125305176
1531949379.7057986,96000,-2.359431266784668
1531949570.2751887,96128,-2.583869695663452
1531949760.7662601,96256,-2.3780112266540527
1531950142.5349803,96384,-2.305616855621338
1531950333.0221398,96512,-2.4592032432556152
1531950523.4613457,96640,-2.4517388343811035
1531950714.0191836,96768,-2.28826904296875
1531951100.8859596,96896,-2.6365742683410645
1531951291.2974079,97024,-2.215005397796631
1531951481.7794452,97152,-2.500258207321167
1531951672.2761612,97280,-2.646521806716919
1531952054.863849,97408,-2.373223066329956
1531952245.3559918,97536,-2.569049119949341
1531952435.8849862,97664,-2.404036521911621
