wall_time,step,value
1531110041.0159717,512,350.6711120605469
1531110396.5603318,1024,327.77984619140625
1531110752.2007768,1536,309.5852966308594
1531111108.3072717,2048,291.02056884765625
1531111462.26778,2560,278.7648010253906
1531111817.1252139,3072,270.5258483886719
1531112171.2558658,3584,242.19041442871094
1531112523.3592415,4096,246.01480102539062
1531112873.7912874,4608,235.66909790039062
1531113226.495815,5120,226.84628295898438
1531113575.4079087,5632,217.98512268066406
1531113924.569509,6144,212.211181640625
1531114274.6843991,6656,205.86219787597656
1531114626.080887,7168,206.74169921875
1531367971.5476646,8192,193.04483032226562
1531368316.2629402,8704,193.9843292236328
1531368661.2079556,9216,187.3125457763672
1531369005.7278612,9728,186.95840454101562
1531369350.6807895,10240,184.59896850585938
1531369697.380467,10752,175.58970642089844
1531370042.3504746,11264,175.78973388671875
1531370387.5154054,11776,176.7583465576172
1531370732.3693383,12288,169.3388214111328
1531371078.4347384,12800,168.6748504638672
1531371425.035213,13312,167.6576690673828
1531371770.3713782,13824,166.30140686035156
1531372117.312501,14336,155.93008422851562
1531372462.7488263,14848,160.4197998046875
1531372808.5930996,15360,153.94801330566406
1531373153.827791,15872,151.31019592285156
1531373499.1366065,16384,152.00729370117188
1531373844.5884364,16896,143.9266815185547
1531374189.9321506,17408,148.74026489257812
1531374537.0580437,17920,145.22427368164062
1531374883.1983182,18432,143.34103393554688
1531375230.4871473,18944,144.48812866210938
1531375577.3259814,19456,141.55767822265625
1531375925.1263926,19968,141.27267456054688
1531376271.342858,20480,141.90475463867188
1531376617.2384818,20992,137.7685546875
1531376963.9587946,21504,135.81863403320312
1531377310.7415512,22016,137.458984375
1531377656.3325334,22528,135.6857147216797
1531378003.647576,23040,137.712646484375
1531378350.4524117,23552,133.56781005859375
1531378696.0131211,24064,134.16529846191406
1531379042.8927221,24576,131.27232360839844
1531379389.320098,25088,129.13365173339844
1531379735.3913126,25600,126.17375183105469
1531380083.4683158,26112,129.0795440673828
1531380429.4111886,26624,129.4427490234375
1531380777.4335415,27136,130.12278747558594
1531381123.748649,27648,122.56924438476562
1531381470.938011,28160,122.63668060302734
1531381817.2056844,28672,124.30777740478516
1531382165.4896815,29184,125.2022476196289
1531382511.506292,29696,126.033935546875
1531382859.427814,30208,125.01960754394531
1531383208.7303426,30720,122.54566192626953
1531383557.0863872,31232,123.8478012084961
1531383905.8031163,31744,118.37845611572266
1531384253.7313979,32256,120.228515625
1531384602.1998162,32768,118.8424301147461
1531384950.4100506,33280,119.19956970214844
1531385298.8636096,33792,119.75841522216797
1531385646.31394,34304,123.74629974365234
1531385994.309201,34816,116.43194580078125
1531386342.9936254,35328,115.27017974853516
1531386690.6867423,35840,116.62450408935547
1531387039.1442122,36352,114.9276123046875
1531387387.7272656,36864,114.18477630615234
1531387735.2545943,37376,116.26493072509766
1531388083.6805499,37888,109.3344497680664
1531388430.9961286,38400,111.86874389648438
1531388778.3682418,38912,112.54864501953125
1531389127.4776287,39424,110.7362289428711
1531389474.4447935,39936,112.61609649658203
1531389821.9376948,40448,108.29644775390625
1531390170.2532387,40960,108.22844696044922
1531390518.222688,41472,107.9377670288086
1531390866.1388142,41984,108.19842529296875
1531391214.17439,42496,111.29739379882812
1531391561.7000349,43008,107.11917114257812
1531391909.7679927,43520,107.62666320800781
1531392259.3126283,44032,108.65958404541016
1531392606.21256,44544,111.55359649658203
1531392954.6976113,45056,110.45132446289062
1531393303.4288409,45568,106.95341491699219
1531416779.9594848,46592,105.40772247314453
1531417123.6158552,47104,107.0725326538086
1531417469.2519312,47616,108.36465454101562
1531417812.7628489,48128,107.01219177246094
1531418159.0886006,48640,102.86468505859375
1531418504.1707406,49152,104.279052734375
1531418848.3291612,49664,105.19954681396484
1531419195.148689,50176,100.11682891845703
1531419540.2278614,50688,102.87833404541016
1531419886.6543803,51200,103.43431854248047
1531420231.1568835,51712,100.4715805053711
1531420576.2492664,52224,99.6367416381836
1531420922.5041928,52736,98.13096618652344
1531421268.378916,53248,96.4865493774414
1531421612.925697,53760,97.6170425415039
1531421958.4628131,54272,97.84430694580078
1531422304.7316458,54784,95.1231689453125
1531422650.315784,55296,92.1576919555664
1531422994.8730793,55808,93.28429412841797
1531423340.4603016,56320,95.27197265625
1531423686.762556,56832,94.6471939086914
1531424033.2104814,57344,92.20042419433594
1531424379.128045,57856,92.48664855957031
1531424724.374405,58368,91.49945068359375
1531425070.471593,58880,90.4747314453125
1531425416.5123525,59392,89.11431121826172
1531425763.2357242,59904,89.59982299804688
1531426108.844343,60416,91.8275146484375
1531426455.4984493,60928,92.10797882080078
1531426800.7176094,61440,91.70122528076172
1531427147.667094,61952,90.07978820800781
1531427494.2005682,62464,94.94950103759766
1531427842.7875338,62976,95.24329376220703
1531428188.7746766,63488,93.28533935546875
1531428536.478895,64000,94.83578491210938
1531428883.7014217,64512,92.4015121459961
1531429231.6557412,65024,93.35147857666016
1531429579.1342583,65536,93.31396484375
1531429925.9093525,66048,92.56122589111328
1531430272.972276,66560,90.50082397460938
1531430619.5090864,67072,91.03362274169922
1531430967.4562361,67584,92.19544219970703
1531431314.777679,68096,90.44029235839844
1531431662.0477757,68608,89.61968994140625
1531432010.046573,69120,91.04839324951172
1531432357.8417015,69632,90.33560943603516
1531432705.6227489,70144,87.3316650390625
1531433055.481268,70656,88.49454498291016
1531433403.9572878,71168,91.93258666992188
1531433754.0759876,71680,89.7640609741211
1531434101.2972322,72192,89.37828826904297
1531434451.6778615,72704,89.68443298339844
1531434799.4010031,73216,89.6669921875
1531435149.6448689,73728,89.0576400756836
1531435498.2963588,74240,90.84782409667969
1531435847.7037673,74752,88.53469848632812
1531436198.2675264,75264,88.56527709960938
1531436546.5101168,75776,87.14118957519531
1531436895.975271,76288,87.67859649658203
1531437244.6381724,76800,87.44397735595703
1531437593.4578407,77312,88.72379302978516
1531437943.006538,77824,87.46965789794922
1531438291.0772796,78336,86.75128936767578
1531438640.5162911,78848,87.64591979980469
1531438990.749501,79360,87.9478530883789
1531439341.879208,79872,86.95928192138672
1531439690.8505204,80384,86.60020446777344
1531440040.864577,80896,85.35514831542969
1531440390.1062105,81408,87.05908966064453
1531440741.8416257,81920,87.24615478515625
1531441092.3933043,82432,88.12300109863281
1531441442.0580318,82944,87.932861328125
1531441793.9619937,83456,85.85232543945312
1531442145.6378093,83968,84.70384216308594
1531517719.5205367,84992,86.58697509765625
1531518064.770622,85504,87.42890930175781
1531518409.7573018,86016,84.74456787109375
1531518755.2646513,86528,83.63484191894531
1531519101.3662207,87040,84.6502914428711
1531519449.1396801,87552,84.084716796875
1531519795.5142815,88064,84.07038879394531
1531520142.5774105,88576,82.52723693847656
1531520489.2535396,89088,81.3875961303711
1531520836.19832,89600,78.63673400878906
1531521183.4393983,90112,83.86595916748047
1531521531.1113195,90624,82.90924072265625
1531521879.400496,91136,80.17144775390625
1531522226.9305847,91648,80.49999237060547
1531522575.0113082,92160,79.0710678100586
1531522922.9459875,92672,80.67603302001953
1531523270.3099108,93184,81.26508331298828
1531523617.8865802,93696,81.01586151123047
1531523966.0534205,94208,80.0260009765625
1531524314.1270368,94720,81.87145233154297
1531524663.6620154,95232,85.5311508178711
1531525012.430655,95744,79.05126953125
1531525360.480263,96256,80.04188537597656
1531525708.9309924,96768,81.25743103027344
1531526057.1625338,97280,80.13323211669922
