wall_time,step,value
1530471111.3447685,128,0.9994200468063354
1530471167.3013244,256,0.9994296431541443
1530471223.362598,384,0.9993988871574402
1530471279.494752,512,0.9993723034858704
1530471394.7026792,640,0.9993569850921631
1530471450.7784681,768,0.9993541240692139
1530471507.0395985,896,0.9993581175804138
1530471563.2743695,1024,0.9993584752082825
1530471676.9809222,1152,0.9993582963943481
1530471733.1487663,1280,0.9993579387664795
1530471789.3466177,1408,0.9993574023246765
1530471845.5495791,1536,0.9993571043014526
1530471961.993739,1664,0.9993594288825989
1530472018.1831992,1792,0.999360203742981
1530472074.3773386,1920,0.9993584752082825
1530472130.6621695,2048,0.9993571043014526
1530472244.9369652,2176,0.9993585348129272
1530472301.050657,2304,0.999357283115387
1530472357.3288288,2432,0.9993581175804138
1530472413.528308,2560,0.999359667301178
1530472526.9316282,2688,0.9993581175804138
1530472583.1161516,2816,0.9993574619293213
1530472639.3131087,2944,0.9993577003479004
1530472695.5178607,3072,0.9993579983711243
1530472809.694449,3200,0.9993571043014526
1530472865.7828045,3328,0.9993573427200317
1530472921.9348948,3456,0.9993569254875183
1530472978.1129398,3584,0.9993565678596497
1530473092.5395956,3712,0.9993575811386108
1530473148.684007,3840,0.999356210231781
1530473204.9408264,3968,0.9993557929992676
1530473261.090134,4096,0.9993553757667542
1530473374.7912745,4224,0.9993559718132019
1530473430.906195,4352,0.9993561506271362
1530473487.0706372,4480,0.9993566870689392
1530473543.3024619,4608,0.9993569850921631
1530473658.0910366,4736,0.999357283115387
1530473714.1337261,4864,0.9993584156036377
1530473770.4138246,4992,0.9993595480918884
1530473826.5460455,5120,0.9993594884872437
1530473941.2716036,5248,0.9993610978126526
1530473997.2815475,5376,0.9993611574172974
1530474053.5464575,5504,0.9993617534637451
1530474109.6664057,5632,0.9993621110916138
1530474225.3252983,5760,0.9993624091148376
1530474281.3515909,5888,0.999364972114563
1530474337.4786193,6016,0.9993631839752197
1530474393.6720755,6144,0.9993640780448914
1530474508.092328,6272,0.9993641376495361
1530474564.1600227,6400,0.9993653297424316
1530474620.3930426,6528,0.9993646740913391
1530474676.51814,6656,0.9993670582771301
1530474791.4117548,6784,0.9993674755096436
1530474847.4186726,6912,0.9993674755096436
1530474903.7047012,7040,0.9993672370910645
1530474959.9765987,7168,0.9993689060211182
1530475074.4843655,7296,0.9993699193000793
1530475130.6157918,7424,0.9993690252304077
1530475186.8611639,7552,0.9993709325790405
1530475243.0035598,7680,0.9993717074394226
1530475357.0081224,7808,0.9993727207183838
1530475413.1749644,7936,0.9993742108345032
1530475469.3913178,8064,0.9993743300437927
1530475525.6004236,8192,0.9993749260902405
1530475639.2494876,8320,0.9993751049041748
1530475695.3814995,8448,0.9993760585784912
1530475751.5824258,8576,0.9993776082992554
1530475807.7721636,8704,0.9993748068809509
1530475920.95369,8832,0.9993776082992554
1530475977.0392666,8960,0.9993764162063599
1530476033.1754985,9088,0.9993785619735718
1530476089.3800466,9216,0.9993780255317688
1530476203.6481214,9344,0.9993780851364136
1530476259.7688835,9472,0.9993758797645569
1530476315.9182625,9600,0.999375581741333
1530476371.998896,9728,0.9993777275085449
1530476486.5418441,9856,0.9993753433227539
1530476542.7848916,9984,0.9993761777877808
1530476598.8991203,10112,0.9993762373924255
1530476655.1752667,10240,0.99937504529953
1530476769.02826,10368,0.9993741512298584
1530476825.1031127,10496,0.999374270439148
1530476881.3415582,10624,0.9993751645088196
1530476937.5018547,10752,0.9993749260902405
1530477050.4576006,10880,0.999373733997345
1530477106.5239816,11008,0.9993735551834106
1530477162.6733725,11136,0.9993720054626465
1530477218.9202063,11264,0.9993748068809509
1530477332.5958328,11392,0.9993739128112793
1530477388.7242274,11520,0.9993737936019897
1530477444.9780295,11648,0.9993753433227539
1530477501.1399436,11776,0.9993742108345032
1530477614.872848,11904,0.999374270439148
1530477671.0165353,12032,0.99937504529953
1530477727.1816409,12160,0.9993754029273987
1530477783.4220676,12288,0.9993780255317688
1530477896.669802,12416,0.9993762969970703
1530477952.6929998,12544,0.9993764162063599
1530478008.9195943,12672,0.9993782639503479
1530478065.112649,12800,0.9993776082992554
1530478178.1720004,12928,0.9993780851364136
1530478234.3117337,13056,0.99937903881073
1530478290.5585845,13184,0.9993800520896912
1530478346.781484,13312,0.9993768930435181
1530478458.520756,13440,0.9993813037872314
1530478514.6145859,13568,0.9993786215782166
1530478570.8262792,13696,0.999379575252533
1530478626.9812484,13824,0.9993811845779419
1530478740.5041647,13952,0.999380886554718
1530478796.5137265,14080,0.9993808269500732
1530478852.7547686,14208,0.9993800520896912
1530478908.927476,14336,0.9993802905082703
1530479023.053268,14464,0.9993808269500732
1530479079.2540338,14592,0.9993774890899658
1530479135.5010493,14720,0.9993789792060852
1530479191.7162957,14848,0.9993815422058105
1530479304.4937487,14976,0.9993795156478882
1530479360.6122997,15104,0.9993783235549927
1530479416.8448572,15232,0.9993807673454285
1530479473.0158896,15360,0.9993788003921509
1530479587.5321963,15488,0.9993799328804016
1530479643.792023,15616,0.9993797540664673
1530479700.058149,15744,0.9993782639503479
1530479756.3180172,15872,0.9993780255317688
1530479869.9811637,16000,0.9993789196014404
1530479926.2163322,16128,0.9993767142295837
1530479982.524463,16256,0.9993767738342285
1530480038.7837427,16384,0.9993796944618225
1530480151.6858106,16512,0.9993784427642822
1530480207.9465365,16640,0.9993780255317688
1530480264.238974,16768,0.9993798732757568
1530480320.549901,16896,0.9993789792060852
1530480433.3502922,17024,0.9993788003921509
1530480489.5951183,17152,0.9993791580200195
1530480545.817132,17280,0.9993791580200195
1530480602.1616201,17408,0.9993800520896912
1530480715.9334373,17536,0.9993804097175598
1530480772.210189,17664,0.9993787407875061
1530480828.5670896,17792,0.9993798136711121
1530480884.8199608,17920,0.9993805289268494
1530480997.9533257,18048,0.9993805885314941
1530481054.2496135,18176,0.9993809461593628
1530481110.600657,18304,0.9993790984153748
1530481166.849921,18432,0.9993817210197449
1530481279.2639341,18560,0.9993811249732971
1530481335.6241798,18688,0.9993796348571777
1530481391.8804028,18816,0.9993814826011658
1530481448.151737,18944,0.9993823170661926
1530481559.711187,19072,0.999381422996521
1530481616.0681717,19200,0.9993800520896912
1530481672.3992555,19328,0.9993833899497986
1530481728.6737816,19456,0.9993830323219299
1530481841.603967,19584,0.9993836879730225
1530481898.0293722,19712,0.9993822574615479
1530481954.2745926,19840,0.9993822574615479
1530482010.5430586,19968,0.9993820786476135
1530482123.2169945,20096,0.9993823170661926
1530482179.4818888,20224,0.9993811845779419
1530482235.8469052,20352,0.9993837475776672
1530482292.1575398,20480,0.9993829727172852
1530482405.4791164,20608,0.9993830919265747
1530482461.7783618,20736,0.9993846416473389
1530482518.1237853,20864,0.9993833303451538
1530482574.4659348,20992,0.9993849992752075
1530482687.7440996,21120,0.999383270740509
1530482744.0351293,21248,0.9993848204612732
1530482800.3942027,21376,0.9993839263916016
1530482856.7011034,21504,0.9993836283683777
1530482970.906724,21632,0.9993825554847717
1530483027.1652067,21760,0.9993815422058105
1530483083.5245438,21888,0.9993809461593628
1530483139.8366635,22016,0.9993815422058105
1530483252.7000852,22144,0.9993813037872314
1530483309.0387383,22272,0.9993801712989807
1530483365.3434634,22400,0.9993820786476135
1530483421.6377418,22528,0.9993797540664673
1530483535.1610312,22656,0.9993822574615479
1530483591.5602612,22784,0.9993800520896912
1530483647.932987,22912,0.9993793964385986
1530483704.3740582,23040,0.9993799328804016
1530483817.398761,23168,0.9993796348571777
1530483873.7992167,23296,0.9993802309036255
1530483930.1237793,23424,0.9993806481361389
1530483986.5097818,23552,0.9993799328804016
1530484100.855583,23680,0.9993773698806763
1530484157.2232363,23808,0.9993800520896912
1530484213.6439593,23936,0.9993768930435181
1530484269.9730477,24064,0.9993764162063599
1530484383.1768243,24192,0.9993808269500732
1530484439.6169627,24320,0.9993763566017151
1530484495.9475136,24448,0.9993773698806763
1530484552.4007964,24576,0.9993770122528076
1530484666.6264567,24704,0.9993789196014404
1530484722.9698994,24832,0.9993790984153748
1530484779.2992504,24960,0.9993795156478882
1530484835.5737014,25088,0.9993798732757568
1530484950.0825598,25216,0.9993796944618225
1530485006.40658,25344,0.9993783831596375
1530485062.7957716,25472,0.9993782043457031
1530485119.105429,25600,0.9993806481361389
1530485232.5672376,25728,0.9993813633918762
1530485288.9674065,25856,0.9993798732757568
1530485345.330382,25984,0.9993807077407837
1530485401.6689935,26112,0.9993771314620972
1530485516.039838,26240,0.9993789196014404
1530485572.3755717,26368,0.9993785619735718
1530485628.7023122,26496,0.9993786215782166
1530485685.0805993,26624,0.9993792772293091
1530485798.506618,26752,0.9993801712989807
1530485854.826075,26880,0.9993786811828613
1530485911.2422025,27008,0.9993793964385986
1530485967.7458854,27136,0.9993797540664673
1530486082.4890249,27264,0.9993802905082703
1530486138.8593218,27392,0.9993825554847717
1530486195.2475832,27520,0.9993801116943359
1530486251.6225817,27648,0.999380350112915
1530486364.7241685,27776,0.9993801116943359
1530486421.1091516,27904,0.9993818998336792
1530486477.4498034,28032,0.9993805289268494
1530486533.9252806,28160,0.9993822574615479
1530486647.8099148,28288,0.9993827939033508
1530486704.1465893,28416,0.9993807077407837
1530486760.5599484,28544,0.9993823170661926
1530486816.9163733,28672,0.9993799328804016
1530486932.3851743,28800,0.9993837475776672
1530486988.781143,28928,0.9993814826011658
1530487045.221384,29056,0.9993827939033508
1530487101.5930884,29184,0.9993833303451538
1530487215.1300938,29312,0.9993857741355896
1530487271.57428,29440,0.9993827939033508
1530487327.9098396,29568,0.9993878602981567
1530487384.2896068,29696,0.9993849396705627
1530487498.8349214,29824,0.9993852376937866
1530487555.208147,29952,0.9993851780891418
1530487611.6949399,30080,0.9993870258331299
1530487668.061792,30208,0.9993852376937866
1530487783.6419888,30336,0.9993852972984314
1530487840.0091016,30464,0.999383807182312
1530487896.4008899,30592,0.9993837475776672
1530487952.7554886,30720,0.9993842840194702
1530488067.1092007,30848,0.9993849992752075
1530488123.4689436,30976,0.9993833899497986
1530488179.9015074,31104,0.9993849396705627
1530488236.3679798,31232,0.9993830323219299
1530488351.288233,31360,0.999384343624115
1530488407.684928,31488,0.9993855953216553
1530488464.0675025,31616,0.9993833303451538
1530488520.366625,31744,0.999383807182312
1530488634.5965621,31872,0.999383270740509
1530488690.9549072,32000,0.9993839263916016
1530488747.3448555,32128,0.9993852972984314
1530488803.723884,32256,0.999387264251709
1530488919.3976479,32384,0.9993854761123657
1530488975.7747684,32512,0.9993830919265747
1530489032.2083223,32640,0.9993845224380493
1530489088.6700435,32768,0.9993865489959717
1530489204.6399467,32896,0.9993866086006165
1530489260.9807568,33024,0.9993846416473389
1530489317.3825755,33152,0.9993866682052612
1530489373.8452938,33280,0.9993828535079956
1530489489.1209044,33408,0.9993845820426941
1530489545.579389,33536,0.9993844628334045
1530489601.9892282,33664,0.9993855953216553
1530489658.421445,33792,0.999383270740509
1530489773.1738229,33920,0.9993839859962463
1530489829.3864055,34048,0.9993830323219299
1530489885.799522,34176,0.9993860721588135
1530489942.2092965,34304,0.9993862509727478
1530490056.5799131,34432,0.9993875622749329
1530490112.887673,34560,0.999386191368103
1530490169.1906736,34688,0.9993874430656433
1530490225.4807813,34816,0.9993873834609985
1530490340.254209,34944,0.9993854761123657
1530490396.5037477,35072,0.9993905425071716
1530490452.9547389,35200,0.9993873834609985
1530490509.2691054,35328,0.9993861317634583
1530490625.4771469,35456,0.999387800693512
1530490681.757438,35584,0.9993851780891418
1530490738.1765378,35712,0.9993875622749329
1530490794.525917,35840,0.9993873834609985
1530490910.1568904,35968,0.9993883967399597
1530490966.554781,36096,0.9993875622749329
1530491022.8601704,36224,0.9993863701820374
1530491079.2478335,36352,0.9993885159492493
1530491194.0499747,36480,0.9993864893913269
1530491250.4245796,36608,0.9993870258331299
1530491306.8824058,36736,0.9993870258331299
1530491363.1161654,36864,0.9993855953216553
1530491477.6540074,36992,0.9993896484375
1530491534.0924382,37120,0.9993889331817627
1530491590.4200206,37248,0.9993883967399597
1530491646.8199716,37376,0.9993883967399597
1530491760.6761627,37504,0.9993883371353149
1530491817.0972843,37632,0.9993864893913269
1530491873.4295557,37760,0.9993889927864075
1530491929.7285802,37888,0.999390184879303
1530492045.5946753,38016,0.999386727809906
1530739900.4643776,38528,0.9993901252746582
1530739956.6202686,38656,0.9993860721588135
1530740012.9697185,38784,0.9993873834609985
1530740069.266223,38912,0.9993847608566284
1530740180.314199,39040,0.9993830919265747
1530740236.5417721,39168,0.9993855953216553
1530740292.8416812,39296,0.999384343624115
1530740349.1074438,39424,0.9993869662284851
1530740459.1444628,39552,0.9993852972984314
1530740515.383262,39680,0.9993847608566284
1530740571.6139216,39808,0.9993835687637329
1530740627.9179242,39936,0.999385416507721
1530740738.8609262,40064,0.9993869662284851
1530740795.0621521,40192,0.9993842840194702
1530740851.2842531,40320,0.9993842840194702
1530740907.5647295,40448,0.9993821382522583
1530741017.5991054,40576,0.9993864893913269
1530741073.8286417,40704,0.9993807077407837
1530741130.142712,40832,0.9993837475776672
1530741186.3257039,40960,0.9993833303451538
1530741297.242506,41088,0.999384880065918
1530741353.489375,41216,0.9993836879730225
1530741409.8620849,41344,0.9993813037872314
1530741466.1077716,41472,0.9993849992752075
1530741577.2908206,41600,0.9993845820426941
1530741633.5213845,41728,0.999382734298706
1530741689.8831792,41856,0.9993879795074463
1530741746.15758,41984,0.9993884563446045
1530741856.4047048,42112,0.9993858337402344
1530741912.6974652,42240,0.9993845820426941
1530741969.0200944,42368,0.9993887543678284
1530742025.3413813,42496,0.9993831515312195
1530742135.9688776,42624,0.999387264251709
1530742192.2545924,42752,0.9993873238563538
1530742248.562018,42880,0.9993853569030762
1530742304.9435642,43008,0.9993857145309448
1530742415.4509044,43136,0.9993855953216553
1530742471.7601907,43264,0.9993868470191956
1530742528.0228179,43392,0.9993883967399597
1530742584.465388,43520,0.9993867874145508
1530742697.0255358,43648,0.9993895888328552
1530742753.397925,43776,0.9993859529495239
1530742809.6995957,43904,0.9993886351585388
1530742866.0614629,44032,0.9993851780891418
1530742978.5702322,44160,0.9993859529495239
1530743034.820813,44288,0.9993836879730225
1530743091.091671,44416,0.9993849396705627
1530743147.4329674,44544,0.9993861317634583
1530743258.8580797,44672,0.9993842244148254
1530743315.278615,44800,0.9993866682052612
1530743371.589801,44928,0.9993876218795776
1530743427.9592235,45056,0.9993864297866821
1530743539.7394402,45184,0.999386727809906
1530743596.0781207,45312,0.9993872046470642
1530743652.3851433,45440,0.9993845224380493
1530743708.7310264,45568,0.9993879795074463
1530743821.0411022,45696,0.9993866682052612
1530743877.530787,45824,0.9993841052055359
1530743933.9687114,45952,0.9993866086006165
1530743990.377649,46080,0.9993880391120911
1530744103.776218,46208,0.999383807182312
1530744160.0768535,46336,0.9993855357170105
1530744216.5266926,46464,0.9993856549263
1530744272.8198252,46592,0.9993876814842224
1530744385.2545288,46720,0.9993876218795776
1530744441.5702217,46848,0.9993834495544434
1530744497.9771035,46976,0.9993886351585388
1530744554.3475108,47104,0.9993876218795776
1530744666.185566,47232,0.9993903636932373
1530744722.5105984,47360,0.9993872046470642
1530744778.821389,47488,0.9993863701820374
1530744835.1475294,47616,0.9993861317634583
1530744947.8220985,47744,0.9993870258331299
1530745004.209065,47872,0.9993896484375
1530745060.5358455,48000,0.9993852972984314
1530745116.8050513,48128,0.9993882775306702
1530745229.039031,48256,0.9993890523910522
1530745285.369333,48384,0.9993889927864075
1530745341.7251515,48512,0.9993868470191956
1530745398.0388741,48640,0.9993887543678284
1530745509.4456108,48768,0.9993865489959717
1530745565.7760932,48896,0.9993846416473389
1530745622.1017513,49024,0.9993873238563538
1530745678.540287,49152,0.9993919134140015
1530745791.375998,49280,0.9993886947631836
1530745847.791756,49408,0.9993892312049866
1530745904.1129768,49536,0.9993894696235657
1530745960.4549627,49664,0.9993886351585388
1530746072.4118218,49792,0.9993903040885925
1530746128.7705388,49920,0.999390184879303
1530746185.2204657,50048,0.9993907809257507
1530746241.593596,50176,0.999388575553894
1530746355.0813437,50304,0.9993872046470642
1530746411.5065994,50432,0.9993905425071716
1530746467.9353123,50560,0.9993890523910522
1530746524.269291,50688,0.9993913173675537
1530746635.8885438,50816,0.9993888139724731
1530746692.301211,50944,0.9993885159492493
1530746748.6579583,51072,0.9993879795074463
1530746804.9315047,51200,0.9993888139724731
1530746917.0681777,51328,0.9993912577629089
1530746973.5740004,51456,0.999389111995697
1530747030.0548778,51584,0.9993909597396851
1530747086.4300175,51712,0.9993898272514343
1530747199.027707,51840,0.999390184879303
1530747255.377247,51968,0.9993916749954224
1530747311.7476025,52096,0.9993921518325806
1530747368.0825598,52224,0.9993891716003418
1530747480.8537276,52352,0.9993906617164612
1530747537.0934577,52480,0.9993924498558044
1530747593.622741,52608,0.9993945360183716
1530747650.035037,52736,0.9993897676467896
1530747762.9193563,52864,0.9993896484375
1530747819.2088177,52992,0.9993917942047119
1530747875.67889,53120,0.9993879199028015
1530747932.0467427,53248,0.9993914365768433
1530748044.0750768,53376,0.9993934035301208
1530748100.4053957,53504,0.9993896484375
1530748156.7291486,53632,0.9993927478790283
1530748213.1191635,53760,0.9993954300880432
1530748326.651781,53888,0.9993929266929626
1530748383.1235507,54016,0.9993907809257507
1530748439.468609,54144,0.9993888735771179
1530748495.8111277,54272,0.9993914365768433
1530748607.7841206,54400,0.9993898272514343
1530748664.086848,54528,0.9993903636932373
1530748720.4725952,54656,0.9993919730186462
1530748776.752928,54784,0.9993895292282104
1530748889.0401247,54912,0.9993922710418701
1530748945.3677344,55040,0.9993913173675537
1530749001.7451823,55168,0.9993926286697388
1530749058.1543632,55296,0.9993884563446045
1530749171.0660431,55424,0.9993888139724731
1530749227.3575063,55552,0.9993909597396851
1530749283.697581,55680,0.9993917346000671
1530749340.026871,55808,0.9993910789489746
1530749452.1431334,55936,0.999393880367279
1530749508.4726794,56064,0.9993902444839478
1530749564.858216,56192,0.9993932843208313
1530749621.2824447,56320,0.9993897080421448
1530749733.9718075,56448,0.9993886947631836
1530749790.3536797,56576,0.9993903040885925
1530749846.7390525,56704,0.9993912577629089
1530749903.0770686,56832,0.9993934631347656
1530750015.9715438,56960,0.9993908405303955
1530750072.4781597,57088,0.9993941187858582
1530750128.8775122,57216,0.9993938207626343
1530750185.1921935,57344,0.9993907809257507
1530750298.646148,57472,0.9993920922279358
1530750354.9725347,57600,0.9993911981582642
1530750411.3999045,57728,0.9993937611579895
1530750467.8098454,57856,0.9993922114372253
1530750580.8958235,57984,0.9993916749954224
1530750637.2034903,58112,0.9993916153907776
1530750693.4641564,58240,0.9993910193443298
1530750749.745033,58368,0.9993889927864075
1530750863.365974,58496,0.9993954300880432
1530750919.6956987,58624,0.9993897676467896
1530750975.9864695,58752,0.9993921518325806
1530751032.2919652,58880,0.9993904829025269
1530751145.704464,59008,0.999393105506897
1530751201.9702702,59136,0.9993922114372253
1530751258.2880297,59264,0.9993946552276611
1530751314.4725409,59392,0.9993923306465149
1530751426.254549,59520,0.9993934631347656
1530751482.555575,59648,0.9993898868560791
1530751538.815137,59776,0.9993919134140015
1530751595.0747836,59904,0.999396800994873
1530751708.7520175,60032,0.999393105506897
1530751765.0153701,60160,0.9993953704833984
1530751821.3099477,60288,0.9993913769721985
1530751877.5192306,60416,0.9993902444839478
1530751991.0441036,60544,0.9993923306465149
1530752047.4291017,60672,0.9993948340415955
1530752103.9324846,60800,0.9993925094604492
1530752160.3495526,60928,0.9993954300880432
1530752274.3293822,61056,0.9993917346000671
1530752330.6176825,61184,0.9993909001350403
1530752386.9649231,61312,0.9993900060653687
1530752443.1392279,61440,0.9993917346000671
1530752555.505493,61568,0.9993947148323059
1530752611.7659779,61696,0.9993941187858582
1530752668.0286355,61824,0.9993965029716492
1530752724.3219743,61952,0.9993937015533447
1530752836.4599345,62080,0.999390721321106
1530752892.7239099,62208,0.9993916153907776
1530752949.0250266,62336,0.9993923902511597
1530753005.3267617,62464,0.9993950128555298
1530753119.5428562,62592,0.9993913769721985
1530753175.7474625,62720,0.9993899464607239
1530753232.0774765,62848,0.9993954300880432
1530753288.4018145,62976,0.9993932247161865
1530753400.7201695,63104,0.9993944764137268
1530753456.998813,63232,0.9993973970413208
1530753513.4842076,63360,0.9993956089019775
1530753569.9271402,63488,0.9993934035301208
1530753683.1637397,63616,0.9993958473205566
1530753739.6670744,63744,0.9993924498558044
1530753796.1115186,63872,0.9993926882743835
1530753852.5468771,64000,0.9993959069252014
1530753967.414045,64128,0.9993955492973328
1530754023.7905605,64256,0.9993953704833984
1530754080.151693,64384,0.9993925094604492
1530754136.6316538,64512,0.999395489692688
1530754250.2330608,64640,0.9993947744369507
1530754306.544198,64768,0.9993931651115417
1530754362.8863924,64896,0.9993953108787537
1530754419.273506,65024,0.9993897080421448
1530754533.3303792,65152,0.9993954300880432
1530754589.773831,65280,0.9993939399719238
1530754646.229847,65408,0.9993969202041626
1530754702.547694,65536,0.999393880367279
1530754816.558986,65664,0.9993894696235657
1530754873.0834482,65792,0.9993904829025269
1530754929.48531,65920,0.9993894100189209
1530754985.8657484,66048,0.9993959069252014
1530755100.8428001,66176,0.9993933439254761
1530755157.1800694,66304,0.9993936419487
1530755213.5912583,66432,0.999392032623291
1530755269.9098446,66560,0.9993913173675537
1530755383.4799817,66688,0.9993887543678284
1530755439.8517516,66816,0.9993927478790283
1530755496.1966388,66944,0.9993922710418701
1530755552.533479,67072,0.9993950724601746
1530755666.35106,67200,0.9993923902511597
1530755722.6994693,67328,0.9993941187858582
1530755779.1078417,67456,0.9993920922279358
1530755835.3893259,67584,0.999394416809082
1530755949.0239131,67712,0.9993921518325806
1530756005.3595443,67840,0.9993892312049866
1530756061.7544997,67968,0.9993950724601746
1530756118.093924,68096,0.999392032623291
1530756232.2971342,68224,0.9993933439254761
1530756288.6574476,68352,0.9993904829025269
1530756345.1497028,68480,0.9993935227394104
1530756401.5545247,68608,0.9993929266929626
1530756514.839502,68736,0.9993901252746582
1530756571.2289083,68864,0.999390721321106
1530756627.665423,68992,0.999391496181488
1530756684.2039566,69120,0.9993948936462402
1530756797.4961846,69248,0.9993925094604492
1530756853.8453872,69376,0.9993933439254761
1530756910.384822,69504,0.9993934035301208
1530756966.7176788,69632,0.9993972778320312
1530757081.2473695,69760,0.9993928074836731
1530757137.4140759,69888,0.9993897080421448
1530757193.6653621,70016,0.9993944764137268
1530757249.9160426,70144,0.9993914365768433
1530757363.3734632,70272,0.9993905425071716
1530757419.6062703,70400,0.9993935823440552
1530757476.0206072,70528,0.9993935227394104
1530757532.2268891,70656,0.9993934035301208
1530757647.0862496,70784,0.9993941187858582
1530757703.3763433,70912,0.9993957877159119
1530757759.572927,71040,0.9993928670883179
1530757815.9410434,71168,0.9993954300880432
1530757929.866942,71296,0.9993921518325806
1530757986.12146,71424,0.9993956089019775
1530758042.3691742,71552,0.9993948340415955
1530758098.6624074,71680,0.9993930459022522
1530758212.3314092,71808,0.9993962645530701
1530758268.5467525,71936,0.9993951320648193
1530758324.8493662,72064,0.9993967413902283
1530758381.1984556,72192,0.9993955492973328
1530758495.7617126,72320,0.999397337436676
1530758552.099906,72448,0.9993990063667297
1530758608.3952036,72576,0.9993943572044373
1530758664.6036315,72704,0.9993979334831238
1530758778.0162373,72832,0.999392032623291
1530758834.3248334,72960,0.9993956089019775
1530758890.6715882,73088,0.9993970394134521
1530758947.0014277,73216,0.9993964433670044
1530759062.6401117,73344,0.9993985891342163
1530759119.0286946,73472,0.9993926286697388
1530759175.2794046,73600,0.9993922114372253
1530759231.654501,73728,0.9993947148323059
1530759345.255807,73856,0.9993954300880432
1530759401.7528346,73984,0.9993944764137268
1530759458.0716474,74112,0.9993941783905029
1530759514.3656182,74240,0.9993932843208313
1530759628.9221354,74368,0.9993947148323059
1530759685.3116517,74496,0.9993914365768433
1530759741.706583,74624,0.9993939995765686
1530759798.0949101,74752,0.9993977546691895
1530759912.6981535,74880,0.9993911981582642
1530759969.1089406,75008,0.9993951916694641
1530760025.4212883,75136,0.999392569065094
1530760081.779864,75264,0.9993953704833984
1530769807.879773,75392,0.9993987083435059
1530769864.0398853,75520,0.9993916153907776
1530769920.173992,75648,0.999396026134491
1530769976.355721,75776,0.9993963837623596
1530770086.9046097,75904,0.999396800994873
1530770143.1468732,76032,0.9993945956230164
1530770199.2744548,76160,0.999393105506897
1530770255.5480475,76288,0.9993953108787537
1530770367.3631594,76416,0.999398946762085
1530770423.726189,76544,0.9993945360183716
1530770479.9357913,76672,0.9993959069252014
1530770536.2195928,76800,0.9993946552276611
1530770647.3285484,76928,0.9993965029716492
1530770703.6713626,77056,0.9993954300880432
1530770759.9271922,77184,0.9993985295295715
1530770816.156654,77312,0.9993929862976074
1530770929.0296745,77440,0.9993944764137268
1530770985.2103353,77568,0.9993960857391357
1530771041.500737,77696,0.9993935227394104
1530771097.7375531,77824,0.9993993043899536
1530771208.5801067,77952,0.9993970990180969
1530771264.777524,78080,0.9993934631347656
1530771320.9276276,78208,0.9993928074836731
1530771377.1404243,78336,0.999393105506897
1530771488.5928195,78464,0.9993985295295715
1530771544.7974613,78592,0.999398946762085
1530771601.0760803,78720,0.9993982315063477
1530771657.3860683,78848,0.9993936419487
1530771768.7756383,78976,0.9994012713432312
1530771825.0097952,79104,0.9993938207626343
1530771881.2430906,79232,0.9993972778320312
1530771937.4513614,79360,0.999396562576294
1530772048.742167,79488,0.9993939995765686
1530772105.0479617,79616,0.9993990659713745
1530772161.2693918,79744,0.9994006752967834
1530772217.5025063,79872,0.9993975162506104
1530772328.5321267,80000,0.9993942379951477
1530772384.8535845,80128,0.9993948340415955
1530772441.1934378,80256,0.9993962645530701
1530772497.5007622,80384,0.9993981122970581
1530772609.8711386,80512,0.9993988871574402
1530772666.0818007,80640,0.9993988275527954
1530772722.3338685,80768,0.9993971586227417
1530772778.6182463,80896,0.9993988275527954
1530772891.189827,81024,0.9993979334831238
1530772947.2778268,81152,0.9993958473205566
1530773003.6354046,81280,0.9993966817855835
1530773059.8823366,81408,0.999398946762085
1530773172.3438563,81536,0.9993992447853088
1530773228.5982163,81664,0.9993979334831238
1530773284.9384046,81792,0.9994007349014282
1530773341.2161617,81920,0.9994010925292969
1530773453.5156183,82048,0.999401330947876
1530773509.8428338,82176,0.999396026134491
1530773566.0990906,82304,0.999403178691864
1530773622.4220254,82432,0.9993991851806641
1530773734.1185958,82560,0.9993981122970581
1530773790.3645847,82688,0.9994004368782043
1530773846.6710317,82816,0.9993973970413208
1530773902.9497607,82944,0.9993959665298462
1530774015.041317,83072,0.9993985891342163
1530774071.2796433,83200,0.9993962645530701
1530774127.5131125,83328,0.9993978142738342
1530774183.7378411,83456,0.99940025806427
1530774297.166021,83584,0.9994015693664551
1530774353.448175,83712,0.9993986487388611
1530774409.7235558,83840,0.9994008541107178
1530774465.9590402,83968,0.9993991255760193
1530774579.1342907,84096,0.999403715133667
1530774635.3350718,84224,0.9993991255760193
1530774691.5076015,84352,0.9994000196456909
1530774747.7147663,84480,0.9994006156921387
1530774859.780722,84608,0.9993971586227417
1530774915.9601982,84736,0.9994022250175476
1530774972.2662172,84864,0.9994036555290222
1530775028.4684548,84992,0.9993991851806641
1530775139.683995,85120,0.9993987083435059
1530775195.9163692,85248,0.9994006752967834
1530775252.1065714,85376,0.999402642250061
1530775308.2360384,85504,0.9994021058082581
1530775419.818359,85632,0.9994014501571655
1530775476.0379071,85760,0.9993991255760193
1530775532.18799,85888,0.9993968605995178
1530775588.3549573,86016,0.9994020462036133
1530775700.400301,86144,0.9994027614593506
1530775756.5357592,86272,0.9994044303894043
1530775812.7750936,86400,0.9994035363197327
1530775868.9207826,86528,0.999402642250061
1530775982.4966118,86656,0.9994020462036133
1530776038.801542,86784,0.9994015097618103
1530776095.1136441,86912,0.9994021058082581
1530776151.4923594,87040,0.9994011521339417
1530776263.2553804,87168,0.9993976950645447
1530776319.4712915,87296,0.9994030594825745
1530776375.689668,87424,0.9994045495986938
1530776431.8394554,87552,0.9994028210639954
1530776543.8928988,87680,0.9994020462036133
1530776600.1078095,87808,0.9994044303894043
1530776656.431498,87936,0.9994071125984192
1530776712.7630553,88064,0.9994053244590759
1530776825.6530719,88192,0.9994035959243774
1530776881.9443285,88320,0.9994059205055237
1530776938.1992977,88448,0.9994035363197327
1530776994.5612957,88576,0.9994050860404968
1530777107.9260798,88704,0.9994015693664551
1530777164.1288083,88832,0.9994082450866699
1530777220.327148,88960,0.9994057416915894
1530777276.5857732,89088,0.9994080662727356
1530777388.341401,89216,0.9994015693664551
1530777444.4376895,89344,0.9994083642959595
1530777500.7375994,89472,0.9994063973426819
1530777556.959943,89600,0.9994073510169983
1530777669.0724564,89728,0.9994083046913147
1530777725.34711,89856,0.9994072318077087
1530777781.6421225,89984,0.9994052648544312
1530777837.8747742,90112,0.9994046092033386
1530777950.022607,90240,0.9994055032730103
1530778006.2494743,90368,0.9994078278541565
1530778062.4382148,90496,0.9994105696678162
1530778118.625776,90624,0.999411940574646
1530778230.9423113,90752,0.9994100332260132
1530778287.084021,90880,0.9994131326675415
1530778343.3349721,91008,0.9994102716445923
1530778399.5328948,91136,0.99941486120224
1530778511.2469492,91264,0.9994137287139893
1530778567.401905,91392,0.9994062185287476
1530778623.6146345,91520,0.9994126558303833
1530778679.8253212,91648,0.9994142055511475
1530778792.4775562,91776,0.9994194507598877
1530778848.7120442,91904,0.9994160532951355
1530778905.018741,92032,0.9994116425514221
1530778961.1507077,92160,0.9994099736213684
1530779073.4023526,92288,0.9994127154350281
1530779129.7243447,92416,0.9994158148765564
1530779185.9513638,92544,0.9994102716445923
1530779242.2468836,92672,0.9994112253189087
1530779355.837208,92800,0.9994134306907654
1530779412.0902665,92928,0.9994103908538818
1530779468.3239803,93056,0.9994091987609863
1530779524.5844398,93184,0.9994117617607117
1530779637.1899648,93312,0.9994108080863953
1530779693.4706187,93440,0.9994110465049744
1530779749.7062135,93568,0.9994128942489624
1530779805.9883716,93696,0.999412477016449
1530779919.028471,93824,0.9994151592254639
1530779975.352552,93952,0.9994152784347534
1530780031.5861864,94080,0.999415397644043
1530780087.7782216,94208,0.9994131922721863
1530780200.124926,94336,0.9994163513183594
1530780256.3396966,94464,0.9994149208068848
1530780312.6490667,94592,0.9994134902954102
1530780368.9572058,94720,0.9994149804115295
1530780481.4779463,94848,0.9994144439697266
1530780537.7345922,94976,0.9994156956672668
1530780594.1061132,95104,0.9994134306907654
1530780650.419529,95232,0.9994120597839355
1530780763.1616502,95360,0.999415934085846
1530780819.5436018,95488,0.999416172504425
1530780875.8646677,95616,0.9994151592254639
1530780932.1450276,95744,0.9994106292724609
1530781044.2098303,95872,0.9994163513183594
1530781100.519223,96000,0.9994158744812012
1530781156.8371613,96128,0.9994192719459534
1530781213.163628,96256,0.9994186162948608
1530781325.6906881,96384,0.999420166015625
1530781381.920594,96512,0.9994205832481384
1530781438.1990376,96640,0.9994125962257385
1530781494.4612956,96768,0.9994158744812012
1530781606.0039947,96896,0.9994185566902161
1530781662.3452013,97024,0.999417781829834
1530781718.669549,97152,0.9994102120399475
1530781775.0267901,97280,0.9994181990623474
