wall_time,step,value
1530806083.7705083,512,2.0999584197998047
1530806477.062526,1024,1.858810305595398
1530806866.2805183,1536,2.066800594329834
1530807256.9083683,2048,2.235280990600586
1530807647.970901,2560,1.5722442865371704
1530808036.577317,3072,1.120022177696228
1530808423.7507956,3584,1.220435380935669
1530808810.6657822,4096,1.2987183332443237
1530809195.958272,4608,1.1503888368606567
1530809581.36686,5120,1.9977971315383911
1530809966.268456,5632,1.1243247985839844
1530810352.490933,6144,1.1891648769378662
1530810737.910096,6656,1.095488429069519
1530811121.6007,7168,1.0100802183151245
1530811505.5714161,7680,1.4738037586212158
1530811890.3855617,8192,0.9272290468215942
1530812276.0124729,8704,1.126176357269287
1530812660.401752,9216,1.1323810815811157
1530813045.5993798,9728,1.207273006439209
1530813431.677603,10240,1.2214927673339844
1530813816.5772862,10752,1.235369086265564
1530814201.4659786,11264,1.1842453479766846
1530814585.616156,11776,1.4622036218643188
1530814971.3752255,12288,0.9617819786071777
1530815357.1441476,12800,1.094943642616272
1530815743.1297104,13312,0.9438849687576294
1530816128.9314122,13824,0.9480753540992737
1530816514.495709,14336,1.2074705362319946
1530816901.874422,14848,1.0472604036331177
1530817288.6825268,15360,1.182015061378479
1530817676.120791,15872,1.0289701223373413
1530818063.4844391,16384,1.2417184114456177
1530818451.5867214,16896,1.09465754032135
1530818840.064683,17408,1.2958869934082031
1530819227.2979443,17920,1.0641576051712036
1530819615.9280381,18432,1.2700086832046509
1530820004.4278958,18944,0.8813821077346802
1530820392.3454404,19456,1.1576968431472778
1530820781.1298227,19968,1.139029622077942
1530821169.9814878,20480,1.4882105588912964
1530821558.0153108,20992,1.6384814977645874
1530821947.176213,21504,0.9042677879333496
1530822334.116531,22016,1.7296619415283203
1530822720.826596,22528,1.039291501045227
1530823108.8044698,23040,0.9465858936309814
1530823497.2870758,23552,0.9773687124252319
1530823885.1415725,24064,1.343807339668274
1530824273.444898,24576,1.1736876964569092
1530824662.7381377,25088,1.273197889328003
1530825052.0612614,25600,1.2216639518737793
1530825441.230225,26112,1.5247856378555298
1530825831.5429187,26624,1.0833580493927002
1530826220.7499475,27136,0.9946350455284119
1530826611.2662075,27648,0.9541662335395813
1530827000.9876282,28160,1.2001515626907349
1530827389.4142396,28672,1.1214510202407837
1530827779.8485851,29184,1.1259390115737915
1530828169.7775445,29696,0.7844563126564026
1530828559.3350883,30208,0.8551976680755615
1530828948.7511249,30720,1.1593173742294312
1530829339.3456025,31232,1.0781837701797485
1530829729.034786,31744,1.5250657796859741
1530830117.5348415,32256,1.1032265424728394
1530830509.1458294,32768,0.8830252885818481
1530830897.9724908,33280,0.9485097527503967
1530831287.8839834,33792,1.1589972972869873
1530831678.674198,34304,0.9862792491912842
1530832068.862112,34816,1.3531948328018188
1530832458.7425752,35328,0.9058131575584412
1530832848.031494,35840,0.9784167408943176
1530833237.521282,36352,0.9220302700996399
1530833627.4492536,36864,1.2128244638442993
1530834018.5509653,37376,0.990898609161377
1530905690.1893728,38400,0.9747127890586853
1530906076.433658,38912,1.3740154504776
1530906460.2069714,39424,1.0993852615356445
1530906845.3235638,39936,0.809866189956665
1530907230.8485277,40448,1.346903920173645
1530907617.476402,40960,1.016310691833496
1530908004.7952342,41472,1.1988242864608765
1530908391.1213193,41984,1.689801573753357
1530908777.3779614,42496,1.1151446104049683
1530909164.8644047,43008,1.2009485960006714
1530909551.2907343,43520,1.2558735609054565
1530909938.1774764,44032,0.9740138053894043
1530910325.1758695,44544,1.1063402891159058
1530910712.51549,45056,1.7132594585418701
1530911100.8300662,45568,1.3737115859985352
1530911488.4880867,46080,0.8286808729171753
1530911877.4519496,46592,0.9611359238624573
1530912265.4470167,47104,1.3797006607055664
1530912653.3312817,47616,1.4448210000991821
1530913043.2105103,48128,1.1306442022323608
1530913432.220711,48640,0.8650332093238831
1530913819.7360258,49152,1.1465765237808228
1530914207.693544,49664,1.1709623336791992
1530914595.2632172,50176,1.369004249572754
1530914982.772731,50688,0.9329724311828613
1530915372.4504073,51200,1.1958340406417847
1530915762.1952434,51712,1.1502225399017334
1530916151.2727878,52224,1.3073025941848755
1530916540.875592,52736,0.7347202301025391
1530916928.7683363,53248,1.264859914779663
1530917317.7789583,53760,1.267452359199524
1530917708.5350275,54272,0.8865826725959778
1530918096.770487,54784,1.1222470998764038
1530918484.9107199,55296,0.877345621585846
1530918874.1595838,55808,0.9097146987915039
1530919263.562218,56320,0.9920859932899475
1530919653.3183942,56832,0.9290798306465149
1530920043.204705,57344,1.0051217079162598
1530920433.0488894,57856,1.0803070068359375
1530920822.4601276,58368,1.0535763502120972
1530921211.8562849,58880,1.218375325202942
1530921601.2090042,59392,0.9594279527664185
1530921990.5391917,59904,0.8131250143051147
1530922382.0553248,60416,0.8915868997573853
1530922772.4822435,60928,0.8476794958114624
1530923162.5669541,61440,1.7771918773651123
1530923551.9534676,61952,1.1436429023742676
1530923942.1173153,62464,0.715403139591217
1530924331.8412862,62976,1.1138420104980469
1530924723.5061402,63488,1.2275092601776123
1530925114.3950462,64000,1.0633289813995361
1530925504.4766812,64512,1.001543402671814
1530925897.3507512,65024,0.9646382331848145
1530926290.2091284,65536,1.1759593486785889
1530926680.55397,66048,1.1835851669311523
1530927071.536346,66560,0.7880257964134216
1530927462.1319983,67072,0.897412896156311
1530927854.5986676,67584,0.828013002872467
1530928246.5426157,68096,1.5372328758239746
1530928637.2605402,68608,0.7342689037322998
1530929027.86953,69120,1.012247085571289
1530929419.504888,69632,1.218233346939087
1530929810.7093992,70144,1.3225213289260864
1530930202.2569656,70656,0.7795373797416687
1530930593.7330184,71168,0.829941987991333
1530930986.2470787,71680,1.284684419631958
1530931378.4147356,72192,0.9619522094726562
1530931771.2097354,72704,1.3197911977767944
1530932164.7878933,73216,0.9935443997383118
1530932556.7055085,73728,1.2257473468780518
1530932950.529783,74240,0.940414309501648
1530958326.1194584,75264,1.0519319772720337
1530958712.0801072,75776,1.1736249923706055
1530959097.650984,76288,0.8829168677330017
1530959484.3571136,76800,0.7807583212852478
1530959870.9946067,77312,0.9480102062225342
1530960257.3869405,77824,1.370367407798767
1530960644.455747,78336,0.9650563597679138
1530961030.4900947,78848,1.323161244392395
1530961417.7143276,79360,1.0587857961654663
1530961804.8990152,79872,1.2558209896087646
1530962192.1685104,80384,0.9307722449302673
1530962579.4459667,80896,0.7928414940834045
1530962964.6135948,81408,0.7231832146644592
1530963352.0846426,81920,1.5225749015808105
1530963737.6149218,82432,0.9715732336044312
1530964124.5839899,82944,1.1499601602554321
1530964511.4816346,83456,1.4554071426391602
1530964898.757083,83968,0.9710402488708496
1530965285.0577044,84480,0.9305403232574463
1530965671.797431,84992,1.7427620887756348
1530967971.0984454,86016,0.9366059303283691
1530968357.0033817,86528,1.6860792636871338
1530968741.3079507,87040,1.1938529014587402
1530969126.6397932,87552,1.1666016578674316
1530969512.2610483,88064,1.5211507081985474
1530969896.9029899,88576,1.381334662437439
1530970282.422783,89088,0.9319747090339661
1530970669.4293864,89600,0.8063902258872986
1530971054.323005,90112,0.9429299235343933
1530971439.1273508,90624,0.9065499901771545
1530971824.5079327,91136,0.9925615191459656
1530972210.77021,91648,1.1439841985702515
1530972596.3032138,92160,1.2256388664245605
1530972982.1121435,92672,1.258998155593872
1530973368.746777,93184,0.7976680397987366
1530973755.7209034,93696,1.3600728511810303
1530974142.1388655,94208,0.9770980477333069
1530974528.2878242,94720,1.1216175556182861
1530974916.9272423,95232,1.0832014083862305
1530975303.7976778,95744,1.3494302034378052
1530975691.122412,96256,0.9447454810142517
1530976080.1289222,96768,0.9944483041763306
1530976467.7953181,97280,0.861868143081665
