wall_time,step,value
1532727873.025725,512,18.460901260375977
1532974028.0123553,1024,8.487905502319336
1532975648.2493548,1536,-3.757089614868164
1532977249.8557856,2048,-0.772925615310669
1532978843.5908518,2560,1.473442554473877
1532980429.2213318,3072,3.4434151649475098
1532982000.0881495,3584,2.6297802925109863
1532983575.8892922,4096,0.519726037979126
1532985141.5077748,4608,2.355924367904663
1532986714.3149593,5120,-2.190410852432251
1532988296.6866233,5632,0.005911543965339661
1533118631.770854,6656,0.9234910011291504
1533120196.1918707,7168,-1.4109256267547607
1533121760.0876086,7680,3.0695009231567383
1533123304.786411,8192,-0.36843061447143555
1533124857.3621283,8704,5.496607303619385
1533126412.051692,9216,1.4358298778533936
1533127963.9889421,9728,2.6520068645477295
1533129525.4507792,10240,4.658866882324219
1533131077.0405912,10752,1.9793816804885864
1533132632.7710893,11264,-0.6594245433807373
1533134189.3235471,11776,0.9016442894935608
1533135742.528078,12288,1.8286035060882568
1533137299.7274737,12800,2.570056438446045
1533138863.220942,13312,5.89282751083374
1533140416.3213263,13824,1.4992401599884033
1533141950.3061185,14336,3.6647677421569824
1533143495.9799652,14848,4.957737922668457
1533145046.6871817,15360,5.360457420349121
1533146579.8408709,15872,2.6593289375305176
1533148121.9379554,16384,2.97416090965271
1533149656.212383,16896,1.247331142425537
1533151204.508658,17408,7.334171295166016
1533152730.7943513,17920,4.208785533905029
1533154259.0979695,18432,2.8980655670166016
1533155775.1266284,18944,1.5313326120376587
1533157301.6519053,19456,4.162916660308838
1533158822.2922323,19968,-0.24574755132198334
1533160361.207407,20480,4.980668067932129
1533161884.7103703,20992,3.33272647857666
1533163403.8361256,21504,2.4796266555786133
1533164924.8653522,22016,0.4780556261539459
1533166443.8080497,22528,2.247501850128174
1533167967.9253426,23040,3.6186327934265137
1533169489.241166,23552,2.3210701942443848
1533171008.0937204,24064,1.1912753582000732
1533172523.0509923,24576,0.3407197594642639
1533174045.7677178,25088,1.575402021408081
1533175559.6719632,25600,-0.4756120443344116
1533177085.142062,26112,-1.8163120746612549
1533178596.2613516,26624,0.18961723148822784
1533180119.7682166,27136,3.758603572845459
1533181638.6103323,27648,-0.47263798117637634
1533183162.7528574,28160,-1.9842967987060547
1533184677.1080005,28672,3.661163091659546
1533186190.5529044,29184,-1.6523277759552002
1533187717.399395,29696,4.975858688354492
1533189257.0185108,30208,2.044746160507202
1533190779.581168,30720,0.7918822765350342
1533192304.680181,31232,2.6561129093170166
1533193844.6444714,31744,3.1806981563568115
1533195373.771242,32256,-1.5416162014007568
1533196901.5337834,32768,3.2916979789733887
1533198422.8264997,33280,-1.989310622215271
1533199959.392927,33792,2.4048190116882324
1533201500.7554276,34304,3.8283419609069824
1533203037.9614012,34816,3.208834409713745
1533204583.7616727,35328,3.4551141262054443
1533206126.202625,35840,2.8460850715637207
1533207671.2566118,36352,0.5373247265815735
1533209215.262439,36864,2.553802728652954
1533210753.27874,37376,2.0219955444335938
1533357202.8410609,37888,2.949723720550537
1533358724.9400105,38400,0.4055246412754059
1533360261.6652918,38912,5.430624961853027
1533361792.417981,39424,-0.14588604867458344
1533363322.1279414,39936,-1.0576562881469727
1533364860.5340543,40448,4.656072616577148
1533366386.792084,40960,-0.027251554653048515
1533367930.2326028,41472,2.42340087890625
1533369467.8766932,41984,4.987539768218994
1533370999.024454,42496,-0.9929178953170776
1533372544.8943157,43008,1.3042383193969727
1533374073.3184035,43520,0.0723661258816719
1533375616.5049267,44032,0.015398673713207245
1533377149.077523,44544,0.8859840035438538
1533378692.1539335,45056,2.0229225158691406
1533380235.0082893,45568,5.588353633880615
1533381776.543394,46080,0.1208619475364685
1533383315.848588,46592,-1.3803045749664307
1533384858.903854,47104,-1.0087180137634277
1533386410.9903395,47616,-0.3695885241031647
1533402134.0012486,48640,-0.6865904331207275
1533403675.6634698,49152,-7.923398971557617
1533405232.2746627,49664,0.6758872866630554
1533406774.0976508,50176,0.30688244104385376
1533408326.5092542,50688,-1.641555666923523
1533409889.6030812,51200,1.179304599761963
1533411438.5050118,51712,-2.6792073249816895
1533412985.6799028,52224,0.3551882803440094
1533414534.6655774,52736,-1.9544808864593506
1533416096.2480452,53248,-0.3918251395225525
1533417662.3681257,53760,0.15908806025981903
1533419226.6636953,54272,-1.8333876132965088
1533420803.0216658,54784,1.8341412544250488
1533422359.4504056,55296,-2.119931221008301
1533423916.0816505,55808,-3.9084362983703613
1533425469.547238,56320,-2.5494866371154785
1533427050.2797716,56832,3.5223331451416016
1533428619.4680367,57344,0.7206792831420898
1533430184.4272058,57856,1.8007540702819824
1533431764.1202977,58368,0.5308462381362915
1533433332.3283124,58880,-0.41857367753982544
1533434894.9625142,59392,-5.545449256896973
1533436454.2142835,59904,-0.8552154302597046
1533438029.9264526,60416,-1.6984132528305054
1533439601.0879762,60928,-0.5260120034217834
1533441175.3292737,61440,-3.2233307361602783
1533442758.4343193,61952,0.5749580264091492
1533444327.5719635,62464,0.3806048035621643
1533445900.1292756,62976,2.4305057525634766
1533447468.8561661,63488,-1.5339276790618896
1533449035.256149,64000,-3.6660690307617188
1533450609.9538739,64512,-3.074666976928711
1533452173.843457,65024,-4.998579025268555
1533453758.4014785,65536,3.249406576156616
1533455327.8259864,66048,-1.6025577783584595
1533456918.280106,66560,2.048610210418701
1533458485.2757547,67072,-0.8363887071609497
1533460044.9217095,67584,0.5812874436378479
1533461627.6301236,68096,0.026466336101293564
1533463193.545901,68608,-3.4679911136627197
1533464769.9959538,69120,-0.4862917959690094
1533466355.4452198,69632,2.916012763977051
1533467931.9506226,70144,-4.186004161834717
1533469502.5458968,70656,2.3792572021484375
1533471086.4816225,71168,2.6739320755004883
1533472674.8053856,71680,2.809375762939453
1533474258.2294793,72192,2.5284078121185303
1533475839.816751,72704,-1.7632561922073364
1533477421.4980156,73216,-4.870962619781494
1533479003.5107095,73728,3.2820427417755127
1533480596.4914367,74240,2.9746766090393066
1533483602.1613064,75264,-5.567256450653076
1533485182.2206044,75776,0.25427794456481934
1533486753.3133256,76288,3.9394125938415527
1533488331.024488,76800,-4.17141056060791
1533489905.2079222,77312,-2.4918229579925537
1533491483.3052142,77824,3.94370698928833
1533493051.6226008,78336,1.5011706352233887
1533494628.0518093,78848,3.602832794189453
1533496203.018099,79360,-1.1881341934204102
1533497770.2591746,79872,-1.6240036487579346
1533499341.2524211,80384,-3.976747989654541
1533500922.8669014,80896,2.2247610092163086
1533502506.8405151,81408,1.3370739221572876
1533504085.1436772,81920,5.2429399490356445
1533505649.4069176,82432,-3.275844097137451
1533507242.202135,82944,0.12048359960317612
1533508812.6638696,83456,-0.283265620470047
1533510394.982515,83968,-3.0215213298797607
1533511978.685158,84480,1.9013745784759521
1533513562.951989,84992,-3.3289966583251953
1533515143.7438064,85504,2.157970428466797
1533516733.6264985,86016,-0.0505560040473938
1533518318.075294,86528,2.1369762420654297
1533519897.7144697,87040,-2.008237600326538
1533521484.7570584,87552,1.0456515550613403
1533523058.4035604,88064,-2.5582785606384277
1533524640.2443554,88576,2.747224807739258
1533526229.651842,89088,-2.6200180053710938
1533527812.3377717,89600,-3.2236711978912354
1533529401.531082,90112,5.007806301116943
1533530986.9990373,90624,1.7085647583007812
1533532567.648527,91136,-1.9443306922912598
1533534151.599791,91648,1.1437584161758423
1533535733.0237179,92160,-1.0570204257965088
1533537310.4063106,92672,-2.6719441413879395
1533538891.3360472,93184,3.0629870891571045
1533540460.1678216,93696,-2.865670919418335
1533542039.2755096,94208,3.705476760864258
1533543620.8641832,94720,3.3903656005859375
1533545212.7516987,95232,0.3234158456325531
1533546789.424457,95744,0.3388689160346985
1533548375.5525734,96256,-2.3111162185668945
1533549965.6756475,96768,-0.32277679443359375
1533551547.3087347,97280,-0.36316388845443726
