wall_time,step,value
1530492560.0344515,512,3.8593244552612305
1530492878.5347438,1024,3.0154030323028564
1530493199.3420165,1536,3.143289804458618
1530493519.0754018,2048,1.7119319438934326
1530493838.6078007,2560,2.3819010257720947
1530494159.9452844,3072,1.486175537109375
1530494479.8879983,3584,1.657112717628479
1530494800.8721068,4096,1.897994875907898
1530495120.4428203,4608,2.402728319168091
1530495439.490618,5120,1.2399777173995972
1530495758.5495024,5632,1.294549584388733
1530496077.5543475,6144,1.179356575012207
1530496396.5227127,6656,1.2636394500732422
1530496714.4753537,7168,0.9151241183280945
1530497031.92399,7680,1.3983914852142334
1530497348.2043476,8192,1.2755131721496582
1530497665.5347698,8704,0.9637537002563477
1530782325.4462621,9728,1.1322591304779053
1530782641.3260126,10240,0.9971252679824829
1530782956.918376,10752,1.107918620109558
1530783270.8692522,11264,0.9004365801811218
1530783584.9977636,11776,1.4316644668579102
1530783899.1007495,12288,0.8890146613121033
1530784212.7485487,12800,1.0159341096878052
1530784527.2192302,13312,1.029889464378357
1530784842.2486427,13824,1.2187227010726929
1530785157.103204,14336,1.1830730438232422
1530785470.8019962,14848,1.1648242473602295
1530785786.352177,15360,0.9219052195549011
1530786100.6732419,15872,0.9285544157028198
1530786413.8314369,16384,0.8934601545333862
1530786729.9514012,16896,0.9908243417739868
1530787044.9561253,17408,0.9574397802352905
1530787360.0145392,17920,1.027374267578125
1530787674.1150358,18432,1.0189601182937622
1530787989.5698345,18944,0.9327825903892517
1530788303.5114102,19456,1.4557130336761475
1530788617.2048428,19968,1.0376900434494019
1530788930.7305262,20480,1.3318884372711182
1530789245.3539598,20992,0.9880366325378418
1530789559.3847826,21504,0.8247827887535095
1530789875.1938274,22016,1.0760692358016968
1530790190.2204683,22528,0.9511522054672241
1530790505.4090784,23040,1.5520061254501343
1530790821.1805818,23552,0.8609063625335693
1530791137.9444218,24064,1.1434509754180908
1530791453.2245052,24576,1.0970851182937622
1530791768.1011202,25088,1.0314363241195679
1530792085.5263636,25600,1.403762936592102
1530792401.3978956,26112,0.9200871586799622
1530792718.328744,26624,0.848046064376831
1530793033.6039941,27136,0.9477930665016174
1530793349.8513062,27648,1.2329494953155518
1530793664.9510846,28160,1.020643949508667
1530793981.9738796,28672,1.0765669345855713
1530794296.7587118,29184,0.9923571348190308
1530794611.9105823,29696,1.1777150630950928
1530794927.1217308,30208,1.0122385025024414
1530795242.6351764,30720,1.2095504999160767
1530795559.414366,31232,0.8405539393424988
1530795876.9466472,31744,1.0315253734588623
1530796193.2908826,32256,1.1695579290390015
1530796510.3173115,32768,0.9675881266593933
1530796828.752195,33280,0.9334112405776978
1530797146.2479436,33792,0.9046854972839355
1530797464.1105254,34304,1.7221484184265137
1530797780.4165246,34816,1.2117979526519775
1530798097.1492958,35328,0.9433332681655884
1530798414.5668252,35840,0.9211373329162598
1530798732.8247101,36352,0.93038010597229
1530799049.349006,36864,1.620855689048767
1530799366.428123,37376,0.9880828857421875
1530799685.6471133,37888,0.9673208594322205
1530800004.6162286,38400,0.8130775690078735
1530800321.7409575,38912,0.8148818016052246
1530800639.0639732,39424,0.7885169386863708
1530800956.7934003,39936,0.9621098637580872
1530801274.4736836,40448,0.7757449150085449
1530801591.609232,40960,0.9967249035835266
1530801909.0302553,41472,0.8389368057250977
1530802226.8686292,41984,0.8919180035591125
1530802543.7707963,42496,1.027243971824646
1530802862.1801274,43008,1.3133097887039185
1530803179.6753817,43520,0.8594943284988403
1530803496.7849882,44032,1.0439661741256714
1530803814.9192474,44544,0.8722991347312927
1530804133.8375075,45056,0.8396130800247192
1530804451.4025838,45568,1.158302903175354
1530804770.3387597,46080,1.2083656787872314
1530805091.6178305,46592,0.8565633893013
1530805413.214007,47104,1.0835018157958984
1530839224.486188,48128,0.7838718891143799
1530839540.6097767,48640,1.0568150281906128
1530839858.0912547,49152,0.9485599994659424
1530840173.9451215,49664,0.8307204842567444
1530840490.361783,50176,0.8937241435050964
1530840806.968161,50688,0.865477442741394
1530841122.630072,51200,0.9374783039093018
1530841438.3754256,51712,0.8337399363517761
1530841755.7991083,52224,1.2056677341461182
1530842072.0811393,52736,0.8809109926223755
1530842388.6307402,53248,1.2767753601074219
1530842704.5279365,53760,0.9208522439002991
1530843020.9256887,54272,0.8246703743934631
1530843336.847135,54784,0.896483302116394
1530843653.6105344,55296,1.0665291547775269
1530843968.8474498,55808,0.9056763052940369
1530844284.8625278,56320,1.0421513319015503
1530844602.044836,56832,1.2887463569641113
1530844918.2172968,57344,0.847534716129303
1530845234.8393445,57856,1.560460090637207
1530845550.462822,58368,1.2635059356689453
1530845867.402745,58880,1.2403770685195923
1530846183.6578107,59392,0.8441102504730225
1530846500.8585844,59904,1.1396894454956055
1530846816.98874,60416,0.8926103711128235
1530847133.4287431,60928,0.8335341811180115
1530847450.5731947,61440,0.8717376589775085
1530847766.2989092,61952,1.4864758253097534
1530848082.613624,62464,1.2880017757415771
1530848398.9182043,62976,0.8653571009635925
1530848715.7765787,63488,0.9509029984474182
1530849032.3877897,64000,0.9125292897224426
1530849350.0554566,64512,0.7963516116142273
1530849666.5578876,65024,1.0412697792053223
1530849982.7974946,65536,1.4308663606643677
1530850300.5656426,66048,0.8703375458717346
1530850617.1990242,66560,1.0464835166931152
1530850934.3401744,67072,0.9702659249305725
1530851251.5245814,67584,0.8262613415718079
1530851569.7698784,68096,1.0200730562210083
1530851888.3789086,68608,0.9332005977630615
1530852204.6150157,69120,0.8994025588035583
1530852523.5784934,69632,0.7677754759788513
1530852840.6529744,70144,1.0364289283752441
1530877730.053822,71168,1.1206358671188354
1530878044.9855032,71680,1.0659966468811035
1530878358.7204623,72192,0.9296668171882629
1530878672.2789705,72704,0.6930361986160278
1530878986.7289977,73216,0.9452611804008484
1530879299.5198221,73728,0.8006720542907715
1530879613.226383,74240,0.7806633710861206
1530879926.165058,74752,1.009798288345337
1530886940.423737,75776,0.7332911491394043
1530887255.1365094,76288,1.0419340133666992
1530887569.83135,76800,0.9316391348838806
1530887884.230404,77312,1.0608001947402954
1530888199.7555091,77824,1.0217667818069458
1530888515.6347601,78336,0.844296395778656
1530888831.7750072,78848,0.7516930103302002
1530889147.1805773,79360,0.9968167543411255
1530889462.0187545,79872,0.7682688236236572
1530889777.9506774,80384,0.7285890579223633
1530890094.2180116,80896,0.7536794543266296
1530890409.650153,81408,0.6728915572166443
1530890725.0589535,81920,0.9381067156791687
1530891040.7483735,82432,0.8861926794052124
1530891356.2010577,82944,0.9678515791893005
1530891672.0065506,83456,0.8916435837745667
1530891987.1827257,83968,1.0125243663787842
1530892304.0154574,84480,0.6888778805732727
1530892620.1824734,84992,0.9829797744750977
1530892935.7971706,85504,0.8417458534240723
1530893252.831931,86016,0.9440490007400513
1530893569.9421642,86528,1.0550167560577393
1530893886.9540298,87040,1.0388944149017334
1530894202.543207,87552,0.741418719291687
1530894518.7978065,88064,1.0231863260269165
1530894835.189171,88576,0.8666990995407104
1530895152.0030088,89088,0.8690797686576843
1530895468.498223,89600,1.3890526294708252
1530895785.1477928,90112,0.8985480666160583
1530896101.4733932,90624,0.9797494411468506
1530896417.0193434,91136,0.7048993110656738
1530896733.407999,91648,1.2978111505508423
1530897049.891458,92160,0.739604651927948
1530897365.934105,92672,0.7865968942642212
1530897681.3579514,93184,0.982111930847168
1530897998.4503207,93696,0.6833643317222595
1530898315.3906176,94208,0.7345559000968933
1530898631.687224,94720,0.7278043031692505
1530898947.4725986,95232,0.7980213165283203
1530899264.526832,95744,0.8980090022087097
1530904795.8330503,96768,0.7853999733924866
1530905110.230365,97280,0.8188989758491516
