wall_time,step,value
1531088644.4087906,512,4.572327136993408
1531088922.988672,1024,6.176204204559326
1531089204.0158157,1536,4.171141624450684
1531089482.8794248,2048,4.581749439239502
1531089761.234796,2560,8.216958045959473
1531090041.495718,3072,5.21336555480957
1531090320.3000393,3584,7.317388534545898
1531090599.3208606,4096,3.2035791873931885
1531090878.0967577,4608,5.087342739105225
1531091158.8225753,5120,2.673896312713623
1531091438.5337076,5632,6.211511611938477
1531091718.572464,6144,2.826481580734253
1531091998.4262724,6656,4.325501918792725
1531092277.9844613,7168,2.8291313648223877
1531092558.6135085,7680,2.418489933013916
1531092838.2875516,8192,1.6770118474960327
1531093117.8313043,8704,4.942107200622559
1531093397.9503856,9216,2.681391477584839
1531093677.6802292,9728,2.474123954772949
1531093958.8910866,10240,4.79807710647583
1531094238.1809752,10752,3.487410068511963
1531094518.94427,11264,2.482351303100586
1531094799.324356,11776,1.4965745210647583
1531095080.069414,12288,2.779332160949707
1531095360.1507273,12800,2.7999460697174072
1531095640.4160051,13312,1.4359745979309082
1531095920.7777376,13824,1.6251579523086548
1531096201.4694848,14336,7.181268692016602
1531096482.8564677,14848,3.5859732627868652
1531096762.0749712,15360,3.3879806995391846
1531097042.4380813,15872,6.689144134521484
1531097323.4934523,16384,3.453395366668701
1531097604.5404432,16896,3.399725914001465
1531097884.9114237,17408,1.730138897895813
1531098164.6735017,17920,3.4382195472717285
1531098446.5893197,18432,1.7640137672424316
1531098728.760451,18944,4.453152179718018
1531099009.256484,19456,5.556182861328125
1531099290.9708707,19968,8.014062881469727
1531099573.4622674,20480,1.623730182647705
1531099853.542827,20992,2.6322154998779297
1531100135.1646235,21504,3.1295557022094727
1531100416.5372686,22016,3.450930595397949
1531100698.3476999,22528,4.441898822784424
1531100979.2831266,23040,1.7342660427093506
1531101262.4160993,23552,1.7564290761947632
1531101543.3122373,24064,2.008817434310913
1531101825.3115232,24576,1.5588831901550293
1531102106.5190253,25088,3.9320411682128906
1531102388.491684,25600,3.5192174911499023
1531102670.2963595,26112,1.738717794418335
1531102951.7502208,26624,1.3007270097732544
1531103233.4822826,27136,1.5583851337432861
1531103515.2511823,27648,3.1332499980926514
1531103796.7377634,28160,2.3964884281158447
1531104079.364841,28672,1.5027269124984741
1531104360.2167935,29184,2.119892120361328
1531104642.489592,29696,2.48840069770813
1531104925.3457975,30208,2.4302239418029785
1531105206.4009144,30720,1.6249639987945557
1531105488.9913092,31232,3.294847011566162
1531105770.0337486,31744,1.325476884841919
1531106051.4254951,32256,2.447124719619751
1531106333.974216,32768,5.475636005401611
1531106616.967163,33280,5.39921760559082
1531106898.2077835,33792,3.483363628387451
1531107179.9471505,34304,6.520472526550293
1531107461.6111507,34816,10.430785179138184
1531107743.1680946,35328,3.91540789604187
1531108024.893391,35840,3.423736810684204
1531108306.3964243,36352,13.163592338562012
1531108588.6379888,36864,18.426877975463867
1531108870.2572117,37376,10.832086563110352
1531109153.7896826,37888,9.145757675170898
1531109436.6497586,38400,12.302926063537598
1531314792.032815,39424,8.056038856506348
1531315066.8098276,39936,14.73619556427002
1531315341.3356366,40448,15.733325958251953
1531315615.281575,40960,12.782525062561035
1531315892.097508,41472,11.762972831726074
1531316167.3310707,41984,6.559240341186523
1531316442.6224535,42496,17.080368041992188
1531316717.6970394,43008,8.788386344909668
1531316992.5818446,43520,8.454100608825684
1531317269.4460812,44032,4.197545528411865
1531317545.9749818,44544,15.423837661743164
1531317821.9565988,45056,12.688408851623535
1531318098.113307,45568,5.043644428253174
1531318374.4578934,46080,4.872827529907227
1531318650.778484,46592,6.680581092834473
1531318927.2726374,47104,8.543904304504395
1531319204.0694442,47616,8.707791328430176
1531319480.6237044,48128,6.122934341430664
1531319758.5447528,48640,7.125272274017334
1531320034.5589232,49152,14.296345710754395
1531320310.8201413,49664,14.680639266967773
1531341732.7034416,50688,9.419581413269043
1531342008.79166,51200,13.001596450805664
1531342285.0178385,51712,10.265167236328125
1531342560.9634333,52224,6.267099857330322
1531342837.954212,52736,18.277385711669922
1531343115.1723285,53248,4.2926025390625
1531343390.7477818,53760,12.586859703063965
1531343667.3001375,54272,8.973101615905762
1531343943.796503,54784,7.028430461883545
1531344221.362777,55296,10.787421226501465
1531344496.7754369,55808,4.463567733764648
1531344772.1917572,56320,11.855587005615234
1531345049.10562,56832,7.6214799880981445
1531345325.0200045,57344,7.435584545135498
1531345602.1617572,57856,16.435537338256836
1531345878.4190853,58368,15.523480415344238
1531346154.094108,58880,15.16154956817627
1531346429.9050236,59392,9.545392036437988
1531346705.7824502,59904,13.734329223632812
1531346982.3920286,60416,7.454965114593506
1531347258.5515864,60928,15.081707954406738
1531347534.431842,61440,8.119869232177734
1531347811.469341,61952,6.2749714851379395
1531348088.4557767,62464,11.642313003540039
1531348365.4225383,62976,7.751384258270264
1531348643.346138,63488,4.4475297927856445
1531348921.0933762,64000,7.663550853729248
1531349198.0659468,64512,7.351512908935547
1531349475.1381183,65024,11.329109191894531
1531349753.7432597,65536,14.119104385375977
1531350032.8734047,66048,3.27762770652771
1531350311.5376298,66560,4.159860610961914
1531350589.1933422,67072,8.179611206054688
1531350868.12695,67584,7.222105026245117
1531351146.179191,68096,8.74421215057373
1531351423.7988899,68608,4.449984073638916
1531351702.9112031,69120,5.466002941131592
1531352745.8287554,70144,15.656051635742188
1531353020.232995,70656,13.029402732849121
1531353295.9438415,71168,4.165377140045166
1531353572.0911403,71680,13.059191703796387
1531353849.2074065,72192,19.13941764831543
1531354125.8226624,72704,4.710646152496338
1531354403.0881572,73216,9.827665328979492
1531354679.7291093,73728,4.4476318359375
1531354957.1200736,74240,7.020686626434326
1531355233.8251014,74752,15.382555961608887
1531355509.4253612,75264,17.243572235107422
1531355786.5038462,75776,9.531698226928711
1531356063.3484974,76288,8.882566452026367
1531356340.7052958,76800,8.472803115844727
1531356617.1229024,77312,11.306733131408691
1531356893.5331864,77824,4.267610549926758
1531357169.4782665,78336,11.09302043914795
1531357447.3266659,78848,5.719024658203125
1531357725.4512794,79360,6.224098205566406
1531358002.0089252,79872,7.394436836242676
1531358280.409493,80384,16.06810188293457
1531358557.633911,80896,15.194607734680176
1531358834.7168934,81408,11.021065711975098
1531359112.8859766,81920,8.70020580291748
1531359389.9625192,82432,13.070564270019531
1531359667.3705616,82944,11.516107559204102
1531359946.304018,83456,3.9813613891601562
1531360223.6280997,83968,5.105025291442871
1531360500.7163777,84480,7.012058734893799
1531360779.2521973,84992,8.400712966918945
1531361055.876965,85504,5.63746976852417
1531361333.3219323,86016,7.185736656188965
1531361610.6128945,86528,5.0485124588012695
1531361889.572209,87040,5.759624004364014
1531362167.586788,87552,15.415573120117188
1531362446.59562,88064,4.17521858215332
1531362724.7157962,88576,11.576630592346191
1531363002.7130067,89088,13.316251754760742
1531363280.7913299,89600,5.7935357093811035
1531363558.746793,90112,5.944375038146973
1531363836.4972458,90624,13.050347328186035
1531364114.2069151,91136,4.768853187561035
1531364392.6989217,91648,4.714801788330078
1531364670.1696053,92160,9.63552474975586
1531364948.1953142,92672,9.055580139160156
1531365227.6057007,93184,6.897524833679199
1531365504.9057336,93696,5.875220775604248
1531365782.1646001,94208,13.9328031539917
1531366059.8003452,94720,5.569530010223389
1531366338.660382,95232,7.419989585876465
1531366616.9180024,95744,8.844233512878418
1531366894.444594,96256,9.333012580871582
1531367172.839844,96768,6.265147686004639
1531367450.8576422,97280,7.6311540603637695
