wall_time,step,value
1530452723.8358614,512,93.93138122558594
1530452967.0335352,1024,101.83819580078125
1530453208.8576767,1536,87.45288848876953
1530453451.0262678,2048,64.04106140136719
1530453694.8964186,2560,58.125919342041016
1530453938.5349457,3072,80.6043472290039
1530454182.4679353,3584,71.14776611328125
1530454424.1719415,4096,47.73918914794922
1530454667.051792,4608,48.011348724365234
1530454909.5933373,5120,45.88396072387695
1530455151.0324738,5632,39.29732131958008
1530455395.0566373,6144,34.18406295776367
1530455639.513079,6656,32.86495590209961
1530455882.5570579,7168,22.674041748046875
1530456126.178036,7680,20.78363609313965
1530456369.76289,8192,18.062538146972656
1530456613.8762915,8704,16.558788299560547
1530456857.6022177,9216,11.74117374420166
1530457102.2196405,9728,12.475760459899902
1530457345.6335115,10240,16.364274978637695
1530457588.7475176,10752,9.282158851623535
1530457831.8220606,11264,15.222294807434082
1530458075.315277,11776,5.806497573852539
1530458319.2125583,12288,4.669711112976074
1530458562.282402,12800,12.771718978881836
1530458804.968775,13312,12.311004638671875
1530459050.192898,13824,16.539548873901367
1530459294.9345686,14336,9.980981826782227
1530459538.9192288,14848,13.617969512939453
1530459784.3832452,15360,16.906665802001953
1530460029.854736,15872,8.304350852966309
1530460274.6551514,16384,19.008861541748047
1530460519.6204054,16896,18.024002075195312
1530460763.7345722,17408,16.749101638793945
1530461008.1484318,17920,9.380369186401367
1530461252.0873857,18432,9.092019081115723
1530461496.0164661,18944,11.853559494018555
1530461740.187712,19456,8.451152801513672
1530461983.1875281,19968,9.903223037719727
1530462227.35621,20480,15.511929512023926
1530462471.8380811,20992,14.309430122375488
1530462716.8831692,21504,8.127449035644531
1530462961.2485769,22016,10.328642845153809
1530463207.5378883,22528,15.067361831665039
1530463452.7019694,23040,13.241714477539062
1530463697.1148255,23552,12.267875671386719
1530463942.0878332,24064,10.358837127685547
1530464187.5069404,24576,14.62985610961914
1530464432.3286784,25088,17.25269317626953
1530464677.4016032,25600,14.3973388671875
1530464922.7569463,26112,15.225303649902344
1530465169.285734,26624,14.408821105957031
1530465414.0993793,27136,2.0147764682769775
1530465659.6348805,27648,10.306921005249023
1530465905.1624289,28160,11.98138427734375
1530466150.6440253,28672,6.692565441131592
1530466397.0270257,29184,4.3920440673828125
1530466644.0859468,29696,10.175688743591309
1530466889.8827164,30208,8.750070571899414
1530467135.6778033,30720,4.053439140319824
1530467381.72052,31232,7.029152870178223
1530467629.250111,31744,5.843023300170898
1530467875.7761712,32256,7.190844535827637
1530468121.7804472,32768,3.5888733863830566
1530468368.6109192,33280,12.700698852539062
1530468615.067486,33792,8.851608276367188
1530468861.0469594,34304,5.753639221191406
1530469108.3658013,34816,1.335089921951294
1530469355.8960917,35328,24.387779235839844
1530469602.3119035,35840,22.895322799682617
1530469848.9672134,36352,-45.55866622924805
1530470098.090486,36864,-57.7318115234375
1530470345.4272788,37376,-190.25875854492188
1530470594.2498415,37888,190.87680053710938
1530470843.077238,38400,-122.62690734863281
1530721432.862867,39424,75.01316833496094
1530721675.5062864,39936,74.80996704101562
1530721918.6988463,40448,194.33985900878906
1530722162.0473082,40960,31.14366340637207
1530722406.1984053,41472,-60.41836166381836
1530722649.0698085,41984,-143.46786499023438
1530722892.488791,42496,121.37016296386719
1530723136.2231896,43008,101.76907348632812
1530723380.3337913,43520,-178.51512145996094
1530723625.4916477,44032,-42.937408447265625
1530723868.1166034,44544,-260.6962890625
1530724111.6883676,45056,-154.8248748779297
1530724355.1472814,45568,139.33721923828125
1530724598.2980828,46080,-71.72592163085938
1530724841.0871081,46592,-5.150413513183594
1530725084.179339,47104,68.46420288085938
1530725327.5175724,47616,-8.048186302185059
1530725571.3048487,48128,26.11727523803711
1530725816.3029203,48640,-201.06024169921875
1530726061.5160248,49152,-243.69776916503906
1530726307.0217788,49664,165.22154235839844
1530726552.7417676,50176,232.72679138183594
1530726797.9550972,50688,189.43161010742188
1530727042.0816607,51200,-62.684749603271484
1530727287.3257406,51712,242.75396728515625
1530727532.8206198,52224,53.22264862060547
1530727778.2268045,52736,152.91754150390625
1530728023.9183605,53248,-170.69094848632812
1530728268.536613,53760,59.1634407043457
1530728512.976359,54272,-88.39816284179688
1530728757.5051725,54784,60.568641662597656
1530729002.673817,55296,-185.69459533691406
1530729249.0133798,55808,-99.33615112304688
1530729495.5656765,56320,-325.218017578125
1530729743.0195897,56832,274.3804626464844
1530729989.5194151,57344,-247.85003662109375
1530730235.2087402,57856,-91.81411743164062
1530730481.6151028,58368,154.62136840820312
1530730729.0840604,58880,293.32958984375
1530730974.748625,59392,40.17864990234375
1530731221.583299,59904,318.51458740234375
1530731468.3256752,60416,159.88731384277344
1530731714.4120183,60928,78.50336456298828
1530731960.914773,61440,-291.8263244628906
1530732207.4106243,61952,-110.18359375
1530732453.2421737,62464,-215.772216796875
1530732701.052972,62976,120.39698791503906
1530732947.7128017,63488,132.32337951660156
1530733193.7019844,64000,213.900390625
1530733441.249323,64512,158.53402709960938
1530733688.220291,65024,311.6752014160156
1530733936.7219012,65536,-192.23150634765625
1530734183.2688873,66048,425.03778076171875
1530734430.5622036,66560,-344.49652099609375
1530734677.4080641,67072,96.29133605957031
1530734924.2521017,67584,366.6870422363281
1530735171.0079622,68096,-136.41900634765625
1530735418.295033,68608,-304.3233337402344
1530735664.978195,69120,-160.76309204101562
1530735911.8795793,69632,-155.7107696533203
1530736158.8028114,70144,165.10043334960938
1530736405.89806,70656,121.80398559570312
1530736652.7146387,71168,-307.0049743652344
1530736900.3900292,71680,272.34820556640625
1530737148.0276139,72192,137.77700805664062
1530737397.5013793,72704,6.320497512817383
1530737644.9795065,73216,295.307861328125
1530737893.1068697,73728,177.1265106201172
1530738140.096872,74240,-120.82809448242188
1530738387.3360338,74752,89.93568420410156
1530738635.7638922,75264,59.46818542480469
1530738885.5259342,75776,-201.33419799804688
1530739133.7725735,76288,219.39666748046875
1530739382.8497918,76800,-14.519420623779297
1530739631.9973054,77312,-130.21290588378906
1530760499.1332412,78336,-115.10889434814453
1530760744.9516995,78848,-172.54058837890625
1530760989.5168304,79360,6.8653717041015625
1530761235.7321846,79872,56.16499328613281
1530761480.9440699,80384,-89.67620086669922
1530761726.4328961,80896,151.82632446289062
1530761972.0874631,81408,-49.361331939697266
1530762218.5989327,81920,-27.553131103515625
1530762464.2176914,82432,268.9364013671875
1530762709.7717278,82944,-263.5184326171875
1530762956.2113068,83456,-152.48214721679688
1530763201.280589,83968,-231.6285400390625
1530763445.9455655,84480,-233.25839233398438
1530763690.533991,84992,107.56385040283203
1530763935.3121684,85504,-383.3638916015625
1530764180.9440837,86016,54.26148223876953
1530764426.229559,86528,-181.0802001953125
1530764671.5233302,87040,76.32339477539062
1530764917.3051517,87552,-114.6982650756836
1530765162.1632156,88064,-109.03732299804688
1530765409.1526952,88576,327.7229919433594
1530765655.762147,89088,-223.25607299804688
1530765902.3666594,89600,-286.88507080078125
1530766149.6643987,90112,106.86613464355469
1530766395.7918682,90624,382.73504638671875
1530766643.328019,91136,-60.3167610168457
1530766888.3139315,91648,-181.3312225341797
1530767136.045735,92160,124.74259948730469
1530767381.9575484,92672,256.6546630859375
1530767629.1952207,93184,183.60247802734375
1530767875.0284994,93696,-93.49864196777344
1530768122.2145035,94208,-313.84417724609375
1530768368.4224951,94720,-215.21237182617188
1530768616.5402815,95232,-75.40924072265625
1530768862.8817334,95744,194.97723388671875
1530769110.172784,96256,-168.0871124267578
1530769356.715799,96768,-99.62523651123047
1530769603.4437082,97280,170.10122680664062
