wall_time,step,value
1531869889.401331,512,0.4312989413738251
1531870584.2399592,1024,0.3941303789615631
1531871271.9843578,1536,0.3571679890155792
1531871957.261264,2048,0.306980699300766
1531872642.7379777,2560,0.28851518034935
1531873323.3335328,3072,0.25046679377555847
1531874000.967335,3584,0.23619408905506134
1531874676.6139534,4096,0.2277298867702484
1531875349.2297087,4608,0.2270151823759079
1531876019.5985427,5120,0.21054942905902863
1531876688.6562774,5632,0.2057306319475174
1531877358.756263,6144,0.2004193812608719
1531878029.474209,6656,0.19367468357086182
1531878699.3389535,7168,0.18545734882354736
1531879369.4400382,7680,0.19333294034004211
1531880038.8386538,8192,0.18130725622177124
1531880710.251758,8704,0.15980668365955353
1531881383.306302,9216,0.16212277114391327
1531882058.3355765,9728,0.16026166081428528
1531882733.7045524,10240,0.15073388814926147
1531883409.0314817,10752,0.14180471003055573
1531884081.2211437,11264,0.143004909157753
1531884756.3731003,11776,0.1379089206457138
1531885429.4411228,12288,0.13678115606307983
1531886102.1355283,12800,0.12866351008415222
1531886775.2285082,13312,0.12721586227416992
1531887449.6866689,13824,0.12280446290969849
1531888124.3594272,14336,0.12024293839931488
1531888797.5946693,14848,0.12836749851703644
1531889470.0128603,15360,0.12159506976604462
1531890144.508676,15872,0.12237080931663513
1531890817.6799908,16384,0.12372668832540512
1531891491.6521332,16896,0.10924754291772842
1531892164.2674935,17408,0.10870524495840073
1531892838.5887027,17920,0.10820991545915604
1531893512.0177445,18432,0.10209480673074722
1531894185.8748791,18944,0.10964812338352203
1531894859.819924,19456,0.09847266227006912
1531895533.6614344,19968,0.0998995378613472
1532075897.7287314,20992,0.09887785464525223
1532076568.9628286,21504,0.09510056674480438
1532077241.0052898,22016,0.09937240183353424
1532077911.947427,22528,0.09090670943260193
1532081986.655432,23552,0.08777143806219101
1532082657.3716817,24064,0.08761872351169586
1532083330.1444645,24576,0.08334891498088837
1532084001.2074897,25088,0.08912475407123566
1532084672.912178,25600,0.08482243865728378
1532085343.8051357,26112,0.08568525314331055
1532086014.7227874,26624,0.08164730668067932
1532086687.8187711,27136,0.08176157623529434
1532087359.4639063,27648,0.07751735299825668
1532088030.3433976,28160,0.07759663462638855
1532088704.2977316,28672,0.07803451269865036
1532089379.12678,29184,0.08375151455402374
1532090049.839936,29696,0.07770996540784836
1532090724.7640796,30208,0.07699643820524216
1532091399.53687,30720,0.075506791472435
1532092071.0765698,31232,0.07451242953538895
1532092746.1715293,31744,0.07774879038333893
1532093420.8979018,32256,0.07338915765285492
1532094095.6791432,32768,0.07863322645425797
1532094770.7641783,33280,0.07119587063789368
1532095443.3326232,33792,0.06920324265956879
1532096118.4719052,34304,0.07408389449119568
1532096792.636127,34816,0.06763496994972229
1532097466.775904,35328,0.06904240697622299
1532098143.7502577,35840,0.07058590650558472
1532098822.235455,36352,0.06936831772327423
1532099497.620249,36864,0.06859614700078964
1532100173.121967,37376,0.0699479952454567
1532100849.0456994,37888,0.0680035725235939
1532101525.6525495,38400,0.0699051097035408
1532102200.7329483,38912,0.06957680732011795
1532102877.1911995,39424,0.07077132910490036
1532111234.1433856,40448,0.06512380391359329
1532111908.7004871,40960,0.066034696996212
1532112584.859149,41472,0.06597844511270523
1532113261.2035127,41984,0.06671259552240372
1532113941.8269038,42496,0.06684474647045135
1532114621.3239882,43008,0.062092315405607224
1532115297.9857976,43520,0.05994298309087753
1532115977.0510752,44032,0.06293387711048126
1532116652.9122584,44544,0.06248660758137703
1532117331.491092,45056,0.061402577906847
1532118009.3417435,45568,0.06024409085512161
1532118685.890392,46080,0.0634215697646141
1532119363.1451926,46592,0.06082126125693321
1532120039.9127495,47104,0.06093414127826691
1532120717.7266932,47616,0.06043390557169914
1532121397.378278,48128,0.06319013983011246
1532122076.9269395,48640,0.05984294041991234
1532122754.6727576,49152,0.06565645337104797
1532123434.6454315,49664,0.05958067253232002
1532124112.5825148,50176,0.05991990864276886
1532124790.6290398,50688,0.055607203394174576
1532125470.2062273,51200,0.056829214096069336
1532126151.9811895,51712,0.060648951679468155
1532126832.4058893,52224,0.05477717146277428
1532127511.3572779,52736,0.05473123490810394
1532128191.6926534,53248,0.05820561945438385
1532128871.5775423,53760,0.05603301525115967
1532129551.534645,54272,0.05551864206790924
1532130230.7969997,54784,0.05497432127594948
1532130912.006969,55296,0.055762045085430145
1532131593.813886,55808,0.05699378252029419
1532132273.247851,56320,0.0558251217007637
1532132953.9550266,56832,0.05722624063491821
1532133634.6245944,57344,0.0537090003490448
1532134312.3418422,57856,0.055589571595191956
1532134995.2204704,58368,0.054427411407232285
1532135673.807605,58880,0.05503345653414726
1532136354.6343963,59392,0.05220245197415352
1532137036.5252233,59904,0.053562603890895844
1532137715.3275788,60416,0.05290375277400017
1532138397.402779,60928,0.056214649230241776
1532139077.8442268,61440,0.053045399487018585
1532139758.7723331,61952,0.052565623074769974
1532164888.690111,62976,0.04888995364308357
1532165565.638039,63488,0.04949034005403519
1532166239.6948035,64000,0.05263811722397804
1532166916.9622827,64512,0.051485899835824966
1532167594.5655935,65024,0.05346321687102318
1532168273.0578847,65536,0.0499749556183815
1532168946.8521805,66048,0.05170832574367523
1532169624.780513,66560,0.053195565938949585
1532170302.8219311,67072,0.05062131583690643
1532170978.1696086,67584,0.05166925862431526
1532171654.0665622,68096,0.05174292251467705
1532172333.8018658,68608,0.051596663892269135
1532173010.2487385,69120,0.05378338322043419
1532173688.1675375,69632,0.05011199787259102
1532174366.7873607,70144,0.04936401918530464
1532175045.3024216,70656,0.05194995179772377
1532175721.5036457,71168,0.04921785742044449
1532176399.0971768,71680,0.05266612395644188
1532177075.5335193,72192,0.05050165578722954
1532177751.484754,72704,0.05164399370551109
1532178430.8299592,73216,0.05054670572280884
1532179109.265568,73728,0.05163867771625519
1532179786.7980208,74240,0.048832278698682785
1532180467.9709272,74752,0.04995720461010933
1532181146.0088992,75264,0.051345549523830414
1532181821.494418,75776,0.05250316485762596
1532182502.401234,76288,0.0466005802154541
1532183183.2147713,76800,0.05004207789897919
1532183862.0569477,77312,0.0512225404381752
1532184538.4854794,77824,0.04841558262705803
1532185213.3266835,78336,0.049275048077106476
1532185893.0378125,78848,0.048953425139188766
1532186570.6407092,79360,0.049908947199583054
1532187250.495856,79872,0.04981667175889015
1532187929.31321,80384,0.04837282374501228
1532188606.9131205,80896,0.049844589084386826
1532189285.102261,81408,0.04831083118915558
1532189966.0355978,81920,0.04896673932671547
1532190646.278001,82432,0.04896371811628342
1532191325.8870654,82944,0.04973359405994415
1532192005.545035,83456,0.04900215193629265
1532192682.9831917,83968,0.049408670514822006
1532193360.16532,84480,0.04880516976118088
1532194038.7728102,84992,0.048995498567819595
1532194720.6234775,85504,0.04862057417631149
1532195402.5012963,86016,0.04632152244448662
1532196084.4597185,86528,0.04942457750439644
1532196774.8831728,87040,0.05340712144970894
1532197464.3621435,87552,0.06386128813028336
1532198153.0471425,88064,0.07204616814851761
1532198833.8997371,88576,0.078354112803936
1532199521.8683133,89088,0.08297313004732132
1532200197.6839104,89600,0.08713704347610474
1532200877.020183,90112,0.09202081710100174
1532201557.8142576,90624,0.10004794597625732
1532202237.450996,91136,0.10328996926546097
1532202920.407149,91648,0.10505722463130951
1532203601.7975245,92160,0.10567863285541534
1532204278.7419412,92672,0.11317144334316254
1532204957.844375,93184,0.10915160924196243
1532205642.8650146,93696,0.1262645423412323
1532206321.4217615,94208,0.13080953061580658
1532207006.6047196,94720,0.13104382157325745
1532207677.8252077,95232,0.12223085016012192
1532208343.784629,95744,0.12572288513183594
1532209005.106512,96256,0.12935848534107208
1532209672.9756129,96768,0.12940998375415802
1532210334.7083323,97280,0.13542699813842773
