wall_time,step,value
1531836366.956615,512,0.027607785537838936
1531836817.1862016,1024,0.04904966801404953
1531837268.9408624,1536,0.03277254477143288
1531837719.846361,2048,0.05457847937941551
1531838169.4866264,2560,0.04076223820447922
1531838619.9778345,3072,0.06277868151664734
1531839069.5828702,3584,0.059735119342803955
1531839520.0566678,4096,0.033162277191877365
1531839967.7763486,4608,0.081735759973526
1531840418.1266956,5120,0.06331552565097809
1531840868.0093904,5632,0.05695042014122009
1531841318.2906625,6144,0.0648394376039505
1531841767.367894,6656,0.0961274728178978
1531842216.597513,7168,0.06846965104341507
1531842665.9441803,7680,0.0856899544596672
1531843116.7223608,8192,0.088715098798275
1531843565.0428383,8704,0.08269614726305008
1531844013.603856,9216,0.10022922605276108
1531844462.3387313,9728,0.10258138179779053
1531844910.5501647,10240,0.08908118307590485
1531845360.72905,10752,0.09287825226783752
1531845810.519302,11264,0.08511506766080856
1531846258.884332,11776,0.12715096771717072
1531846708.6498177,12288,0.06123625487089157
1531847158.9506788,12800,0.08533348143100739
1531847608.2451768,13312,0.1621161252260208
1531848058.4813175,13824,0.07194264978170395
1531848506.7487547,14336,0.14533010125160217
1531848956.0160546,14848,0.09203802794218063
1531849404.0305874,15360,0.0981745645403862
1531849854.396659,15872,0.1091071143746376
1531850303.1985822,16384,0.1317683458328247
1531850752.1086278,16896,0.11818117648363113
1531851201.657699,17408,0.06313842535018921
1531851650.1666052,17920,0.12868042290210724
1531852098.8543668,18432,0.07727006822824478
1531852549.3145797,18944,0.13705436885356903
1531852998.3249102,19456,0.09473581612110138
1531853446.601098,19968,0.16650907695293427
1531853896.2416084,20480,0.12187160551548004
1531854346.238841,20992,0.10799466073513031
1531854795.8059874,21504,0.14077672362327576
1531855246.1053908,22016,0.09531360119581223
1531855696.6792939,22528,0.11437786370515823
1531856146.0008984,23040,0.08502917736768723
1531856597.7976649,23552,0.0807475671172142
1531857047.9372797,24064,0.1485033482313156
1531857500.3250484,24576,0.1171761080622673
1531857950.3150892,25088,0.11742106825113297
1531858401.0952716,25600,0.13668395578861237
1531858850.9496334,26112,0.09818834811449051
1531859303.3225272,26624,0.15630483627319336
1531859754.4848669,27136,0.12336483597755432
1531860205.320567,27648,0.1208907961845398
1531860656.8681674,28160,0.13835683465003967
1531861108.9659922,28672,0.09089840203523636
1531861560.626869,29184,0.08304750919342041
1531862010.6903183,29696,0.08122791349887848
1531862461.0855632,30208,0.11448239535093307
1531862911.2463126,30720,0.08486464619636536
1531863363.1567402,31232,0.145426407456398
1531863813.8411279,31744,0.17800454795360565
1531864265.245577,32256,0.10433406382799149
1531864716.145219,32768,0.13137894868850708
1531865167.2310128,33280,0.134811669588089
1531865617.7316723,33792,0.08389819413423538
1531866068.2948837,34304,0.12096891552209854
1531866520.613232,34816,0.11330492794513702
1531866971.8653598,35328,0.0964522734284401
1531867424.0974565,35840,0.09920980036258698
1531867875.609033,36352,0.09061870723962784
1531868328.2702308,36864,0.13905861973762512
1531868781.0663881,37376,0.07039707899093628
1531952893.7055027,38400,0.09988723695278168
1531953341.5481896,38912,0.09095264971256256
1531953790.4151053,39424,0.07626809924840927
1531954237.1567914,39936,0.13510878384113312
1531954685.719457,40448,0.128367617726326
1531955134.863761,40960,0.1190560981631279
1531955582.3916874,41472,0.14954477548599243
1531956030.7705696,41984,0.12367555499076843
1531956479.0266294,42496,0.12861286103725433
1531956927.5783706,43008,0.12779664993286133
1531957376.2203932,43520,0.11383391916751862
1531957825.1417375,44032,0.16694091260433197
1531958273.2273593,44544,0.08773735165596008
1531958720.9720752,45056,0.1534506231546402
1531959169.1039777,45568,0.1351882666349411
1531959618.2314398,46080,0.12947703897953033
1531960066.7549787,46592,0.09634874016046524
1531960520.3332863,47104,0.12307369709014893
1531960976.3167045,47616,0.07019904255867004
1531961429.7629426,48128,0.10259054601192474
1531961882.9937227,48640,0.13837474584579468
1531962336.4272459,49152,0.09971058368682861
1531962789.773354,49664,0.1065981313586235
1531963243.7630708,50176,0.0822499692440033
1531963697.227793,50688,0.11997657269239426
1531964151.330405,51200,0.06594257056713104
1531964605.226133,51712,0.14388033747673035
1531965057.1408687,52224,0.1431802660226822
1531965510.5045838,52736,0.10630382597446442
1531965963.2842038,53248,0.0753137394785881
1531966415.3337288,53760,0.07609729468822479
1531966867.4497752,54272,0.10075398534536362
1531967318.312266,54784,0.0869223028421402
1531967769.4902546,55296,0.12062609940767288
1531968222.5992105,55808,0.07497761398553848
1531968677.0352018,56320,0.09473242610692978
1531969129.6320143,56832,0.13421630859375
1531969583.0013838,57344,0.10732491314411163
1531970036.1670737,57856,0.13507071137428284
1531970489.4273362,58368,0.10633290559053421
1531970942.926294,58880,0.0712784081697464
1531971396.9268823,59392,0.09411992132663727
1531971850.6197255,59904,0.12402597069740295
1531972305.4889534,60416,0.13867385685443878
1531972759.978302,60928,0.10320359468460083
1531973215.1533058,61440,0.09187513589859009
1531973670.6022663,61952,0.13320085406303406
1531974126.4510183,62464,0.08722782135009766
1531974582.2735288,62976,0.115257628262043
1531975036.948272,63488,0.14600881934165955
1531975492.1676953,64000,0.07957173883914948
1531975946.7318633,64512,0.12704715132713318
1531976402.634386,65024,0.12447638809680939
1531976857.2992668,65536,0.10022860020399094
1531977311.942081,66048,0.10168102383613586
1531977767.0084271,66560,0.1226230338215828
1531978221.2745655,67072,0.07819876819849014
1531978675.1949599,67584,0.07696543633937836
1531979128.6521604,68096,0.0890468955039978
1531979584.135609,68608,0.16530346870422363
1531980039.491723,69120,0.11633877456188202
1531980494.3860629,69632,0.08915705978870392
1531980948.7415078,70144,0.10141611844301224
1531981404.720406,70656,0.09539809823036194
1531981860.9228077,71168,0.0962066650390625
1532019770.7173905,72192,0.09653010964393616
1532020221.6924233,72704,0.08721890300512314
1532020673.7183368,73216,0.10549964010715485
1532021125.3915825,73728,0.12492847442626953
1532021578.2660198,74240,0.07588323205709457
1532022031.4954963,74752,0.09144285321235657
1532022484.1106377,75264,0.12276050448417664
1532022936.2637637,75776,0.12899382412433624
1532023388.477363,76288,0.12030404806137085
1532023842.1128702,76800,0.09715445339679718
1532024295.6545124,77312,0.1244366392493248
1532024748.9000487,77824,0.07587593048810959
1532025201.9717736,78336,0.11760195344686508
1532025655.827729,78848,0.10607057809829712
1532026109.6491203,79360,0.1027531623840332
1532026565.924515,79872,0.08305439352989197
1532027020.044652,80384,0.07965884357690811
1532027473.4651117,80896,0.13280589878559113
1532027927.9782345,81408,0.13445699214935303
1532028383.1854832,81920,0.09108246117830276
1532028836.5100012,82432,0.09784192591905594
1532029290.447755,82944,0.08946163952350616
1532029743.592774,83456,0.07559899240732193
1532030198.2154782,83968,0.09353592991828918
1532030651.866148,84480,0.12272312492132187
1532031106.099978,84992,0.08760663121938705
1532031558.614498,85504,0.12789373099803925
1532032011.2039742,86016,0.0983898863196373
1532032464.3972034,86528,0.055970437824726105
1532032919.6155632,87040,0.1262393295764923
1532033373.9301355,87552,0.08977378159761429
1532033828.701615,88064,0.09380388259887695
1532034282.2025568,88576,0.12498457729816437
1532034735.921111,89088,0.08510052412748337
1532035190.1273727,89600,0.10243184119462967
1532035644.3205757,90112,0.11970851570367813
1532036100.03359,90624,0.1334124505519867
1532036554.9413328,91136,0.09318394213914871
1532037009.282165,91648,0.1381131112575531
1532037463.7821956,92160,0.04477342218160629
1532037918.7425292,92672,0.07260268926620483
1532038372.5878015,93184,0.1207951083779335
1532038827.1430929,93696,0.1392301768064499
1532039282.1170819,94208,0.08936741203069687
1532039737.1942906,94720,0.11329443752765656
1532040190.3947096,95232,0.11343111842870712
1532040643.3998554,95744,0.10640869289636612
1532074479.9851208,96768,0.12409481406211853
1532074932.1371543,97280,0.11445026844739914
