wall_time,step,value
1532211835.844858,512,35.94517517089844
1532212902.6640596,1024,-11.009224891662598
1532213965.1221545,1536,-9.237870216369629
1532215016.808246,2048,-0.7035283446311951
1532216066.5280282,2560,-4.930301666259766
1532217119.5284595,3072,-5.494412422180176
1532218159.1825743,3584,-4.811715126037598
1532219192.8400283,4096,-1.7998791933059692
1532220227.5581698,4608,-4.715668678283691
1532221262.0250633,5120,-3.7374696731567383
1532222294.0847907,5632,-0.8533748388290405
1532223326.9756246,6144,2.037482738494873
1532224358.7021954,6656,1.3577978610992432
1532225389.581817,7168,-0.6430777907371521
1532226419.0129468,7680,1.8615036010742188
1532227451.9571564,8192,1.7982563972473145
1532228482.315992,8704,1.163300633430481
1532229519.065823,9216,-1.6745160818099976
1532230553.6473858,9728,-0.38366541266441345
1532231592.3109717,10240,-3.30073618888855
1532232631.2789192,10752,0.9553600549697876
1532233670.5502968,11264,2.5558433532714844
1532234707.8423347,11776,0.8739116787910461
1532235743.7454927,12288,1.6179884672164917
1532236780.4880965,12800,-0.20294836163520813
1532237819.1036024,13312,-0.8900954723358154
1532238856.869159,13824,1.4839282035827637
1532239892.8128107,14336,-0.1332530677318573
1532240928.6561606,14848,-1.1322097778320312
1532241968.4734445,15360,-1.6109154224395752
1532243010.5796466,15872,-2.2013602256774902
1532244053.1014898,16384,0.809770941734314
1532245094.8648496,16896,-3.0427794456481934
1532246131.426584,17408,2.8381853103637695
1532247168.944183,17920,-0.058348484337329865
1532248206.723506,18432,-0.024677060544490814
1532249246.896603,18944,0.3377301096916199
1532250288.4563456,19456,0.22814404964447021
1532251324.7493966,19968,0.8432477712631226
1532252365.6812773,20480,0.038554079830646515
1532253407.885968,20992,0.008959634229540825
1532254445.4346404,21504,-1.011582851409912
1532255487.1327593,22016,-0.04204700142145157
1532256526.9234774,22528,-1.3364899158477783
1532257565.359028,23040,-2.466158866882324
1532258605.3483467,23552,-1.154449462890625
1532259645.7098868,24064,-2.719876289367676
1532260690.185323,24576,-1.1544418334960938
1532261732.5866015,25088,0.6331998109817505
1532262776.7745848,25600,-0.8103464245796204
1532263816.169713,26112,-3.7021965980529785
1532264860.2795498,26624,0.32550063729286194
1532265902.3509958,27136,-0.886627197265625
1532266946.4710054,27648,0.0883580893278122
1532267990.4375546,28160,-1.6514089107513428
1532269033.3374324,28672,3.576805591583252
1532270079.2880995,29184,1.036579966545105
1532271124.1401296,29696,0.260271281003952
1532272166.0315447,30208,-3.4440011978149414
1532273211.2966135,30720,2.4529008865356445
1532274258.2336159,31232,1.1260919570922852
1532275303.8052523,31744,3.4327850341796875
1532276348.0623565,32256,-0.7325823903083801
1532277392.7904198,32768,2.2740278244018555
1532278435.0134459,33280,4.085110664367676
1532279480.1359391,33792,-1.2130510807037354
1532307913.1835148,34304,1.0353691577911377
1532308955.471007,34816,-2.3325212001800537
1532310002.8966832,35328,4.450156211853027
1532311046.666798,35840,-0.7294530868530273
1532312093.4499738,36352,-2.6220412254333496
1532313138.278634,36864,3.8973941802978516
1532385029.7338338,37888,1.179579496383667
1532386072.362616,38400,-5.540630340576172
1532387117.2527976,38912,0.4815221428871155
1532388164.2880933,39424,0.05528273433446884
1532389210.6588192,39936,1.2869585752487183
1532390256.3059747,40448,-0.2815236747264862
1532391299.3045247,40960,-3.9232869148254395
1532392345.5743363,41472,1.4354689121246338
1532393393.071727,41984,-2.662226438522339
1532394438.2029018,42496,-2.43666934967041
1532395484.6360059,43008,0.865425169467926
1532396531.7477014,43520,-3.781996488571167
1532397576.8105896,44032,-2.4020862579345703
1532398622.457974,44544,-4.101059913635254
1532399668.1244943,45056,-2.532973289489746
1532400714.6357448,45568,-1.1396586894989014
1532401761.3923213,46080,0.7887308597564697
1532402808.208273,46592,-3.70682430267334
1532403856.7498562,47104,-2.3523147106170654
1532404908.4012315,47616,-5.161602020263672
1532405956.2833855,48128,0.7768798470497131
1532407007.6723514,48640,-2.0060086250305176
1532408056.4300497,49152,-4.673191547393799
1532409105.3134968,49664,-1.1506714820861816
1532410153.4209104,50176,-0.49226048588752747
1532411201.9594812,50688,-4.442717552185059
1532412251.6114864,51200,-3.0476279258728027
1532413303.2299335,51712,-1.9058332443237305
1532414353.1584365,52224,-3.6044485569000244
1532415405.3690794,52736,1.5494413375854492
1532416456.3886178,53248,-3.4016289710998535
1532417503.3011353,53760,-3.539804458618164
1532418554.292904,54272,-2.838991641998291
1532419604.4479187,54784,1.0260660648345947
1532420654.0977507,55296,-5.356856822967529
1532421707.558549,55808,2.7770133018493652
1532422757.604635,56320,-3.3996105194091797
1532423807.2984772,56832,-1.535341739654541
1532424855.4097874,57344,-0.9675903916358948
1532425902.749055,57856,-0.9894746541976929
1532426948.5521817,58368,0.2038458287715912
1532427999.8453248,58880,-2.633239269256592
1532429053.250141,59392,-3.792917251586914
1532430105.757364,59904,-0.5503206849098206
1532431159.8845873,60416,-1.7300825119018555
1532432213.597787,60928,1.8005669116973877
1532433266.7716246,61440,1.7409648895263672
1532434315.7554984,61952,-3.347234010696411
1532435368.7119966,62464,-1.6109516620635986
1532436423.7684162,62976,-0.5680607557296753
1532437477.9097018,63488,-3.8629016876220703
1532438528.7609658,64000,-0.11238843947649002
1532439583.854934,64512,-2.5117995738983154
1532440636.619084,65024,3.2855443954467773
1532441690.9774017,65536,-4.522880554199219
1532442746.778201,66048,-2.3276944160461426
1532443800.6281633,66560,-1.735080599784851
1532444854.0340984,67072,1.6278362274169922
1532445908.4415615,67584,-2.550283432006836
1532446964.1046288,68096,-3.0134401321411133
1532448016.5187657,68608,0.9914723038673401
1532449068.936284,69120,0.1005629152059555
1532450123.8630574,69632,2.1598966121673584
1532451177.8021765,70144,-5.354814529418945
1532452232.2836428,70656,-3.7155845165252686
1532453282.7835157,71168,-3.041318416595459
1532471927.3936546,71680,-1.3801134824752808
1532472975.102633,72192,-0.07212238013744354
1532474021.978157,72704,-1.9153730869293213
1532475069.36011,73216,-5.368885040283203
1532476117.9002562,73728,-2.4014415740966797
1532477166.9439814,74240,-0.11121746897697449
1532478218.3607237,74752,-3.0764851570129395
1532479270.0369678,75264,0.634285032749176
1532480320.8068557,75776,-8.744710922241211
1532481369.3628716,76288,-4.708803653717041
1532482418.9143426,76800,-5.612640857696533
1532483471.5499358,77312,-2.0720090866088867
1532484520.0422404,77824,-3.551741600036621
1532485572.129884,78336,2.38810658454895
1532486622.8585167,78848,0.6775916814804077
1532487672.650323,79360,-0.7657293081283569
1532488726.6069796,79872,-3.2814230918884277
1532489776.6824965,80384,-3.8912715911865234
1532490832.5102866,80896,0.22611114382743835
1532491885.5122783,81408,1.046081781387329
1532492936.4017105,81920,-3.654862880706787
1532493986.8332822,82432,0.029748130589723587
1532495041.4477994,82944,-4.879515171051025
1532496097.292273,83456,0.16645267605781555
1532497150.041841,83968,-1.3831017017364502
1532498203.5028722,84480,-5.178311824798584
1532499257.6514509,84992,0.3449910283088684
1532500311.8473227,85504,-5.483893394470215
1532501363.5124626,86016,-5.37491512298584
1532502417.54043,86528,0.6425000429153442
1532503468.1583047,87040,-4.280145645141602
1532504518.911394,87552,2.1054606437683105
1532505568.0424647,88064,-6.127548694610596
1532506620.5021336,88576,-2.1191744804382324
1532507672.8142865,89088,-0.33625540137290955
1532508728.1065853,89600,-0.671752393245697
1532509781.076522,90112,-5.495075225830078
1532510834.4277186,90624,-1.696643590927124
1532511888.9685097,91136,0.6959998607635498
1532512943.9951372,91648,-0.539434552192688
1532513998.4543362,92160,-0.07352669537067413
1532515054.6514955,92672,-1.917219638824463
1532516108.4031086,93184,-3.7893595695495605
1532517162.2497342,93696,-2.490046501159668
1532518217.663987,94208,-9.160063743591309
1532519269.4996157,94720,-4.6207051277160645
1532520324.8195503,95232,-3.6229209899902344
1532521379.5151515,95744,-5.1414642333984375
1532522437.539155,96256,-3.1059932708740234
1532523495.0685275,96768,-1.7664613723754883
1532524548.9572194,97280,-4.951879024505615
