wall_time,step,value
1533211177.336974,128,0.9998953938484192
1533211558.7430804,256,0.99989253282547
1533211940.2320952,384,0.9998927116394043
1533212321.9739635,512,0.9998959302902222
1533213175.2787695,640,0.9998974800109863
1533213556.7451742,768,0.9998988509178162
1533213938.1974528,896,0.9998977780342102
1533214319.6407688,1024,0.9998968243598938
1533215203.3044105,1152,0.999896764755249
1533215584.9345284,1280,0.9998973608016968
1533215966.5117302,1408,0.9998980164527893
1533216348.0910501,1536,0.9998975992202759
1533217205.7623966,1664,0.9998982548713684
1533217587.6070008,1792,0.9998984336853027
1533217969.4758205,1920,0.9998985528945923
1533218351.4149313,2048,0.99989914894104
1533219198.944644,2176,0.9998993873596191
1533219580.403079,2304,0.9998984932899475
1533219961.9856474,2432,0.9998990893363953
1533220343.5028884,2560,0.9998990297317505
1533221197.0835652,2688,0.9998989701271057
1533221578.657773,2816,0.9998995661735535
1533221960.284486,2944,0.9998992085456848
1533222341.978795,3072,0.9999000430107117
1533223183.6957047,3200,0.9999002814292908
1533223565.370452,3328,0.9999004602432251
1533223947.1425653,3456,0.9999006390571594
1533224328.716425,3584,0.9999000430107117
1533225166.5953968,3712,0.9998999834060669
1533225548.2615356,3840,0.9998999834060669
1533225929.9600036,3968,0.9998995661735535
1533226311.5272765,4096,0.9998998641967773
1533227154.1811244,4224,0.9998999238014221
1533227535.6860845,4352,0.9998998641967773
1533227917.2951581,4480,0.9999005198478699
1533228298.9095485,4608,0.9998995065689087
1533229144.1224835,4736,0.9999001026153564
1533229525.3159137,4864,0.9999005198478699
1533229906.7886488,4992,0.9999001622200012
1533230288.3324447,5120,0.9999002814292908
1533231118.927822,5248,0.9999009966850281
1533231500.2738776,5376,0.9999003410339355
1533231881.6456618,5504,0.9999009370803833
1533232263.2171676,5632,0.9999011754989624
1533233088.3830175,5760,0.9999008774757385
1533233470.0686574,5888,0.9999004006385803
1533233851.674485,6016,0.9999010562896729
1533234233.107794,6144,0.999900758266449
1533235055.981116,6272,0.9999008178710938
1533235437.6041596,6400,0.9999009966850281
1533235819.1813464,6528,0.9999016523361206
1533236200.7641523,6656,0.9999011754989624
1533237027.8791487,6784,0.9999018311500549
1533237409.4963515,6912,0.9999024271965027
1533237791.2415707,7040,0.9999017119407654
1533238172.8202896,7168,0.9999020099639893
1533238988.4427822,7296,0.9999017119407654
1533239370.2850673,7424,0.9999019503593445
1533239752.0884073,7552,0.9999024868011475
1533240134.06787,7680,0.9999027252197266
1533240951.2346864,7808,0.999902606010437
1533241332.8577287,7936,0.9999032020568848
1533241714.542356,8064,0.9999032020568848
1533242096.402725,8192,0.9999035000801086
1533242926.6921961,8320,0.9999030232429504
1533243308.470959,8448,0.9999033212661743
1533243690.2747886,8576,0.9999029636383057
1533244072.1429102,8704,0.9999025464057922
1533244887.4024842,8832,0.9999024868011475
1533245269.1299436,8960,0.99990314245224
1533245651.0689828,9088,0.9999032616615295
1533246032.9940388,9216,0.9999024868011475
1533246853.3334434,9344,0.9999032020568848
1533247235.1736698,9472,0.9999039173126221
1533247617.0153098,9600,0.9999032616615295
1533247998.853133,9728,0.9999026656150818
1533248828.064985,9856,0.999902606010437
1533249209.8985863,9984,0.9999028444290161
1533249591.7932339,10112,0.9999032020568848
1533249973.6069713,10240,0.9999025464057922
1533250798.9958,10368,0.99990314245224
1533251180.8142414,10496,0.99990314245224
1533251562.5649226,10624,0.9999027848243713
1533251944.3895206,10752,0.9999030232429504
1533252767.570043,10880,0.9999027848243713
1533253149.3304782,11008,0.9999026656150818
1533253531.0090427,11136,0.999902606010437
1533253912.7644958,11264,0.9999033808708191
1533254745.1079526,11392,0.999903678894043
1533255126.8929892,11520,0.99990314245224
1533255508.6941905,11648,0.9999046921730042
1533255890.3843067,11776,0.9999046921730042
1533256714.1165762,11904,0.9999052286148071
1533257095.876944,12032,0.9999045133590698
1533257477.7186103,12160,0.9999040365219116
1533257859.5061295,12288,0.9999039769172668
1533258699.4092798,12416,0.9999043941497803
1533259081.323648,12544,0.9999033808708191
1533259463.2585669,12672,0.999904453754425
1533259845.137329,12800,0.9999051094055176
1533260677.9108996,12928,0.9999043345451355
1533261059.7866645,13056,0.9999054074287415
1533261441.6666372,13184,0.9999049305915833
1533261823.4358099,13312,0.9999048113822937
1533262651.4256794,13440,0.9999049305915833
1533263033.1601312,13568,0.9999045729637146
1533263414.77979,13696,0.9999058842658997
1533263796.4455698,13824,0.9999054074287415
1533264632.0792272,13952,0.9999043345451355
1533265013.7437224,14080,0.9999052286148071
1533265395.3196054,14208,0.999904990196228
1533265777.0113664,14336,0.9999043941497803
1533266608.4266307,14464,0.9999051094055176
1533266989.77963,14592,0.9999049305915833
1533267371.0873723,14720,0.9999055862426758
1533267752.2586899,14848,0.999903678894043
1533268557.1081686,14976,0.9999043941497803
1533268938.7098558,15104,0.9999040961265564
1533269320.2806723,15232,0.999904453754425
1533269701.9719555,15360,0.9999054074287415
1533270524.2343714,15488,0.9999040961265564
1533270905.8298604,15616,0.9999046921730042
1533271287.388093,15744,0.999904990196228
1533271668.9992292,15872,0.9999052286148071
1533272485.2898993,16000,0.9999046921730042
1533272867.095674,16128,0.9999048113822937
1533273248.996299,16256,0.9999051094055176
1533273630.7259297,16384,0.9999060034751892
1533274460.995701,16512,0.9999053478240967
1533274842.3899674,16640,0.9999051094055176
1533275223.9614193,16768,0.9999058842658997
1533275605.4599497,16896,0.9999049305915833
1533276429.198018,17024,0.9999052286148071
1533276810.771781,17152,0.9999052882194519
1533277192.2706547,17280,0.9999047517776489
1533277573.9034405,17408,0.9999055862426758
1533278382.0082355,17536,0.9999058246612549
1533278763.4983468,17664,0.9999073147773743
1533279145.0007372,17792,0.9999064803123474
1533279526.3477268,17920,0.9999061226844788
1533280343.1767151,18048,0.9999069571495056
1533280724.8451679,18176,0.9999068379402161
1533281106.5488856,18304,0.9999075531959534
1533281488.3744092,18432,0.9999070167541504
1533282306.2709308,18560,0.9999068975448608
1533282688.2404835,18688,0.9999062418937683
1533283070.140355,18816,0.9999068975448608
1533283452.0300252,18944,0.9999063014984131
1533284260.8896964,19072,0.9999066591262817
1533284642.6635008,19200,0.9999066591262817
1533285024.5964296,19328,0.9999057054519653
1533285406.4633465,19456,0.999905526638031
1533286216.759203,19584,0.9999067187309265
1533286598.6810079,19712,0.9999067783355713
1533286980.7797184,19840,0.999906063079834
1533287362.7776682,19968,0.9999070167541504
1533288186.0428853,20096,0.9999072551727295
1533288567.8422792,20224,0.9999064803123474
1533288949.9179194,20352,0.9999083876609802
1533289331.7789683,20480,0.9999080896377563
1533290147.321538,20608,0.9999085068702698
1533290529.2783554,20736,0.9999064207077026
1533290911.1109354,20864,0.9999062418937683
1533291292.8860822,20992,0.9999083876609802
1533292102.8129404,21120,0.9999080300331116
1533292484.7524939,21248,0.9999076724052429
1533292866.7464335,21376,0.9999086856842041
1533293248.735071,21504,0.9999071955680847
1533294061.2502398,21632,0.9999079704284668
1533294443.178832,21760,0.9999076724052429
1533294824.929933,21888,0.9999071359634399
1533295206.813861,22016,0.9999077916145325
1533296028.4854882,22144,0.9999089241027832
1533296410.2384946,22272,0.9999090433120728
1533296791.8605175,22400,0.9999090433120728
1533297173.6098444,22528,0.999908447265625
1533297981.0764713,22656,0.9999109506607056
1533298362.6578,22784,0.9999087452888489
1533298744.2321231,22912,0.9999081492424011
1533299125.788795,23040,0.9999082684516907
1533299923.2126405,23168,0.9999082684516907
1533300304.801557,23296,0.9999090433120728
1533300686.4425445,23424,0.999907910823822
1533301068.0782478,23552,0.9999099373817444
1533301894.522327,23680,0.9999096989631653
1533302276.303315,23808,0.9999104738235474
1533302658.1270843,23936,0.9999101758003235
1533303039.7293735,24064,0.9999098181724548
1533303863.4296877,24192,0.9999089241027832
1533304245.29968,24320,0.9999093413352966
1533304627.26794,24448,0.9999076724052429
1533305009.1142216,24576,0.9999098777770996
1533305831.54099,24704,0.9999090433120728
1533306213.2580955,24832,0.9999092221260071
1533306595.1113236,24960,0.9999096393585205
1533306976.9144955,25088,0.9999091029167175
1533307794.3330781,25216,0.9999090433120728
1533308176.3267565,25344,0.9999099969863892
1533308558.1562073,25472,0.9999101161956787
1533308940.0566058,25600,0.9999105930328369
1533309763.8723335,25728,0.9999098777770996
1533310145.6900575,25856,0.9999082684516907
1533310527.5257087,25984,0.9999103546142578
1533310909.4510903,26112,0.9999096989631653
1533311731.3589327,26240,0.999909520149231
1533312113.474153,26368,0.9999114871025085
1533312495.4442692,26496,0.9999093413352966
1533312877.3674107,26624,0.9999109506607056
1533313690.6242208,26752,0.9999114871025085
1533314072.457036,26880,0.9999095797538757
1533314454.294246,27008,0.9999094605445862
1533314835.9909766,27136,0.9999101758003235
1533315664.2595034,27264,0.9999119639396667
1533316046.3291714,27392,0.9999120235443115
1533316428.2686007,27520,0.9999096989631653
1533316810.266533,27648,0.9999091029167175
1533317633.47526,27776,0.999911367893219
1533318015.4160595,27904,0.9999122023582458
1533318397.222512,28032,0.9999117255210876
1533318779.000971,28160,0.9999116063117981
1533319603.1381013,28288,0.9999104142189026
1533319984.8648906,28416,0.9999114871025085
1533320366.6412125,28544,0.999910295009613
1533320748.3844101,28672,0.9999097585678101
1533321569.697241,28800,0.9999114871025085
1533321951.6613998,28928,0.9999120831489563
1533322333.504798,29056,0.9999116659164429
1533322715.4458692,29184,0.9999110698699951
1533552826.2068899,29312,0.999912440776825
1533553207.745215,29440,0.9999114871025085
1533553589.281396,29568,0.9999123811721802
1533553970.8162634,29696,0.9999116659164429
1533554775.6512926,29824,0.9999111294746399
1533555157.1391592,29952,0.999910295009613
1533555538.591775,30080,0.9999122023582458
1533555920.219455,30208,0.9999116063117981
1533556740.725794,30336,0.999911367893219
1533557122.1744244,30464,0.9999115467071533
1533557503.479719,30592,0.9999112486839294
1533557885.2391908,30720,0.9999126195907593
1533558699.7383614,30848,0.9999117851257324
1533559081.183233,30976,0.9999110102653503
1533559462.6156056,31104,0.9999122619628906
1533559843.8745823,31232,0.9999105930328369
1533560669.9177136,31360,0.9999117255210876
1533561051.7345707,31488,0.9999123215675354
1533561433.3917959,31616,0.9999109506607056
1533561815.2140298,31744,0.9999123215675354
1533562624.6508203,31872,0.9999115467071533
1533563006.2873135,32000,0.9999111890792847
1533563387.9594316,32128,0.9999125003814697
1533563769.7130194,32256,0.999911904335022
1533564595.3835583,32384,0.9999111294746399
1533564977.1217256,32512,0.9999136328697205
1533565358.5979197,32640,0.9999126195907593
1533565740.2309515,32768,0.9999113082885742
1533566552.6767392,32896,0.9999125003814697
1533566934.3883934,33024,0.9999125599861145
1533567316.037011,33152,0.9999130368232727
1533567697.706674,33280,0.9999135732650757
1533568538.5145133,33408,0.9999123811721802
1533568920.2636328,33536,0.9999140501022339
1533569301.7907143,33664,0.9999141693115234
1533569683.4244177,33792,0.9999122619628906
1533570502.335464,33920,0.9999130368232727
1533570884.0225625,34048,0.9999133348464966
1533571265.67123,34176,0.9999135732650757
1533571647.141051,34304,0.999914824962616
1533572472.5812793,34432,0.99991375207901
1533572854.2760725,34560,0.9999145269393921
1533573235.9468558,34688,0.9999139308929443
1533573617.6137536,34816,0.9999131560325623
1533574445.5406108,34944,0.9999129772186279
1533574827.0635471,35072,0.9999130368232727
1533575208.619107,35200,0.9999138116836548
1533575590.1888902,35328,0.9999145269393921
1533576423.1860023,35456,0.9999128580093384
1533576804.5121965,35584,0.9999114871025085
1533577186.1444402,35712,0.99991375207901
1533577567.5184717,35840,0.9999143481254578
1533578400.8999996,35968,0.9999122023582458
1533578782.6730816,36096,0.9999131560325623
1533579164.4949813,36224,0.9999140501022339
1533579546.2688992,36352,0.999914288520813
1533580375.0923126,36480,0.9999140501022339
1533580756.4996004,36608,0.9999139308929443
1533581138.0474746,36736,0.9999157786369324
1533581519.5313408,36864,0.9999147057533264
1533582359.2188234,36992,0.99991375207901
1533582741.050292,37120,0.9999144077301025
1533583122.9225643,37248,0.9999130964279175
1533583504.6347458,37376,0.9999140501022339
1533584330.8233316,37504,0.9999152421951294
1533584712.7729735,37632,0.9999138712882996
1533585094.718755,37760,0.9999142289161682
1533585476.6473105,37888,0.9999143481254578
1533586298.366267,38016,0.9999154210090637
1533586680.214535,38144,0.999915361404419
1533587062.0521755,38272,0.999914288520813
1533587443.9855542,38400,0.9999158382415771
1533588267.1786523,38528,0.9999148845672607
1533588648.8095548,38656,0.9999126195907593
1533589030.495214,38784,0.99991375207901
1533589412.3179307,38912,0.9999142289161682
1533590247.0133362,39040,0.9999144673347473
1533590628.9602804,39168,0.9999156594276428
1533591010.8342414,39296,0.9999128580093384
1533591392.7190251,39424,0.9999133944511414
1533592204.1446757,39552,0.9999142289161682
1533592585.968044,39680,0.9999144673347473
1533592967.7642803,39808,0.9999139904975891
1533593349.6876912,39936,0.9999145865440369
1533594168.6998508,40064,0.999914288520813
1533594550.3409827,40192,0.9999140501022339
1533594932.1571867,40320,0.9999143481254578
1533595313.8562665,40448,0.9999141693115234
1533596133.7134337,40576,0.9999130964279175
1533596515.5916293,40704,0.9999141693115234
1533596897.3001795,40832,0.9999148845672607
1533597279.049714,40960,0.9999122023582458
1533598111.8486586,41088,0.9999134540557861
1533598493.672498,41216,0.9999136328697205
1533598875.5020225,41344,0.9999132752418518
1533599257.3139265,41472,0.999914824962616
1533600079.196962,41600,0.9999144673347473
1533600460.867256,41728,0.9999139904975891
1533600842.7298954,41856,0.9999142289161682
1533601224.563109,41984,0.9999136328697205
1533602045.334073,42112,0.9999144077301025
1533602427.139889,42240,0.9999140501022339
1533602808.8195262,42368,0.9999145865440369
1533603190.716702,42496,0.9999142289161682
1533604014.9711998,42624,0.9999138712882996
1533604396.65774,42752,0.9999148845672607
1533604778.5058484,42880,0.9999141097068787
1533605160.305241,43008,0.9999150633811951
1533605991.112933,43136,0.9999145865440369
1533606373.1660223,43264,0.9999147653579712
1533606755.1185584,43392,0.9999147653579712
1533607137.0552483,43520,0.999915599822998
1533607972.3509898,43648,0.9999150633811951
1533608354.0120003,43776,0.9999149441719055
1533608735.7960863,43904,0.9999148845672607
1533609117.5640771,44032,0.9999147057533264
1533609940.0471587,44160,0.9999144673347473
1533610321.6942844,44288,0.9999145269393921
1533610703.627681,44416,0.9999145269393921
1533611085.553074,44544,0.9999143481254578
1533611928.0152082,44672,0.9999147057533264
1533612309.8140388,44800,0.9999140501022339
1533612691.5533607,44928,0.999914824962616
1533613073.2829509,45056,0.9999141097068787
1533613915.6679735,45184,0.9999152421951294
1533614297.4144785,45312,0.9999140501022339
1533614679.0758486,45440,0.9999151229858398
1533615060.8059487,45568,0.9999139308929443
1533615891.232511,45696,0.9999150633811951
1533616273.1274948,45824,0.9999159574508667
1533616655.2685175,45952,0.999915599822998
1533617037.2314503,46080,0.9999158382415771
1533617869.3859618,46208,0.9999161958694458
1533618250.9884593,46336,0.9999157786369324
1533618632.6400723,46464,0.9999160766601562
1533619014.1925046,46592,0.9999149441719055
1533619848.1602175,46720,0.9999150633811951
1533620229.7813578,46848,0.9999154806137085
1533620611.3432128,46976,0.999915361404419
1533620992.953382,47104,0.9999144673347473
1533621814.5207458,47232,0.9999163150787354
1533622196.1485655,47360,0.999915599822998
1533622577.6456308,47488,0.999915361404419
1533622959.3039174,47616,0.9999170303344727
1533623791.2768514,47744,0.9999158978462219
1533624173.0860844,47872,0.9999159574508667
1533624554.7979443,48000,0.9999164342880249
1533624936.5894716,48128,0.9999160766601562
1533625773.154648,48256,0.9999167919158936
1533626154.8313205,48384,0.999915599822998
1533626536.543873,48512,0.9999165534973145
1533626918.2351832,48640,0.9999164342880249
1533627751.5144331,48768,0.9999162554740906
1533628133.4260373,48896,0.9999148845672607
1533628515.2231674,49024,0.9999167919158936
1533628897.0059884,49152,0.9999169111251831
1533629729.2712913,49280,0.9999158382415771
1533630111.5064569,49408,0.9999156594276428
1533630493.7342865,49536,0.9999147653579712
1533630876.0229225,49664,0.9999145269393921
1533631697.874533,49792,0.9999143481254578
1533632079.6628258,49920,0.999914824962616
1533632461.5483978,50048,0.9999154806137085
1533632843.4426265,50176,0.999916136264801
1533633675.547624,50304,0.9999155402183533
1533634057.4923937,50432,0.9999154210090637
1533634439.3355632,50560,0.9999164342880249
1533634821.272851,50688,0.999916136264801
1533635649.4407046,50816,0.9999157190322876
1533636031.296084,50944,0.9999155402183533
1533636413.1327538,51072,0.9999160766601562
1533636794.8846152,51200,0.9999168515205383
1533637627.717072,51328,0.9999166131019592
1533638009.4312124,51456,0.9999159574508667
1533638391.3713582,51584,0.9999157190322876
1533638773.3445597,51712,0.9999162554740906
1533639622.4183118,51840,0.9999155402183533
1533640004.3552322,51968,0.9999163150787354
1533640386.1779737,52096,0.9999150037765503
1533640768.1566803,52224,0.9999164938926697
1533641599.3837035,52352,0.9999157786369324
1533641981.4158409,52480,0.9999165534973145
1533642363.2862177,52608,0.9999172687530518
1533642745.339854,52736,0.9999169111251831
1533643594.5338824,52864,0.9999163746833801
1533643976.2873511,52992,0.9999169707298279
1533644358.272519,53120,0.9999169111251831
1533644740.2533576,53248,0.9999173283576965
1533645577.7055714,53376,0.9999169111251831
1533645959.5330496,53504,0.9999169707298279
1533646341.4906268,53632,0.9999186992645264
1533646723.3105145,53760,0.999917209148407
1533647559.1454408,53888,0.9999168515205383
1533647940.8528514,54016,0.9999166131019592
1533648322.658872,54144,0.9999169707298279
1533648704.4111345,54272,0.9999166131019592
1533649547.7001734,54400,0.9999171495437622
1533649929.3021312,54528,0.9999166131019592
1533650311.0171742,54656,0.9999164342880249
1533650692.7988808,54784,0.9999162554740906
1533651535.9615526,54912,0.9999164938926697
1533651917.8130336,55040,0.9999170899391174
1533652299.6385696,55168,0.9999178051948547
1533652681.4711206,55296,0.9999175667762756
1533653526.037457,55424,0.9999173283576965
1533653907.8637466,55552,0.999919056892395
1533654289.867982,55680,0.9999189376831055
1533654671.8069315,55808,0.9999165534973145
1533655516.250998,55936,0.9999170899391174
1533655898.3812013,56064,0.9999176263809204
1533656280.4919155,56192,0.999916672706604
1533656662.4321551,56320,0.9999161958694458
1533657492.350189,56448,0.9999176263809204
1533657874.3857765,56576,0.9999159574508667
1533658256.2874236,56704,0.9999172687530518
1533658638.2130778,56832,0.9999181628227234
1533659477.4336958,56960,0.9999162554740906
1533659859.3458016,57088,0.9999188184738159
1533660241.254438,57216,0.9999178647994995
1533660623.1293015,57344,0.9999166131019592
1533661456.7210782,57472,0.9999174475669861
1533661838.6479511,57600,0.9999169111251831
1533662220.524107,57728,0.9999160766601562
1533662602.4155083,57856,0.9999173283576965
1533663433.4607835,57984,0.9999174475669861
1533663815.244619,58112,0.9999162554740906
1533664197.0149746,58240,0.999916672706604
1533664578.7375922,58368,0.9999181628227234
1533665433.833846,58496,0.9999186992645264
1533665815.5388417,58624,0.9999179840087891
1533666197.4857042,58752,0.9999178647994995
1533666579.3750832,58880,0.9999178647994995
1533667443.9549105,59008,0.9999174475669861
1533667825.790628,59136,0.9999173879623413
1533668207.6484623,59264,0.9999172687530518
1533668589.5071115,59392,0.9999182224273682
1533673245.1227112,59520,0.9999175667762756
1533673626.6089437,59648,0.9999183416366577
1533674007.9821565,59776,0.999917209148407
1533674389.5589976,59904,0.9999184608459473
1533675237.0579185,60032,0.9999164342880249
1533675618.64577,60160,0.9999171495437622
1533676000.2277095,60288,0.9999186396598816
1533676381.7573447,60416,0.9999188780784607
1533677221.6357484,60544,0.999916136264801
1533677603.2859838,60672,0.999916672706604
1533677984.8317242,60800,0.9999167919158936
1533678366.5193975,60928,0.9999179244041443
1533679200.1267085,61056,0.9999182820320129
1533679581.7348788,61184,0.9999173283576965
1533679963.1045115,61312,0.9999165534973145
1533680344.6317332,61440,0.9999164938926697
1533681179.0173936,61568,0.9999169707298279
1533681560.5152528,61696,0.9999171495437622
1533681942.1805935,61824,0.999915599822998
1533682323.8826706,61952,0.9999182820320129
1533683172.6774583,62080,0.9999169707298279
1533683554.23728,62208,0.9999164938926697
1533683935.9241781,62336,0.999916672706604
1533684317.6891816,62464,0.9999175667762756
1533685176.625091,62592,0.9999174475669861
1533685558.2463555,62720,0.9999178051948547
1533685939.877779,62848,0.9999164938926697
1533686321.4466329,62976,0.9999164938926697
1533687164.1776206,63104,0.9999165534973145
1533687546.0885606,63232,0.9999154210090637
1533687927.767035,63360,0.9999178051948547
1533688309.6304886,63488,0.9999179840087891
1533689151.0220487,63616,0.9999165534973145
1533689532.7489552,63744,0.9999178051948547
1533689914.286153,63872,0.999916136264801
1533690295.8965664,64000,0.9999178647994995
1533691149.0407252,64128,0.9999166131019592
1533691530.7164936,64256,0.9999184608459473
1533691912.3097115,64384,0.9999173879623413
1533692293.8443544,64512,0.9999181628227234
1533693131.8910723,64640,0.9999183416366577
1533693513.6922493,64768,0.9999164342880249
1533693895.4045804,64896,0.9999176859855652
1533694277.1244924,65024,0.9999182820320129
1533695116.5520182,65152,0.9999164342880249
1533695498.2156026,65280,0.9999158382415771
1533695879.818827,65408,0.9999185800552368
1533696261.3249977,65536,0.9999167323112488
1533697101.5049543,65664,0.9999174475669861
1533697483.080074,65792,0.9999176263809204
1533697864.654008,65920,0.9999185800552368
1533698246.2184608,66048,0.9999178647994995
1533699085.7096567,66176,0.9999174475669861
1533699467.1585472,66304,0.999917209148407
1533699848.645803,66432,0.9999192953109741
1533700230.2682695,66560,0.9999194145202637
1533701082.803054,66688,0.9999188184738159
1533701464.2946358,66816,0.9999178051948547
1533701845.8769755,66944,0.9999188780784607
1533702227.4418323,67072,0.9999198913574219
1533703081.204866,67200,0.9999198913574219
1533703463.0254912,67328,0.9999193549156189
1533703845.0060117,67456,0.9999182820320129
1533704226.914178,67584,0.9999184012413025
1533705068.9269218,67712,0.9999194741249084
1533705450.8300333,67840,0.9999176859855652
1533705832.6541312,67968,0.9999184608459473
1533706214.230905,68096,0.9999193549156189
1533707054.1659873,68224,0.9999178647994995
1533707435.8986795,68352,0.9999194145202637
1533707817.6924763,68480,0.9999188184738159
1533708199.4033885,68608,0.9999194741249084
1533709054.7748258,68736,0.9999192357063293
1533709436.627907,68864,0.9999198913574219
1533709818.4035685,68992,0.9999194145202637
1533710200.3918967,69120,0.9999195337295532
1533711064.9438398,69248,0.9999178051948547
1533711446.9637694,69376,0.9999204277992249
1533711829.0125802,69504,0.9999188780784607
1533712211.1527278,69632,0.9999194741249084
1533713066.9924498,69760,0.9999200701713562
1533713448.718742,69888,0.999920129776001
1533713830.6325197,70016,0.9999197721481323
1533714212.3997898,70144,0.9999211430549622
1533715076.9962854,70272,0.9999204277992249
1533715459.0492074,70400,0.9999206066131592
1533715841.2939012,70528,0.9999196529388428
1533716223.572491,70656,0.9999198913574219
1533717072.5666947,70784,0.9999195337295532
1533717454.7551017,70912,0.9999203085899353
1533717836.7414224,71040,0.9999204874038696
1533718218.70256,71168,0.9999187588691711
1533719086.1113636,71296,0.9999198913574219
1533719468.3039925,71424,0.9999210834503174
1533719850.4273517,71552,0.9999204277992249
1533720232.5983303,71680,0.9999198913574219
1533721087.4193983,71808,0.9999206066131592
1533721469.3004632,71936,0.9999209046363831
1533721851.2382267,72064,0.9999203085899353
1533722232.9518611,72192,0.9999209046363831
1533723087.7868736,72320,0.9999203681945801
1533723469.5394695,72448,0.9999204874038696
1533723851.2665467,72576,0.9999203085899353
1533724233.0418947,72704,0.9999205470085144
1533725079.9999893,72832,0.9999205470085144
1533725461.7954392,72960,0.9999204277992249
1533725843.5322883,73088,0.9999204874038696
1533726225.2172163,73216,0.999920666217804
1533727085.9951787,73344,0.9999221563339233
1533727467.713834,73472,0.9999207854270935
1533727849.6333976,73600,0.9999212026596069
1533728231.6648903,73728,0.9999216794967651
1533729080.4868035,73856,0.9999212622642517
1533729462.2060127,73984,0.9999222159385681
1533729843.7120993,74112,0.9999206066131592
1533730225.4572883,74240,0.9999217391014099
1533731071.9095304,74368,0.9999210238456726
1533731453.6431031,74496,0.9999217391014099
1533731835.4327033,74624,0.9999212622642517
1533732217.2561698,74752,0.9999198317527771
1533733058.0216546,74880,0.999920129776001
1533733439.6319637,75008,0.9999204874038696
1533733821.185528,75136,0.9999203681945801
1533734202.7251475,75264,0.9999212026596069
1533735040.7284229,75392,0.9999219179153442
1533735422.361509,75520,0.9999228715896606
1533735803.8174176,75648,0.9999222755432129
1533736185.2581525,75776,0.9999216198921204
1533737043.2645118,75904,0.9999228119850159
1533737424.7341118,76032,0.9999226331710815
1533737806.2539341,76160,0.9999223351478577
1533738187.7936826,76288,0.9999225735664368
1533739046.2236536,76416,0.9999225735664368
1533739427.68049,76544,0.9999231696128845
1533739809.2392886,76672,0.999921441078186
1533740190.8154674,76800,0.9999220967292786
1533741050.9099383,76928,0.9999218583106995
1533741432.5770655,77056,0.9999222159385681
1533741814.1854298,77184,0.9999216794967651
1533742195.6176584,77312,0.9999212622642517
1533744047.303215,77440,0.9999240636825562
1533744443.2074542,77568,0.9999226331710815
1533744839.0906007,77696,0.9999220967292786
1533745234.171209,77824,0.9999239444732666
1533746085.4535575,77952,0.9999232888221741
1533746467.2834125,78080,0.9999229907989502
1533746849.076499,78208,0.9999221563339233
1533747230.8398125,78336,0.9999225735664368
1533748081.6130755,78464,0.9999241232872009
1533748463.3091528,78592,0.9999233484268188
1533748844.9311075,78720,0.9999222159385681
1533749226.4609416,78848,0.9999222755432129
1533750079.0958624,78976,0.9999235272407532
1533750460.7065585,79104,0.9999210834503174
1533750842.4298608,79232,0.9999218583106995
1533751224.0477748,79360,0.9999225735664368
1533752069.9071255,79488,0.9999226331710815
1533752451.6444995,79616,0.9999217391014099
1533752833.3838582,79744,0.999922513961792
1533753215.250288,79872,0.9999232292175293
1533754074.0867245,80000,0.9999223351478577
1533754455.6403806,80128,0.9999224543571472
1533754837.3019035,80256,0.9999221563339233
1533755219.054098,80384,0.9999228715896606
1533756063.3265226,80512,0.9999223947525024
1533756445.0000064,80640,0.9999237060546875
1533756826.654694,80768,0.9999247193336487
1533757208.248759,80896,0.999923050403595
1533758054.3295205,81024,0.9999244809150696
1533758435.9302719,81152,0.9999243021011353
1533758817.3740797,81280,0.999923825263977
1533759199.0766292,81408,0.9999232292175293
1533760040.7475123,81536,0.9999237656593323
1533760422.3449006,81664,0.9999228715896606
1533760803.8653126,81792,0.9999237656593323
1533761185.5123754,81920,0.9999241828918457
1533762027.8424234,82048,0.9999243021011353
1533762409.8993258,82176,0.9999238848686218
1533762791.8886664,82304,0.9999235272407532
1533763173.9257932,82432,0.999923825263977
1533764026.2557795,82560,0.9999246001243591
1533764408.019125,82688,0.999923825263977
1533764789.6006937,82816,0.9999255537986755
1533765171.2796926,82944,0.9999222755432129
1533766022.6523445,83072,0.9999229907989502
1533766404.1272118,83200,0.9999236464500427
1533766785.4576411,83328,0.999924898147583
1533767166.9139884,83456,0.9999237060546875
1533768005.6687784,83584,0.9999237656593323
1533768387.2751703,83712,0.9999250769615173
1533768768.9584703,83840,0.9999234676361084
1533769150.4670842,83968,0.9999253749847412
1533770005.612165,84096,0.9999245405197144
1533770387.426656,84224,0.999923586845398
1533770769.2933385,84352,0.9999250769615173
1533771151.1697412,84480,0.9999258518218994
1533771999.3359036,84608,0.9999246001243591
1533772381.0494502,84736,0.999924898147583
1533772762.7206652,84864,0.9999262690544128
1533773144.4488246,84992,0.9999260902404785
1533774008.0607789,85120,0.9999247789382935
1533774389.8462088,85248,0.9999243021011353
1533774771.4175704,85376,0.9999253749847412
1533775153.1932476,85504,0.9999234080314636
1533776005.1490319,85632,0.9999239444732666
1533776387.337878,85760,0.9999249577522278
1533776769.4634764,85888,0.9999240636825562
1533777151.6264074,86016,0.9999247789382935
1533778004.3242803,86144,0.9999231696128845
1533778386.1425335,86272,0.9999253749847412
1533778767.9149048,86400,0.9999244213104248
1533779149.6792731,86528,0.9999251365661621
1533780008.1942277,86656,0.9999247193336487
1533780389.7076397,86784,0.9999250173568726
1533780771.3517623,86912,0.9999257922172546
1533781153.0242147,87040,0.99992436170578
1533782004.4975731,87168,0.9999237060546875
1533782386.1136549,87296,0.9999254941940308
1533782768.0204563,87424,0.9999247193336487
1533783150.0379376,87552,0.9999256134033203
1533784011.735813,87680,0.9999259114265442
1533784393.502104,87808,0.9999253749847412
1533784775.3546526,87936,0.9999241232872009
1533785157.0698955,88064,0.9999262094497681
1533786006.357322,88192,0.9999253749847412
1533786388.0822766,88320,0.9999254941940308
1533786769.7743602,88448,0.9999248385429382
1533787151.49244,88576,0.9999255537986755
1533788011.8355613,88704,0.9999250173568726
1533788393.5970516,88832,0.9999256134033203
1533788775.3547904,88960,0.9999246001243591
1533789157.1198778,89088,0.999924898147583
1533790002.5251355,89216,0.9999245405197144
1533790384.5628536,89344,0.9999251961708069
1533790766.5694852,89472,0.999925971031189
1533791148.53079,89600,0.9999244809150696
1533791994.3155117,89728,0.9999262690544128
1533792375.8604586,89856,0.9999263286590576
1533792757.3835425,89984,0.999923586845398
1533793139.0069783,90112,0.9999263286590576
1533793991.3475335,90240,0.9999252557754517
1533794373.0547128,90368,0.9999265074729919
1533794754.6629646,90496,0.9999270439147949
1533795136.338053,90624,0.9999251961708069
1533795992.2065227,90752,0.9999275803565979
1533796374.0240939,90880,0.9999255537986755
1533796755.786337,91008,0.9999256730079651
1533797137.498566,91136,0.9999243021011353
1533797979.5704248,91264,0.9999246597290039
1533798361.1948175,91392,0.9999237060546875
1533798742.9342725,91520,0.9999264478683472
1533799124.5053916,91648,0.9999255537986755
1533799971.2750964,91776,0.999925434589386
1533800352.9319556,91904,0.999925971031189
1533800734.5360868,92032,0.9999255537986755
1533801116.118047,92160,0.9999246001243591
1533801959.3212245,92288,0.9999274015426636
1533802341.0208397,92416,0.9999265670776367
1533802722.601793,92544,0.9999263286590576
1533803104.3004653,92672,0.9999255537986755
1533803950.1040788,92800,0.9999254941940308
1533804331.6417866,92928,0.999925971031189
1533804713.1214056,93056,0.9999266266822815
1533805094.724342,93184,0.9999237656593323
1533805938.253707,93312,0.9999253749847412
1533806319.929345,93440,0.9999269843101501
1533806701.5004587,93568,0.9999274015426636
1533807083.1751997,93696,0.9999268651008606
1533807923.5752587,93824,0.9999276399612427
1533808305.126458,93952,0.9999263882637024
1533808686.6869082,94080,0.9999278783798218
1533809068.2443688,94208,0.9999273419380188
1533809921.7597084,94336,0.9999265670776367
1533810303.4922748,94464,0.9999271631240845
1533810685.2629883,94592,0.9999284744262695
1533811067.279799,94720,0.9999275207519531
1533811915.5272913,94848,0.9999265670776367
1533812296.9730623,94976,0.9999260902404785
1533812678.3006654,95104,0.9999272227287292
1533813059.8482528,95232,0.9999265074729919
1533813904.8719592,95360,0.9999276399612427
1533814286.1765583,95488,0.9999265074729919
1533814667.5677366,95616,0.9999271035194397
1533815048.9370475,95744,0.9999272227287292
1533815898.6072824,95872,0.9999266266822815
1533816279.9070306,96000,0.99992436170578
1533816661.133572,96128,0.9999286532402039
1533817042.4889784,96256,0.9999260902404785
1533817884.0351646,96384,0.9999269843101501
1533818265.6429343,96512,0.9999262094497681
1533818647.3283284,96640,0.9999266862869263
1533819028.9339678,96768,0.9999281764030457
1533819880.1531727,96896,0.999927818775177
1533820261.835837,97024,0.9999276995658875
1533820643.547637,97152,0.9999275803565979
1533821025.2811923,97280,0.9999278783798218
1533821877.6922946,97408,0.9999274611473083
1533822259.3842247,97536,0.999928891658783
