wall_time,step,value
1533325555.4707952,512,1599.0155029296875
1533327964.1794899,1024,1220.80517578125
1533330341.1844385,1536,896.5587158203125
1533332715.362634,2048,986.9453125
1533335064.507652,2560,745.3270263671875
1533337380.0959115,3072,633.4534912109375
1533339683.8938973,3584,648.4905395507812
1533341974.4643853,4096,663.7200317382812
1533344284.9506958,4608,810.9591674804688
1533346606.6511495,5120,719.2041015625
1533348931.6070716,5632,882.7978515625
1533351229.9008203,6144,781.6299438476562
1533353545.9844723,6656,813.9776611328125
1533671399.8416862,7680,946.6451416015625
1533824951.4217212,8192,916.6766357421875
1533827240.206211,8704,1036.65869140625
1533829528.289336,9216,1043.229736328125
1533831825.2934268,9728,1161.765869140625
1533834118.577278,10240,997.5926513671875
1533836418.1203194,10752,1105.7562255859375
1533838721.9806442,11264,1186.0286865234375
1533841029.606751,11776,1187.8370361328125
1533843328.4604194,12288,1177.1634521484375
1533845644.270315,12800,1184.908935546875
1533847941.0103745,13312,1212.056396484375
1533850248.4634085,13824,1279.8521728515625
1533852554.915465,14336,1335.3060302734375
1533854854.6994045,14848,1441.85400390625
1533857159.0989034,15360,1347.182373046875
1533859474.4939134,15872,1538.0894775390625
1533861799.222074,16384,1593.5284423828125
1533864104.0456765,16896,1430.59423828125
1533866421.418942,17408,1513.9228515625
1533868744.5371628,17920,1428.0146484375
1533871055.622142,18432,1491.1322021484375
1533873373.7794452,18944,1559.5421142578125
1533875687.7007203,19456,1652.906494140625
1533877997.8100867,19968,1567.641845703125
1533880289.6742165,20480,1580.152587890625
1533882581.9873652,20992,1651.17041015625
1533884876.0814173,21504,1729.18115234375
1533887174.4298346,22016,1696.903564453125
1533889465.5826125,22528,1750.009033203125
1533891775.8367178,23040,1821.6192626953125
1533894076.0055172,23552,1788.5589599609375
1533896383.2076344,24064,1967.670166015625
1533898679.6487522,24576,2027.4271240234375
1533900962.0228796,25088,1927.05419921875
1533903246.3412676,25600,2170.515625
1533905550.2032096,26112,2238.491943359375
1533907844.8347068,26624,2228.1513671875
1533910150.2036762,27136,2173.4453125
1533912437.293767,27648,2151.127685546875
1533916976.3349736,28672,2349.607421875
1533919276.5763795,29184,2420.501953125
1533921576.0953515,29696,2441.720947265625
1533923888.419287,30208,2322.87451171875
1533926188.5850577,30720,2419.757568359375
1533928500.5176568,31232,2466.83935546875
1533930799.8196468,31744,2375.966552734375
1533933113.4557378,32256,2515.98681640625
1533935428.3954833,32768,2484.13623046875
1533937748.6356578,33280,2463.730224609375
1533940062.8549457,33792,2708.72802734375
1533942380.6758459,34304,2584.49755859375
1533944699.7141707,34816,2878.157958984375
1533947014.6619775,35328,2703.95751953125
1533949335.9839385,35840,2591.130859375
1533951661.2825687,36352,2931.63916015625
1533953981.6661036,36864,2779.972412109375
1533956287.027315,37376,2623.423095703125
1533958607.1753552,37888,3089.631591796875
1533960928.249439,38400,2807.65283203125
1533963231.3855743,38912,2895.09912109375
1533965544.190373,39424,3172.35107421875
1533967860.5051415,39936,3021.880126953125
1533970180.8422508,40448,3377.0126953125
1533972510.5623043,40960,3238.94580078125
1533974825.998418,41472,3169.37255859375
1533977138.8048122,41984,3311.99658203125
1533979467.738288,42496,3631.7666015625
1533981792.3091257,43008,3190.1708984375
1533984106.0032883,43520,3503.248046875
1533986441.3934393,44032,3420.634765625
1533988766.4635184,44544,3431.18115234375
1533991077.070209,45056,3381.437744140625
1533993400.3950088,45568,3791.210205078125
1533995713.6226866,46080,3536.01953125
1533998037.6865792,46592,3557.953369140625
1534000354.5494642,47104,3641.205078125
1534002674.7171679,47616,4003.803955078125
1534004996.0176008,48128,3876.9169921875
1534007322.4824255,48640,3781.470703125
1534009639.43165,49152,3901.007568359375
1534011945.5563698,49664,3486.8876953125
1534014267.2803469,50176,4028.41845703125
1534016594.4183161,50688,3892.96142578125
1534018919.0561626,51200,4077.85400390625
1534021253.156048,51712,4224.2587890625
1534023572.1473448,52224,4081.0498046875
1534025897.2848039,52736,4022.64306640625
1534028205.258121,53248,4543.2001953125
1534030535.7657835,53760,4258.92822265625
1534032859.6615188,54272,4115.90625
1534035183.234508,54784,4199.056640625
1534037502.426742,55296,4170.42431640625
1534039828.5876637,55808,4817.11865234375
1534042154.926147,56320,4342.208984375
1534044495.1477792,56832,4568.03369140625
1534099296.5348003,57344,4325.81298828125
1534101604.4628334,57856,4222.3896484375
1534103933.689725,58368,4634.5048828125
1534106258.7283633,58880,4558.0478515625
1534108582.763544,59392,4627.0615234375
1534110902.4287732,59904,4987.828125
1534113222.8174963,60416,4331.84326171875
1534115555.3152642,60928,4481.72705078125
1534117880.9146063,61440,4353.08935546875
1534120201.8072016,61952,4810.4287109375
1534122537.3704588,62464,4979.19384765625
1534124871.7354066,62976,4965.21044921875
1534127196.5965815,63488,4663.2841796875
1534129519.385815,64000,5108.3974609375
1534131832.4616644,64512,4763.8857421875
1534134160.4890158,65024,5157.080078125
1534136496.4961417,65536,5485.490234375
1534138828.3763855,66048,5234.91064453125
1534141162.2386997,66560,5451.1767578125
1534143505.0268195,67072,5858.7490234375
1534145843.7027395,67584,5499.83349609375
1534148188.1932693,68096,5589.833984375
1534150519.3200963,68608,5446.75537109375
1534152863.3747196,69120,5800.61279296875
1534155201.1485736,69632,5654.79736328125
1534157548.367845,70144,5598.60888671875
1534159880.348399,70656,5714.236328125
1534162216.758282,71168,5624.5341796875
1534164560.9239485,71680,5684.94384765625
1534166895.4556627,72192,6067.86376953125
1534169229.028096,72704,6417.89111328125
1534171566.508622,73216,6108.904296875
1534173910.9745011,73728,6262.5146484375
1534176254.1913805,74240,6083.6123046875
1534178594.8835006,74752,6048.96826171875
1534180936.3924735,75264,6431.8388671875
1534185242.813395,76288,6136.51318359375
1534187575.0607092,76800,5988.17578125
1534189928.3085508,77312,6502.95263671875
1534192275.8485663,77824,6966.45166015625
1534194618.765041,78336,6569.65576171875
1534196964.2283459,78848,6611.53173828125
