wall_time,step,value
1530492560.0344515,512,1.461301565170288
1530492878.5347438,1024,1.9500720500946045
1530493199.3420165,1536,2.1907958984375
1530493519.0754018,2048,2.283404588699341
1530493838.6078007,2560,2.4926180839538574
1530494159.9452844,3072,2.6165273189544678
1530494479.8879983,3584,2.765620708465576
1530494800.8721068,4096,2.8834617137908936
1530495120.4428203,4608,2.938997268676758
1530495439.490618,5120,2.8468289375305176
1530495758.5495024,5632,2.9781992435455322
1530496077.5543475,6144,2.950035572052002
1530496396.5227127,6656,2.937145233154297
1530496714.4753537,7168,3.0583336353302
1530497031.92399,7680,3.051102638244629
1530497348.2043476,8192,3.083585500717163
1530497665.5347698,8704,3.1281814575195312
1530782325.4462621,9728,3.0636813640594482
1530782641.3260126,10240,3.2222442626953125
1530782956.918376,10752,3.2438511848449707
1530783270.8692522,11264,3.2998404502868652
1530783584.9977636,11776,3.293121814727783
1530783899.1007495,12288,3.366654634475708
1530784212.7485487,12800,3.394338607788086
1530784527.2192302,13312,3.4266700744628906
1530784842.2486427,13824,3.4523117542266846
1530785157.103204,14336,3.5856575965881348
1530785470.8019962,14848,3.5121707916259766
1530785786.352177,15360,3.541384220123291
1530786100.6732419,15872,3.608677387237549
1530786413.8314369,16384,3.534496307373047
1530786729.9514012,16896,3.5646138191223145
1530787044.9561253,17408,3.614243268966675
1530787360.0145392,17920,3.704310178756714
1530787674.1150358,18432,3.7939350605010986
1530787989.5698345,18944,3.828744888305664
1530788303.5114102,19456,3.743119716644287
1530788617.2048428,19968,3.7740139961242676
1530788930.7305262,20480,3.781162738800049
1530789245.3539598,20992,3.741812229156494
1530789559.3847826,21504,3.8102023601531982
1530789875.1938274,22016,3.807760715484619
1530790190.2204683,22528,3.8010010719299316
1530790505.4090784,23040,3.826620578765869
1530790821.1805818,23552,3.7969272136688232
1530791137.9444218,24064,3.8670706748962402
1530791453.2245052,24576,3.8524527549743652
1530791768.1011202,25088,3.8593807220458984
1530792085.5263636,25600,3.7289633750915527
1530792401.3978956,26112,3.7929885387420654
1530792718.328744,26624,3.9117355346679688
1530793033.6039941,27136,3.76216197013855
1530793349.8513062,27648,3.788637161254883
1530793664.9510846,28160,3.7945163249969482
1530793981.9738796,28672,3.8238449096679688
1530794296.7587118,29184,3.8302001953125
1530794611.9105823,29696,3.8487401008605957
1530794927.1217308,30208,3.8505611419677734
1530795242.6351764,30720,3.856313705444336
1530795559.414366,31232,3.888556957244873
1530795876.9466472,31744,3.876530885696411
1530796193.2908826,32256,3.9714932441711426
1530796510.3173115,32768,3.9250521659851074
1530796828.752195,33280,3.924102306365967
1530797146.2479436,33792,3.856255054473877
1530797464.1105254,34304,3.8446812629699707
1530797780.4165246,34816,3.951490879058838
1530798097.1492958,35328,3.981257200241089
1530798414.5668252,35840,4.1125898361206055
1530798732.8247101,36352,3.9716637134552
1530799049.349006,36864,3.8367106914520264
1530799366.428123,37376,3.9711742401123047
1530799685.6471133,37888,3.875520706176758
1530800004.6162286,38400,3.882936477661133
1530800321.7409575,38912,4.022802829742432
1530800639.0639732,39424,3.961486339569092
1530800956.7934003,39936,4.030970573425293
1530801274.4736836,40448,4.096053123474121
1530801591.609232,40960,4.026507377624512
1530801909.0302553,41472,4.163848400115967
1530802226.8686292,41984,4.078322887420654
1530802543.7707963,42496,4.076170921325684
1530802862.1801274,43008,4.089498043060303
1530803179.6753817,43520,4.0305328369140625
1530803496.7849882,44032,4.195145606994629
1530803814.9192474,44544,4.030642986297607
1530804133.8375075,45056,4.143876552581787
1530804451.4025838,45568,4.128478527069092
1530804770.3387597,46080,4.067265033721924
1530805091.6178305,46592,4.1452531814575195
1530805413.214007,47104,4.094686031341553
1530839224.486188,48128,4.06599235534668
1530839540.6097767,48640,4.1196465492248535
1530839858.0912547,49152,4.151691436767578
1530840173.9451215,49664,4.043583393096924
1530840490.361783,50176,4.134274482727051
1530840806.968161,50688,4.047951698303223
1530841122.630072,51200,4.1352972984313965
1530841438.3754256,51712,4.067635536193848
1530841755.7991083,52224,4.104044437408447
1530842072.0811393,52736,4.161883354187012
1530842388.6307402,53248,4.212212562561035
1530842704.5279365,53760,4.096220970153809
1530843020.9256887,54272,4.1085686683654785
1530843336.847135,54784,4.132658958435059
1530843653.6105344,55296,4.12778902053833
1530843968.8474498,55808,3.954921007156372
1530844284.8625278,56320,4.051325798034668
1530844602.044836,56832,3.9826793670654297
1530844918.2172968,57344,4.0022172927856445
1530845234.8393445,57856,3.9804368019104004
1530845550.462822,58368,3.9148945808410645
1530845867.402745,58880,3.924844264984131
1530846183.6578107,59392,3.9595088958740234
1530846500.8585844,59904,3.9227378368377686
1530846816.98874,60416,4.062308311462402
1530847133.4287431,60928,3.927922010421753
1530847450.5731947,61440,4.003733158111572
1530847766.2989092,61952,4.0126872062683105
1530848082.613624,62464,3.9949393272399902
1530848398.9182043,62976,3.9721310138702393
1530848715.7765787,63488,3.9498836994171143
1530849032.3877897,64000,3.935537338256836
1530849350.0554566,64512,3.95646595954895
1530849666.5578876,65024,4.083867073059082
1530849982.7974946,65536,3.932439088821411
1530850300.5656426,66048,4.006331443786621
1530850617.1990242,66560,3.897981643676758
1530850934.3401744,67072,4.007678031921387
1530851251.5245814,67584,3.9338772296905518
1530851569.7698784,68096,3.9694876670837402
1530851888.3789086,68608,3.9831690788269043
1530852204.6150157,69120,3.916121006011963
1530852523.5784934,69632,3.9828243255615234
1530852840.6529744,70144,4.035394191741943
1530877730.053822,71168,4.013644218444824
1530878044.9855032,71680,3.879851818084717
1530878358.7204623,72192,3.990617275238037
1530878672.2789705,72704,3.936229705810547
1530878986.7289977,73216,3.890908718109131
1530879299.5198221,73728,4.028724670410156
1530879613.226383,74240,4.032946586608887
1530879926.165058,74752,4.007290840148926
1530886940.423737,75776,4.04404354095459
1530887255.1365094,76288,4.091427326202393
1530887569.83135,76800,4.027173042297363
1530887884.230404,77312,3.9192447662353516
1530888199.7555091,77824,3.9964280128479004
1530888515.6347601,78336,4.02469539642334
1530888831.7750072,78848,3.9908642768859863
1530889147.1805773,79360,3.942704677581787
1530889462.0187545,79872,3.979795455932617
1530889777.9506774,80384,3.9907288551330566
1530890094.2180116,80896,3.9622695446014404
1530890409.650153,81408,3.942619800567627
1530890725.0589535,81920,3.9819157123565674
1530891040.7483735,82432,4.03716516494751
1530891356.2010577,82944,4.000253200531006
1530891672.0065506,83456,3.931469440460205
1530891987.1827257,83968,3.9364371299743652
1530892304.0154574,84480,3.980612277984619
1530892620.1824734,84992,4.006677627563477
1530892935.7971706,85504,3.869422197341919
1530893252.831931,86016,3.933438539505005
1530893569.9421642,86528,3.968174457550049
1530893886.9540298,87040,3.948758363723755
1530894202.543207,87552,3.878098249435425
1530894518.7978065,88064,3.927189350128174
1530894835.189171,88576,3.971287965774536
1530895152.0030088,89088,3.91892671585083
1530895468.498223,89600,3.7985522747039795
1530895785.1477928,90112,3.9167938232421875
1530896101.4733932,90624,3.9572410583496094
1530896417.0193434,91136,3.894789457321167
1530896733.407999,91648,3.926008939743042
1530897049.891458,92160,3.955411195755005
1530897365.934105,92672,3.8942713737487793
1530897681.3579514,93184,3.9237353801727295
1530897998.4503207,93696,3.9032275676727295
1530898315.3906176,94208,3.9755852222442627
1530898631.687224,94720,3.961512327194214
1530898947.4725986,95232,3.907367706298828
1530899264.526832,95744,3.906485080718994
1530904795.8330503,96768,3.9325509071350098
1530905110.230365,97280,4.044865608215332
