wall_time,step,value
1531836366.956615,512,162.23985290527344
1531836817.1862016,1024,130.240234375
1531837268.9408624,1536,185.00291442871094
1531837719.846361,2048,178.38812255859375
1531838169.4866264,2560,135.01048278808594
1531838619.9778345,3072,120.80438995361328
1531839069.5828702,3584,96.05242919921875
1531839520.0566678,4096,90.98463439941406
1531839967.7763486,4608,78.71444702148438
1531840418.1266956,5120,77.47029876708984
1531840868.0093904,5632,71.73757934570312
1531841318.2906625,6144,52.16989517211914
1531841767.367894,6656,44.5820426940918
1531842216.597513,7168,31.486175537109375
1531842665.9441803,7680,25.471572875976562
1531843116.7223608,8192,9.330448150634766
1531843565.0428383,8704,2.407731533050537
1531844013.603856,9216,6.712649345397949
1531844462.3387313,9728,2.042623281478882
1531844910.5501647,10240,-2.550581455230713
1531845360.72905,10752,-0.7017194032669067
1531845810.519302,11264,3.277510643005371
1531846258.884332,11776,0.7209577560424805
1531846708.6498177,12288,4.303403854370117
1531847158.9506788,12800,0.467743456363678
1531847608.2451768,13312,-1.3328357934951782
1531848058.4813175,13824,5.770319938659668
1531848506.7487547,14336,4.344407081604004
1531848956.0160546,14848,2.9484498500823975
1531849404.0305874,15360,0.09789706021547318
1531849854.396659,15872,-0.8158259391784668
1531850303.1985822,16384,-2.5047905445098877
1531850752.1086278,16896,-6.1402907371521
1531851201.657699,17408,-0.9725419878959656
1531851650.1666052,17920,-7.590536117553711
1531852098.8543668,18432,-2.9256653785705566
1531852549.3145797,18944,0.35645872354507446
1531852998.3249102,19456,-1.7145664691925049
1531853446.601098,19968,3.431877851486206
1531853896.2416084,20480,-6.82415771484375
1531854346.238841,20992,2.229963779449463
1531854795.8059874,21504,-1.1541717052459717
1531855246.1053908,22016,-5.23442268371582
1531855696.6792939,22528,1.0160151720046997
1531856146.0008984,23040,2.747636079788208
1531856597.7976649,23552,-2.0405373573303223
1531857047.9372797,24064,-1.061532974243164
1531857500.3250484,24576,-8.001567840576172
1531857950.3150892,25088,-3.6903154850006104
1531858401.0952716,25600,-0.07692813128232956
1531858850.9496334,26112,-2.6177287101745605
1531859303.3225272,26624,0.968554675579071
1531859754.4848669,27136,-0.42887067794799805
1531860205.320567,27648,8.356684684753418
1531860656.8681674,28160,-4.417136192321777
1531861108.9659922,28672,-1.4767866134643555
1531861560.626869,29184,0.2504405677318573
1531862010.6903183,29696,-0.20543377101421356
1531862461.0855632,30208,4.188498020172119
1531862911.2463126,30720,-1.6786227226257324
1531863363.1567402,31232,-2.9249844551086426
1531863813.8411279,31744,-2.237748146057129
1531864265.245577,32256,8.998283386230469
1531864716.145219,32768,-2.235959768295288
1531865167.2310128,33280,-2.9453940391540527
1531865617.7316723,33792,-4.685091972351074
1531866068.2948837,34304,1.376044750213623
1531866520.613232,34816,-6.393134117126465
1531866971.8653598,35328,4.061490058898926
1531867424.0974565,35840,0.07285621762275696
1531867875.609033,36352,-4.804651737213135
1531868328.2702308,36864,3.7688894271850586
1531868781.0663881,37376,-5.835768222808838
1531952893.7055027,38400,-1.7535603046417236
1531953341.5481896,38912,-12.081269264221191
1531953790.4151053,39424,-5.614668369293213
1531954237.1567914,39936,-12.28369140625
1531954685.719457,40448,-2.287764549255371
1531955134.863761,40960,-2.436527967453003
1531955582.3916874,41472,-4.161598205566406
1531956030.7705696,41984,-0.055952250957489014
1531956479.0266294,42496,-17.466796875
1531956927.5783706,43008,-6.42611026763916
1531957376.2203932,43520,-13.626906394958496
1531957825.1417375,44032,-18.332534790039062
1531958273.2273593,44544,20.735301971435547
1531958720.9720752,45056,-155.04945373535156
1531959169.1039777,45568,-70.28709411621094
1531959618.2314398,46080,-140.85568237304688
1531960066.7549787,46592,103.96822357177734
1531960520.3332863,47104,222.43576049804688
1531960976.3167045,47616,-92.98714447021484
1531961429.7629426,48128,77.79434204101562
1531961882.9937227,48640,-25.667522430419922
1531962336.4272459,49152,53.435813903808594
1531962789.773354,49664,-12.689179420471191
1531963243.7630708,50176,48.17091369628906
1531963697.227793,50688,-29.403667449951172
1531964151.330405,51200,-57.74724578857422
1531964605.226133,51712,-59.1633415222168
1531965057.1408687,52224,-73.62871551513672
1531965510.5045838,52736,-58.29753494262695
1531965963.2842038,53248,31.782718658447266
1531966415.3337288,53760,-20.748449325561523
1531966867.4497752,54272,70.68083190917969
1531967318.312266,54784,114.29824829101562
1531967769.4902546,55296,-20.100181579589844
1531968222.5992105,55808,100.43903350830078
1531968677.0352018,56320,-95.28193664550781
1531969129.6320143,56832,81.4687728881836
1531969583.0013838,57344,-49.020225524902344
1531970036.1670737,57856,-154.4322509765625
1531970489.4273362,58368,-83.82737731933594
1531970942.926294,58880,-120.53350830078125
1531971396.9268823,59392,-98.88091278076172
1531971850.6197255,59904,48.69717025756836
1531972305.4889534,60416,103.7396011352539
1531972759.978302,60928,15.38236141204834
1531973215.1533058,61440,74.30369567871094
1531973670.6022663,61952,112.48450469970703
1531974126.4510183,62464,-95.43948364257812
1531974582.2735288,62976,139.62832641601562
1531975036.948272,63488,31.692949295043945
1531975492.1676953,64000,34.266536712646484
1531975946.7318633,64512,-83.782958984375
1531976402.634386,65024,8.913007736206055
1531976857.2992668,65536,193.31292724609375
1531977311.942081,66048,-2.046173334121704
1531977767.0084271,66560,-249.40509033203125
1531978221.2745655,67072,-54.678245544433594
1531978675.1949599,67584,11.236543655395508
1531979128.6521604,68096,94.44356536865234
1531979584.135609,68608,28.331695556640625
1531980039.491723,69120,-18.592281341552734
1531980494.3860629,69632,-26.793598175048828
1531980948.7415078,70144,-30.22979164123535
1531981404.720406,70656,30.607864379882812
1531981860.9228077,71168,17.805635452270508
1532019770.7173905,72192,-42.941558837890625
1532020221.6924233,72704,-8.063222885131836
1532020673.7183368,73216,-18.211994171142578
1532021125.3915825,73728,-53.73965835571289
1532021578.2660198,74240,141.29965209960938
1532022031.4954963,74752,114.94517517089844
1532022484.1106377,75264,49.80042266845703
1532022936.2637637,75776,171.00680541992188
1532023388.477363,76288,-1.1424297094345093
1532023842.1128702,76800,-125.18437194824219
1532024295.6545124,77312,38.4613151550293
1532024748.9000487,77824,-228.26788330078125
1532025201.9717736,78336,49.36851501464844
1532025655.827729,78848,-35.60035705566406
1532026109.6491203,79360,16.591724395751953
1532026565.924515,79872,63.6517333984375
1532027020.044652,80384,-101.25459289550781
1532027473.4651117,80896,-34.5728645324707
1532027927.9782345,81408,-43.163021087646484
1532028383.1854832,81920,29.425724029541016
1532028836.5100012,82432,-80.80462646484375
1532029290.447755,82944,137.24456787109375
1532029743.592774,83456,-121.89530944824219
1532030198.2154782,83968,-22.678619384765625
1532030651.866148,84480,-131.8201904296875
1532031106.099978,84992,221.80810546875
1532031558.614498,85504,87.5086898803711
1532032011.2039742,86016,206.30825805664062
1532032464.3972034,86528,123.23587799072266
1532032919.6155632,87040,-37.410545349121094
1532033373.9301355,87552,-165.2318115234375
1532033828.701615,88064,-167.44375610351562
1532034282.2025568,88576,-204.08447265625
1532034735.921111,89088,-259.5820617675781
1532035190.1273727,89600,52.92776107788086
1532035644.3205757,90112,41.1175651550293
1532036100.03359,90624,-139.44708251953125
1532036554.9413328,91136,25.697528839111328
1532037009.282165,91648,-172.27853393554688
1532037463.7821956,92160,186.7186737060547
1532037918.7425292,92672,195.42050170898438
1532038372.5878015,93184,-120.16067504882812
1532038827.1430929,93696,-36.68736267089844
1532039282.1170819,94208,5.150554656982422
1532039737.1942906,94720,-86.1170883178711
1532040190.3947096,95232,-13.090140342712402
1532040643.3998554,95744,20.160911560058594
1532074479.9851208,96768,-53.34929656982422
1532074932.1371543,97280,-111.60893249511719
