wall_time,step,value
1531836366.956615,512,323.1514892578125
1531836817.1862016,1024,325.8756408691406
1531837268.9408624,1536,301.6935729980469
1531837719.846361,2048,303.49786376953125
1531838169.4866264,2560,286.98651123046875
1531838619.9778345,3072,283.4716796875
1531839069.5828702,3584,272.6889953613281
1531839520.0566678,4096,269.67022705078125
1531839967.7763486,4608,265.08758544921875
1531840418.1266956,5120,257.49920654296875
1531840868.0093904,5632,249.88243103027344
1531841318.2906625,6144,227.978759765625
1531841767.367894,6656,225.519775390625
1531842216.597513,7168,223.9293975830078
1531842665.9441803,7680,228.4507598876953
1531843116.7223608,8192,219.4176788330078
1531843565.0428383,8704,211.82554626464844
1531844013.603856,9216,220.36663818359375
1531844462.3387313,9728,208.5718994140625
1531844910.5501647,10240,205.2633514404297
1531845360.72905,10752,192.13198852539062
1531845810.519302,11264,190.57357788085938
1531846258.884332,11776,201.99374389648438
1531846708.6498177,12288,187.20408630371094
1531847158.9506788,12800,181.6978759765625
1531847608.2451768,13312,179.9153594970703
1531848058.4813175,13824,175.28955078125
1531848506.7487547,14336,178.2686309814453
1531848956.0160546,14848,169.89395141601562
1531849404.0305874,15360,160.7668914794922
1531849854.396659,15872,173.4815216064453
1531850303.1985822,16384,176.00787353515625
1531850752.1086278,16896,171.10165405273438
1531851201.657699,17408,164.968017578125
1531851650.1666052,17920,164.31431579589844
1531852098.8543668,18432,155.06283569335938
1531852549.3145797,18944,154.3325653076172
1531852998.3249102,19456,159.04368591308594
1531853446.601098,19968,155.9180450439453
1531853896.2416084,20480,149.1548614501953
1531854346.238841,20992,146.32032775878906
1531854795.8059874,21504,144.6319122314453
1531855246.1053908,22016,142.1387481689453
1531855696.6792939,22528,139.59457397460938
1531856146.0008984,23040,139.7792205810547
1531856597.7976649,23552,136.8330841064453
1531857047.9372797,24064,139.4425811767578
1531857500.3250484,24576,138.21531677246094
1531857950.3150892,25088,130.78317260742188
1531858401.0952716,25600,134.9909210205078
1531858850.9496334,26112,132.10020446777344
1531859303.3225272,26624,130.64791870117188
1531859754.4848669,27136,131.11814880371094
1531860205.320567,27648,124.0799789428711
1531860656.8681674,28160,125.32774353027344
1531861108.9659922,28672,126.77437591552734
1531861560.626869,29184,122.25889587402344
1531862010.6903183,29696,125.4791488647461
1531862461.0855632,30208,126.57945251464844
1531862911.2463126,30720,122.87462615966797
1531863363.1567402,31232,122.59010314941406
1531863813.8411279,31744,128.47256469726562
1531864265.245577,32256,127.27229309082031
1531864716.145219,32768,119.19657135009766
1531865167.2310128,33280,122.0162582397461
1531865617.7316723,33792,120.98165130615234
1531866068.2948837,34304,119.7826919555664
1531866520.613232,34816,123.33871459960938
1531866971.8653598,35328,116.14794921875
1531867424.0974565,35840,119.1926498413086
1531867875.609033,36352,119.47771453857422
1531868328.2702308,36864,117.49321746826172
1531868781.0663881,37376,116.65570068359375
1531952893.7055027,38400,112.97826385498047
1531953341.5481896,38912,115.94727325439453
1531953790.4151053,39424,114.19247436523438
1531954237.1567914,39936,111.35921478271484
1531954685.719457,40448,109.08069610595703
1531955134.863761,40960,109.35482025146484
1531955582.3916874,41472,104.94934844970703
1531956030.7705696,41984,103.31957244873047
1531956479.0266294,42496,104.37718963623047
1531956927.5783706,43008,100.77091979980469
1531957376.2203932,43520,104.46968841552734
1531957825.1417375,44032,101.9178695678711
1531958273.2273593,44544,117.77558135986328
1531958720.9720752,45056,142.52830505371094
1531959169.1039777,45568,155.44656372070312
1531959618.2314398,46080,144.03408813476562
1531960066.7549787,46592,158.47962951660156
1531960520.3332863,47104,151.66502380371094
1531960976.3167045,47616,171.76028442382812
1531961429.7629426,48128,173.7957000732422
1531961882.9937227,48640,167.00108337402344
1531962336.4272459,49152,164.45001220703125
1531962789.773354,49664,176.8022003173828
1531963243.7630708,50176,173.2556915283203
1531963697.227793,50688,171.91893005371094
1531964151.330405,51200,168.64198303222656
1531964605.226133,51712,171.2161407470703
1531965057.1408687,52224,166.57582092285156
1531965510.5045838,52736,174.1845245361328
1531965963.2842038,53248,167.4133758544922
1531966415.3337288,53760,159.51588439941406
1531966867.4497752,54272,166.6007080078125
1531967318.312266,54784,173.0754852294922
1531967769.4902546,55296,168.14707946777344
1531968222.5992105,55808,168.94578552246094
1531968677.0352018,56320,161.6369171142578
1531969129.6320143,56832,164.08428955078125
1531969583.0013838,57344,160.50979614257812
1531970036.1670737,57856,162.19921875
1531970489.4273362,58368,157.0333251953125
1531970942.926294,58880,163.71311950683594
1531971396.9268823,59392,158.81298828125
1531971850.6197255,59904,157.12564086914062
1531972305.4889534,60416,166.48678588867188
1531972759.978302,60928,162.1063232421875
1531973215.1533058,61440,161.18417358398438
1531973670.6022663,61952,168.01113891601562
1531974126.4510183,62464,166.40243530273438
1531974582.2735288,62976,167.91851806640625
1531975036.948272,63488,165.2628936767578
1531975492.1676953,64000,159.80714416503906
1531975946.7318633,64512,173.24798583984375
1531976402.634386,65024,171.32691955566406
1531976857.2992668,65536,165.00283813476562
1531977311.942081,66048,171.65142822265625
1531977767.0084271,66560,166.40634155273438
1531978221.2745655,67072,168.02301025390625
1531978675.1949599,67584,162.3342742919922
1531979128.6521604,68096,163.53707885742188
1531979584.135609,68608,161.83218383789062
1531980039.491723,69120,165.50698852539062
1531980494.3860629,69632,161.72972106933594
1531980948.7415078,70144,148.50820922851562
1531981404.720406,70656,153.05734252929688
1531981860.9228077,71168,149.63031005859375
1532019770.7173905,72192,142.5789337158203
1532020221.6924233,72704,131.69659423828125
1532020673.7183368,73216,136.3294677734375
1532021125.3915825,73728,137.40863037109375
1532021578.2660198,74240,138.04434204101562
1532022031.4954963,74752,151.70960998535156
1532022484.1106377,75264,143.1819610595703
1532022936.2637637,75776,154.79469299316406
1532023388.477363,76288,151.6373291015625
1532023842.1128702,76800,150.2602081298828
1532024295.6545124,77312,144.58433532714844
1532024748.9000487,77824,152.515380859375
1532025201.9717736,78336,156.6836395263672
1532025655.827729,78848,166.0477752685547
1532026109.6491203,79360,164.65673828125
1532026565.924515,79872,154.3515167236328
1532027020.044652,80384,166.6294403076172
1532027473.4651117,80896,165.2067413330078
1532027927.9782345,81408,174.1479034423828
1532028383.1854832,81920,166.60215759277344
1532028836.5100012,82432,170.2750701904297
1532029290.447755,82944,169.10533142089844
1532029743.592774,83456,171.02752685546875
1532030198.2154782,83968,170.36862182617188
1532030651.866148,84480,166.39991760253906
1532031106.099978,84992,163.19650268554688
1532031558.614498,85504,168.6131591796875
1532032011.2039742,86016,168.54734802246094
1532032464.3972034,86528,172.53829956054688
1532032919.6155632,87040,174.0957489013672
1532033373.9301355,87552,167.84500122070312
1532033828.701615,88064,170.90708923339844
1532034282.2025568,88576,175.7274169921875
1532034735.921111,89088,179.7008056640625
1532035190.1273727,89600,168.64132690429688
1532035644.3205757,90112,168.64346313476562
1532036100.03359,90624,175.4744110107422
1532036554.9413328,91136,165.89520263671875
1532037009.282165,91648,179.33827209472656
1532037463.7821956,92160,173.9291534423828
1532037918.7425292,92672,168.2203369140625
1532038372.5878015,93184,170.6727752685547
1532038827.1430929,93696,167.17828369140625
1532039282.1170819,94208,167.74139404296875
1532039737.1942906,94720,167.04701232910156
1532040190.3947096,95232,169.27664184570312
1532040643.3998554,95744,164.5713348388672
1532074479.9851208,96768,155.68594360351562
1532074932.1371543,97280,156.37460327148438
