wall_time,step,value
1531088419.5733063,128,202.51339721679688
1531088475.2150767,256,77.91878509521484
1531088531.2759342,384,64.07296752929688
1531088587.5528517,512,77.77847290039062
1531088698.8809311,640,83.92044830322266
1531088755.0340793,768,81.909912109375
1531088811.2093563,896,59.386192321777344
1531088867.412623,1024,48.218624114990234
1531088977.5184975,1152,65.35584259033203
1531089033.7718492,1280,51.81884765625
1531089090.1087303,1408,39.04130935668945
1531089146.4790652,1536,48.416996002197266
1531089258.4886537,1664,41.19413375854492
1531089314.7574902,1792,55.33335494995117
1531089370.9721153,1920,41.8382682800293
1531089427.3557038,2048,54.03998565673828
1531089537.5240295,2176,36.435157775878906
1531089593.8143525,2304,45.348453521728516
1531089650.2023313,2432,49.42390823364258
1531089706.4158041,2560,32.828338623046875
1531089815.9301796,2688,34.668617248535156
1531089872.2763035,2816,33.55901336669922
1531089928.5245676,2944,28.45052719116211
1531089984.7536607,3072,30.829017639160156
1531090096.0170248,3200,34.903324127197266
1531090152.393529,3328,19.188507080078125
1531090208.7360911,3456,36.52036666870117
1531090265.0149124,3584,27.152027130126953
1531090374.9646378,3712,23.108470916748047
1531090431.2289948,3840,23.536083221435547
1531090487.6221404,3968,18.68561363220215
1531090543.95955,4096,20.699771881103516
1531090654.0395055,4224,20.296310424804688
1531090710.479855,4352,21.53940200805664
1531090766.8458047,4480,22.664974212646484
1531090823.2706957,4608,23.875553131103516
1531090932.8173702,4736,23.94447135925293
1531090989.2819407,4864,26.44119644165039
1531091045.6938398,4992,23.26987075805664
1531091101.9850929,5120,26.081478118896484
1531091213.4439795,5248,22.297035217285156
1531091269.694226,5376,20.79360008239746
1531091326.0631382,5504,25.553937911987305
1531091382.3660965,5632,25.120582580566406
1531091493.2244556,5760,23.342151641845703
1531091549.6791222,5888,21.199338912963867
1531091606.103106,6016,25.537851333618164
1531091662.5134435,6144,20.929248809814453
1531091773.3081982,6272,28.154603958129883
1531091829.7258458,6400,25.662139892578125
1531091886.1295764,6528,26.88515853881836
1531091942.5446677,6656,23.415407180786133
1531092053.057935,6784,28.76978302001953
1531092109.3723483,6912,21.636795043945312
1531092165.7820542,7040,21.345355987548828
1531092222.1604302,7168,22.269866943359375
1531092332.6514492,7296,21.298263549804688
1531092389.0308566,7424,22.838092803955078
1531092445.4151297,7552,24.481895446777344
1531092501.7901654,7680,23.6863956451416
1531092613.1294785,7808,31.247051239013672
1531092669.4961677,7936,22.406843185424805
1531092725.9204628,8064,33.33263397216797
1531092782.200313,8192,26.063472747802734
1531092892.938826,8320,32.90623474121094
1531092949.3217654,8448,23.769506454467773
1531093005.8052542,8576,25.751203536987305
1531093062.1234381,8704,24.253801345825195
1531093172.5371912,8832,30.711896896362305
1531093228.8976357,8960,31.879657745361328
1531093285.3367481,9088,28.413761138916016
1531093341.643837,9216,32.19224548339844
1531093452.5781145,9344,38.63200378417969
1531093509.0032115,9472,40.17534255981445
1531093565.4028676,9600,31.29087257385254
1531093621.8172448,9728,25.99960708618164
1531093732.5149229,9856,24.887004852294922
1531093788.9334402,9984,28.29113006591797
1531093845.3367386,10112,36.348472595214844
1531093901.6980896,10240,21.827083587646484
1531094013.4533112,10368,25.558393478393555
1531094069.7845342,10496,23.354305267333984
1531094126.2369256,10624,23.617141723632812
1531094182.557517,10752,22.888874053955078
1531094292.8971014,10880,21.08861541748047
1531094349.24408,11008,30.351909637451172
1531094405.680135,11136,22.123096466064453
1531094462.0036967,11264,27.25592041015625
1531094573.594072,11392,21.308385848999023
1531094630.00721,11520,21.483108520507812
1531094686.4059587,11648,34.312400817871094
1531094742.8795214,11776,29.17793846130371
1531094853.953787,11904,30.204120635986328
1531094910.3592575,12032,25.891902923583984
1531094966.7170913,12160,28.03431510925293
1531095023.0525663,12288,21.76336669921875
1531095134.686422,12416,24.128637313842773
1531095191.1291564,12544,23.729598999023438
1531095247.5799353,12672,21.322500228881836
1531095303.9954557,12800,24.06681251525879
1531095414.9467592,12928,31.42279052734375
1531095471.335915,13056,19.271713256835938
1531095527.693286,13184,30.177827835083008
1531095584.1665435,13312,25.19063377380371
1531095695.0817,13440,23.599519729614258
1531095751.515328,13568,20.396455764770508
1531095807.9724085,13696,22.083881378173828
1531095864.3250704,13824,25.513771057128906
1531095975.5884151,13952,23.77642822265625
1531096031.8738084,14080,23.13446807861328
1531096088.4128096,14208,26.32974624633789
1531096144.6608336,14336,22.03458595275879
1531096256.0452113,14464,25.62547492980957
1531096312.4367518,14592,24.8319091796875
1531096368.8432462,14720,25.77878189086914
1531096425.2038438,14848,23.375240325927734
1531096537.6270528,14976,28.676294326782227
1531096593.9748094,15104,28.199636459350586
1531096650.3463786,15232,22.277889251708984
1531096706.6515188,15360,21.72403335571289
1531096816.927325,15488,25.15054702758789
1531096873.2447238,15616,23.585050582885742
1531096929.6096203,15744,28.101621627807617
1531096985.9890506,15872,31.69114112854004
1531097097.0670228,16000,29.304349899291992
1531097153.4675324,16128,27.25204086303711
1531097209.7367315,16256,26.62945556640625
1531097266.1639438,16384,31.85016632080078
1531097378.1823466,16512,27.001983642578125
1531097434.601662,16640,34.05156326293945
1531097491.2458262,16768,30.762277603149414
1531097547.5428076,16896,28.314361572265625
1531097659.1826022,17024,26.501598358154297
1531097715.4999104,17152,26.2183837890625
1531097771.7784636,17280,23.966156005859375
1531097828.021541,17408,25.342510223388672
1531097939.5043309,17536,25.103958129882812
1531097995.93355,17664,27.75726890563965
1531098052.3187683,17792,25.62454605102539
1531098108.6994884,17920,26.631580352783203
1531098219.2699301,18048,30.89874267578125
1531098275.5983806,18176,23.786632537841797
1531098331.9943342,18304,25.09728240966797
1531098388.3916633,18432,28.34857940673828
1531098501.130728,18560,26.549589157104492
1531098557.3482094,18688,29.142404556274414
1531098613.8727105,18816,25.649673461914062
1531098670.320288,18944,29.682758331298828
1531098783.336684,19072,32.98960876464844
1531098839.6489213,19200,23.824138641357422
1531098896.057722,19328,23.972537994384766
1531098952.4034212,19456,25.85483169555664
1531099063.847189,19584,24.957651138305664
1531099120.1432521,19712,23.504241943359375
1531099176.3995776,19840,28.445117950439453
1531099232.7847676,19968,32.5329704284668
1531099345.5145462,20096,29.172752380371094
1531099401.7354703,20224,26.80318832397461
1531099458.1526997,20352,29.109642028808594
1531099514.4919589,20480,28.477848052978516
1531099628.0022776,20608,47.79364013671875
1531099684.3270578,20736,29.16891860961914
1531099740.678146,20864,29.445533752441406
1531099797.1050155,20992,28.25907325744629
1531099908.2025957,21120,40.25554656982422
1531099964.5440474,21248,25.694778442382812
1531100020.896334,21376,34.611961364746094
1531100077.2046678,21504,40.62896728515625
1531100189.6423583,21632,33.10184860229492
1531100245.9603238,21760,24.601865768432617
1531100302.3677726,21888,24.164867401123047
1531100358.5509582,22016,26.14306640625
1531100471.0867593,22144,31.084095001220703
1531100527.3297894,22272,27.32930564880371
1531100583.5448897,22400,22.70389175415039
1531100639.740027,22528,24.688003540039062
1531100753.0757947,22656,82.8431625366211
1531100809.336845,22784,30.094690322875977
1531100865.6430316,22912,37.5207633972168
1531100921.9777367,23040,21.601123809814453
1531101033.9964726,23168,33.941932678222656
1531101090.6618633,23296,22.545440673828125
1531101147.264571,23424,25.726396560668945
1531101203.6958702,23552,33.60773849487305
1531101317.060142,23680,33.839962005615234
1531101373.6080568,23808,29.021656036376953
1531101430.2011402,23936,27.396547317504883
1531101486.7169847,24064,32.653411865234375
1531101597.99853,24192,25.136783599853516
1531101654.2709267,24320,47.045406341552734
1531101710.565809,24448,31.336923599243164
1531101766.9534967,24576,26.059139251708984
1531101879.8303282,24704,42.20722961425781
1531101936.0490315,24832,37.226993560791016
1531101992.3764915,24960,31.598495483398438
1531102048.6632354,25088,30.238723754882812
1531102161.14995,25216,28.995948791503906
1531102217.5388255,25344,39.18081283569336
1531102273.8727503,25472,30.216232299804688
1531102330.3073058,25600,30.500240325927734
1531102442.939636,25728,23.971277236938477
1531102499.2067485,25856,33.45413589477539
1531102555.5543227,25984,25.561059951782227
1531102611.9008183,26112,32.9427490234375
1531102724.7172794,26240,33.44462203979492
1531102780.956556,26368,32.0849494934082
1531102837.2193167,26496,32.55992889404297
1531102893.50675,26624,29.839143753051758
1531103006.308686,26752,26.338830947875977
1531103062.5437665,26880,34.59324264526367
1531103118.892057,27008,28.074739456176758
1531103175.2446609,27136,25.720664978027344
1531103288.0839486,27264,27.8765869140625
1531103344.4890075,27392,23.170761108398438
1531103400.8557982,27520,25.870447158813477
1531103457.1362062,27648,25.229413986206055
1531103569.713467,27776,35.42639923095703
1531103626.0701296,27904,25.535987854003906
1531103682.3781936,28032,26.9677677154541
1531103738.6489518,28160,29.020532608032227
1531103851.3346758,28288,27.327396392822266
1531103907.6255941,28416,31.67139434814453
1531103963.85919,28544,30.718406677246094
1531104020.1612284,28672,33.11357879638672
1531104133.8022482,28800,55.745094299316406
1531104190.0863886,28928,31.285297393798828
1531104246.3872714,29056,25.9996280670166
1531104302.7107472,29184,44.19166564941406
1531104414.8216314,29312,37.11012649536133
1531104471.146656,29440,43.314334869384766
1531104527.5407073,29568,27.020427703857422
1531104583.9304798,29696,29.851734161376953
1531104697.1605988,29824,32.00197219848633
1531104753.4360812,29952,32.88079833984375
1531104809.7356923,30080,35.74199295043945
1531104865.9930475,30208,37.76188278198242
1531104979.9039605,30336,34.73175811767578
1531105036.028039,30464,29.908308029174805
1531105092.3273776,30592,37.03382110595703
1531105148.5977204,30720,30.576452255249023
1531105260.9183707,30848,45.308223724365234
1531105317.1495779,30976,49.7622184753418
1531105373.4719028,31104,41.38111877441406
1531105429.7023525,31232,60.90807342529297
1531105543.6203575,31360,48.05681610107422
1531105599.8523173,31488,47.35513687133789
1531105656.1216733,31616,40.472293853759766
1531105712.4144917,31744,35.277069091796875
1531105824.687769,31872,42.54586410522461
1531105880.9172788,32000,40.66332244873047
1531105937.3360784,32128,43.47654342651367
1531105993.6863236,32256,69.76094818115234
1531106106.0161514,32384,42.85236740112305
1531106162.2423167,32512,38.351280212402344
1531106218.4659023,32640,47.173309326171875
1531106274.7066174,32768,67.14158630371094
1531106388.5615537,32896,41.435264587402344
1531106445.0115786,33024,36.17874526977539
1531106501.5850267,33152,49.01048278808594
1531106558.196753,33280,44.37064743041992
1531106671.4887688,33408,34.84794235229492
1531106727.8421576,33536,32.33026885986328
1531106784.2757244,33664,44.127201080322266
1531106840.472876,33792,20.85240936279297
1531106952.8771791,33920,17.810264587402344
1531107009.1529255,34048,46.10914993286133
1531107065.4353724,34176,35.45177459716797
1531107121.6995916,34304,45.61268997192383
1531107234.5277343,34432,29.118019104003906
1531107290.7376018,34560,29.588748931884766
1531107347.0247111,34688,67.48149871826172
1531107403.3651352,34816,64.74201202392578
1531107516.1106308,34944,64.239013671875
1531107572.2925024,35072,54.14390563964844
1531107628.4949007,35200,86.66877746582031
1531107684.668525,35328,56.983787536621094
1531107797.7406797,35456,33.75264358520508
1531107854.024243,35584,92.03173828125
1531107910.1008916,35712,83.90876007080078
1531107966.34293,35840,23.868310928344727
1531108079.4870136,35968,37.25868606567383
1531108135.759811,36096,91.9701919555664
1531108191.9648817,36224,30.886844635009766
1531108248.2238553,36352,57.551666259765625
1531108360.905543,36480,110.6751937866211
1531108417.0606048,36608,36.03731155395508
1531108473.268786,36736,53.88770294189453
1531108529.4909775,36864,63.24311065673828
1531108643.2201235,36992,104.03646850585938
1531108699.4274502,37120,51.08114242553711
1531108755.672463,37248,81.10926055908203
1531108811.8041885,37376,45.50959396362305
1531108924.6802647,37504,29.656274795532227
1531108980.963364,37632,32.7376594543457
1531109037.2837849,37760,53.104454040527344
1531109093.593904,37888,73.69619750976562
1531109208.299987,38016,55.845481872558594
1531109264.564454,38144,86.63860321044922
1531109320.9413247,38272,75.27131652832031
1531109377.132466,38400,59.88800048828125
1531109491.2145169,38528,52.51211929321289
1531109547.5083075,38656,54.17790222167969
1531314570.678634,39040,51.03852462768555
1531314625.2004478,39168,50.31251907348633
1531314680.6348433,39296,67.02693939208984
1531314736.117766,39424,77.3231201171875
1531314845.9920602,39552,35.84086227416992
1531314901.404205,39680,52.08591079711914
1531314957.0071166,39808,55.43928146362305
1531315012.6791618,39936,86.05409240722656
1531315120.8449283,40064,43.97442626953125
1531315176.4074852,40192,48.97309875488281
1531315231.9615068,40320,132.00347900390625
1531315287.5275686,40448,89.84927368164062
1531315395.2540033,40576,89.78094482421875
1531315450.7631795,40704,81.84208679199219
1531315506.3257823,40832,60.91750717163086
1531315561.8798108,40960,60.989376068115234
1531315669.1952417,41088,47.11107635498047
1531315724.706912,41216,96.59834289550781
1531315780.3830285,41344,62.448020935058594
1531315835.879368,41472,71.72834014892578
1531315945.9958577,41600,34.19285202026367
1531316001.5250237,41728,66.76246643066406
1531316057.14984,41856,35.12629699707031
1531316112.7674725,41984,61.58057403564453
1531316221.238825,42112,33.80153274536133
1531316276.7011516,42240,50.21656799316406
1531316332.431707,42368,51.05375671386719
1531316388.0573297,42496,76.04307556152344
1531316496.601912,42624,45.015316009521484
1531316552.1250627,42752,59.987876892089844
1531316607.6901135,42880,115.58621215820312
1531316663.2434049,43008,38.133941650390625
1531316771.5435417,43136,35.172706604003906
1531316827.1955998,43264,65.51112365722656
1531316882.7638254,43392,37.52999496459961
1531316938.397394,43520,67.91425323486328
1531317046.5774486,43648,149.01805114746094
1531317102.2098458,43776,40.36262130737305
1531317157.9208665,43904,101.40082550048828
1531317213.7248979,44032,46.972938537597656
1531317323.2798343,44160,55.76707077026367
1531317378.8686633,44288,47.53629684448242
1531317434.597962,44416,46.723670959472656
1531317490.340505,44544,76.10932159423828
1531317599.7730162,44672,104.0154800415039
1531317655.309955,44800,64.82470703125
1531317711.0029032,44928,74.4154281616211
1531317766.9331913,45056,78.1222152709961
1531317875.92995,45184,44.43177032470703
1531317931.683926,45312,76.66690063476562
1531317987.4201918,45440,66.74446868896484
1531318043.0973134,45568,61.09813690185547
1531318152.095645,45696,85.55245971679688
1531318207.8225272,45824,44.018943786621094
1531318263.5732906,45952,107.99227905273438
1531318319.3271956,46080,47.317543029785156
1531318428.3614707,46208,57.51067352294922
1531318484.0380187,46336,31.021963119506836
1531318539.7629528,46464,89.30648040771484
1531318595.399197,46592,137.11703491210938
1531318704.571289,46720,89.41583251953125
1531318760.0016356,46848,106.07286071777344
1531318815.7437735,46976,74.62830352783203
1531318871.6229146,47104,70.14289093017578
1531318981.2418098,47232,157.40798950195312
1531319036.916416,47360,130.5164031982422
1531319092.624374,47488,78.93994140625
1531319148.332278,47616,44.63949203491211
1531319257.8900394,47744,84.9004135131836
1531319313.5520928,47872,90.5827865600586
1531319369.3391635,48000,64.7138671875
1531319424.9227166,48128,78.14033508300781
1531319534.5284116,48256,60.40441131591797
1531319590.2328632,48384,178.4918670654297
1531319645.8631709,48512,182.8717041015625
1531319701.642507,48640,37.12003707885742
1531319812.386166,48768,38.65715026855469
1531319868.0368776,48896,126.38314819335938
1531319923.785313,49024,98.45726776123047
1531319979.575166,49152,85.56360626220703
1531320088.5434947,49280,117.61787414550781
1531320144.1774638,49408,97.51638793945312
1531320199.8587947,49536,63.82856750488281
1531320255.5612063,49664,55.8746223449707
1531320364.5758982,49792,62.53204345703125
1531320420.2591825,49920,70.01054382324219
1531341510.7627208,50304,93.71517181396484
1531341566.3831153,50432,80.75886535644531
1531341622.1144326,50560,47.95726013183594
1531341677.7790632,50688,84.3506851196289
1531341786.7522366,50816,61.868473052978516
1531341842.4764307,50944,126.24791717529297
1531341898.267799,51072,99.77445220947266
1531341954.1120114,51200,63.837608337402344
1531342062.9199772,51328,110.83915710449219
1531342118.6206596,51456,106.95732879638672
1531342174.5200548,51584,60.88216018676758
1531342230.2169898,51712,117.71634674072266
1531342339.1115575,51840,58.77751922607422
1531342394.7201111,51968,180.1580810546875
1531342450.4983766,52096,66.28086853027344
1531342506.2297387,52224,62.553802490234375
1531342615.0879893,52352,89.26470947265625
1531342670.8131833,52480,110.31076049804688
1531342726.6217036,52608,98.01246643066406
1531342782.3081815,52736,82.69751739501953
1531342892.077185,52864,61.11376953125
1531342947.8032346,52992,61.89195251464844
1531343003.670535,53120,81.67752075195312
1531343059.5244539,53248,63.81272506713867
1531343169.250177,53376,105.02143859863281
1531343224.8403313,53504,141.56541442871094
1531343280.611462,53632,83.7030029296875
1531343336.3610797,53760,60.32795715332031
1531343444.7460206,53888,51.409950256347656
1531343500.4621208,54016,109.77737426757812
1531343556.2365396,54144,104.17364501953125
1531343611.906347,54272,73.58709716796875
1531343721.4962938,54400,98.44554138183594
1531343777.2917845,54528,89.92127227783203
1531343833.0475574,54656,69.8795166015625
1531343888.908095,54784,63.060218811035156
1531343997.869255,54912,86.36736297607422
1531344053.5419724,55040,103.4312973022461
1531344109.3730886,55168,69.71607971191406
1531344165.1611526,55296,44.207496643066406
1531344275.371801,55424,90.03523254394531
1531344331.0671747,55552,63.589508056640625
1531344386.75864,55680,82.11773681640625
1531344442.5644403,55808,64.88394165039062
1531344550.8542469,55936,50.542701721191406
1531344606.6036937,56064,107.54168701171875
1531344662.3817787,56192,119.44792175292969
1531344718.1830993,56320,116.53994750976562
1531344826.3410418,56448,110.2075424194336
1531344882.0761242,56576,49.84627914428711
1531344938.0484889,56704,49.05231857299805
1531344993.9783578,56832,41.2713737487793
1531345103.2832475,56960,39.79633331298828
1531345158.999425,57088,41.824493408203125
1531345214.8643236,57216,82.50557708740234
1531345270.634591,57344,106.25223541259766
1531345379.0807118,57472,135.32496643066406
1531345434.8731022,57600,124.60503387451172
1531345490.6216307,57728,112.83928680419922
1531345546.5382552,57856,137.5895233154297
1531345656.1690888,57984,60.85173797607422
1531345711.889098,58112,79.38461303710938
1531345767.6587393,58240,92.16472625732422
1531345823.529038,58368,150.85377502441406
1531345932.5112052,58496,151.38999938964844
1531345988.2208343,58624,118.19017028808594
1531346044.071254,58752,127.76217651367188
1531346099.940224,58880,133.6466064453125
1531346208.1159859,59008,83.70559692382812
1531346263.8523922,59136,43.25212478637695
1531346319.7459435,59264,43.27079772949219
1531346375.5800655,59392,66.22702026367188
1531346483.9481075,59520,130.28297424316406
1531346539.7346396,59648,118.4045181274414
1531346595.6173546,59776,133.59246826171875
1531346651.3095503,59904,90.51654815673828
1531346759.8530672,60032,144.20663452148438
1531346815.680153,60160,67.70099639892578
1531346871.4860113,60288,85.09819030761719
1531346927.3906922,60416,68.54667663574219
1531347036.4733667,60544,138.52931213378906
1531347092.2056613,60672,135.80039978027344
1531347148.054897,60800,139.33863830566406
1531347203.9043486,60928,95.50498962402344
1531347312.582243,61056,77.38240051269531
1531347368.294555,61184,90.58016204833984
1531347424.0579152,61312,88.73285675048828
1531347479.7754452,61440,88.72589111328125
1531347588.5414639,61568,65.67401885986328
1531347644.4073322,61696,135.09384155273438
1531347700.1968591,61824,100.27593994140625
1531347756.019775,61952,96.85928344726562
1531347865.568895,62080,76.38304138183594
1531347921.3076127,62208,135.6268768310547
1531347977.1190243,62336,106.72733306884766
1531348032.973751,62464,53.75700378417969
1531348142.5451748,62592,111.91364288330078
1531348198.306214,62720,66.4478759765625
1531348254.173499,62848,43.91737365722656
1531348309.9217682,62976,98.74262237548828
1531348419.5549474,63104,46.211326599121094
1531348475.323731,63232,73.56037902832031
1531348531.0806599,63360,185.3815460205078
1531348586.8668482,63488,113.31224822998047
1531348697.3448386,63616,122.19741821289062
1531348753.0463157,63744,98.75714874267578
1531348808.8353217,63872,70.90605163574219
1531348864.6070268,64000,160.39349365234375
1531348975.121342,64128,185.4228057861328
1531349030.8960392,64256,126.66465759277344
1531349086.799098,64384,132.735107421875
1531349142.6165311,64512,78.81428527832031
1531349252.1448646,64640,80.2965087890625
1531349307.8695526,64768,98.51020050048828
1531349363.6813395,64896,47.31150817871094
1531349419.4699004,65024,66.72051239013672
1531349529.270727,65152,162.37615966796875
1531349584.9404275,65280,150.78927612304688
1531349640.7207627,65408,133.83984375
1531349696.5847206,65536,115.70903778076172
1531349807.756481,65664,40.70280075073242
1531349863.5372727,65792,48.922874450683594
1531349919.3210127,65920,131.57945251464844
1531349975.2540507,66048,51.90422821044922
1531350086.8439033,66176,52.63658905029297
1531350142.5562623,66304,152.8643035888672
1531350198.371892,66432,98.91840362548828
1531350254.1884656,66560,50.35588836669922
1531350365.7592015,66688,55.530357360839844
1531350421.4399014,66816,141.22915649414062
1531350477.3883326,66944,66.18653869628906
1531350533.2473052,67072,181.72756958007812
1531350643.372568,67200,82.87716674804688
1531350699.0928822,67328,113.80055236816406
1531350754.9059277,67456,78.3824691772461
1531350810.7335413,67584,123.089111328125
1531350922.108546,67712,127.67047119140625
1531350977.9249816,67840,102.07344055175781
1531351033.794899,67968,169.56585693359375
1531351089.7700117,68096,127.40298461914062
1531351200.2222025,68224,47.58948516845703
1531351255.9875,68352,101.62789154052734
1531351311.8861763,68480,94.05768585205078
1531351367.650142,68608,67.20662689208984
1531351477.8608537,68736,84.203369140625
1531351533.7400138,68864,81.50909423828125
1531351589.54969,68992,165.94598388671875
1531351645.3990757,69120,50.253692626953125
1531351756.894155,69248,100.08921813964844
1531351812.7400029,69376,57.42662048339844
1531351868.6261573,69504,80.01048278808594
1531352523.0964983,69760,40.031097412109375
1531352577.748826,69888,40.76226043701172
1531352633.2312446,70016,65.25125885009766
1531352689.7450237,70144,64.79423522949219
1531352799.7446418,70272,55.20266342163086
1531352855.353988,70400,73.70487213134766
1531352911.2593796,70528,51.248775482177734
1531352967.0672872,70656,44.50320053100586
1531353074.4091287,70784,93.36011505126953
1531353130.2960317,70912,62.97515106201172
1531353186.1493776,71040,79.16417694091797
1531353241.9933436,71168,40.59204864501953
1531353350.0956364,71296,76.77127075195312
1531353405.9894853,71424,93.33222198486328
1531353461.7898815,71552,61.455780029296875
1531353517.6636744,71680,59.7970085144043
1531353626.0254579,71808,76.42707824707031
1531353681.7695878,71936,75.78571319580078
1531353737.6985457,72064,49.15939712524414
1531353793.5953202,72192,87.55807495117188
1531353903.357105,72320,69.46954345703125
1531353959.3030534,72448,129.14852905273438
1531354015.2359338,72576,71.6528549194336
1531354071.2304864,72704,60.29931640625
1531354180.092368,72832,112.22052764892578
1531354235.9082093,72960,88.72502899169922
1531354291.7535408,73088,71.65354919433594
1531354347.6211638,73216,56.137935638427734
1531354457.3251078,73344,216.2850799560547
1531354513.13298,73472,64.64120483398438
1531354569.021197,73600,79.81897735595703
1531354625.0227256,73728,27.773479461669922
1531354733.9569738,73856,77.47346496582031
1531354789.841992,73984,103.93260192871094
1531354845.9201646,74112,89.7348861694336
1531354901.8786013,74240,87.8497543334961
1531355011.2267108,74368,89.571533203125
1531355067.1015007,74496,111.23503112792969
1531355122.8846495,74624,100.32763671875
1531355178.7311008,74752,108.73596954345703
1531355287.7840576,74880,116.16477966308594
1531355343.4777322,75008,109.335205078125
1531355399.3203728,75136,173.19113159179688
1531355455.2365065,75264,77.16383361816406
1531355563.6833043,75392,132.2294158935547
1531355619.619426,75520,42.37875747680664
1531355675.5627227,75648,117.65222930908203
1531355731.5224566,75776,67.39607238769531
1531355840.7003229,75904,125.99604797363281
1531355896.6563308,76032,52.7988395690918
1531355952.6630678,76160,55.902801513671875
1531356008.5929298,76288,114.07066345214844
1531356117.6059859,76416,166.5102081298828
1531356173.488791,76544,67.79603576660156
1531356229.3763947,76672,92.15792846679688
1531356285.1802948,76800,151.24806213378906
1531356394.7988381,76928,142.09169006347656
1531356450.5801866,77056,172.27871704101562
1531356506.4857833,77184,60.936927795410156
1531356562.482641,77312,63.873451232910156
1531356671.2878904,77440,67.85555267333984
1531356727.1609185,77568,68.46782684326172
1531356782.9891894,77696,113.07190704345703
1531356838.8869786,77824,53.08119201660156
1531356947.8524406,77952,40.474334716796875
1531357003.614514,78080,164.51361083984375
1531357059.5970478,78208,109.30342864990234
1531357115.4420805,78336,181.19375610351562
1531357223.724094,78464,67.443359375
1531357279.583621,78592,49.58546829223633
1531357335.4470067,78720,111.61068725585938
1531357391.3789463,78848,114.45185089111328
1531357501.5965054,78976,81.45368957519531
1531357557.5236084,79104,95.01811981201172
1531357613.4560611,79232,147.12525939941406
1531357669.1919637,79360,126.15345001220703
1531357779.5684612,79488,85.95620727539062
1531357835.299365,79616,140.15713500976562
1531357891.1736119,79744,92.634765625
1531357947.123195,79872,71.83319091796875
1531358056.0979078,80000,76.75691223144531
1531358111.8996994,80128,109.64622497558594
1531358167.7791295,80256,129.43589782714844
1531358223.7589645,80384,181.2081298828125
1531358334.513934,80512,67.88275909423828
1531358390.2888794,80640,52.90277099609375
1531358446.1211112,80768,65.85812377929688
1531358501.979162,80896,136.7873077392578
1531358611.7837615,81024,69.87002563476562
1531358667.7084625,81152,66.04419708251953
1531358723.5501678,81280,82.38085174560547
1531358779.3640883,81408,96.83259582519531
1531358888.861208,81536,95.8895034790039
1531358944.6561775,81664,63.34110641479492
1531359000.5849442,81792,72.268310546875
1531359056.4667513,81920,75.8779296875
1531359167.121153,82048,43.567779541015625
1531359222.9094546,82176,87.4394302368164
1531359278.7996366,82304,192.2374267578125
1531359334.8014705,82432,100.98577880859375
1531359444.240363,82560,86.29145050048828
1531359500.0132048,82688,86.5869140625
1531359555.9621956,82816,118.16234588623047
1531359611.839939,82944,107.0906982421875
1531359721.6766934,83072,60.602542877197266
1531359777.5702608,83200,64.4203872680664
1531359833.3697312,83328,76.5197525024414
1531359889.1656287,83456,63.918575286865234
1531360000.3979638,83584,86.74105834960938
1531360056.156838,83712,90.03770446777344
1531360112.0030718,83840,80.59599304199219
1531360167.8715658,83968,65.9608154296875
1531360277.7550974,84096,79.67704010009766
1531360333.6738,84224,55.43712615966797
1531360389.5956583,84352,139.6867218017578
1531360445.3893616,84480,80.61134338378906
1531360555.028889,84608,87.56575775146484
1531360610.7682793,84736,68.06138610839844
1531360666.648425,84864,108.93287658691406
1531360722.7135625,84992,65.74066925048828
1531360833.3318503,85120,98.55167388916016
1531360889.2089252,85248,152.60470581054688
1531360945.1175,85376,69.97107696533203
1531361000.9752064,85504,111.63084411621094
1531361110.0945497,85632,129.99032592773438
1531361165.9402783,85760,117.87457275390625
1531361221.907863,85888,98.49217987060547
1531361277.8831725,86016,93.27832794189453
1531361387.4108539,86144,52.536399841308594
1531361443.2623708,86272,143.56866455078125
1531361499.161132,86400,63.18290710449219
1531361555.0396595,86528,51.51607131958008
1531361664.7327993,86656,68.23065185546875
1531361720.6716907,86784,66.54114532470703
1531361776.5788798,86912,109.25331115722656
1531361832.4225862,87040,49.17784118652344
1531361943.522279,87168,75.24937438964844
1531361999.2358463,87296,95.99578857421875
1531362055.1617062,87424,46.295570373535156
1531362111.0703309,87552,94.7166748046875
1531362221.6636453,87680,47.05571365356445
1531362277.6131625,87808,73.36737060546875
1531362333.5706666,87936,68.70683288574219
1531362389.5450432,88064,56.314571380615234
1531362500.6281126,88192,75.28558349609375
1531362556.5747,88320,134.73782348632812
1531362612.5709536,88448,80.90430450439453
1531362668.4975066,88576,124.46722412109375
1531362778.8926947,88704,90.3755874633789
1531362835.0038729,88832,82.19500732421875
1531362890.966707,88960,85.52449798583984
1531362946.8846738,89088,78.27562713623047
1531363056.9093997,89216,82.65485382080078
1531363112.7161665,89344,100.2137222290039
1531363168.7244222,89472,105.70124816894531
1531363224.6752138,89600,112.98487091064453
1531363334.890081,89728,52.456520080566406
1531363390.8038952,89856,79.15625
1531363446.6912677,89984,203.33631896972656
1531363502.688006,90112,141.8870849609375
1531363612.9207695,90240,97.63156127929688
1531363668.7242947,90368,111.13725280761719
1531363724.6448731,90496,74.38993835449219
1531363780.5243657,90624,177.15078735351562
1531363890.525916,90752,159.51805114746094
1531363946.3108742,90880,135.54896545410156
1531364002.0519168,91008,120.50865173339844
1531364057.9473839,91136,76.40006256103516
1531364168.314787,91264,65.01821899414062
1531364224.1062279,91392,100.67733764648438
1531364280.02016,91520,192.2791290283203
1531364335.9173348,91648,76.2009048461914
1531364446.7847214,91776,146.0633544921875
1531364502.6527076,91904,104.95350646972656
1531364558.6172774,92032,103.0294418334961
1531364614.4741466,92160,99.3243637084961
1531364724.3643732,92288,52.47645950317383
1531364780.203552,92416,105.05546569824219
1531364836.099848,92544,148.77821350097656
1531364892.0760243,92672,126.0533447265625
1531365002.2777345,92800,85.45653533935547
1531365058.2707858,92928,58.29061508178711
1531365114.1393547,93056,124.99253845214844
1531365170.2275507,93184,73.88994598388672
1531365281.665821,93312,125.34197998046875
1531365337.4533904,93440,141.66452026367188
1531365393.3267791,93568,117.62081909179688
1531365449.1533666,93696,52.842403411865234
1531365559.0525606,93824,67.2502212524414
1531365614.912822,93952,90.85468292236328
1531365670.656144,94080,65.18854522705078
1531365726.4614,94208,138.83602905273438
1531365836.3736472,94336,149.20364379882812
1531365892.1754048,94464,102.23181915283203
1531365948.1071265,94592,102.84772491455078
1531366004.0805247,94720,62.863929748535156
1531366113.8879812,94848,120.69911193847656
1531366169.7312653,94976,92.31745147705078
1531366225.612421,95104,111.30189514160156
1531366281.4987442,95232,101.17621612548828
1531366392.771148,95360,80.10166931152344
1531366448.6295054,95488,71.95558166503906
1531366504.5469093,95616,105.6073226928711
1531366560.3002071,95744,120.42672729492188
1531366671.0293963,95872,177.9317169189453
1531366726.7854354,96000,110.57395935058594
1531366782.8203263,96128,172.39859008789062
1531366838.7972379,96256,145.61334228515625
1531366948.5910058,96384,96.50663757324219
1531367004.4454453,96512,68.31034088134766
1531367060.38789,96640,81.64897918701172
1531367116.1031847,96768,67.10481262207031
1531367226.9619071,96896,113.49137878417969
1531367282.7928624,97024,126.87544250488281
1531367338.7435617,97152,91.57648468017578
1531367394.7218282,97280,81.83753967285156
1531367504.9631197,97408,136.4183349609375
1531367560.756876,97536,64.46328735351562
