wall_time,step,value
1531609998.0318506,128,0.7541664838790894
1531610188.9378889,256,0.38372063636779785
1531610379.952662,384,0.256935715675354
1531610571.0174327,512,0.24622946977615356
1531610952.8188007,640,0.20382852852344513
1531611143.7277122,768,0.23403087258338928
1531611334.4802413,896,0.22917065024375916
1531611525.4813976,1024,0.22966301441192627
1531611927.356818,1152,0.18401463329792023
1531612118.1886528,1280,0.1803123950958252
1531612309.0358877,1408,0.19016893208026886
1531612499.9523766,1536,0.1888311505317688
1531670403.689729,1664,0.17525120079517365
1531670594.3885145,1792,0.18526358902454376
1531670785.1699228,1920,0.1680295318365097
1531670976.0225165,2048,0.16079796850681305
1531671363.9385803,2176,0.1547701209783554
1531671554.5535445,2304,0.135085329413414
1531671745.4154189,2432,0.15071240067481995
1531671936.1737108,2560,0.14187881350517273
1531672320.2163506,2688,0.12905533611774445
1531672511.052772,2816,0.13629350066184998
1531672701.917339,2944,0.12227088958024979
1531672892.4715588,3072,0.1295870840549469
1531673268.0891984,3200,0.12042498588562012
1531673458.907674,3328,0.12915568053722382
1531673649.7522442,3456,0.1117817610502243
1531673840.7666647,3584,0.10426496714353561
1531674201.2192254,3712,0.1178303062915802
1531674392.2836845,3840,0.10663405805826187
1531674583.2079747,3968,0.10608554631471634
1531674774.168496,4096,0.12066881358623505
1531675136.664772,4224,0.09635084122419357
1531675327.63078,4352,0.0993400439620018
1531675518.5271778,4480,0.09045182913541794
1531675709.4200523,4608,0.10169753432273865
1531676066.5347106,4736,0.10038373619318008
1531676257.3713095,4864,0.10995610803365707
1531676448.2597418,4992,0.09515975415706635
1531676639.122467,5120,0.10860846936702728
1531677006.4357526,5248,0.08865464478731155
1531677197.4283404,5376,0.09121809899806976
1531677388.555442,5504,0.09080668538808823
1531677579.6470368,5632,0.08222034573554993
1531677944.3495283,5760,0.08702560514211655
1531678135.4538548,5888,0.08589912950992584
1531678326.5173562,6016,0.09008252620697021
1531678517.636386,6144,0.0811849907040596
1531678888.4108472,6272,0.08745823800563812
1531679079.2349868,6400,0.07515134662389755
1531679270.1850302,6528,0.08182630687952042
1531679461.0491414,6656,0.0762706771492958
1531679831.781874,6784,0.0818147212266922
1531680022.7113228,6912,0.08392886817455292
1531680213.6796257,7040,0.06411994248628616
1531680404.6531482,7168,0.0737786591053009
1531680776.816491,7296,0.07747527211904526
1531680967.8367753,7424,0.06758269667625427
1531681158.8883429,7552,0.07355828583240509
1531681349.7049477,7680,0.06753712147474289
1531681722.60452,7808,0.0658949539065361
1531681913.7202396,7936,0.07416409999132156
1531682104.8417077,8064,0.06248544901609421
1531682295.9264543,8192,0.0699039027094841
1531682669.1691008,8320,0.06610970944166183
1531682860.2833772,8448,0.06430386006832123
1531683051.2408285,8576,0.07639704644680023
1531683242.3481474,8704,0.06995664536952972
1531683619.5588524,8832,0.07260134816169739
1531683810.4878407,8960,0.059190358966588974
1531684001.4097176,9088,0.06781119108200073
1531684192.284099,9216,0.062264584004879
1531684564.6852226,9344,0.06326599419116974
1531684755.6871595,9472,0.06378647685050964
1531684946.6317592,9600,0.06786470860242844
1531685137.7219017,9728,0.05878307670354843
1531685512.1058521,9856,0.06922955811023712
1531685703.0253031,9984,0.06116335839033127
1531685894.025239,10112,0.06320147216320038
1531686085.026347,10240,0.06207604706287384
1531686463.0993526,10368,0.06174720823764801
1531686653.9502184,10496,0.06986358016729355
1531686844.7721028,10624,0.06491906195878983
1531687035.5639498,10752,0.06361985206604004
1531687409.9379086,10880,0.05668628588318825
1531687600.7516441,11008,0.0543656088411808
1531687791.5836637,11136,0.057836826890707016
1531687982.4351203,11264,0.049626581370830536
1531688353.5511732,11392,0.06350687891244888
1531688544.5319433,11520,0.057982221245765686
1531688735.595923,11648,0.054538704454898834
1531688926.5789838,11776,0.05549953132867813
1531689297.7164016,11904,0.06255730241537094
1531689488.7288992,12032,0.06296858191490173
1531689679.7433903,12160,0.056339479982852936
1531689870.9319723,12288,0.055566057562828064
1531690243.470909,12416,0.063365139067173
1531690434.485986,12544,0.05179138481616974
1531690625.4868631,12672,0.057585209608078
1531690816.33646,12800,0.05761698633432388
1531691188.1037624,12928,0.04829001799225807
1531691379.0530908,13056,0.06146153435111046
1531691570.2624428,13184,0.05538373813033104
1531691761.417098,13312,0.05014929547905922
1531692133.461119,13440,0.051775604486465454
1531692324.3798294,13568,0.04241730272769928
1531692515.5384963,13696,0.04588412493467331
1531692706.4851913,13824,0.05562932789325714
1531693080.7661119,13952,0.05302174389362335
1531693271.884437,14080,0.04992738366127014
1531693462.8917713,14208,0.055479519069194794
1531693653.955147,14336,0.05324001610279083
1531694029.030189,14464,0.0526638962328434
1531694219.8281167,14592,0.05189967900514603
1531694410.6024542,14720,0.05214377120137215
1531694601.5470526,14848,0.04873957484960556
1531694972.2251763,14976,0.05455842986702919
1531695163.1460369,15104,0.06041494011878967
1531695354.1350632,15232,0.04161715507507324
1531695545.0899067,15360,0.047808703035116196
1531695914.6644313,15488,0.05376096069812775
1531696105.6896293,15616,0.04717060551047325
1531696296.600937,15744,0.05081485956907272
1531696487.5175602,15872,0.04477794095873833
1531696858.5685294,16000,0.029845230281352997
1531697049.587154,16128,0.04742727056145668
1531697240.5256073,16256,0.038603831082582474
1531697431.5081484,16384,0.041518256068229675
1531701354.1164606,16512,0.047878336161375046
1531701545.1088433,16640,0.047471385449171066
1531701736.058988,16768,0.0528959184885025
1531701926.9864304,16896,0.059392381459474564
1531702292.4901881,17024,0.04695820063352585
1531702483.483229,17152,0.04599468410015106
1531702674.3325834,17280,0.04794873297214508
1531702865.2940733,17408,0.04899260029196739
1531703231.0572324,17536,0.04135924577713013
1531703422.137119,17664,0.04538498446345329
1531703613.3607867,17792,0.046370357275009155
1531703804.367843,17920,0.0392804853618145
1531704173.3395445,18048,0.04407395049929619
1531704364.354354,18176,0.04341336339712143
1531704555.3678434,18304,0.04635787755250931
1531704746.321367,18432,0.043947748839855194
1531705116.0136712,18560,0.04378807544708252
1531705307.0466452,18688,0.04918894171714783
1531705498.1266935,18816,0.0368121862411499
1531705689.170261,18944,0.048894088715314865
1531706055.8072395,19072,0.049700792878866196
1531706246.845438,19200,0.047044165432453156
1531706438.0423794,19328,0.035003527998924255
1531706629.196744,19456,0.038806263357400894
1531707001.3000808,19584,0.04069710522890091
1531707192.4493911,19712,0.03842078894376755
1531707383.6078167,19840,0.04339546710252762
1531707574.6698956,19968,0.03790828958153725
1531707943.5209637,20096,0.040208227932453156
1531708134.5172694,20224,0.03906926140189171
1531708325.6765435,20352,0.034289997071027756
1531708516.694456,20480,0.04470943659543991
1531708886.2995205,20608,0.04510585218667984
1531709077.5289226,20736,0.03267654404044151
1531709268.4727027,20864,0.04312916100025177
1531709459.5505223,20992,0.04336541146039963
1531709829.8098788,21120,0.038198553025722504
1531710020.7947063,21248,0.040075235068798065
1531710211.8274758,21376,0.03482599928975105
1531710403.053079,21504,0.04659779369831085
1531710771.2264981,21632,0.03422876074910164
1531710962.3317997,21760,0.047441866248846054
1531711153.4419453,21888,0.04307950288057327
1531711344.635029,22016,0.03426959365606308
1531711715.9825482,22144,0.039154138416051865
1531711907.0788147,22272,0.04807927832007408
1531712098.2957842,22400,0.033946625888347626
1531712289.2368681,22528,0.04635809734463692
1531712658.7591906,22656,0.03836222365498543
1531712849.7519026,22784,0.04000576585531235
1531713040.6058192,22912,0.03858296200633049
1531713231.3694358,23040,0.03272118419408798
1531713599.8439403,23168,0.03656672686338425
1531713790.887864,23296,0.037011172622442245
1531713982.0984657,23424,0.038673847913742065
1531714173.175249,23552,0.035972557961940765
1531714545.8474822,23680,0.036009177565574646
1531714736.8964539,23808,0.03682861849665642
1531714927.9854877,23936,0.036623500287532806
1531715119.0822551,24064,0.032864660024642944
1531715489.7640226,24192,0.03906669095158577
1531715680.818719,24320,0.037011563777923584
1531715871.9026487,24448,0.05048622563481331
1531716062.7593873,24576,0.03748886659741402
1531716431.7242336,24704,0.03742446377873421
1531716622.7356815,24832,0.0440230667591095
1531716813.7697074,24960,0.04124090075492859
1531717004.7732954,25088,0.03918841853737831
1531717374.584602,25216,0.034280456602573395
1531717565.4362736,25344,0.032825056463479996
1531717756.4714575,25472,0.03765684366226196
1531717947.214609,25600,0.047611307352781296
1531718315.8162272,25728,0.04049595445394516
1531718506.777735,25856,0.031087951734662056
1531718697.8727229,25984,0.03731293976306915
1531718888.9693098,26112,0.04331175237894058
1531719260.713052,26240,0.03713088482618332
1531719451.696499,26368,0.03820831701159477
1531719642.7657738,26496,0.03790321201086044
1531719833.8191183,26624,0.030483685433864594
1531720199.6544926,26752,0.03310907632112503
1531720390.5640664,26880,0.04390355944633484
1531720581.2958038,27008,0.042119093239307404
1531720772.4180532,27136,0.03129331395030022
1531721145.9668484,27264,0.03416495397686958
1531721337.0980651,27392,0.03000158630311489
1531721528.2275076,27520,0.04210036247968674
1531721719.061531,27648,0.039695821702480316
1531722090.5197208,27776,0.03816024959087372
1531722281.5990052,27904,0.03357597440481186
1531722472.6859791,28032,0.03217284753918648
1531722663.9733355,28160,0.03892403095960617
1531723029.2204423,28288,0.034020453691482544
1531723220.473364,28416,0.030691489577293396
1531723411.5817058,28544,0.028332028537988663
1531723602.7126942,28672,0.03949243575334549
1531723972.1446624,28800,0.03197586536407471
1531724163.3016014,28928,0.03484122082591057
1531724354.3740158,29056,0.03219239041209221
1531724545.6205468,29184,0.029944024980068207
1531724916.5986958,29312,0.029651278629899025
1531725107.593223,29440,0.03589441627264023
1531725298.6693535,29568,0.030765822157263756
1531725489.6686466,29696,0.035290226340293884
1531725859.8944552,29824,0.03132212534546852
1531726050.8772514,29952,0.03553137555718422
1531726242.0105476,30080,0.03382081165909767
1531726433.1008904,30208,0.030468549579381943
1531726806.541736,30336,0.033164069056510925
1531726997.5139306,30464,0.035434577614068985
1531727188.5649621,30592,0.028982646763324738
1531727379.7488415,30720,0.02884110063314438
1531727751.4641206,30848,0.03316369280219078
1531727942.5161197,30976,0.027961459010839462
1531728133.667664,31104,0.02728448249399662
1531728324.8796232,31232,0.02709934487938881
1531728691.8297396,31360,0.04081277549266815
1531728882.7419782,31488,0.03583792597055435
1531729073.7341764,31616,0.027537021785974503
1531729264.860083,31744,0.039872802793979645
1531729639.7795293,31872,0.037039145827293396
1531729830.9577706,32000,0.023336593061685562
1531730022.0157707,32128,0.037187978625297546
1531730213.2191772,32256,0.03197677806019783
1531730581.9230807,32384,0.0349620096385479
1531730773.0033023,32512,0.04489854723215103
1531730964.1690922,32640,0.03181556239724159
1531731155.301102,32768,0.031071536242961884
1531737405.2145586,32896,0.03742647171020508
1531737601.7324843,33024,0.0366341695189476
1531737798.319373,33152,0.029414908960461617
1531737994.8735044,33280,0.03133680298924446
1531738366.365702,33408,0.0303297508507967
1531738557.143294,33536,0.0353148952126503
1531738748.024523,33664,0.028461523354053497
1531738938.8014271,33792,0.029591746628284454
1531739310.2046144,33920,0.03274058178067207
1531739500.9829843,34048,0.036995913833379745
1531739691.8163943,34176,0.0380997434258461
1531739882.7557447,34304,0.02793896198272705
1531740257.742883,34432,0.027904903516173363
1531740448.6196847,34560,0.02814827300608158
1531740639.5135543,34688,0.029948372393846512
1531740830.355298,34816,0.021733978763222694
1531741204.161071,34944,0.0433608703315258
1531741395.0230744,35072,0.03191900998353958
1531741585.8590753,35200,0.02773801051080227
1531741776.7778904,35328,0.03173799812793732
1531742145.2731237,35456,0.028114043176174164
1531742336.0983765,35584,0.031398117542266846
1531742527.0258863,35712,0.03077564388513565
1531742718.0532427,35840,0.023352626711130142
1531743089.6380296,35968,0.0249555092304945
1531743280.4647925,36096,0.03019864670932293
1531743471.416966,36224,0.029885083436965942
1531743662.3096788,36352,0.03308732062578201
1531744033.2391775,36480,0.040344592183828354
1531744224.3582876,36608,0.03094474971294403
1531744415.4777699,36736,0.02618338167667389
1531744606.5496795,36864,0.03101375140249729
1531744973.7384546,36992,0.030101999640464783
1531745164.8127089,37120,0.030027953907847404
1531745355.993025,37248,0.02471010945737362
1531745547.061504,37376,0.026055775582790375
1531745915.1130474,37504,0.02906595543026924
1531746106.0625238,37632,0.023884840309619904
1531746297.1006393,37760,0.02601875737309456
1531746488.2851872,37888,0.02891279198229313
1531746860.31024,38016,0.023244325071573257
1531747051.2781951,38144,0.02675725892186165
1531747242.159199,38272,0.025078440085053444
1531747433.222531,38400,0.02765577659010887
1531747805.6045222,38528,0.022668778896331787
1531747996.4806845,38656,0.02903536707162857
1531748187.4463875,38784,0.022465351969003677
1531748378.3193984,38912,0.030081776902079582
1531763466.0637927,39040,0.028235778212547302
1531763662.7897835,39168,0.027036942541599274
1531763859.480271,39296,0.024403929710388184
1531764056.2359054,39424,0.0301496721804142
1531764429.2447023,39552,0.03438050299882889
1531764620.2972803,39680,0.031000277027487755
1531764811.350849,39808,0.02821366861462593
1531765002.4224758,39936,0.027851853519678116
1531765368.3661013,40064,0.021893108263611794
1531765559.3893945,40192,0.024842239916324615
1531765750.453661,40320,0.03015846200287342
1531765941.5190547,40448,0.025375043973326683
1531766316.7066953,40576,0.033633604645729065
1531766507.803978,40704,0.030979065224528313
1531766699.0480192,40832,0.025742925703525543
1531766890.184318,40960,0.029314693063497543
1531767265.6859405,41088,0.0207767765969038
1531767456.6397758,41216,0.02647445909678936
1531767647.6752417,41344,0.026089413091540337
1531767838.7070143,41472,0.028889833018183708
1531768208.5476656,41600,0.025488436222076416
1531768399.4524844,41728,0.023073695600032806
1531768590.497905,41856,0.031074170023202896
1531768781.4406044,41984,0.024899091571569443
1531769152.4647512,42112,0.029630260542035103
1531769343.2306433,42240,0.025326097384095192
1531769534.0935807,42368,0.03308429569005966
1531769725.1042879,42496,0.02624431997537613
1531770097.0928962,42624,0.0395953506231308
1531770287.9818041,42752,0.028104951605200768
1531770479.064161,42880,0.02339201048016548
1531770670.1010714,43008,0.025501085445284843
1531771042.7329288,43136,0.025410594418644905
1531771233.6746714,43264,0.02838154509663582
1531771424.6726773,43392,0.027730628848075867
1531771615.7206569,43520,0.031904153525829315
1531772582.3610926,43648,0.028121836483478546
1531772778.8952217,43776,0.027505360543727875
1531772975.568228,43904,0.02591407299041748
1531773172.0904436,44032,0.027237581089138985
1531773542.5652642,44160,0.024802356958389282
1531773733.5165198,44288,0.026873717084527016
1531773924.4460073,44416,0.02933383360505104
1531774115.4828463,44544,0.024130746722221375
1531774480.4553735,44672,0.02687605656683445
1531774671.3808665,44800,0.020466923713684082
1531774862.163732,44928,0.02371063455939293
1531775053.1460903,45056,0.027365300804376602
1531775422.2724433,45184,0.028873082250356674
1531775612.9500933,45312,0.02683274634182453
1531775803.612494,45440,0.03547210991382599
1531775994.3082747,45568,0.025204461067914963
1531776365.6020467,45696,0.022870436310768127
1531776556.2162135,45824,0.025131002068519592
1531776746.839569,45952,0.025480112060904503
1531776937.465586,46080,0.030058611184358597
1531777301.3504577,46208,0.029789023101329803
1531777492.0291023,46336,0.022739291191101074
1531777682.6748083,46464,0.024062667042016983
1531777873.2735555,46592,0.03083663620054722
1531778245.0689712,46720,0.02393851801753044
1531778435.8010046,46848,0.02637164667248726
1531778626.552002,46976,0.02499607764184475
1531778817.34109,47104,0.02508213184773922
1531779192.951108,47232,0.02747214026749134
1531779383.9513671,47360,0.022432206198573112
1531779574.8342094,47488,0.021347153931856155
1531779765.7714446,47616,0.020866721868515015
1531780134.7131655,47744,0.020795267075300217
1531780325.7020874,47872,0.035783931612968445
1531780516.6376057,48000,0.02950245514512062
1531780707.783891,48128,0.027418721467256546
1531781075.927921,48256,0.03149019926786423
1531781266.8430784,48384,0.02313978038728237
1531781457.7411885,48512,0.03421472758054733
1531781648.7281945,48640,0.021271225064992905
1531782018.0293288,48768,0.024380501359701157
1531782208.9372473,48896,0.021108055487275124
1531782399.8579547,49024,0.018921129405498505
1531782590.779291,49152,0.028475141152739525
1531782959.6389024,49280,0.023462818935513496
1531783150.5981174,49408,0.02316698059439659
1531783341.5480623,49536,0.02892504632472992
1531783532.459739,49664,0.02213558927178383
1531783901.381385,49792,0.026943199336528778
1531784092.2379992,49920,0.022860698401927948
1531784283.1386313,50048,0.028489649295806885
1531784474.087817,50176,0.02632465586066246
1531784847.346516,50304,0.025939127430319786
1531785038.265139,50432,0.025022266432642937
1531785229.2117667,50560,0.028888950124382973
1531785420.1203952,50688,0.024185212329030037
1531785788.2990222,50816,0.028837572783231735
1531785979.1128163,50944,0.019498039036989212
1531786169.8820477,51072,0.024950049817562103
1531786360.7505195,51200,0.021371876820921898
1531786733.3982825,51328,0.028695642948150635
1531786923.9278061,51456,0.028818422928452492
1531787114.5604463,51584,0.02255937270820141
1531787305.2369187,51712,0.02595728076994419
1531787675.9272432,51840,0.034141093492507935
1531787866.6312706,51968,0.023281462490558624
1531788057.386423,52096,0.019581295549869537
1531788248.1270354,52224,0.026846222579479218
1531788618.2250824,52352,0.027687523514032364
1531788808.9388006,52480,0.025431107729673386
1531788999.746026,52608,0.025460150092840195
1531789190.575226,52736,0.026622049510478973
1531789568.8476152,52864,0.028921106830239296
1531789759.7561839,52992,0.030796747654676437
1531789950.62958,53120,0.037867363542318344
1531790141.4334397,53248,0.023941554129123688
1531790510.8972104,53376,0.029049500823020935
1531790701.79873,53504,0.025541063398122787
1531790892.5738356,53632,0.02466375194489956
1531791083.5221353,53760,0.028393393382430077
1531791455.189972,53888,0.023656129837036133
1531791646.0458996,54016,0.027619510889053345
1531791836.9559648,54144,0.03252226114273071
1531792027.7891726,54272,0.02200900763273239
1531792399.6905649,54400,0.02339124120771885
1531792590.618057,54528,0.01998308300971985
1531792781.5991628,54656,0.023285862058401108
1531792972.530281,54784,0.02998090349137783
1531793347.8294446,54912,0.023284494876861572
1531793538.6481757,55040,0.01868898794054985
1531793729.3618279,55168,0.024516986683011055
1531793919.998179,55296,0.02170865423977375
1531794294.919214,55424,0.026002079248428345
1531794485.640417,55552,0.0200563482940197
1531794676.2919133,55680,0.020175926387310028
1531794866.9930875,55808,0.024989960715174675
1531795239.0005054,55936,0.020270779728889465
1531795429.6403682,56064,0.02570049837231636
1531795620.4175653,56192,0.020873673260211945
1531795811.1976807,56320,0.02038383297622204
1531796181.9607391,56448,0.023496612906455994
1531796372.9555883,56576,0.018855618312954903
1531796563.8962975,56704,0.0221081655472517
1531796754.8148787,56832,0.024621929973363876
1531797127.8629274,56960,0.01592545583844185
1531797318.6601315,57088,0.023537445813417435
1531797509.641048,57216,0.01403418742120266
1531797700.5399642,57344,0.020851943641901016
1531798075.3904006,57472,0.02413327805697918
1531798266.2009115,57600,0.02151775360107422
1531798457.1207929,57728,0.016108829528093338
1531798648.0510578,57856,0.028124352917075157
1531799019.0690281,57984,0.02173767238855362
1531799209.7977006,58112,0.024257415905594826
1531799400.511798,58240,0.027634471654891968
1531799591.2194417,58368,0.01881399005651474
1531799960.372704,58496,0.02729657106101513
1531800151.078144,58624,0.024758201092481613
1531800341.7930415,58752,0.019430767744779587
1531800532.3751318,58880,0.020713750272989273
1531800902.496239,59008,0.025178920477628708
1531801093.1972198,59136,0.022236255928874016
1531801283.9068434,59264,0.01945699378848076
1531801474.6920888,59392,0.02106144092977047
1531801848.1933923,59520,0.024494104087352753
1531802038.8959172,59648,0.021151060238480568
1531802229.7577114,59776,0.019997669383883476
1531802420.6014209,59904,0.020392950624227524
1531802793.5072186,60032,0.01647808589041233
1531802984.3494592,60160,0.018138054758310318
1531803175.2747905,60288,0.026148388162255287
1531803366.1224356,60416,0.021759046241641045
1531803740.4651144,60544,0.01997099258005619
1531803931.3585393,60672,0.019247328862547874
1531804122.2311378,60800,0.022302068769931793
1531804313.0844471,60928,0.02059357985854149
1531804686.312942,61056,0.016720278188586235
1531804877.0278137,61184,0.022824030369520187
1531805068.064272,61312,0.025625910609960556
1531805258.9470625,61440,0.024631040170788765
1531805634.4224176,61568,0.019314952194690704
1531805825.2694879,61696,0.01606852188706398
1531806016.1939077,61824,0.021302800625562668
1531806207.1579835,61952,0.02163797989487648
1531806580.9036486,62080,0.02220059186220169
1531806771.7640328,62208,0.019435780122876167
1531806962.5567768,62336,0.02490769885480404
1531807153.4586647,62464,0.0227766465395689
1531807524.9012082,62592,0.03173801302909851
1531807715.7653558,62720,0.025141237303614616
1531807906.6781154,62848,0.023925606161355972
1531808097.4474666,62976,0.024364154785871506
1531808472.681042,63104,0.0265538040548563
1531808663.3086996,63232,0.022215774282813072
1531808854.1611435,63360,0.019844025373458862
1531809044.858288,63488,0.02437715232372284
1531809418.6126003,63616,0.0189609806984663
1531809609.2462835,63744,0.018402211368083954
1531809799.8645132,63872,0.017056355252861977
1531809990.5992177,64000,0.018651766702532768
1531810369.6336195,64128,0.02566411718726158
1531810560.312442,64256,0.019700635224580765
1531810751.0149913,64384,0.018516991287469864
1531810941.666554,64512,0.026537910103797913
1531811315.539834,64640,0.017563939094543457
1531811506.4686656,64768,0.019634781405329704
1531811697.2589483,64896,0.02295236848294735
1531811888.1668603,65024,0.021306023001670837
1531812265.7941194,65152,0.026863854378461838
1531812456.7135208,65280,0.0236691664904356
1531812647.4884725,65408,0.022746918722987175
1531812838.4507182,65536,0.02485201507806778
1531813216.4743655,65664,0.018782377243041992
1531813407.5446126,65792,0.017724111676216125
1531813598.4692578,65920,0.02448352426290512
1531813789.4544113,66048,0.017659064382314682
1531814167.7244976,66176,0.02114691771566868
1531814358.645656,66304,0.025928620249032974
1531814549.6216362,66432,0.021668609231710434
1531814740.5759737,66560,0.023808369413018227
1531815119.6881077,66688,0.02219553291797638
1531815310.6765888,66816,0.018635187298059464
1531815501.5846944,66944,0.026987366378307343
1531815692.6018,67072,0.017765512689948082
1531816069.539002,67200,0.01866009831428528
1531816260.4066617,67328,0.01854877732694149
1531816451.3210306,67456,0.022658847272396088
1531816642.1414235,67584,0.018285082653164864
1531817022.4487247,67712,0.021325379610061646
1531817213.477642,67840,0.022240251302719116
1531817404.3017178,67968,0.023525038734078407
1531817595.2474267,68096,0.021523594856262207
1531817974.2341008,68224,0.018886132165789604
1531818165.0553453,68352,0.026112882420420647
1531818356.0653443,68480,0.024332648143172264
1531818547.070763,68608,0.02294078655540943
1531818928.5320158,68736,0.0233870018273592
1531819119.4068289,68864,0.019461695104837418
1531819310.3937933,68992,0.022990774363279343
1531819501.3581028,69120,0.023030685260891914
1531819881.2452593,69248,0.018250634893774986
1531820072.0447712,69376,0.02176482230424881
1531820262.9062266,69504,0.02058347314596176
1531820453.7185032,69632,0.01880243979394436
1531820833.0625572,69760,0.026317140087485313
1531821023.9668586,69888,0.019684679806232452
1531821214.8595119,70016,0.023347537964582443
1531821405.7497616,70144,0.029102692380547523
1531821784.0879548,70272,0.02353513613343239
1531821975.0343206,70400,0.024147722870111465
1531822166.0405633,70528,0.024246908724308014
1531822356.9085689,70656,0.0232223067432642
1531822739.7611854,70784,0.021761413663625717
1531822930.691745,70912,0.01927627995610237
1531823121.7004707,71040,0.02200506627559662
1531823312.5175705,71168,0.020717767998576164
1531823691.5857964,71296,0.018101250752806664
1531823882.5563853,71424,0.02039668895304203
1531824073.6739042,71552,0.02989240549504757
1531824264.7110615,71680,0.019529659301042557
1531824642.1837487,71808,0.017763525247573853
1531824833.0837648,71936,0.022856455296278
1531825023.998862,72064,0.025007247924804688
1531825214.898594,72192,0.020279506221413612
1531825597.0284286,72320,0.017627868801355362
1531825787.784962,72448,0.02135222963988781
1531825978.599392,72576,0.015285546891391277
1531826169.3802583,72704,0.02468443103134632
1531826549.5694158,72832,0.021532226353883743
1531826740.291001,72960,0.01640864834189415
1531826931.2604978,73088,0.026418102905154228
1531827122.1270533,73216,0.019750090315937996
1531827501.8107777,73344,0.019905799999833107
1531827692.889106,73472,0.01810743473470211
1531827883.9034789,73600,0.02177472412586212
1531828074.767166,73728,0.022824302315711975
1531828456.7973258,73856,0.022108348086476326
1531828647.6326845,73984,0.019195279106497765
1531828838.573141,74112,0.017787527292966843
1531829029.5001101,74240,0.017601968720555305
1531829410.681231,74368,0.019134068861603737
1531829601.610634,74496,0.02064616233110428
1531829792.5979714,74624,0.01705300062894821
1531829983.5504477,74752,0.021451029926538467
1531830363.9393888,74880,0.016539327800273895
1531830554.8443284,75008,0.02188030257821083
1531830745.6492302,75136,0.02398579940199852
1531830936.4554558,75264,0.018355395644903183
1531831316.4064066,75392,0.026035459712147713
1531831507.2214475,75520,0.016468064859509468
1531831698.1609724,75648,0.023719852790236473
1531831889.0891776,75776,0.019337767735123634
1531832268.998685,75904,0.017221398651599884
1531832459.8182278,76032,0.01644902676343918
1531832650.715725,76160,0.017177436500787735
1531832841.6328402,76288,0.02073180116713047
1531833219.5262632,76416,0.016213642433285713
1531833410.5095732,76544,0.01698276773095131
1531833601.4102323,76672,0.01782555878162384
1531833792.27994,76800,0.025386804714798927
1531834169.074953,76928,0.018410319462418556
1531834360.002338,77056,0.022498944774270058
1531834550.9129558,77184,0.018438108265399933
1531834741.824031,77312,0.01881260611116886
1531835120.0369897,77440,0.01854242943227291
1531835310.888945,77568,0.015758207067847252
1531835501.7697585,77696,0.024386540055274963
1531835692.8733864,77824,0.017384866252541542
1531915877.8518002,77952,0.020752865821123123
1531916074.5241249,78080,0.01647692173719406
1531916271.282845,78208,0.024079017341136932
1531916468.1416523,78336,0.022327905520796776
1531916846.453719,78464,0.024492792785167694
1531917037.3911304,78592,0.015742208808660507
1531917228.410233,78720,0.020170077681541443
1531917419.2894053,78848,0.02220565639436245
1531917801.256787,78976,0.02064097858965397
1531917992.4253483,79104,0.017946915701031685
1531918183.5795708,79232,0.021766984835267067
1531918374.550053,79360,0.02160055935382843
1531918747.8674545,79488,0.024369189515709877
1531918938.939497,79616,0.021551672369241714
1531919129.9484348,79744,0.027634799480438232
1531919321.0211482,79872,0.01411142386496067
1531919698.2295449,80000,0.024364527314901352
1531919889.206229,80128,0.019944338127970695
1531920080.29395,80256,0.022150028496980667
1531920271.4230542,80384,0.01804761216044426
1531920648.5861077,80512,0.026302943006157875
1531920839.379553,80640,0.02351808175444603
1531921030.470418,80768,0.02714817225933075
1531921221.2326295,80896,0.017386537045240402
1531921597.3276443,81024,0.020631173625588417
1531921788.0808666,81152,0.014065481722354889
1531921978.999361,81280,0.020687568932771683
1531922170.020488,81408,0.025930723175406456
1531922549.0107174,81536,0.02041526511311531
1531922740.0850847,81664,0.023455912247300148
1531922931.231929,81792,0.01800379902124405
1531923122.358127,81920,0.022110793739557266
1531923501.3785756,82048,0.017967062070965767
1531923692.378237,82176,0.018379943445324898
1531923883.4968238,82304,0.015759097412228584
1531924074.667939,82432,0.019600119441747665
1531924455.8289247,82560,0.020230155438184738
1531924646.9781256,82688,0.026204602792859077
1531924838.1496403,82816,0.02714792639017105
1531925029.3558602,82944,0.02271391451358795
1531925406.5608463,83072,0.020488684996962547
1531925597.7620156,83200,0.015537142753601074
1531925788.921703,83328,0.01892920956015587
1531925980.0144105,83456,0.022810054942965508
1531926353.3444304,83584,0.017685694620013237
1531926544.5859296,83712,0.02185136452317238
1531926735.8811255,83840,0.012830491177737713
1531926927.0563345,83968,0.021010369062423706
1531927302.4449399,84096,0.018446512520313263
1531927493.6603477,84224,0.016826188191771507
1531927684.838373,84352,0.019319092854857445
1531927876.0536175,84480,0.023122185841202736
1531928257.7200124,84608,0.02156751975417137
1531928448.6658762,84736,0.026544924825429916
1531928639.6101673,84864,0.019849861040711403
1531928830.6648808,84992,0.02251465618610382
1531929208.8695815,85120,0.017282264307141304
1531929399.752292,85248,0.01903657801449299
1531929590.7385125,85376,0.023250188678503036
1531929781.793081,85504,0.019864466041326523
1531930159.1503334,85632,0.022006399929523468
1531930350.15494,85760,0.014128617011010647
1531930541.2899873,85888,0.01621672511100769
1531930732.4599357,86016,0.01722077839076519
1531931113.291113,86144,0.019674990326166153
1531931304.2591085,86272,0.01561009231954813
1531931495.192493,86400,0.018956635147333145
1531931686.2447498,86528,0.016295984387397766
1531932063.7848887,86656,0.019661979749798775
1531932254.2122142,86784,0.02454429492354393
1531932444.6303403,86912,0.018910925835371017
1531932634.9097536,87040,0.02088146284222603
1531933014.217312,87168,0.02331678941845894
1531933204.6709647,87296,0.01698909141123295
1531933395.2153044,87424,0.02397090010344982
1531933585.6426194,87552,0.018959488719701767
1531933965.5867686,87680,0.015878621488809586
1531934156.0556657,87808,0.019732147455215454
1531934346.5525603,87936,0.022414397448301315
1531934537.103103,88064,0.017550498247146606
1531934917.2127626,88192,0.016396716237068176
1531935107.8282137,88320,0.022882800549268723
1531935298.3362973,88448,0.016798412427306175
1531935488.9555278,88576,0.02280779741704464
1531935869.5380483,88704,0.01759188622236252
1531936059.9415524,88832,0.022838547825813293
1531936250.567956,88960,0.017395902425050735
1531936440.9898963,89088,0.018750837072730064
1531936819.721604,89216,0.016419799998402596
1531937010.3168201,89344,0.015182547271251678
1531937200.98437,89472,0.019118579104542732
1531937391.6407053,89600,0.015239954926073551
1531937769.2310662,89728,0.02174137905240059
1531937959.7640536,89856,0.025426140055060387
1531938150.4252653,89984,0.013532777316868305
1531938340.9356327,90112,0.027002345770597458
1531938723.6495726,90240,0.030073612928390503
1531938913.978526,90368,0.021074671298265457
1531939104.4077318,90496,0.015371784567832947
1531939294.7435174,90624,0.021059323102235794
1531939674.7744703,90752,0.024312637746334076
1531939865.3393087,90880,0.01742718741297722
1531940055.920127,91008,0.01587054133415222
1531940246.4713247,91136,0.01467212475836277
1531940626.4529502,91264,0.01906370371580124
1531940816.8991244,91392,0.016839325428009033
1531941007.4642713,91520,0.01992732845246792
1531941197.9586618,91648,0.020260442048311234
1531941576.683408,91776,0.015839364379644394
1531941767.2841532,91904,0.02098911441862583
1531941957.8465354,92032,0.020935554057359695
1531942148.456619,92160,0.02174994722008705
1531942527.5166316,92288,0.01849389635026455
1531942718.1763082,92416,0.016958624124526978
1531942908.6461222,92544,0.022562913596630096
1531943099.156194,92672,0.01649080403149128
1531943478.3891373,92800,0.019089680165052414
1531943668.7887073,92928,0.02382545731961727
1531943859.290805,93056,0.016576578840613365
1531944049.9819405,93184,0.020984111353754997
1531944432.2289138,93312,0.021363183856010437
1531944622.7338843,93440,0.01623157039284706
1531944813.2812562,93568,0.01604350283741951
1531945003.822153,93696,0.021020757034420967
1531945381.0714047,93824,0.02400880679488182
1531945571.5104685,93952,0.025412667542696
1531945762.0561361,94080,0.02078276127576828
1531945952.700643,94208,0.02236437052488327
1531946333.2820907,94336,0.01396549679338932
1531946523.702934,94464,0.01902441680431366
1531946714.179819,94592,0.020691020414233208
1531946904.5360725,94720,0.017405424267053604
1531947285.2827156,94848,0.022086892277002335
1531947475.6255019,94976,0.015947625041007996
1531947666.0455348,95104,0.01977006159722805
1531947856.4088013,95232,0.01665641739964485
1531948236.6883452,95360,0.018122706562280655
1531948427.0580738,95488,0.015380199998617172
1531948617.4796226,95616,0.018476519733667374
1531948807.9382095,95744,0.015449568629264832
1531949189.241019,95872,0.019405286759138107
1531949379.7057986,96000,0.023163625970482826
1531949570.2751887,96128,0.018557988107204437
1531949760.7662601,96256,0.014636103995144367
1531950142.5349803,96384,0.01828913763165474
1531950333.0221398,96512,0.026699524372816086
1531950523.4613457,96640,0.01669839769601822
1531950714.0191836,96768,0.014625895768404007
1531951100.8859596,96896,0.01854451186954975
1531951291.2974079,97024,0.021426480263471603
1531951481.7794452,97152,0.022576333954930305
1531951672.2761612,97280,0.018770910799503326
1531952054.863849,97408,0.014224078506231308
1531952245.3559918,97536,0.017840785905718803
1531952435.8849862,97664,0.016185496002435684
