wall_time,step,value
1531394070.299417,512,0.05273638293147087
1531394529.9277089,1024,0.06824178248643875
1531394985.386586,1536,0.07684779167175293
1531395442.253725,2048,0.06771459430456161
1531395897.853187,2560,0.05863720551133156
1531396353.3940804,3072,0.10423197597265244
1531396809.0862272,3584,0.07436103373765945
1531397264.180099,4096,0.0883583053946495
1531397717.5417893,4608,0.058205746114254
1531398170.3351252,5120,0.0814819261431694
1531398621.568824,5632,0.06553191691637039
1531399073.0195446,6144,0.09542948752641678
1531399523.0088477,6656,0.10181727260351181
1531399974.4446547,7168,0.09688906371593475
1531400425.4534361,7680,0.11735492944717407
1531400877.122688,8192,0.09854965656995773
1531401327.3846686,8704,0.09968994557857513
1531401779.5871582,9216,0.07681585103273392
1531402230.6833124,9728,0.17793549597263336
1531402681.948613,10240,0.09594449400901794
1531403134.9158418,10752,0.1071164608001709
1531403586.4707983,11264,0.15478122234344482
1531404038.184197,11776,0.1559607982635498
1531404489.0730782,12288,0.13174614310264587
1531404942.3407917,12800,0.13567586243152618
1531405394.588356,13312,0.09890166670084
1531405846.8434699,13824,0.12676818668842316
1531406299.731861,14336,0.1349995732307434
1531406752.4786549,14848,0.15695472061634064
1531407204.2060792,15360,0.08525187522172928
1531407657.1897695,15872,0.10167745500802994
1531408108.61574,16384,0.12603306770324707
1531408559.7749074,16896,0.08982312679290771
1531409013.6862721,17408,0.10343858599662781
1531409466.2022467,17920,0.1534949243068695
1531409918.913342,18432,0.11861785501241684
1531410370.3102896,18944,0.14641119539737701
1531410820.7220469,19456,0.1660560965538025
1531411273.0684996,19968,0.12218772619962692
1531411725.4002175,20480,0.14931653439998627
1531412175.5830123,20992,0.08740460872650146
1531412624.9776905,21504,0.09302466362714767
1531413076.1622226,22016,0.13324566185474396
1531413527.5658581,22528,0.09994794428348541
1531413977.9701111,23040,0.060124654322862625
1531414429.918219,23552,0.14834028482437134
1531414881.558349,24064,0.14960722625255585
1531415333.5144424,24576,0.15363533794879913
1531415785.074307,25088,0.16902583837509155
1531442909.082513,26112,0.10111090540885925
1531443361.299268,26624,0.14034150540828705
1531443813.242097,27136,0.1477765142917633
1531444264.4505956,27648,0.13349217176437378
1531444715.5910916,28160,0.14656251668930054
1531445166.800782,28672,0.10944732278585434
1531445619.9250472,29184,0.1417703479528427
1531446072.4755847,29696,0.11297381669282913
1531446525.624398,30208,0.14438343048095703
1531446978.6147282,30720,0.12676958739757538
1531447431.6667442,31232,0.13495568931102753
1531447885.8299782,31744,0.1434420645236969
1531448339.3950837,32256,0.0741589143872261
1531448792.6596198,32768,0.17309090495109558
1531449247.2622292,33280,0.1623619645833969
1531449700.5657835,33792,0.1356159895658493
1531450154.6380985,34304,0.0946587473154068
1531450610.2317202,34816,0.13630922138690948
1531451063.1983166,35328,0.1590229868888855
1531451515.567897,35840,0.11189652979373932
1531451969.1766272,36352,0.16388535499572754
1531452424.2935724,36864,0.06429857015609741
1531452878.02499,37376,0.16849911212921143
1531453331.3160405,37888,0.10680632293224335
1531453784.6668553,38400,0.07749690860509872
1531454238.752907,38912,0.2065511792898178
1531454693.3557174,39424,0.1697472482919693
1531455148.16594,39936,0.14140799641609192
1531455602.9693344,40448,0.10849811136722565
1531456057.5055523,40960,0.1748693883419037
1531456513.325957,41472,0.11857124418020248
1531456968.725712,41984,0.14574308693408966
1531457423.9886496,42496,0.11770068854093552
1531457878.8493128,43008,0.12524911761283875
1531458340.5120873,43520,0.1069411039352417
1531458795.9852223,44032,0.15454697608947754
1531459250.7725444,44544,0.12230300158262253
1531459706.362851,45056,0.08338835090398788
1531460160.0470965,45568,0.13398206233978271
1531460615.640206,46080,0.1445963978767395
1531461069.1689048,46592,0.12680664658546448
1531461522.2465093,47104,0.08722633868455887
1531461975.495138,47616,0.09325315803289413
1531462429.1084938,48128,0.11953714489936829
1531462882.3335724,48640,0.11359352618455887
1531463336.377303,49152,0.12215973436832428
1531463791.3470342,49664,0.09743498265743256
1531464245.2139492,50176,0.11753427237272263
1531464701.2758036,50688,0.15618452429771423
1531465155.2471507,51200,0.08880270272493362
1531465610.2568407,51712,0.14759524166584015
1531466064.4529986,52224,0.10848097503185272
1531466520.4720166,52736,0.09054575860500336
1531466975.8556168,53248,0.1274917721748352
1531467430.6040635,53760,0.10919930040836334
1531467885.347348,54272,0.1517375409603119
1531468339.503481,54784,0.14976993203163147
1531468793.8771245,55296,0.05785266309976578
1531469248.495142,55808,0.12215173244476318
1531469704.4483817,56320,0.12005007266998291
1531470159.5624876,56832,0.09772352874279022
1531470615.5640922,57344,0.13375423848628998
1531471070.3374023,57856,0.11562052369117737
1531471526.3950515,58368,0.11070240288972855
1531471981.940989,58880,0.13120701909065247
1531472437.6498501,59392,0.13627561926841736
1531472893.7950191,59904,0.19552971422672272
1531473348.787405,60416,0.15423128008842468
1531473804.187102,60928,0.1374131739139557
1531474260.646651,61440,0.0958160012960434
1531474716.283153,61952,0.08791057020425797
1531475173.1286767,62464,0.12161305546760559
1531475629.5021985,62976,0.11897715926170349
1531526734.6536899,64000,0.14817987382411957
1531527188.8354642,64512,0.1072038859128952
1531527642.0984528,65024,0.15243861079216003
1531528094.9759433,65536,0.13242851197719574
1531528550.4773607,66048,0.0976196750998497
1531529772.280784,67072,0.03164295479655266
1531530225.5188122,67584,0.11106347292661667
1531530680.0645688,68096,0.11556831747293472
1531531133.7321706,68608,0.1473691463470459
1531531587.3284779,69120,0.13456591963768005
1531532040.4949918,69632,0.12131662666797638
1531532495.685431,70144,0.11569792032241821
1531532950.0936894,70656,0.16567234694957733
1531533404.2668865,71168,0.13428977131843567
1531533858.6227484,71680,0.08381588011980057
1531534311.93246,72192,0.11961142718791962
1531534766.0273623,72704,0.10855944454669952
1531535219.7690349,73216,0.11698045581579208
1531535674.6263573,73728,0.09875946491956711
1531536129.6076293,74240,0.11533259600400925
1531536585.720713,74752,0.12603138387203217
1531537041.4388597,75264,0.10266228765249252
1531537497.1720655,75776,0.14044597744941711
1531537952.035711,76288,0.10690894722938538
1531538407.4989364,76800,0.12633375823497772
1531538863.068204,77312,0.10403351485729218
1531539320.3057911,77824,0.14954909682273865
1531539776.4636707,78336,0.14883314073085785
1531540232.5995464,78848,0.17124944925308228
1531540688.8930717,79360,0.1589595526456833
1531541145.2226295,79872,0.12216681987047195
1531541602.5622413,80384,0.12137240171432495
1531542058.422283,80896,0.1023491770029068
1531542515.606426,81408,0.10701224207878113
1531542972.7997127,81920,0.09146946668624878
1531543429.9659252,82432,0.10596310347318649
1531543886.330054,82944,0.1209135502576828
1531544343.088222,83456,0.10046786814928055
1531544799.8594837,83968,0.1511072814464569
1531545255.8951688,84480,0.16907978057861328
1531545711.1949265,84992,0.10434522479772568
1531546167.6721342,85504,0.16407842934131622
1531546623.9317741,86016,0.1867370754480362
1531547079.512398,86528,0.06527335941791534
1531547536.9681044,87040,0.131577730178833
1531547992.10319,87552,0.17109884321689606
1531548448.224734,88064,0.08670298755168915
1531548904.071212,88576,0.11247576028108597
1531549361.6039734,89088,0.17946259677410126
1531549817.353304,89600,0.1143312156200409
1531550272.9088676,90112,0.14316649734973907
1531550729.4228916,90624,0.1337161660194397
1531551184.7411146,91136,0.1781819611787796
1531551642.3403776,91648,0.14603669941425323
1531552098.6130905,92160,0.08044715970754623
1531552555.3773625,92672,0.10278131067752838
1531553010.763231,93184,0.09770775586366653
1531553467.4218435,93696,0.15959905087947845
1531553922.810936,94208,0.09370662271976471
1531554379.5889971,94720,0.1429898738861084
1531554836.014011,95232,0.11417589336633682
1531555292.4877243,95744,0.13771292567253113
1531555750.287378,96256,0.10645195096731186
1531556206.0284553,96768,0.0744728073477745
1531556662.342783,97280,0.13459129631519318
