wall_time,step,value
1530452723.8358614,512,374.9625244140625
1530452967.0335352,1024,313.12933349609375
1530453208.8576767,1536,294.22052001953125
1530453451.0262678,2048,298.3320617675781
1530453694.8964186,2560,296.28875732421875
1530453938.5349457,3072,287.6849365234375
1530454182.4679353,3584,279.0165710449219
1530454424.1719415,4096,268.9148864746094
1530454667.051792,4608,266.1911315917969
1530454909.5933373,5120,255.8960723876953
1530455151.0324738,5632,262.34393310546875
1530455395.0566373,6144,253.76394653320312
1530455639.513079,6656,259.0330505371094
1530455882.5570579,7168,248.40589904785156
1530456126.178036,7680,240.14002990722656
1530456369.76289,8192,231.24989318847656
1530456613.8762915,8704,219.6455841064453
1530456857.6022177,9216,222.33755493164062
1530457102.2196405,9728,230.09402465820312
1530457345.6335115,10240,222.92774963378906
1530457588.7475176,10752,212.6570281982422
1530457831.8220606,11264,209.88638305664062
1530458075.315277,11776,211.6510467529297
1530458319.2125583,12288,213.46737670898438
1530458562.282402,12800,208.88621520996094
1530458804.968775,13312,211.7059326171875
1530459050.192898,13824,197.681396484375
1530459294.9345686,14336,202.51986694335938
1530459538.9192288,14848,199.76393127441406
1530459784.3832452,15360,201.95584106445312
1530460029.854736,15872,197.62123107910156
1530460274.6551514,16384,194.95535278320312
1530460519.6204054,16896,189.104248046875
1530460763.7345722,17408,189.41787719726562
1530461008.1484318,17920,188.87709045410156
1530461252.0873857,18432,192.70132446289062
1530461496.0164661,18944,189.5743865966797
1530461740.187712,19456,188.5948486328125
1530461983.1875281,19968,183.658203125
1530462227.35621,20480,186.59922790527344
1530462471.8380811,20992,196.2181396484375
1530462716.8831692,21504,188.2639923095703
1530462961.2485769,22016,182.4650421142578
1530463207.5378883,22528,181.67466735839844
1530463452.7019694,23040,178.77186584472656
1530463697.1148255,23552,178.4281005859375
1530463942.0878332,24064,184.03504943847656
1530464187.5069404,24576,174.23092651367188
1530464432.3286784,25088,175.11712646484375
1530464677.4016032,25600,185.0452423095703
1530464922.7569463,26112,183.1686553955078
1530465169.285734,26624,172.30157470703125
1530465414.0993793,27136,173.29588317871094
1530465659.6348805,27648,174.0734100341797
1530465905.1624289,28160,179.29739379882812
1530466150.6440253,28672,176.21768188476562
1530466397.0270257,29184,171.4578094482422
1530466644.0859468,29696,162.06381225585938
1530466889.8827164,30208,170.41734313964844
1530467135.6778033,30720,173.6898193359375
1530467381.72052,31232,174.58026123046875
1530467629.250111,31744,167.0542449951172
1530467875.7761712,32256,169.90719604492188
1530468121.7804472,32768,169.44029235839844
1530468368.6109192,33280,164.06495666503906
1530468615.067486,33792,168.21607971191406
1530468861.0469594,34304,171.6053009033203
1530469108.3658013,34816,173.08457946777344
1530469355.8960917,35328,174.91558837890625
1530469602.3119035,35840,182.60116577148438
1530469848.9672134,36352,182.2078399658203
1530470098.090486,36864,181.5857696533203
1530470345.4272788,37376,188.138671875
1530470594.2498415,37888,208.744384765625
1530470843.077238,38400,188.60382080078125
1530721432.862867,39424,188.62966918945312
1530721675.5062864,39936,196.88198852539062
1530721918.6988463,40448,192.06556701660156
1530722162.0473082,40960,192.54788208007812
1530722406.1984053,41472,195.3486328125
1530722649.0698085,41984,191.6592254638672
1530722892.488791,42496,204.2692413330078
1530723136.2231896,43008,196.93162536621094
1530723380.3337913,43520,199.90274047851562
1530723625.4916477,44032,205.8773956298828
1530723868.1166034,44544,217.3724822998047
1530724111.6883676,45056,199.36447143554688
1530724355.1472814,45568,201.06051635742188
1530724598.2980828,46080,205.2869415283203
1530724841.0871081,46592,201.87669372558594
1530725084.179339,47104,197.32582092285156
1530725327.5175724,47616,198.78628540039062
1530725571.3048487,48128,205.23231506347656
1530725816.3029203,48640,204.00631713867188
1530726061.5160248,49152,201.1398468017578
1530726307.0217788,49664,201.66676330566406
1530726552.7417676,50176,201.3557891845703
1530726797.9550972,50688,204.2029266357422
1530727042.0816607,51200,212.02645874023438
1530727287.3257406,51712,204.6832733154297
1530727532.8206198,52224,206.88796997070312
1530727778.2268045,52736,210.5142364501953
1530728023.9183605,53248,203.3923797607422
1530728268.536613,53760,204.24923706054688
1530728512.976359,54272,199.666259765625
1530728757.5051725,54784,199.2754669189453
1530729002.673817,55296,205.03573608398438
1530729249.0133798,55808,199.41647338867188
1530729495.5656765,56320,206.405029296875
1530729743.0195897,56832,205.99412536621094
1530729989.5194151,57344,206.41488647460938
1530730235.2087402,57856,217.47930908203125
1530730481.6151028,58368,208.80935668945312
1530730729.0840604,58880,209.96217346191406
1530730974.748625,59392,209.47369384765625
1530731221.583299,59904,209.43890380859375
1530731468.3256752,60416,209.91586303710938
1530731714.4120183,60928,209.9391326904297
1530731960.914773,61440,208.40052795410156
1530732207.4106243,61952,204.92933654785156
1530732453.2421737,62464,205.24488830566406
1530732701.052972,62976,210.64840698242188
1530732947.7128017,63488,206.029296875
1530733193.7019844,64000,207.6052703857422
1530733441.249323,64512,203.57286071777344
1530733688.220291,65024,204.98268127441406
1530733936.7219012,65536,203.63497924804688
1530734183.2688873,66048,202.80201721191406
1530734430.5622036,66560,211.40097045898438
1530734677.4080641,67072,206.3233642578125
1530734924.2521017,67584,207.70892333984375
1530735171.0079622,68096,208.922607421875
1530735418.295033,68608,203.904052734375
1530735664.978195,69120,205.44752502441406
1530735911.8795793,69632,216.03797912597656
1530736158.8028114,70144,212.72698974609375
1530736405.89806,70656,208.79490661621094
1530736652.7146387,71168,206.4641571044922
1530736900.3900292,71680,207.0254669189453
1530737148.0276139,72192,200.7450408935547
1530737397.5013793,72704,200.6832275390625
1530737644.9795065,73216,210.2884979248047
1530737893.1068697,73728,218.36599731445312
1530738140.096872,74240,219.63369750976562
1530738387.3360338,74752,216.9888458251953
1530738635.7638922,75264,213.80967712402344
1530738885.5259342,75776,217.08641052246094
1530739133.7725735,76288,218.66567993164062
1530739382.8497918,76800,214.2650604248047
1530739631.9973054,77312,212.69683837890625
1530760499.1332412,78336,211.69935607910156
1530760744.9516995,78848,214.7935791015625
1530760989.5168304,79360,214.79229736328125
1530761235.7321846,79872,221.2028350830078
1530761480.9440699,80384,215.46104431152344
1530761726.4328961,80896,212.8034210205078
1530761972.0874631,81408,220.2870330810547
1530762218.5989327,81920,220.33883666992188
1530762464.2176914,82432,214.814208984375
1530762709.7717278,82944,211.11920166015625
1530762956.2113068,83456,204.88613891601562
1530763201.280589,83968,209.5669403076172
1530763445.9455655,84480,213.72105407714844
1530763690.533991,84992,210.8376922607422
1530763935.3121684,85504,217.28358459472656
1530764180.9440837,86016,213.4374237060547
1530764426.229559,86528,206.21853637695312
1530764671.5233302,87040,214.99295043945312
1530764917.3051517,87552,209.7484130859375
1530765162.1632156,88064,206.5789031982422
1530765409.1526952,88576,209.30931091308594
1530765655.762147,89088,213.10870361328125
1530765902.3666594,89600,214.109130859375
1530766149.6643987,90112,212.2005157470703
1530766395.7918682,90624,215.74281311035156
1530766643.328019,91136,219.47975158691406
1530766888.3139315,91648,212.10450744628906
1530767136.045735,92160,214.47427368164062
1530767381.9575484,92672,215.92620849609375
1530767629.1952207,93184,213.76290893554688
1530767875.0284994,93696,207.9045867919922
1530768122.2145035,94208,215.14671325683594
1530768368.4224951,94720,213.89682006835938
1530768616.5402815,95232,211.36106872558594
1530768862.8817334,95744,217.17481994628906
1530769110.172784,96256,214.5660400390625
1530769356.715799,96768,217.0454864501953
1530769603.4437082,97280,215.8434295654297
