wall_time,step,value
1531394070.299417,512,7.236756801605225
1531394529.9277089,1024,4.766346454620361
1531394985.386586,1536,3.2851812839508057
1531395442.253725,2048,4.664616107940674
1531395897.853187,2560,3.2816379070281982
1531396353.3940804,3072,2.837625026702881
1531396809.0862272,3584,2.611020565032959
1531397264.180099,4096,2.3768744468688965
1531397717.5417893,4608,2.2497684955596924
1531398170.3351252,5120,2.28912353515625
1531398621.568824,5632,2.0922224521636963
1531399073.0195446,6144,2.380450963973999
1531399523.0088477,6656,2.354733467102051
1531399974.4446547,7168,2.2590858936309814
1531400425.4534361,7680,2.506004810333252
1531400877.122688,8192,2.1325931549072266
1531401327.3846686,8704,2.673243284225464
1531401779.5871582,9216,1.8274492025375366
1531402230.6833124,9728,1.857088327407837
1531402681.948613,10240,2.4009745121002197
1531403134.9158418,10752,1.9249998331069946
1531403586.4707983,11264,1.7005034685134888
1531404038.184197,11776,1.7801659107208252
1531404489.0730782,12288,1.7839683294296265
1531404942.3407917,12800,1.864250898361206
1531405394.588356,13312,1.9632662534713745
1531405846.8434699,13824,1.7805930376052856
1531406299.731861,14336,1.6839721202850342
1531406752.4786549,14848,1.7371991872787476
1531407204.2060792,15360,1.893593192100525
1531407657.1897695,15872,1.3520326614379883
1531408108.61574,16384,1.743525505065918
1531408559.7749074,16896,1.6831462383270264
1531409013.6862721,17408,1.5685267448425293
1531409466.2022467,17920,2.1395461559295654
1531409918.913342,18432,1.798704743385315
1531410370.3102896,18944,2.0210721492767334
1531410820.7220469,19456,1.7221375703811646
1531411273.0684996,19968,1.5821712017059326
1531411725.4002175,20480,1.6980583667755127
1531412175.5830123,20992,1.3419592380523682
1531412624.9776905,21504,1.562294602394104
1531413076.1622226,22016,1.528658151626587
1531413527.5658581,22528,1.9211081266403198
1531413977.9701111,23040,1.75676429271698
1531414429.918219,23552,1.4868885278701782
1531414881.558349,24064,1.8112647533416748
1531415333.5144424,24576,1.606726884841919
1531415785.074307,25088,1.2729917764663696
1531442909.082513,26112,1.9743859767913818
1531443361.299268,26624,1.4331977367401123
1531443813.242097,27136,2.3675148487091064
1531444264.4505956,27648,1.5214357376098633
1531444715.5910916,28160,1.7460914850234985
1531445166.800782,28672,2.01859712600708
1531445619.9250472,29184,1.4713284969329834
1531446072.4755847,29696,2.050719976425171
1531446525.624398,30208,1.6428152322769165
1531446978.6147282,30720,1.4010454416275024
1531447431.6667442,31232,1.617698311805725
1531447885.8299782,31744,1.469001054763794
1531448339.3950837,32256,2.3158161640167236
1531448792.6596198,32768,1.823268175125122
1531449247.2622292,33280,1.4378875494003296
1531449700.5657835,33792,2.047905206680298
1531450154.6380985,34304,1.9451316595077515
1531450610.2317202,34816,1.3599010705947876
1531451063.1983166,35328,1.6865696907043457
1531451515.567897,35840,1.7573637962341309
1531451969.1766272,36352,1.2358386516571045
1531452424.2935724,36864,1.6520330905914307
1531452878.02499,37376,1.3828206062316895
1531453331.3160405,37888,1.5748580694198608
1531453784.6668553,38400,1.7517300844192505
1531454238.752907,38912,1.436390995979309
1531454693.3557174,39424,1.6285459995269775
1531455148.16594,39936,1.253448486328125
1531455602.9693344,40448,1.3269926309585571
1531456057.5055523,40960,1.6415070295333862
1531456513.325957,41472,1.849471092224121
1531456968.725712,41984,1.2107714414596558
1531457423.9886496,42496,1.7242233753204346
1531457878.8493128,43008,1.923218011856079
1531458340.5120873,43520,1.467055320739746
1531458795.9852223,44032,2.4724020957946777
1531459250.7725444,44544,1.3140634298324585
1531459706.362851,45056,1.7624319791793823
1531460160.0470965,45568,2.0261788368225098
1531460615.640206,46080,1.5893311500549316
1531461069.1689048,46592,1.644270658493042
1531461522.2465093,47104,1.3530195951461792
1531461975.495138,47616,1.3560075759887695
1531462429.1084938,48128,1.6900577545166016
1531462882.3335724,48640,1.352059245109558
1531463336.377303,49152,1.451377034187317
1531463791.3470342,49664,2.843339443206787
1531464245.2139492,50176,1.8346784114837646
1531464701.2758036,50688,1.8299612998962402
1531465155.2471507,51200,1.843438982963562
1531465610.2568407,51712,1.5033869743347168
1531466064.4529986,52224,1.5823725461959839
1531466520.4720166,52736,1.49307382106781
1531466975.8556168,53248,1.470837116241455
1531467430.6040635,53760,1.375190019607544
1531467885.347348,54272,1.149863362312317
1531468339.503481,54784,1.4532102346420288
1531468793.8771245,55296,1.292566180229187
1531469248.495142,55808,1.9480780363082886
1531469704.4483817,56320,1.564449667930603
1531470159.5624876,56832,1.8288379907608032
1531470615.5640922,57344,1.5619847774505615
1531471070.3374023,57856,1.887123465538025
1531471526.3950515,58368,1.401174783706665
1531471981.940989,58880,1.472776174545288
1531472437.6498501,59392,1.4455013275146484
1531472893.7950191,59904,1.2624024152755737
1531473348.787405,60416,1.721556544303894
1531473804.187102,60928,1.4652870893478394
1531474260.646651,61440,1.114152193069458
1531474716.283153,61952,2.158738136291504
1531475173.1286767,62464,1.7503706216812134
1531475629.5021985,62976,1.519268274307251
1531526734.6536899,64000,1.766027569770813
1531527188.8354642,64512,1.5209770202636719
1531527642.0984528,65024,2.94834041595459
1531528094.9759433,65536,1.57198965549469
1531528550.4773607,66048,1.5029312372207642
1531529772.280784,67072,1.2957854270935059
1531530225.5188122,67584,1.5162725448608398
1531530680.0645688,68096,1.957442045211792
1531531133.7321706,68608,1.4571374654769897
1531531587.3284779,69120,1.5368647575378418
1531532040.4949918,69632,1.303614616394043
1531532495.685431,70144,1.4611098766326904
1531532950.0936894,70656,1.0927433967590332
1531533404.2668865,71168,1.2404807806015015
1531533858.6227484,71680,1.8164327144622803
1531534311.93246,72192,2.0310521125793457
1531534766.0273623,72704,1.5638469457626343
1531535219.7690349,73216,1.5198941230773926
1531535674.6263573,73728,2.23639178276062
1531536129.6076293,74240,1.6103062629699707
1531536585.720713,74752,1.9113863706588745
1531537041.4388597,75264,1.7270281314849854
1531537497.1720655,75776,1.065611481666565
1531537952.035711,76288,2.3304169178009033
1531538407.4989364,76800,1.3840817213058472
1531538863.068204,77312,2.1277036666870117
1531539320.3057911,77824,1.756629228591919
1531539776.4636707,78336,2.163059949874878
1531540232.5995464,78848,1.5986113548278809
1531540688.8930717,79360,1.4829216003417969
1531541145.2226295,79872,1.723122000694275
1531541602.5622413,80384,1.287764072418213
1531542058.422283,80896,1.3169249296188354
1531542515.606426,81408,2.020080327987671
1531542972.7997127,81920,1.893024206161499
1531543429.9659252,82432,1.3063280582427979
1531543886.330054,82944,1.4600727558135986
1531544343.088222,83456,2.211480140686035
1531544799.8594837,83968,1.5928901433944702
1531545255.8951688,84480,2.1178958415985107
1531545711.1949265,84992,1.8659899234771729
1531546167.6721342,85504,1.336272120475769
1531546623.9317741,86016,2.258199691772461
1531547079.512398,86528,1.1543177366256714
1531547536.9681044,87040,1.1970930099487305
1531547992.10319,87552,2.1996991634368896
1531548448.224734,88064,1.241074800491333
1531548904.071212,88576,1.3509950637817383
1531549361.6039734,89088,1.3911312818527222
1531549817.353304,89600,1.1778042316436768
1531550272.9088676,90112,1.5027384757995605
1531550729.4228916,90624,1.6016638278961182
1531551184.7411146,91136,2.05983304977417
1531551642.3403776,91648,1.0627636909484863
1531552098.6130905,92160,1.771443247795105
1531552555.3773625,92672,1.2214775085449219
1531553010.763231,93184,1.527213454246521
1531553467.4218435,93696,1.8625223636627197
1531553922.810936,94208,1.366420030593872
1531554379.5889971,94720,2.53633451461792
1531554836.014011,95232,1.1450153589248657
1531555292.4877243,95744,1.1825261116027832
1531555750.287378,96256,1.9561576843261719
1531556206.0284553,96768,1.5323951244354248
1531556662.342783,97280,1.1705220937728882
