wall_time,step,value
1531088644.4087906,512,6.652921199798584
1531088922.988672,1024,6.05919075012207
1531089204.0158157,1536,5.299226760864258
1531089482.8794248,2048,5.374783515930176
1531089761.234796,2560,8.155488014221191
1531090041.495718,3072,5.7081403732299805
1531090320.3000393,3584,7.281749725341797
1531090599.3208606,4096,3.7627248764038086
1531090878.0967577,4608,4.9717888832092285
1531091158.8225753,5120,3.6570827960968018
1531091438.5337076,5632,6.055986404418945
1531091718.572464,6144,3.2683351039886475
1531091998.4262724,6656,4.380784034729004
1531092277.9844613,7168,3.0958433151245117
1531092558.6135085,7680,2.719294548034668
1531092838.2875516,8192,1.9468919038772583
1531093117.8313043,8704,5.136222839355469
1531093397.9503856,9216,2.5844058990478516
1531093677.6802292,9728,2.680591583251953
1531093958.8910866,10240,4.717141151428223
1531094238.1809752,10752,3.550665855407715
1531094518.94427,11264,2.684521436691284
1531094799.324356,11776,1.8383389711380005
1531095080.069414,12288,2.6800055503845215
1531095360.1507273,12800,2.864504814147949
1531095640.4160051,13312,1.5944989919662476
1531095920.7777376,13824,1.6002857685089111
1531096201.4694848,14336,7.006687641143799
1531096482.8564677,14848,3.4384443759918213
1531096762.0749712,15360,3.363402843475342
1531097042.4380813,15872,6.7199931144714355
1531097323.4934523,16384,3.869809627532959
1531097604.5404432,16896,3.3486289978027344
1531097884.9114237,17408,1.8584015369415283
1531098164.6735017,17920,3.5702714920043945
1531098446.5893197,18432,1.9445635080337524
1531098728.760451,18944,4.470034122467041
1531099009.256484,19456,5.782954216003418
1531099290.9708707,19968,7.726541996002197
1531099573.4622674,20480,1.6665911674499512
1531099853.542827,20992,3.2411491870880127
1531100135.1646235,21504,3.265962839126587
1531100416.5372686,22016,3.4478530883789062
1531100698.3476999,22528,4.073741912841797
1531100979.2831266,23040,1.6082165241241455
1531101262.4160993,23552,1.7830078601837158
1531101543.3122373,24064,2.0265393257141113
1531101825.3115232,24576,1.6546993255615234
1531102106.5190253,25088,3.7001776695251465
1531102388.491684,25600,3.648350954055786
1531102670.2963595,26112,2.034531354904175
1531102951.7502208,26624,1.5404914617538452
1531103233.4822826,27136,1.7434331178665161
1531103515.2511823,27648,3.0780367851257324
1531103796.7377634,28160,2.6240553855895996
1531104079.364841,28672,1.5854626893997192
1531104360.2167935,29184,2.219943046569824
1531104642.489592,29696,2.967055559158325
1531104925.3457975,30208,2.1476540565490723
1531105206.4009144,30720,1.7525434494018555
1531105488.9913092,31232,2.799888849258423
1531105770.0337486,31744,1.461548089981079
1531106051.4254951,32256,2.6625614166259766
1531106333.974216,32768,5.94064998626709
1531106616.967163,33280,4.693929672241211
1531106898.2077835,33792,3.2548182010650635
1531107179.9471505,34304,6.165561199188232
1531107461.6111507,34816,10.309226036071777
1531107743.1680946,35328,4.112154006958008
1531108024.893391,35840,3.500175952911377
1531108306.3964243,36352,13.618846893310547
1531108588.6379888,36864,16.849782943725586
1531108870.2572117,37376,10.116238594055176
1531109153.7896826,37888,9.406975746154785
1531109436.6497586,38400,12.065210342407227
1531314792.032815,39424,7.10720157623291
1531315066.8098276,39936,13.084427833557129
1531315341.3356366,40448,16.171485900878906
1531315615.281575,40960,12.085991859436035
1531315892.097508,41472,13.327767372131348
1531316167.3310707,41984,7.320631504058838
1531316442.6224535,42496,15.262907981872559
1531316717.6970394,43008,8.800887107849121
1531316992.5818446,43520,8.17529582977295
1531317269.4460812,44032,4.280282974243164
1531317545.9749818,44544,14.391300201416016
1531317821.9565988,45056,11.767152786254883
1531318098.113307,45568,5.612020015716553
1531318374.4578934,46080,5.7742533683776855
1531318650.778484,46592,7.479959011077881
1531318927.2726374,47104,9.027336120605469
1531319204.0694442,47616,9.220547676086426
1531319480.6237044,48128,6.472963333129883
1531319758.5447528,48640,6.7476091384887695
1531320034.5589232,49152,14.589327812194824
1531320310.8201413,49664,16.4030818939209
1531341732.7034416,50688,8.609381675720215
1531342008.79166,51200,12.966485023498535
1531342285.0178385,51712,10.768677711486816
1531342560.9634333,52224,6.771767616271973
1531342837.954212,52736,18.53801918029785
1531343115.1723285,53248,4.973241806030273
1531343390.7477818,53760,12.990259170532227
1531343667.3001375,54272,8.144363403320312
1531343943.796503,54784,7.126391410827637
1531344221.362777,55296,10.787894248962402
1531344496.7754369,55808,4.565236568450928
1531344772.1917572,56320,11.090876579284668
1531345049.10562,56832,7.99479341506958
1531345325.0200045,57344,7.017269134521484
1531345602.1617572,57856,18.554973602294922
1531345878.4190853,58368,16.054161071777344
1531346154.094108,58880,16.444965362548828
1531346429.9050236,59392,8.748015403747559
1531346705.7824502,59904,14.697049140930176
1531346982.3920286,60416,7.522075176239014
1531347258.5515864,60928,14.967987060546875
1531347534.431842,61440,8.498356819152832
1531347811.469341,61952,6.319353103637695
1531348088.4557767,62464,12.436912536621094
1531348365.4225383,62976,7.545547962188721
1531348643.346138,63488,4.356215476989746
1531348921.0933762,64000,7.563169956207275
1531349198.0659468,64512,7.245240211486816
1531349475.1381183,65024,10.702211380004883
1531349753.7432597,65536,14.359107971191406
1531350032.8734047,66048,3.192204236984253
1531350311.5376298,66560,3.956386089324951
1531350589.1933422,67072,7.645766735076904
1531350868.12695,67584,7.140049457550049
1531351146.179191,68096,8.896809577941895
1531351423.7988899,68608,4.487593650817871
1531351702.9112031,69120,5.744108200073242
1531352745.8287554,70144,15.279109954833984
1531353020.232995,70656,12.660813331604004
1531353295.9438415,71168,4.268568992614746
1531353572.0911403,71680,12.036092758178711
1531353849.2074065,72192,17.545703887939453
1531354125.8226624,72704,5.571004390716553
1531354403.0881572,73216,10.8084077835083
1531354679.7291093,73728,4.976935386657715
1531354957.1200736,74240,7.88223934173584
1531355233.8251014,74752,14.081510543823242
1531355509.4253612,75264,18.37373161315918
1531355786.5038462,75776,9.77002239227295
1531356063.3484974,76288,9.250884056091309
1531356340.7052958,76800,7.827454090118408
1531356617.1229024,77312,11.885887145996094
1531356893.5331864,77824,3.8823161125183105
1531357169.4782665,78336,10.999468803405762
1531357447.3266659,78848,6.111981391906738
1531357725.4512794,79360,6.888113498687744
1531358002.0089252,79872,7.220175266265869
1531358280.409493,80384,17.721315383911133
1531358557.633911,80896,15.275245666503906
1531358834.7168934,81408,10.350701332092285
1531359112.8859766,81920,8.108077049255371
1531359389.9625192,82432,13.27717113494873
1531359667.3705616,82944,10.721536636352539
1531359946.304018,83456,3.978440046310425
1531360223.6280997,83968,4.990190505981445
1531360500.7163777,84480,6.72314977645874
1531360779.2521973,84992,8.074165344238281
1531361055.876965,85504,5.435337543487549
1531361333.3219323,86016,6.851727485656738
1531361610.6128945,86528,4.8375654220581055
1531361889.572209,87040,6.398012161254883
1531362167.586788,87552,15.716668128967285
1531362446.59562,88064,4.403278827667236
1531362724.7157962,88576,13.995718002319336
1531363002.7130067,89088,12.745675086975098
1531363280.7913299,89600,6.046154022216797
1531363558.746793,90112,6.79911994934082
1531363836.4972458,90624,12.063558578491211
1531364114.2069151,91136,4.907359600067139
1531364392.6989217,91648,4.66907262802124
1531364670.1696053,92160,9.745018005371094
1531364948.1953142,92672,8.504146575927734
1531365227.6057007,93184,7.123032569885254
1531365504.9057336,93696,6.3224029541015625
1531365782.1646001,94208,12.86226749420166
1531366059.8003452,94720,5.782431602478027
1531366338.660382,95232,6.892184734344482
1531366616.9180024,95744,8.717048645019531
1531366894.444594,96256,9.284390449523926
1531367172.839844,96768,6.42668342590332
1531367450.8576422,97280,7.647790431976318
