wall_time,step,value
1532280328.740503,512,2.3669471740722656
1532281135.3856788,1024,2.605323314666748
1532281939.4091632,1536,2.8230981826782227
1532282738.146014,2048,2.9657909870147705
1532283531.2099802,2560,3.110119581222534
1532284323.3483148,3072,3.2850124835968018
1532285112.8148036,3584,3.4770712852478027
1532285897.0825706,4096,3.6817727088928223
1532286680.0659056,4608,3.73201060295105
1532287462.809194,5120,3.9080822467803955
1532288247.3364322,5632,3.9693546295166016
1532289032.874679,6144,3.924116611480713
1532289821.8202205,6656,3.913257598876953
1532290606.456716,7168,3.9947669506073
1532291391.369626,7680,3.957160472869873
1532292179.3235471,8192,4.01300048828125
1532292966.0006616,8704,4.098948955535889
1532293754.3791656,9216,4.133480548858643
1532294547.9785352,9728,4.049259185791016
1532295339.4682128,10240,4.138660907745361
1532296128.5677192,10752,4.038233757019043
1532296915.2206419,11264,4.177876949310303
1532297700.986065,11776,4.038111209869385
1532298488.9306397,12288,4.112211227416992
1532299276.5372906,12800,4.177000999450684
1532300063.0169268,13312,4.293546676635742
1532300847.450516,13824,4.211445331573486
1532301632.5578055,14336,4.145800590515137
1532302418.443552,14848,4.198325157165527
1532303204.4211464,15360,4.045258522033691
1532454738.9686668,16384,4.140467643737793
1532455523.9536624,16896,4.156763076782227
1532456311.0430665,17408,4.219802379608154
1532457096.6194866,17920,4.117405891418457
1532457881.0639248,18432,4.182106971740723
1532458669.1121838,18944,4.059304237365723
1532459451.71654,19456,4.083304405212402
1532460240.7243216,19968,4.058991432189941
1532461027.7820241,20480,4.027525901794434
1532461813.649555,20992,4.276396751403809
1532462600.184157,21504,4.169010639190674
1532463384.4874754,22016,4.236257553100586
1532464168.5173845,22528,4.0903143882751465
1532464954.6140847,23040,4.168639183044434
1532525986.229992,24064,3.941326856613159
1532526771.5508091,24576,4.073075294494629
1532527557.5507565,25088,4.142167091369629
1532528342.1613204,25600,4.189620494842529
1532529127.6654406,26112,4.060585975646973
1532529913.0456216,26624,4.041934490203857
1532530695.9588265,27136,4.053084850311279
1532531480.4951525,27648,4.133261203765869
1532532265.066222,28160,4.049599647521973
1532533052.52346,28672,4.171554088592529
1532533837.0595055,29184,4.170499801635742
1532534619.5277069,29696,4.005703926086426
1532535403.6984117,30208,3.9823246002197266
1532536187.79525,30720,3.9781432151794434
1532536972.8104486,31232,3.9408557415008545
1532537757.2706888,31744,4.02924919128418
1532538542.1343265,32256,4.023588180541992
1532539327.4220164,32768,3.9327616691589355
1532540107.3179357,33280,4.08271598815918
1532540893.1569948,33792,4.023373603820801
1532541680.711588,34304,3.8730087280273438
1532542464.8370936,34816,3.965265989303589
1532543246.5681381,35328,3.919043779373169
1532544031.7810256,35840,3.897653579711914
1532544815.589709,36352,3.9560437202453613
1532545600.476775,36864,3.947683811187744
1532546384.411997,37376,3.936032772064209
1532547168.516285,37888,3.95880126953125
1532547952.7947955,38400,3.8775596618652344
1532548739.4010625,38912,3.962801694869995
1532549522.5735688,39424,3.952038288116455
1532550308.035855,39936,3.923578977584839
1532551095.1610606,40448,3.862128496170044
1532551882.6458914,40960,3.8000988960266113
1532552671.5016932,41472,4.02666711807251
1532553457.0654833,41984,3.8745594024658203
1532554242.0310218,42496,3.8958632946014404
1532555026.005512,43008,3.9298477172851562
1532555813.4671493,43520,3.8400845527648926
1532556602.1846097,44032,3.894322633743286
1532557388.9871986,44544,3.91642689704895
1532558176.7120125,45056,3.8947200775146484
1532558965.4960337,45568,3.8368847370147705
1532559752.5316925,46080,3.7892067432403564
1532560541.4464304,46592,3.825890302658081
1532561332.0877652,47104,3.801605224609375
1532562123.8380942,47616,3.808178424835205
1532562915.0286474,48128,3.7933273315429688
1532563705.3476996,48640,3.7852444648742676
1532564498.307606,49152,3.804561138153076
1532565291.5084817,49664,3.730027437210083
1532566079.7890007,50176,3.7801342010498047
1532566872.1348925,50688,3.751324415206909
1532567661.5044794,51200,3.7988693714141846
1532568451.550313,51712,3.7942588329315186
1532569241.3308792,52224,3.837095260620117
1532570033.0745962,52736,3.688337802886963
1532570826.1778343,53248,3.785048723220825
1532571619.6464875,53760,3.7848868370056152
1532572412.2771115,54272,3.7257800102233887
1532573206.8994892,54784,3.756478786468506
1532574000.310471,55296,3.857583522796631
1532574794.2349808,55808,3.688631057739258
1532575583.1143298,56320,3.843575954437256
1532576373.1998494,56832,3.8803515434265137
1532577168.4936337,57344,3.7884953022003174
1532577962.9287524,57856,3.73579478263855
1532578755.811206,58368,3.7186267375946045
1532579550.1730235,58880,3.7319304943084717
1532729096.1764846,59392,3.790823459625244
1532729885.6556258,59904,3.855534315109253
1532730677.4709651,60416,3.7812652587890625
1532731469.9321654,60928,3.7822489738464355
1532732258.817722,61440,3.7556285858154297
1532733049.4421904,61952,3.6791725158691406
1532733843.9981833,62464,3.7354812622070312
1532734635.2005994,62976,3.7642693519592285
1532735425.4683204,63488,3.773585557937622
1532736218.6034641,64000,3.6580023765563965
1532737010.1489024,64512,3.6508564949035645
1532737801.245379,65024,3.601360321044922
1532738593.4779732,65536,3.6874518394470215
1532739388.1032047,66048,3.7173659801483154
1532740179.7024028,66560,3.6963794231414795
1532740967.1279948,67072,3.706972599029541
1532741760.073356,67584,3.699889659881592
1532742548.854315,68096,3.7364108562469482
1532743339.2732694,68608,3.651972532272339
1532744129.5772886,69120,3.62382435798645
1532744920.2566023,69632,3.693937301635742
1532745709.6295047,70144,3.6718719005584717
1532746500.3089585,70656,3.7349014282226562
1532747288.4549103,71168,3.716622829437256
1532748081.9417768,71680,3.684792995452881
1532748871.6912763,72192,3.685147762298584
1532749662.3028815,72704,3.6508002281188965
1532750458.4164011,73216,3.6675212383270264
1532751247.5269365,73728,3.711423873901367
1532752038.8003664,74240,3.6616883277893066
1532752831.664342,74752,3.717695951461792
1532753622.267597,75264,3.5709877014160156
1532754412.9087439,75776,3.657808303833008
1532755205.8560529,76288,3.7298455238342285
1532755997.4199874,76800,3.643810987472534
1532756788.4636261,77312,3.6140027046203613
1532757582.5736206,77824,3.6799774169921875
1532758374.21642,78336,3.715245008468628
1532759167.4787855,78848,3.6461472511291504
1532759961.9864664,79360,3.6246018409729004
1532760751.983578,79872,3.713385820388794
1532761543.3471797,80384,3.726541042327881
1532762337.4814453,80896,3.6032612323760986
1532763131.5082223,81408,3.682687282562256
1532763928.1492183,81920,3.556729555130005
1532764720.218045,82432,3.5387821197509766
1532765516.5758948,82944,3.6142468452453613
1532766309.7400942,83456,3.5537822246551514
1532767101.9877007,83968,3.613187313079834
1532767896.411254,84480,3.569216251373291
1532774454.9771636,85504,3.5796642303466797
1532775246.3780193,86016,3.573511838912964
1532776036.890229,86528,3.663327693939209
1532776827.0028145,87040,3.546398639678955
1532777616.2269392,87552,3.6195855140686035
1532778407.1600697,88064,3.595447063446045
1532779201.241439,88576,3.6739723682403564
1532779989.467579,89088,3.5819830894470215
1532780782.990383,89600,3.6245181560516357
1532781572.0852487,90112,3.6283411979675293
1532782362.037406,90624,3.532276153564453
1532783151.1815321,91136,3.573841094970703
1532783941.4377534,91648,3.5334229469299316
1532784736.3136134,92160,3.7074527740478516
1532785525.3934479,92672,3.494298219680786
1532786316.6627183,93184,3.581029176712036
1532787107.219788,93696,3.5736846923828125
1532787900.9436138,94208,3.6030631065368652
1532788692.674608,94720,3.6364905834198
1532789484.5960836,95232,3.4699645042419434
1532790279.0479658,95744,3.5932528972625732
1532791072.7128446,96256,3.480269193649292
1532791864.8630486,96768,3.564328670501709
1532792657.3825989,97280,3.5312678813934326
