wall_time,step,value
1530834815.367672,512,0.03919745609164238
1530835267.58615,1024,0.05743616819381714
1530977163.189283,2048,0.09666860103607178
1530977605.7311823,2560,0.08811681717634201
1530978045.6076775,3072,0.07127968221902847
1530978486.632033,3584,0.06460821628570557
1530978928.463965,4096,0.09576253592967987
1530979368.8533099,4608,0.10006988048553467
1530979811.2212217,5120,0.11203518509864807
1530980252.738153,5632,0.06356249749660492
1530980692.5193584,6144,0.11510346084833145
1530981135.2467294,6656,0.09731452912092209
1530981578.3386602,7168,0.14231660962104797
1530982019.8457255,7680,0.07739172875881195
1530982461.7615638,8192,0.09324880689382553
1530982902.750066,8704,0.09639531373977661
1530983345.1309602,9216,0.10995720326900482
1530983786.3164988,9728,0.11453720927238464
1530984228.619729,10240,0.07579384744167328
1530984671.3555806,10752,0.14648745954036713
1530985112.6964118,11264,0.17090529203414917
1530985554.8041897,11776,0.17140178382396698
1530985995.5301793,12288,0.12149317562580109
1530986436.726813,12800,0.16997261345386505
1530986878.7537856,13312,0.12451247125864029
1530987320.611002,13824,0.09603515267372131
1530987760.8703535,14336,0.11250079423189163
1530988201.4964871,14848,0.1444730907678604
1530988643.7185905,15360,0.08387510478496552
1530989085.726924,15872,0.09299003332853317
1530989526.8918324,16384,0.13265393674373627
1530989967.2380347,16896,0.09376119822263718
1530990408.1570294,17408,0.11241193115711212
1530990849.8518827,17920,0.09434952586889267
1530991289.5313172,18432,0.08966710418462753
1530991730.06767,18944,0.132931187748909
1530992171.104978,19456,0.17924997210502625
1530992613.2735422,19968,0.1059606596827507
1530993057.1239038,20480,0.13628290593624115
1530993499.715799,20992,0.1253327876329422
1530993942.2358665,21504,0.08705150336027145
1530994386.3197625,22016,0.20053774118423462
1530994828.9552255,22528,0.13252060115337372
1530995270.9602618,23040,0.09495159983634949
1530995711.1798344,23552,0.12351376563310623
1530996152.4297397,24064,0.1443021595478058
1530996595.413806,24576,0.08513151109218597
1530997038.449009,25088,0.10275069624185562
1530997479.7341979,25600,0.1485561579465866
1530997920.7750695,26112,0.11938290297985077
1530998362.0524583,26624,0.10512124747037888
1530998803.3980896,27136,0.11575110256671906
1530999244.99528,27648,0.12345736473798752
1530999687.7605798,28160,0.13652922213077545
1531000130.6235113,28672,0.14205005764961243
1531000574.0010698,29184,0.14424973726272583
1531001018.7462883,29696,0.11412367969751358
1531001461.3952649,30208,0.08821144700050354
1531001904.642225,30720,0.12975910305976868
1531002348.2238295,31232,0.1800939291715622
1531002793.1413493,31744,0.1608601212501526
1531003236.7230437,32256,0.08362441509962082
1531003680.7619176,32768,0.11179701238870621
1531004123.1189365,33280,0.1261802762746811
1531004566.9892807,33792,0.11155576258897781
1531005014.0978198,34304,0.1341407150030136
1531005458.379575,34816,0.07214955985546112
1531005903.203947,35328,0.12642425298690796
1531006348.8237007,35840,0.11388353258371353
1531006794.5204344,36352,0.12577839195728302
1531007239.9982295,36864,0.16777841746807098
1531007683.053836,37376,0.10773956775665283
1531008129.4400086,37888,0.10942092537879944
1531008575.759076,38400,0.10563316941261292
1531009022.1637223,38912,0.08290550857782364
1531137229.5831957,39936,0.13924837112426758
1531137667.549741,40448,0.11466271430253983
1531138105.515267,40960,0.08649799227714539
1531138544.1333752,41472,0.12209181487560272
1531138982.9777176,41984,0.15214994549751282
1531139421.3241863,42496,0.06883025914430618
1531139860.0891218,43008,0.1652630865573883
1531140298.9681146,43520,0.14411646127700806
1531140738.3638105,44032,0.09837157279253006
1531141178.5465686,44544,0.10919147729873657
1531141617.4263175,45056,0.07937711477279663
1531142057.537178,45568,0.12220814824104309
1531142496.6355755,46080,0.11282363533973694
1531142935.5028198,46592,0.15422020852565765
1531143375.725456,47104,0.12293975055217743
1531143816.8284943,47616,0.11909576505422592
1531144256.9608743,48128,0.12480530887842178
1531149023.5883582,49152,0.09647810459136963
1531149464.270162,49664,0.17137819528579712
1531149904.5028203,50176,0.18932324647903442
1531150345.1726618,50688,0.08852323889732361
1531150786.6950822,51200,0.13836053013801575
1531151227.012981,51712,0.11170052736997604
1531151667.636808,52224,0.14874336123466492
1531152108.7192478,52736,0.07331722974777222
1531152548.9088879,53248,0.1686490774154663
1531152990.2382324,53760,0.0886707678437233
1531153430.5475526,54272,0.056330546736717224
1531153871.5601788,54784,0.11902964115142822
1531154313.4049506,55296,0.14083130657672882
1531154754.403926,55808,0.1488487720489502
1531155197.3204103,56320,0.07924020290374756
1531155637.5926359,56832,0.06952536851167679
1531156080.6004024,57344,0.10144494473934174
1531156524.5564537,57856,0.08490162342786789
1531156967.1006067,58368,0.13909627497196198
1531157409.8709779,58880,0.09780048578977585
1531157852.112406,59392,0.1596624255180359
1531158296.1149483,59904,0.0894002765417099
1531158739.4780898,60416,0.12858645617961884
1531159183.3901093,60928,0.09437903016805649
1531159626.835885,61440,0.12339857220649719
1531160070.1835346,61952,0.12592940032482147
1531160514.5752466,62464,0.17111770808696747
1531160959.1055174,62976,0.11560336500406265
1531161404.3460124,63488,0.1263706386089325
1531161848.2852554,64000,0.07222120463848114
1531162291.6158555,64512,0.13218927383422852
1531162736.3093653,65024,0.12418203055858612
1531163179.9611773,65536,0.12923887372016907
1531163623.7659132,66048,0.19050513207912445
1531164069.4800394,66560,0.12362193316221237
1531164513.6897702,67072,0.18261687457561493
1531164957.9234166,67584,0.12125395238399506
1531165401.8340821,68096,0.10010810196399689
1531165845.6194592,68608,0.17349322140216827
1531166289.6250815,69120,0.14512546360492706
1531166733.692509,69632,0.16683465242385864
1531167178.5452213,70144,0.05673428252339363
1531167622.8229525,70656,0.0688256099820137
1531168067.793505,71168,0.1981821060180664
1531168513.3823228,71680,0.1603817492723465
1531168957.4659755,72192,0.08565205335617065
1531169401.884011,72704,0.11386954039335251
1531169846.636765,73216,0.11485886573791504
1531170291.4296043,73728,0.15786032378673553
1531170736.3673918,74240,0.14798308908939362
1531171181.141204,74752,0.12816296517848969
1531171626.2103286,75264,0.13121375441551208
1531172071.8374872,75776,0.09946615248918533
1531172517.11506,76288,0.08105991780757904
1531172963.7783644,76800,0.1457221359014511
1531173409.448581,77312,0.13915176689624786
1531173856.156594,77824,0.16013504564762115
1531174302.5813556,78336,0.10436977446079254
1531174748.555853,78848,0.12624236941337585
1531175194.7288098,79360,0.13461869955062866
1531175642.4572864,79872,0.19234827160835266
1531176089.8553658,80384,0.1117226704955101
1531176536.4503314,80896,0.16575117409229279
1531176983.525121,81408,0.08258313685655594
1531177430.6662197,81920,0.10678217560052872
1531177875.8080933,82432,0.17373844981193542
1531178323.1823032,82944,0.1366807222366333
1531178771.4593914,83456,0.0811380073428154
1531179218.3723104,83968,0.12303505837917328
1531179664.1681058,84480,0.10719036310911179
1531180110.7915127,84992,0.1664539873600006
1531180558.8493924,85504,0.08123745769262314
1531181007.9724517,86016,0.13629814982414246
1531226666.854459,87040,0.07277777045965195
1531227106.899639,87552,0.15969343483448029
1531227548.0014307,88064,0.09335837513208389
1531227985.202518,88576,0.134708434343338
1531228425.083077,89088,0.11809748411178589
1531228865.862537,89600,0.11862359195947647
1531229304.8551667,90112,0.18167740106582642
1531229744.466147,90624,0.10585559904575348
1531230183.7429566,91136,0.11362231522798538
1531230624.0656075,91648,0.12639248371124268
1531231064.8223557,92160,0.12881292402744293
1531237998.7714689,93184,0.07536229491233826
1531238437.345756,93696,0.06593841314315796
1531238877.599336,94208,0.1274261176586151
1531239315.3502376,94720,0.10126075893640518
1531239753.814489,95232,0.11968187242746353
1531240193.3663027,95744,0.13310359418392181
1531240632.529049,96256,0.1517401784658432
1531241072.7383916,96768,0.14184892177581787
1531241511.2994902,97280,0.08391454815864563
