wall_time,step,value
1531869889.401331,512,898.6768188476562
1531870584.2399592,1024,758.4461669921875
1531871271.9843578,1536,418.0670471191406
1531871957.261264,2048,508.2700500488281
1531872642.7379777,2560,334.4523010253906
1531873323.3335328,3072,248.89422607421875
1531874000.967335,3584,232.4542999267578
1531874676.6139534,4096,238.68765258789062
1531875349.2297087,4608,315.4516296386719
1531876019.5985427,5120,244.1751708984375
1531876688.6562774,5632,212.24000549316406
1531877358.756263,6144,235.61500549316406
1531878029.474209,6656,217.90476989746094
1531878699.3389535,7168,187.95191955566406
1531879369.4400382,7680,210.98109436035156
1531880038.8386538,8192,177.66587829589844
1531880710.251758,8704,198.19248962402344
1531881383.306302,9216,191.53561401367188
1531882058.3355765,9728,181.07968139648438
1531882733.7045524,10240,184.41372680664062
1531883409.0314817,10752,191.1186065673828
1531884081.2211437,11264,179.6666259765625
1531884756.3731003,11776,173.4248046875
1531885429.4411228,12288,181.63681030273438
1531886102.1355283,12800,182.70147705078125
1531886775.2285082,13312,190.40390014648438
1531887449.6866689,13824,184.9782257080078
1531888124.3594272,14336,180.50567626953125
1531888797.5946693,14848,181.01556396484375
1531889470.0128603,15360,175.5187225341797
1531890144.508676,15872,180.85011291503906
1531890817.6799908,16384,190.01698303222656
1531891491.6521332,16896,196.3919677734375
1531892164.2674935,17408,177.6907958984375
1531892838.5887027,17920,181.4215545654297
1531893512.0177445,18432,187.37342834472656
1531894185.8748791,18944,184.2722625732422
1531894859.819924,19456,184.12611389160156
1531895533.6614344,19968,170.19337463378906
1532075897.7287314,20992,182.5092315673828
1532076568.9628286,21504,175.63914489746094
1532077241.0052898,22016,179.54251098632812
1532077911.947427,22528,176.57652282714844
1532081986.655432,23552,191.09762573242188
1532082657.3716817,24064,194.29946899414062
1532083330.1444645,24576,191.35501098632812
1532084001.2074897,25088,208.3961639404297
1532084672.912178,25600,200.01341247558594
1532085343.8051357,26112,194.72979736328125
1532086014.7227874,26624,209.69186401367188
1532086687.8187711,27136,211.9877471923828
1532087359.4639063,27648,242.05465698242188
1532088030.3433976,28160,217.48915100097656
1532088704.2977316,28672,212.7960968017578
1532089379.12678,29184,220.0381622314453
1532090049.839936,29696,237.44769287109375
1532090724.7640796,30208,227.1092987060547
1532091399.53687,30720,238.71749877929688
1532092071.0765698,31232,235.37159729003906
1532092746.1715293,31744,251.23609924316406
1532093420.8979018,32256,239.66390991210938
1532094095.6791432,32768,251.5094757080078
1532094770.7641783,33280,252.72296142578125
1532095443.3326232,33792,253.85528564453125
1532096118.4719052,34304,246.178955078125
1532096792.636127,34816,265.1770324707031
1532097466.775904,35328,251.12840270996094
1532098143.7502577,35840,255.51736450195312
1532098822.235455,36352,267.8561706542969
1532099497.620249,36864,290.32342529296875
1532100173.121967,37376,277.7159729003906
1532100849.0456994,37888,262.43768310546875
1532101525.6525495,38400,265.520751953125
1532102200.7329483,38912,261.2488098144531
1532102877.1911995,39424,281.2986755371094
1532111234.1433856,40448,277.9483642578125
1532111908.7004871,40960,288.54632568359375
1532112584.859149,41472,290.5030822753906
1532113261.2035127,41984,292.99005126953125
1532113941.8269038,42496,314.67449951171875
1532114621.3239882,43008,328.7843933105469
1532115297.9857976,43520,314.7243957519531
1532115977.0510752,44032,316.7064208984375
1532116652.9122584,44544,315.5251159667969
1532117331.491092,45056,311.4666748046875
1532118009.3417435,45568,306.8187561035156
1532118685.890392,46080,311.3506164550781
1532119363.1451926,46592,305.6562805175781
1532120039.9127495,47104,321.3821105957031
1532120717.7266932,47616,322.3791809082031
1532121397.378278,48128,347.84765625
1532122076.9269395,48640,329.32012939453125
1532122754.6727576,49152,328.37640380859375
1532123434.6454315,49664,359.48651123046875
1532124112.5825148,50176,331.3768310546875
1532124790.6290398,50688,318.83660888671875
1532125470.2062273,51200,321.6402587890625
1532126151.9811895,51712,340.4847412109375
1532126832.4058893,52224,332.9710998535156
1532127511.3572779,52736,350.42327880859375
1532128191.6926534,53248,311.16143798828125
1532128871.5775423,53760,379.62518310546875
1532129551.534645,54272,361.8258972167969
1532130230.7969997,54784,322.6314392089844
1532130912.006969,55296,339.0487365722656
1532131593.813886,55808,335.1283264160156
1532132273.247851,56320,348.1605529785156
1532132953.9550266,56832,360.3302001953125
1532133634.6245944,57344,361.8184509277344
1532134312.3418422,57856,377.6549377441406
1532134995.2204704,58368,384.21600341796875
1532135673.807605,58880,368.5935974121094
1532136354.6343963,59392,389.47430419921875
1532137036.5252233,59904,355.7835998535156
1532137715.3275788,60416,362.44720458984375
1532138397.402779,60928,383.5766906738281
1532139077.8442268,61440,375.611328125
1532139758.7723331,61952,358.774658203125
1532164888.690111,62976,396.4879455566406
1532165565.638039,63488,374.0950012207031
1532166239.6948035,64000,354.6922912597656
1532166916.9622827,64512,368.2823486328125
1532167594.5655935,65024,401.2261962890625
1532168273.0578847,65536,386.2808837890625
1532168946.8521805,66048,382.5591125488281
1532169624.780513,66560,383.52410888671875
1532170302.8219311,67072,397.70513916015625
1532170978.1696086,67584,379.445556640625
1532171654.0665622,68096,400.4882507324219
1532172333.8018658,68608,408.323974609375
1532173010.2487385,69120,408.0915222167969
1532173688.1675375,69632,401.5267028808594
1532174366.7873607,70144,436.6648254394531
1532175045.3024216,70656,435.8688659667969
1532175721.5036457,71168,398.2340393066406
1532176399.0971768,71680,416.39404296875
1532177075.5335193,72192,435.3509521484375
1532177751.484754,72704,392.5171203613281
1532178430.8299592,73216,421.8226013183594
1532179109.265568,73728,400.83709716796875
1532179786.7980208,74240,394.44244384765625
1532180467.9709272,74752,437.80487060546875
1532181146.0088992,75264,428.31646728515625
1532181821.494418,75776,446.0525817871094
1532182502.401234,76288,445.12420654296875
1532183183.2147713,76800,490.330078125
1532183862.0569477,77312,412.053955078125
1532184538.4854794,77824,420.2893981933594
1532185213.3266835,78336,394.0683288574219
1532185893.0378125,78848,402.85186767578125
1532186570.6407092,79360,407.2349548339844
1532187250.495856,79872,450.6562805175781
1532187929.31321,80384,429.175048828125
1532188606.9131205,80896,428.78363037109375
1532189285.102261,81408,435.84344482421875
1532189966.0355978,81920,465.4046325683594
1532190646.278001,82432,457.4631042480469
1532191325.8870654,82944,436.939208984375
1532192005.545035,83456,449.78521728515625
1532192682.9831917,83968,401.2847900390625
1532193360.16532,84480,399.8729248046875
1532194038.7728102,84992,437.4627990722656
1532194720.6234775,85504,478.236572265625
1532195402.5012963,86016,501.6152648925781
1532196084.4597185,86528,466.2601318359375
1532196774.8831728,87040,216.99298095703125
1532197464.3621435,87552,543.9765625
1532198153.0471425,88064,182.6215057373047
1532198833.8997371,88576,152.2574005126953
1532199521.8683133,89088,274.1361389160156
1532200197.6839104,89600,531.4335327148438
1532200877.020183,90112,133.46141052246094
1532201557.8142576,90624,406.2735595703125
1532202237.450996,91136,196.81695556640625
1532202920.407149,91648,742.826904296875
1532203601.7975245,92160,275.192626953125
1532204278.7419412,92672,295.23876953125
1532204957.844375,93184,321.5463562011719
1532205642.8650146,93696,559.3643798828125
1532206321.4217615,94208,473.9973449707031
1532207006.6047196,94720,644.932861328125
1532207677.8252077,95232,559.3660278320312
1532208343.784629,95744,294.0801696777344
1532209005.106512,96256,281.483154296875
1532209672.9756129,96768,346.4560546875
1532210334.7083323,97280,217.6719512939453
