wall_time,step,value
1534048144.710948,512,2348.785888671875
1534051830.2988784,1024,2066.266357421875
1534055577.401489,1536,1350.9825439453125
1534059303.0738213,2048,1253.04736328125
1534062935.9647648,2560,1050.9739990234375
1534066599.7854245,3072,1087.5465087890625
1534070276.9273846,3584,1183.7374267578125
1534073937.028177,4096,1270.444091796875
1534077575.9274988,4608,1309.300537109375
1534081199.2830088,5120,1341.289306640625
1534084837.275096,5632,1400.8897705078125
1534088460.8937876,6144,1578.1041259765625
1534092090.4793425,6656,1498.4205322265625
1534095709.5032864,7168,1722.7469482421875
