wall_time,step,value
1531610764.8654077,512,2.6077539920806885
1531611739.7733765,1024,3.1493163108825684
1531671176.4327574,2048,2.2182509899139404
1531672132.631645,2560,2.621488094329834
1531673080.2407358,3072,1.3336575031280518
1531674013.5040226,3584,1.3933581113815308
1531674948.7817793,4096,1.913813591003418
1531675878.8909276,4608,1.5325778722763062
1531676818.4276567,5120,1.1462461948394775
1531677756.3685105,5632,1.0688464641571045
1531678700.5826008,6144,1.3090856075286865
1531679643.8757184,6656,1.2040650844573975
1531680588.9789326,7168,1.3908969163894653
1531681534.7723894,7680,1.4191300868988037
1531682481.1491604,8192,1.300305724143982
1531683431.643553,8704,1.3618582487106323
1531684376.9923017,9216,1.6594433784484863
1531685324.2766705,9728,1.4579514265060425
1531686275.3736124,10240,1.2330125570297241
1531687222.0312407,10752,1.2837550640106201
1531688165.6722205,11264,1.2002495527267456
1531689109.8011067,11776,1.038253664970398
1531690055.4894998,12288,1.2351845502853394
1531691000.116253,12800,1.2371678352355957
1531691945.5239816,13312,1.3828481435775757
1531692892.8767087,13824,1.0919060707092285
1531693841.0964673,14336,1.344252109527588
1531694784.1547668,14848,1.208891749382019
1531695726.6248565,15360,1.2635070085525513
1531696670.5837193,15872,1.128340482711792
1531702104.2336535,16896,1.2301347255706787
1531703042.815654,17408,1.1158668994903564
1531703985.2655697,17920,1.4137190580368042
1531704927.892312,18432,1.017703652381897
1531705867.6705558,18944,1.3583204746246338
1531706813.1405742,19456,1.1300840377807617
1531707755.308649,19968,1.3407663106918335
1531708697.9956846,20480,1.1006916761398315
1531709641.6236482,20992,1.6694315671920776
1531710583.0056427,21504,1.101773977279663
1531711527.8855217,22016,1.0160763263702393
1531712470.5623221,22528,1.1694402694702148
1531713411.681882,23040,1.1924303770065308
1531714357.7204888,23552,0.9960891604423523
1531715301.6130998,24064,1.1796075105667114
1531716243.656979,24576,1.3819955587387085
1531717186.5753632,25088,1.369724988937378
1531718127.6380663,25600,1.2865904569625854
1531719072.5079224,26112,1.2747575044631958
1531720011.567528,26624,1.0883512496948242
1531720957.8607361,27136,0.9486081004142761
1531721902.2589402,27648,1.2478114366531372
1531722840.9020514,28160,1.2082529067993164
1531723784.0123332,28672,0.9489927291870117
1531724728.3589053,29184,1.0721914768218994
1531725671.8474076,29696,1.2963974475860596
1531726618.4587018,30208,0.8928015828132629
1531727563.2110558,30720,0.9812913537025452
1531728503.6888156,31232,1.357370376586914
1531729451.6487868,31744,1.0811102390289307
1531730393.674234,32256,1.036083698272705
1531738178.6635492,33280,1.1352272033691406
1531739122.427342,33792,1.3649804592132568
1531740070.1241732,34304,1.1827771663665771
1531741016.4028213,34816,1.2060102224349976
1531741957.406793,35328,1.3708206415176392
1531742901.903209,35840,1.194779634475708
1531743845.393397,36352,1.1728371381759644
1531744785.7588804,36864,1.2344387769699097
1531745727.232926,37376,1.1318228244781494
1531746672.4651299,37888,1.0613584518432617
1531747617.7907948,38400,1.0071983337402344
1531764241.2467046,39424,1.1115831136703491
1531765180.1117766,39936,1.7956907749176025
1531766128.5902357,40448,1.047299861907959
1531767077.7056859,40960,1.1655734777450562
1531768020.4667454,41472,1.0994447469711304
1531768964.4511008,41984,1.094817042350769
1531769909.0835934,42496,1.465088963508606
1531770854.704697,43008,0.886941134929657
1531773354.649678,44032,1.1295050382614136
1531774292.4892318,44544,1.325764536857605
1531775234.4115446,45056,1.2370729446411133
1531776177.7018912,45568,0.984863817691803
1531777113.433077,46080,1.2748831510543823
1531778057.1297429,46592,1.207565426826477
1531779005.0804763,47104,1.3779338598251343
1531779946.5426679,47616,1.122361421585083
1531780887.6867511,48128,1.2958277463912964
1531781829.940153,48640,0.9034059047698975
1531782771.3679547,49152,1.0370290279388428
1531783713.2508745,49664,1.203127384185791
1531784659.0656033,50176,1.7150182723999023
1531785600.3793156,50688,1.295288324356079
1531786545.3558266,51200,1.2590019702911377
1531787487.9056187,51712,1.174689769744873
1531788430.2214139,52224,1.2449438571929932
1531789380.6910036,52736,1.0310567617416382
1531790322.8536398,53248,1.2204761505126953
1531791267.2163122,53760,0.9915174841880798
1531792211.5751026,54272,1.3250993490219116
1531793159.6859634,54784,1.2667508125305176
1531794106.8896809,55296,1.060973882675171
1531795051.0639198,55808,1.112602710723877
1531795993.7337937,56320,1.1758215427398682
1531796939.6990604,56832,1.2841097116470337
1531797887.3583066,57344,0.9468035697937012
1531798830.931151,57856,1.1588464975357056
1531799772.205008,58368,1.5154920816421509
1531800714.2436748,58880,0.9863191843032837
1531801660.070294,59392,1.0745737552642822
1531802605.3083436,59904,1.050740361213684
1531803552.4083529,60416,1.1331018209457397
1531804498.2135122,60928,1.0845309495925903
1531805446.2405725,61440,1.1903350353240967
1531806392.8915017,61952,1.1514447927474976
1531807336.9772754,62464,1.2350023984909058
1531808284.717898,62976,1.4803646802902222
1531809230.5768554,63488,0.991274893283844
1531810181.5913558,64000,1.2626150846481323
1531811127.4553094,64512,1.1661027669906616
1531812077.7629535,65024,1.0382932424545288
1531813028.1630502,65536,1.126808524131775
1531813979.6690075,66048,1.0847489833831787
1531814931.637893,66560,1.224815011024475
1531815881.488351,67072,1.0173225402832031
1531816834.4975686,67584,1.2917091846466064
1531817786.24096,68096,1.0621367692947388
1531818740.4807367,68608,1.2360045909881592
1531819693.5049357,69120,1.2500863075256348
1531820645.0153198,69632,1.0919575691223145
1531821596.1212018,70144,1.3317140340805054
1531822551.838152,70656,1.0960109233856201
1531823503.5842993,71168,0.9675135612487793
1531824454.4332516,71680,1.042056679725647
1531825409.3375852,72192,1.0675996541976929
1531826361.7568774,72704,0.848618745803833
1531827313.8029387,73216,0.9171462059020996
1531828269.004389,73728,1.0779505968093872
1531829222.8448048,74240,1.619565486907959
1531830176.1676161,74752,1.251791000366211
1531831128.5182643,75264,0.837393045425415
1531832081.3225987,75776,1.3282891511917114
1531833031.7131271,76288,1.1944990158081055
1531833981.2904391,76800,1.3211669921875
1531834932.4503443,77312,1.0955737829208374
1531835887.3525817,77824,1.1099755764007568
1531916658.6518357,78336,1.2732396125793457
1531917613.4785225,78848,1.3009494543075562
1531918559.910375,79360,1.214954137802124
1531919510.464168,79872,1.1949292421340942
1531920460.7945418,80384,1.3448182344436646
1531921409.5714202,80896,0.9254295229911804
1531922361.2172801,81408,1.5042062997817993
1531923313.3837695,81920,1.1165229082107544
1531924267.9731886,82432,1.1166902780532837
1531925218.6117249,82944,1.2080957889556885
1531926165.31679,83456,1.3505069017410278
1531927114.423532,83968,0.9622825384140015
1531928069.8827043,84480,1.2055246829986572
1531929021.1196811,84992,0.9673778414726257
1531929971.2009768,85504,1.1473002433776855
1531930925.420812,86016,1.0685726404190063
1531931876.5492773,86528,1.4549243450164795
1531932826.8010638,87040,1.4290034770965576
1531933778.1362965,87552,1.2964574098587036
1531934729.698032,88064,1.2841347455978394
1531935682.0542176,88576,1.5266646146774292
1531936632.2763016,89088,1.375281810760498
1531937581.7781556,89600,0.9629406332969666
1531938536.3039656,90112,2.1214659214019775
1531939487.2245317,90624,0.8498152494430542
1531940438.9219215,91136,1.2156907320022583
1531941389.04794,91648,1.0629723072052002
1531942339.9069037,92160,1.203595757484436
1531943290.724241,92672,1.0524702072143555
1531944244.6936975,93184,1.0441029071807861
1531945193.536791,93696,1.5218597650527954
1531946145.8532057,94208,1.02884042263031
1531947097.9012637,94720,1.0231544971466064
1531948049.208462,95232,1.16439950466156
1531949001.6083486,95744,0.8720536231994629
1531949954.9167185,96256,1.156707763671875
1531950913.3335118,96768,1.3238805532455444
1531951867.162907,97280,0.9022268652915955
