wall_time,step,value
1530452723.8358614,512,0.0216709915548563
1530452967.0335352,1024,0.038827620446681976
1530453208.8576767,1536,0.05132824555039406
1530453451.0262678,2048,0.040426839143037796
1530453694.8964186,2560,0.04013326019048691
1530453938.5349457,3072,0.050655167549848557
1530454182.4679353,3584,0.048871446400880814
1530454424.1719415,4096,0.0377182774245739
1530454667.051792,4608,0.07713810354471207
1530454909.5933373,5120,0.078530453145504
1530455151.0324738,5632,0.05308059602975845
1530455395.0566373,6144,0.04443717375397682
1530455639.513079,6656,0.09227797389030457
1530455882.5570579,7168,0.05969049036502838
1530456126.178036,7680,0.09038584679365158
1530456369.76289,8192,0.07107038795948029
1530456613.8762915,8704,0.042686257511377335
1530456857.6022177,9216,0.09880522638559341
1530457102.2196405,9728,0.05432136729359627
1530457345.6335115,10240,0.0945747122168541
1530457588.7475176,10752,0.08070898801088333
1530457831.8220606,11264,0.07564747333526611
1530458075.315277,11776,0.08673997223377228
1530458319.2125583,12288,0.09928732365369797
1530458562.282402,12800,0.08576253056526184
1530458804.968775,13312,0.0857752114534378
1530459050.192898,13824,0.0684732124209404
1530459294.9345686,14336,0.08483009040355682
1530459538.9192288,14848,0.06451002508401871
1530459784.3832452,15360,0.12023894488811493
1530460029.854736,15872,0.09814000129699707
1530460274.6551514,16384,0.058772534132003784
1530460519.6204054,16896,0.06442739814519882
1530460763.7345722,17408,0.1091432273387909
1530461008.1484318,17920,0.10273470729589462
1530461252.0873857,18432,0.09989142417907715
1530461496.0164661,18944,0.1289478987455368
1530461740.187712,19456,0.12111317366361618
1530461983.1875281,19968,0.04496528580784798
1530462227.35621,20480,0.07235012203454971
1530462471.8380811,20992,0.10564538091421127
1530462716.8831692,21504,0.09340585023164749
1530462961.2485769,22016,0.12936848402023315
1530463207.5378883,22528,0.1150735467672348
1530463452.7019694,23040,0.06607703119516373
1530463697.1148255,23552,0.11243972182273865
1530463942.0878332,24064,0.0898977741599083
1530464187.5069404,24576,0.0934821292757988
1530464432.3286784,25088,0.11407363414764404
1530464677.4016032,25600,0.10238408297300339
1530464922.7569463,26112,0.11983392387628555
1530465169.285734,26624,0.11415643990039825
1530465414.0993793,27136,0.1410287469625473
1530465659.6348805,27648,0.08877410739660263
1530465905.1624289,28160,0.09425617009401321
1530466150.6440253,28672,0.11558859050273895
1530466397.0270257,29184,0.09570907056331635
1530466644.0859468,29696,0.10727820545434952
1530466889.8827164,30208,0.10716278851032257
1530467135.6778033,30720,0.11709079891443253
1530467381.72052,31232,0.11204514652490616
1530467629.250111,31744,0.1327473223209381
1530467875.7761712,32256,0.07614672183990479
1530468121.7804472,32768,0.08748342096805573
1530468368.6109192,33280,0.10708921402692795
1530468615.067486,33792,0.11739670485258102
1530468861.0469594,34304,0.134837344288826
1530469108.3658013,34816,0.13196510076522827
1530469355.8960917,35328,0.10857997834682465
1530469602.3119035,35840,0.09652169793844223
1530469848.9672134,36352,0.14425352215766907
1530470098.090486,36864,0.0926312506198883
1530470345.4272788,37376,0.1050114706158638
1530470594.2498415,37888,0.11027976125478745
1530470843.077238,38400,0.11323665082454681
1530721432.862867,39424,0.07968150079250336
1530721675.5062864,39936,0.08859850466251373
1530721918.6988463,40448,0.10256176441907883
1530722162.0473082,40960,0.10376355051994324
1530722406.1984053,41472,0.1360613852739334
1530722649.0698085,41984,0.07974687218666077
1530722892.488791,42496,0.10907264798879623
1530723136.2231896,43008,0.08987672626972198
1530723380.3337913,43520,0.08781249821186066
1530723625.4916477,44032,0.08812093734741211
1530723868.1166034,44544,0.11048934608697891
1530724111.6883676,45056,0.08538950234651566
1530724355.1472814,45568,0.101126529276371
1530724598.2980828,46080,0.040579941123723984
1530724841.0871081,46592,0.06644303351640701
1530725084.179339,47104,0.08736298978328705
1530725327.5175724,47616,0.1033572405576706
1530725571.3048487,48128,0.0939708948135376
1530725816.3029203,48640,0.08942581713199615
1530726061.5160248,49152,0.08936230838298798
1530726307.0217788,49664,0.07347797602415085
1530726552.7417676,50176,0.0590587817132473
1530726797.9550972,50688,0.09671604633331299
1530727042.0816607,51200,0.07505135238170624
1530727287.3257406,51712,0.05952099338173866
1530727532.8206198,52224,0.08330094814300537
1530727778.2268045,52736,0.10777022689580917
1530728023.9183605,53248,0.06365541368722916
1530728268.536613,53760,0.06839348375797272
1530728512.976359,54272,0.10951551795005798
1530728757.5051725,54784,0.1003141924738884
1530729002.673817,55296,0.059072479605674744
1530729249.0133798,55808,0.07057628780603409
1530729495.5656765,56320,0.067558653652668
1530729743.0195897,56832,0.061126284301280975
1530729989.5194151,57344,0.09282206743955612
1530730235.2087402,57856,0.039806149899959564
1530730481.6151028,58368,0.062231793999671936
1530730729.0840604,58880,0.07486637681722641
1530730974.748625,59392,0.07973409444093704
1530731221.583299,59904,0.08434426784515381
1530731468.3256752,60416,0.10031218826770782
1530731714.4120183,60928,0.09288935363292694
1530731960.914773,61440,0.07900844514369965
1530732207.4106243,61952,0.07175426185131073
1530732453.2421737,62464,0.07074227929115295
1530732701.052972,62976,0.10805016756057739
1530732947.7128017,63488,0.08716560155153275
1530733193.7019844,64000,0.058318279683589935
1530733441.249323,64512,0.0858665332198143
1530733688.220291,65024,0.08001763373613358
1530733936.7219012,65536,0.047787848860025406
1530734183.2688873,66048,0.08414649218320847
1530734430.5622036,66560,0.08479437232017517
1530734677.4080641,67072,0.0654553547501564
1530734924.2521017,67584,0.09065277129411697
1530735171.0079622,68096,0.07788810133934021
1530735418.295033,68608,0.038653258234262466
1530735664.978195,69120,0.037085048854351044
1530735911.8795793,69632,0.05228365212678909
1530736158.8028114,70144,0.09465737640857697
1530736405.89806,70656,0.07965715229511261
1530736652.7146387,71168,0.06288924068212509
1530736900.3900292,71680,0.08110380917787552
1530737148.0276139,72192,0.10822880268096924
1530737397.5013793,72704,0.09557754546403885
1530737644.9795065,73216,0.06836569309234619
1530737893.1068697,73728,0.05304187536239624
1530738140.096872,74240,0.0646909698843956
1530738387.3360338,74752,0.07810112088918686
1530738635.7638922,75264,0.06948983669281006
1530738885.5259342,75776,0.07304247468709946
1530739133.7725735,76288,0.05848250538110733
1530739382.8497918,76800,0.05837968364357948
1530739631.9973054,77312,0.08161747455596924
1530760499.1332412,78336,0.06828919798135757
1530760744.9516995,78848,0.06371396780014038
1530760989.5168304,79360,0.08318827301263809
1530761235.7321846,79872,0.09043864905834198
1530761480.9440699,80384,0.06769900768995285
1530761726.4328961,80896,0.09714186936616898
1530761972.0874631,81408,0.07524918019771576
1530762218.5989327,81920,0.049722131341695786
1530762464.2176914,82432,0.07992386072874069
1530762709.7717278,82944,0.07468774169683456
1530762956.2113068,83456,0.05723419785499573
1530763201.280589,83968,0.06265604496002197
1530763445.9455655,84480,0.07418269664049149
1530763690.533991,84992,0.0578281544148922
1530763935.3121684,85504,0.0750538557767868
1530764180.9440837,86016,0.07337278872728348
1530764426.229559,86528,0.11655310541391373
1530764671.5233302,87040,0.06946612149477005
1530764917.3051517,87552,0.07016783952713013
1530765162.1632156,88064,0.08722344785928726
1530765409.1526952,88576,0.08627434074878693
1530765655.762147,89088,0.04999953508377075
1530765902.3666594,89600,0.09714237600564957
1530766149.6643987,90112,0.08115849643945694
1530766395.7918682,90624,0.0600142627954483
1530766643.328019,91136,0.0616583451628685
1530766888.3139315,91648,0.051254890859127045
1530767136.045735,92160,0.0727238580584526
1530767381.9575484,92672,0.07421324402093887
1530767629.1952207,93184,0.10534856468439102
1530767875.0284994,93696,0.09809548407793045
1530768122.2145035,94208,0.10394464433193207
1530768368.4224951,94720,0.06322981417179108
1530768616.5402815,95232,0.08008226752281189
1530768862.8817334,95744,0.0925508588552475
1530769110.172784,96256,0.07543303817510605
1530769356.715799,96768,0.09160029888153076
1530769603.4437082,97280,0.09036460518836975
