wall_time,step,value
1530436385.0021117,512,17.166990280151367
1530436598.6950245,1024,7.721413612365723
1530436812.0861375,1536,6.712253570556641
1530437025.6486807,2048,3.082430601119995
1530437239.5502396,2560,4.325856685638428
1530437453.288118,3072,3.272526741027832
1530437667.4311662,3584,5.223809719085693
1530437882.010731,4096,2.0614819526672363
1530438096.4096897,4608,1.8930550813674927
1530438309.5960648,5120,1.8210166692733765
1530438524.9963014,5632,2.160668134689331
1530438738.9981234,6144,1.4710127115249634
1530438952.801875,6656,2.9583170413970947
1530439165.8260744,7168,6.019891738891602
1530439380.0411963,7680,5.0784831047058105
1530439594.1368582,8192,4.48521089553833
1530439808.8266168,8704,3.8685832023620605
1530440021.9483194,9216,2.2617616653442383
1530440236.2335386,9728,3.551182746887207
1530440449.384147,10240,10.84481430053711
1530440663.1893516,10752,9.60579776763916
1530440876.7450712,11264,5.7307963371276855
1530441092.3521214,11776,4.235889911651611
1530441307.0547793,12288,4.978824615478516
1530441521.3337612,12800,2.4573233127593994
1530441735.8933856,13312,3.513549566268921
1530441950.208831,13824,7.079449653625488
1530442164.6882515,14336,2.2440359592437744
1530442379.4253428,14848,3.4168763160705566
1530442594.4597614,15360,4.200798034667969
1530442808.3772573,15872,3.4183099269866943
1530443022.1553767,16384,3.9637818336486816
1530443236.575989,16896,1.8455142974853516
1530443451.0135367,17408,5.062633991241455
1530443665.8341722,17920,4.921622276306152
1530443881.766521,18432,4.526062488555908
1530444096.2851536,18944,5.242244720458984
1530444311.555802,19456,12.195598602294922
1530444526.5378187,19968,3.2200796604156494
1530444741.0196617,20480,3.4073188304901123
1530444956.113593,20992,2.3137431144714355
1530445171.079398,21504,8.91720962524414
1530445386.1708374,22016,3.0805861949920654
1530445602.0369003,22528,5.249292373657227
1530445817.6423643,23040,4.494787693023682
1530446033.6374311,23552,3.031632661819458
1530446248.335339,24064,10.152579307556152
1530446464.1288009,24576,11.901066780090332
1530446679.270072,25088,8.564631462097168
1530446895.0571728,25600,9.263535499572754
1530447110.1943588,26112,7.568466663360596
1530447324.52407,26624,8.511398315429688
1530447539.6220317,27136,8.940930366516113
1530447755.6684988,27648,7.224615097045898
1530447970.564049,28160,12.70500373840332
1530448186.7844605,28672,8.057952880859375
1530448402.074226,29184,12.394038200378418
1530448618.084903,29696,9.383953094482422
1530448833.4534352,30208,5.893886566162109
1530449050.3745532,30720,4.878796577453613
1530449265.8160925,31232,3.978455066680908
1530449481.5485911,31744,11.612817764282227
1530449696.8213081,32256,4.771502494812012
1530449912.4089618,32768,6.07300329208374
1530450127.7548976,33280,9.458950996398926
1530450343.686213,33792,6.572113990783691
1530450560.9569728,34304,6.0929036140441895
1530450777.1868103,34816,4.521895885467529
1530450994.6122293,35328,9.217596054077148
1530451212.17693,35840,14.144603729248047
1530451428.0209205,36352,15.13668441772461
1530451643.3505516,36864,5.998656272888184
1530451859.2458057,37376,14.830830574035645
1530452076.0391283,37888,5.813708782196045
1530452294.5049717,38400,6.505331993103027
1530586095.4496183,39424,8.971416473388672
1530586309.3253038,39936,3.9385454654693604
1530586523.4540992,40448,16.004940032958984
1530586737.3056052,40960,4.495131492614746
1530586951.6058993,41472,14.85722541809082
1530587165.5987918,41984,8.288755416870117
1530587379.0755324,42496,7.992913722991943
1530587593.55268,43008,6.607300281524658
1530587808.5066762,43520,3.4211814403533936
1530588023.6124077,44032,7.356009483337402
1530588239.2751715,44544,5.075195789337158
1530588453.6827183,45056,9.165581703186035
1530588668.2355978,45568,7.385437965393066
1530588884.0223386,46080,4.218544006347656
1530589099.1363356,46592,8.547316551208496
1530589312.9205444,47104,8.1608247756958
1530589528.3883777,47616,5.335071563720703
1530589744.1686082,48128,9.975106239318848
1530589958.743211,48640,12.455065727233887
1530590173.8966622,49152,15.72942066192627
1530590389.439891,49664,7.997922897338867
1530590604.44922,50176,10.414057731628418
1530590820.308121,50688,6.472940444946289
1530591035.6735857,51200,3.811095714569092
1530591250.587491,51712,3.3214919567108154
1530591465.871339,52224,9.255111694335938
1530591680.5083325,52736,8.278440475463867
1530591897.5936751,53248,9.160626411437988
1530592112.841736,53760,3.6645634174346924
1530592328.5865057,54272,9.944883346557617
1530592544.4392405,54784,4.819311618804932
1530592761.582984,55296,1.7320960760116577
1530592978.1647775,55808,10.207551956176758
1530593195.1881485,56320,5.572960376739502
1530593412.195642,56832,10.192562103271484
1530593628.0842917,57344,6.62700891494751
1530593843.6152046,57856,11.282987594604492
1530594060.0427492,58368,3.370201826095581
1530594274.8567321,58880,6.973217487335205
1530594492.1353052,59392,4.379034519195557
1530594708.1997097,59904,10.917168617248535
1530594924.3047388,60416,11.510024070739746
1530595141.652127,60928,4.9441351890563965
1530595358.9471624,61440,5.006927013397217
1530595576.009973,61952,8.252782821655273
1530672072.8216643,62976,8.10367202758789
1530672286.4340963,63488,7.715017318725586
1530672500.619624,64000,7.450076580047607
1530672715.8094304,64512,5.919755935668945
1530672929.436831,65024,8.45462417602539
1530673144.1997924,65536,15.160443305969238
1530673358.227714,66048,5.234738349914551
1530673571.5698354,66560,10.721339225769043
1530673786.20373,67072,10.005510330200195
1530674000.283507,67584,7.735335826873779
1530674214.4412897,68096,4.812869548797607
1530674427.930315,68608,7.456719398498535
1530674642.723397,69120,4.138416290283203
1530674856.9424517,69632,10.891366004943848
1530675072.4510226,70144,3.567362070083618
1530675287.1343007,70656,5.105720520019531
1530675501.463772,71168,3.233098030090332
1530675716.0443573,71680,4.91086483001709
1530675931.969866,72192,11.337522506713867
1530676148.075357,72704,1.8782902956008911
1530676361.773389,73216,9.028263092041016
1530676576.3200605,73728,9.155381202697754
1530676790.7720273,74240,10.227298736572266
1530677005.274028,74752,10.163387298583984
1530677219.4688919,75264,11.916378021240234
1530712293.0758421,76288,4.494263648986816
1530712505.9650881,76800,9.218602180480957
1530712718.4613166,77312,4.065193176269531
1530712931.1859057,77824,6.300786018371582
1530713143.7179146,78336,4.953527927398682
1530713356.1519399,78848,5.399693012237549
1530713568.9627395,79360,6.708590984344482
1530713781.8516939,79872,7.920173168182373
1530713994.9931357,80384,6.543356895446777
1530714207.6845574,80896,10.533252716064453
1530714420.4085398,81408,3.0023701190948486
1530714634.826723,81920,3.325470447540283
1530714848.6340146,82432,6.85724401473999
1530715062.1926305,82944,5.049436569213867
1530715275.6236467,83456,4.871109485626221
1530715490.148262,83968,5.380084991455078
1530715703.5293345,84480,5.254517555236816
1530715917.8278904,84992,6.595645427703857
1530716131.156678,85504,11.30013656616211
1530716344.542301,86016,5.304916858673096
1530716559.2773323,86528,5.318822383880615
1530716772.6313052,87040,12.49047565460205
1530716987.517202,87552,5.625243663787842
1530717202.3054926,88064,6.012855529785156
1530717415.7943451,88576,4.483022689819336
1530717629.896282,89088,4.243692874908447
1530717843.7511544,89600,7.80497407913208
1530718057.379421,90112,4.232666969299316
1530718271.5746372,90624,4.414487361907959
1530718485.683139,91136,4.089503765106201
1530718699.8842912,91648,7.645172119140625
1530718914.3322234,92160,12.70228099822998
1530719129.4040825,92672,4.309187412261963
1530719343.840649,93184,5.079797267913818
1530719557.946902,93696,4.928408145904541
1530719772.2841167,94208,8.694868087768555
1530719986.71376,94720,5.626698970794678
1530720201.569797,95232,4.395229339599609
1530720415.8471608,95744,4.461688041687012
1530720632.260411,96256,8.392377853393555
1530720846.5347314,96768,8.536371231079102
1530721061.3918471,97280,10.812198638916016
