wall_time,step,value
1531476825.6901577,512,31.662479400634766
1531477611.0738492,1024,14.760108947753906
1531478391.8030934,1536,5.5798020362854
1531479166.401405,2048,-2.1763250827789307
1531479933.6611457,2560,-2.645918607711792
1531480704.9289942,3072,-0.9739511013031006
1531481471.3180304,3584,-2.0590364933013916
1531482233.8849187,4096,0.06691856682300568
1531482996.5583878,4608,-3.609377861022949
1531483758.5110393,5120,-2.365774631500244
1531484519.4148118,5632,1.3245428800582886
1531485279.1816683,6144,-0.19124670326709747
1531486042.0135107,6656,-2.1942672729492188
1531486804.3290827,7168,2.4817466735839844
1531487566.1615896,7680,3.004549980163574
1531488330.1923745,8192,2.233187675476074
1531489092.798935,8704,5.729462146759033
1531489857.9704354,9216,0.9373396039009094
1531490622.0090058,9728,1.2895989418029785
1531491386.071643,10240,4.267960071563721
1531492152.0472171,10752,2.5913259983062744
1531492916.707979,11264,1.0682531595230103
1531493681.4707894,11776,0.8062626123428345
1531494444.9234865,12288,2.72544002532959
1531495210.6451352,12800,2.9537034034729004
1531495973.3563533,13312,2.639270067214966
1531496739.1170146,13824,2.7492659091949463
1531497504.7647488,14336,2.5716161727905273
1531498268.442311,14848,0.495748907327652
1531499032.4111574,15360,2.062434673309326
1531499796.4777255,15872,-0.4148106575012207
1531500560.5040777,16384,-0.9526974558830261
1531501320.493338,16896,-0.5271655321121216
1531502082.4886665,17408,0.4344251751899719
1531502842.643936,17920,2.7522225379943848
1531503603.2162926,18432,1.0814313888549805
1531504366.5661976,18944,0.24083609879016876
1531505127.577292,19456,-1.5747873783111572
1531505887.371993,19968,-2.690652370452881
1531506650.0560021,20480,0.29023119807243347
1531507412.9726338,20992,1.6087639331817627
1531508178.0882082,21504,1.7435016632080078
1531508944.0402987,22016,-0.4473576843738556
1531509708.4809918,22528,0.9598973393440247
1531510469.4569635,23040,1.259015679359436
1531511237.3634076,23552,-2.430772304534912
1531511998.8174918,24064,0.4688604176044464
1531512761.5094204,24576,-0.7024400234222412
1531513523.1131577,25088,-2.1620302200317383
1531557718.754156,26112,2.3651485443115234
1531558479.23819,26624,-1.7459073066711426
1531559238.2386925,27136,0.04247083514928818
1531560000.7268124,27648,1.657325029373169
1531560762.42764,28160,-1.043873906135559
1531561525.989695,28672,2.994596242904663
1531562289.8579786,29184,-0.5411796569824219
1531563053.415123,29696,-0.31375885009765625
1531563816.916356,30208,-0.6829662919044495
1531564577.9782329,30720,-1.806422472000122
1531565341.2603045,31232,-0.0649508461356163
1531566101.8426697,31744,-4.97885274887085
1531566865.8845348,32256,1.8242683410644531
1531567629.5658612,32768,2.148094654083252
1531568391.3667762,33280,-1.739311933517456
1531569153.8871672,33792,-0.5895870327949524
1531569918.9379392,34304,0.11874661594629288
1531570682.5759065,34816,-0.7972480058670044
1531571445.4419248,35328,2.41278338432312
1531572210.2478695,35840,0.5397262573242188
1531572975.6408865,36352,3.3321402072906494
1531573738.246715,36864,2.261169910430908
1531574501.3185976,37376,-0.09242440015077591
1531575266.1953306,37888,2.6121912002563477
1531576031.5279841,38400,1.8592352867126465
1531576795.9272804,38912,-3.17104434967041
1531577560.3910227,39424,3.44645357131958
1531578324.0376093,39936,4.181036949157715
1531579089.9216843,40448,-0.5060789585113525
1531579853.3045466,40960,1.7338247299194336
1531580618.381915,41472,-2.3569276332855225
1531581384.6715891,41984,1.282663345336914
1531582152.3634796,42496,2.7951653003692627
1531582918.8291023,43008,1.973745584487915
1531583686.1146774,43520,-4.041344165802002
1531584452.853522,44032,1.6430906057357788
1531585220.282581,44544,2.779103994369507
1531585985.8373055,45056,-0.5762296915054321
1531586754.6397803,45568,1.9301095008850098
1531587523.8691115,46080,0.9329342842102051
1531588290.5679626,46592,0.48845377564430237
1531589060.7569115,47104,1.1871087551116943
1531589831.0970643,47616,0.8046379685401917
1531590599.493182,48128,0.6991316080093384
1531591366.3287494,48640,0.6505866646766663
1531592136.0017748,49152,0.9464889764785767
1531592902.617077,49664,1.974461317062378
1531593667.3933144,50176,-2.148658514022827
1531594434.2832825,50688,-0.6352500915527344
1531595199.4247549,51200,-4.9060282707214355
1531595964.043379,51712,-1.0529037714004517
1531596728.9060597,52224,-1.332536220550537
1531597497.14965,52736,0.6040612459182739
1531598265.2009258,53248,-0.2506202459335327
1531599034.2197626,53760,0.44412216544151306
1531599798.8013062,54272,-2.8668270111083984
1531600564.6821487,54784,-1.974031925201416
1531601330.9789028,55296,-1.5461373329162598
1531602096.7021086,55808,-3.561840295791626
1531602864.372658,56320,0.453721284866333
1531603633.6393576,56832,1.26068913936615
1531604400.2415326,57344,-1.4619628190994263
1531605169.5769176,57856,-1.2539713382720947
1531605938.273773,58368,-5.023306369781494
1531606705.9095404,58880,1.7283985614776611
1531607474.5626943,59392,-1.3319382667541504
1531608241.0323987,59904,0.2922366261482239
1531609008.0940585,60416,-3.6014349460601807
1531609778.619261,60928,2.2245874404907227
1531617848.7533443,61440,2.4434595108032227
1531618613.2680106,61952,0.0589258149266243
1531619382.963509,62464,1.0470349788665771
1531620149.5583704,62976,-4.535401821136475
1531620916.8995636,63488,-0.2251405566930771
1531621687.8728087,64000,0.5881111025810242
1531622455.1718016,64512,0.4102785587310791
1531623228.4773939,65024,-0.2767867147922516
1531623998.6287248,65536,-0.8902785778045654
1531624769.41916,66048,0.9432429075241089
1531625537.0399437,66560,-1.7241871356964111
1531626304.6561728,67072,-1.4726831912994385
1531627075.6582658,67584,3.9384560585021973
1531627845.6598413,68096,1.3462204933166504
1531628617.2845366,68608,0.4241073727607727
1531629385.8540585,69120,1.4799096584320068
1531630153.2867653,69632,0.6578013896942139
1531630922.870461,70144,3.754498243331909
1531631688.7607412,70656,1.9063031673431396
1531632460.1472943,71168,0.4137667417526245
1531633229.3462677,71680,3.6230368614196777
1531634000.4500203,72192,5.035407066345215
1531634769.2521818,72704,0.3318026661872864
1531635540.709036,73216,4.748134613037109
1531636307.85363,73728,1.5783543586730957
1531637078.475665,74240,-1.9354510307312012
1531637849.882102,74752,2.8859128952026367
1531638615.5974166,75264,-1.2881563901901245
1531639382.8521938,75776,0.6729812622070312
1531640150.9539115,76288,1.9869377613067627
1531640922.347065,76800,4.229702472686768
1531641689.608165,77312,0.5468083620071411
1531642457.846665,77824,3.65655517578125
1531643229.486633,78336,6.971350193023682
1531643998.3323903,78848,-0.6638895273208618
1531644770.879333,79360,1.6853322982788086
1531645540.2564802,79872,1.9226644039154053
1531646308.827291,80384,5.603959560394287
1531647074.9524662,80896,-2.1727559566497803
1531647843.702927,81408,2.7755627632141113
1531648612.0463295,81920,1.3240922689437866
1531649381.1828995,82432,3.5876293182373047
1531650147.740885,82944,-1.1384910345077515
1531650915.6226537,83456,0.2517680823802948
1531651684.906298,83968,0.5323969125747681
1531652456.917117,84480,5.0447797775268555
1531653227.717071,84992,4.228668689727783
1531653996.599523,85504,2.034836769104004
1531654763.8381224,86016,2.575619697570801
1531655533.7434266,86528,0.4113841950893402
1531656305.8723395,87040,1.954132080078125
1531657074.4978764,87552,-0.26328200101852417
1531657846.6682959,88064,0.5608488321304321
1531658617.5102394,88576,4.915311813354492
1531659391.901024,89088,2.834090232849121
1531660161.414587,89600,-3.554640293121338
1531660929.7841635,90112,1.9506289958953857
1531661700.5398092,90624,3.2365710735321045
1531662469.9467814,91136,-1.8825726509094238
1531663240.3850377,91648,5.952226638793945
1531664012.8389118,92160,-0.6307607889175415
1531664782.9726284,92672,4.7522358894348145
1531665553.8298533,93184,-0.774382472038269
1531666324.8000014,93696,0.9558098912239075
1531667098.4778898,94208,1.3987455368041992
1531667867.4449213,94720,-1.031847357749939
1531668639.0166478,95232,4.858456611633301
1531669410.389527,95744,-0.8473718166351318
1531670185.716027,96256,2.607630729675293
1531699917.241282,96768,4.166553497314453
1531700688.7503011,97280,0.4755280613899231
