wall_time,step,value
1530532500.9018574,128,-87.14988708496094
1530532537.2331922,256,-81.34089660644531
1530532573.4562008,384,-69.97483825683594
1530532609.790716,512,-67.7152328491211
1530532697.0287457,640,-61.302791595458984
1530532732.9073527,768,-58.942710876464844
1530532768.758196,896,-60.570068359375
1530532804.5878057,1024,-57.812644958496094
1530532892.559563,1152,-51.568302154541016
1530532928.3619802,1280,-49.24982452392578
1530532964.1200724,1408,-41.20321273803711
1530532999.8330035,1536,-27.14476776123047
1530533085.6379037,1664,-22.005859375
1530533121.4162323,1792,-15.645362854003906
1530533157.2585099,1920,-10.221489906311035
1530533193.1754582,2048,-7.316126823425293
1530533278.9146273,2176,-6.42097282409668
1530533314.97132,2304,-4.765403747558594
1530533351.1017768,2432,-3.571484088897705
1530533387.2988114,2560,-3.255192518234253
1530533473.4724073,2688,-2.8194005489349365
1530533509.680244,2816,-2.3417062759399414
1530533545.8621345,2944,-2.1713504791259766
1530533582.0669308,3072,-2.625189781188965
1530533668.1964586,3200,-3.166534662246704
1530533704.4397614,3328,-3.3359527587890625
1530533740.7334402,3456,-3.2148070335388184
1530533777.1869736,3584,-3.195099353790283
1530533865.2487068,3712,-3.2013626098632812
1530533901.4630203,3840,-2.928670883178711
1530533937.7344985,3968,-2.9527456760406494
1530533974.2030938,4096,-3.149780750274658
1530534060.6681225,4224,-3.266953706741333
1530534097.011546,4352,-3.0513956546783447
1530534133.4396088,4480,-2.941169023513794
1530534169.893963,4608,-3.0834646224975586
1530534258.4759612,4736,-2.7230215072631836
1530534294.7936413,4864,-2.745633363723755
1530534331.0859551,4992,-2.689415216445923
1530534367.5205827,5120,-2.9018001556396484
1530534454.9422593,5248,-2.5436487197875977
1530534491.259355,5376,-2.6308999061584473
1530534527.5464306,5504,-2.7675037384033203
1530534564.0277214,5632,-2.688845157623291
1530534651.5569072,5760,-3.1757636070251465
1530534687.8434322,5888,-2.7243621349334717
1530534724.1843598,6016,-2.7557106018066406
1530534760.563056,6144,-3.0926170349121094
1530534848.5013528,6272,-3.117103099822998
1530534884.8179321,6400,-2.985762596130371
1530534921.1809313,6528,-2.7351319789886475
1530534957.6493986,6656,-2.640983819961548
1530535045.249253,6784,-2.7232778072357178
1530535081.5572312,6912,-2.584733247756958
1530535117.92434,7040,-2.72874116897583
1530535154.33902,7168,-2.6152777671813965
1530535241.7118618,7296,-2.5483317375183105
1530535278.0016613,7424,-2.7485570907592773
1530535314.4328988,7552,-2.459535598754883
1530535350.8592925,7680,-2.7199649810791016
1530535438.3081439,7808,-2.678879499435425
1530535474.666049,7936,-2.7952616214752197
1530535511.0757465,8064,-2.677476167678833
1530535547.547275,8192,-2.662679433822632
1530535636.1819844,8320,-2.5767478942871094
1530535672.4892483,8448,-2.763575792312622
1530535708.9162226,8576,-3.107607364654541
1530535745.4245703,8704,-2.7500765323638916
1530535834.7243965,8832,-2.6126956939697266
1530535871.1155055,8960,-2.868927240371704
1530535907.5753174,9088,-2.3647539615631104
1530535944.0687957,9216,-2.2607603073120117
1530536031.453146,9344,-2.457779884338379
1530536067.7877572,9472,-2.2226054668426514
1530536104.216766,9600,-2.4252712726593018
1530536140.7022533,9728,-2.3653390407562256
1530536228.7333467,9856,-2.4732794761657715
1530536265.1109903,9984,-2.182492733001709
1530536301.5215266,10112,-2.2326714992523193
1530536337.966861,10240,-2.3678746223449707
1530536425.2222633,10368,-2.291529655456543
1530536461.6418707,10496,-2.391803741455078
1530536498.022368,10624,-2.5739171504974365
1530536534.4211333,10752,-2.3261680603027344
1530536621.9303489,10880,-2.0420656204223633
1530536658.3308988,11008,-2.9159488677978516
1530536694.7761025,11136,-2.225076913833618
1530536731.2824938,11264,-2.4721102714538574
1530536819.3999672,11392,-2.3497676849365234
1530536855.803202,11520,-2.3360869884490967
1530536892.2284377,11648,-2.43977689743042
1530536928.7353835,11776,-2.1447291374206543
1530537017.361389,11904,-2.282921314239502
1530537053.7375844,12032,-2.1767539978027344
1530537090.1076674,12160,-1.964498519897461
1530537126.6098697,12288,-2.1055543422698975
1530537214.8164227,12416,-2.5637078285217285
1530537251.2309244,12544,-2.403740167617798
1530537287.7267995,12672,-2.2797765731811523
1530537324.1911943,12800,-1.9907549619674683
1530537413.3469956,12928,-1.9677711725234985
1530537449.7181273,13056,-2.051222324371338
1530537486.199768,13184,-1.9679896831512451
1530537522.7047367,13312,-2.366183042526245
1530537611.6257749,13440,-2.27935791015625
1530537648.024579,13568,-2.120339870452881
1530537684.4815176,13696,-2.057753324508667
1530537720.967404,13824,-2.1342580318450928
1530537810.67404,13952,-2.2710812091827393
1530537847.0783918,14080,-2.3512380123138428
1530537883.5456011,14208,-2.189178705215454
1530537920.0125868,14336,-2.6921722888946533
1530538007.9510927,14464,-1.72019362449646
1530538044.3860407,14592,-1.4836920499801636
1530538080.9362547,14720,-1.9612016677856445
1530538117.412412,14848,-1.999945044517517
1530538206.0441086,14976,-2.344538927078247
1530538242.3844519,15104,-1.8443459272384644
1530538278.7976234,15232,-2.109684467315674
1530538315.231731,15360,-1.7521065473556519
1530538403.4086633,15488,-2.176504373550415
1530538439.726019,15616,-1.9079222679138184
1530538476.1937592,15744,-2.2672908306121826
1530538512.6237867,15872,-2.087747573852539
1530538601.054807,16000,-2.1000967025756836
1530538637.3930233,16128,-1.9385792016983032
1530538673.849448,16256,-1.9839242696762085
1530538710.28119,16384,-1.9122644662857056
1530538797.935161,16512,-1.9483792781829834
1530538834.3111918,16640,-1.868485450744629
1530538870.7551937,16768,-1.8837437629699707
1530538907.137275,16896,-2.084463596343994
1530538995.59449,17024,-1.7555277347564697
1530539031.9816015,17152,-2.0458261966705322
1530539068.477427,17280,-1.9367644786834717
1530539104.9392767,17408,-2.178727626800537
1530539193.4887838,17536,-1.7973589897155762
1530539229.8979118,17664,-2.023489475250244
1530539266.4067366,17792,-2.2294700145721436
1530539302.9442677,17920,-2.0195200443267822
1530539391.788154,18048,-1.9180536270141602
1530539428.2538486,18176,-1.821306586265564
1530539464.783486,18304,-1.913761019706726
1530539501.2359524,18432,-1.8635008335113525
1530539589.8028607,18560,-1.8700581789016724
1530539626.260891,18688,-1.8688957691192627
1530539662.67633,18816,-1.7657184600830078
1530539699.0773597,18944,-1.7063360214233398
1530539787.2805896,19072,-1.5833405256271362
1530539823.7100532,19200,-1.7961678504943848
1530539860.1274967,19328,-1.9603338241577148
1530539896.5564046,19456,-1.5732810497283936
1530539985.1491032,19584,-1.6710933446884155
1530540021.5984929,19712,-1.4853917360305786
1530540058.0600092,19840,-1.9000873565673828
1530540094.535717,19968,-2.2189648151397705
1530540183.5928178,20096,-2.0990641117095947
1530540219.954145,20224,-1.9558384418487549
1530540256.3931668,20352,-1.8690022230148315
1530540292.7822556,20480,-1.7448241710662842
1530540381.9762058,20608,-2.224125385284424
1530540418.4069285,20736,-1.5816510915756226
1530540454.8145902,20864,-1.7745909690856934
1530540491.2621205,20992,-1.3219001293182373
1530540579.8782673,21120,-1.6975139379501343
1530540616.2921073,21248,-1.912193775177002
1530540652.6653793,21376,-2.0190317630767822
1530540689.0032732,21504,-1.5355926752090454
1530540778.7486374,21632,-1.700579285621643
1530540815.1015258,21760,-1.8705244064331055
1530540851.510678,21888,-1.125303864479065
1530540887.9597182,22016,-1.4670045375823975
1530540976.8587492,22144,-1.6920403242111206
1530541013.346766,22272,-1.4870315790176392
1530541049.8142354,22400,-1.9001039266586304
1530541086.2528212,22528,-1.8723891973495483
1530541177.2542896,22656,-1.6688398122787476
1530541213.7034795,22784,-1.6882901191711426
1530541250.1422486,22912,-1.8058507442474365
1530541286.662442,23040,-1.8184552192687988
1530541375.5226114,23168,-1.4816036224365234
1530541411.9604375,23296,-1.923457384109497
1530541448.362529,23424,-1.8092255592346191
1530541484.7949843,23552,-2.0587918758392334
1530541574.4896705,23680,-1.9080475568771362
1530541610.9156637,23808,-1.4445388317108154
1530541647.2990265,23936,-1.8497915267944336
1530541683.6642385,24064,-2.118130922317505
1530541774.2148035,24192,-1.7341187000274658
1530541810.6901698,24320,-1.5184227228164673
1530541847.1451411,24448,-1.7745052576065063
1530541883.5695043,24576,-1.6357063055038452
1530541975.1933496,24704,-1.2845412492752075
1530542011.619781,24832,-1.6443544626235962
1530542048.0122025,24960,-1.3775503635406494
1530542084.4320624,25088,-1.1338846683502197
1530542173.7544699,25216,-1.4188429117202759
1530542210.1577475,25344,-2.012585163116455
1530542246.5643852,25472,-1.5102330446243286
1530542283.0185745,25600,-1.7368550300598145
1530542371.9186332,25728,-1.4669809341430664
1530542408.3303454,25856,-1.5786817073822021
1530542444.8429544,25984,-1.9272831678390503
1530542481.2884498,26112,-2.4574429988861084
1530542571.2532306,26240,-0.8446493744850159
1530542607.7176836,26368,-1.5574887990951538
1530542644.1814573,26496,-1.8134227991104126
1530542680.6348531,26624,-1.6846070289611816
1530542770.5007818,26752,-1.5161561965942383
1530542806.9650195,26880,-2.0277857780456543
1530542843.4117606,27008,-1.8312664031982422
1530542879.8447614,27136,-1.556952953338623
1530542969.2558515,27264,-1.9127898216247559
1530543005.6842349,27392,-1.7658663988113403
1530543042.159293,27520,-1.701908826828003
1530543078.6151943,27648,-2.0781843662261963
1530543169.0032337,27776,-1.6388992071151733
1530543205.462773,27904,-2.544987916946411
1530543241.9758675,28032,-2.4204275608062744
1530543278.511575,28160,-1.798858404159546
1530543369.5383973,28288,-1.4352861642837524
1530543406.0507174,28416,-1.4031671285629272
1530543442.5220733,28544,-1.4205573797225952
1530543479.010498,28672,-1.227465033531189
1530543568.086012,28800,-1.3814600706100464
1530543604.5711925,28928,-1.544543743133545
1530543641.0998666,29056,-1.0595248937606812
1530543677.6047153,29184,-1.395210862159729
1530543767.6766396,29312,-1.4662126302719116
1530543804.1926713,29440,-1.5531150102615356
1530543840.6799252,29568,-2.133826971054077
1530543877.1314023,29696,-1.9406628608703613
1530543968.5242903,29824,-1.6419427394866943
1530544005.0028653,29952,-2.5671803951263428
1530544041.491374,30080,-1.9079841375350952
1530544077.941313,30208,-2.1631784439086914
1530544169.8627176,30336,-1.5358564853668213
1530544206.3150382,30464,-1.5780712366104126
1530544242.7508729,30592,-2.268202304840088
1530544279.205996,30720,-2.4046618938446045
1530544369.190039,30848,-1.4893648624420166
1530544405.6659536,30976,-1.7400435209274292
1530544442.1886382,31104,-1.6425727605819702
1530544478.6747417,31232,-1.4036540985107422
1530544568.7608392,31360,-1.7522050142288208
1530544605.256163,31488,-1.7091434001922607
1530544641.7508981,31616,-1.4512957334518433
1530544678.2414684,31744,-1.6579666137695312
1530544770.2340925,31872,-2.183314800262451
1530544806.6943488,32000,-1.2409923076629639
1530544843.175649,32128,-1.3119945526123047
1530544879.6760173,32256,-1.3031907081604004
1530544970.2962875,32384,-1.6084073781967163
1530545006.760785,32512,-1.2530971765518188
1530545043.1948233,32640,-1.273380160331726
1530545079.6862237,32768,-1.6229617595672607
1530545170.0808797,32896,-1.4812639951705933
1530545206.5457668,33024,-1.4907119274139404
1530545243.0450873,33152,-1.3623900413513184
1530545279.5024729,33280,-1.4562950134277344
1530545370.284705,33408,-1.3790159225463867
1530545406.7820601,33536,-1.3945577144622803
1530545443.3221154,33664,-1.6624420881271362
1530545479.7207906,33792,-1.5615596771240234
1530545570.5457873,33920,-1.3859649896621704
1530545607.0120492,34048,-1.4508174657821655
1530545643.4998057,34176,-1.7313668727874756
1530545679.9812143,34304,-1.7647449970245361
1530545770.985263,34432,-1.657906413078308
1530545807.440346,34560,-1.246587872505188
1530545843.8982968,34688,-1.4684031009674072
1530545880.357417,34816,-1.5680525302886963
1530545971.8054388,34944,-1.385806918144226
1530546008.2961833,35072,-1.6831989288330078
1530546044.8238358,35200,-1.413661003112793
1530546081.2705467,35328,-1.7813141345977783
1530546171.1762526,35456,-1.925062656402588
1530546207.678403,35584,-1.7134501934051514
1530546244.1901546,35712,-1.3040449619293213
1530546280.6526873,35840,-1.2361944913864136
1530546373.287528,35968,-1.4083696603775024
1530546409.7497582,36096,-1.8002774715423584
1530546446.2350488,36224,-1.1389328241348267
1530546482.702078,36352,-1.4261925220489502
1530546573.0967073,36480,-1.2903095483779907
1530546609.6159647,36608,-1.3985601663589478
1530546646.1624959,36736,-1.3842788934707642
1530546682.6861086,36864,-1.5075676441192627
1530546773.895031,36992,-1.2955443859100342
1530546810.3422968,37120,-1.3916507959365845
1530546846.8609915,37248,-1.548298954963684
1530546883.386523,37376,-1.0486915111541748
1530546974.5450838,37504,-1.3854761123657227
1530547011.1201015,37632,-1.0170539617538452
1530547047.628557,37760,-1.774353265762329
1530547084.1071687,37888,-1.3116345405578613
1530547176.0767584,38016,-1.6942064762115479
1530547212.5466642,38144,-1.5094759464263916
1530547249.039511,38272,-1.0190991163253784
1530547285.4732888,38400,-1.4761486053466797
1530547377.2979724,38528,-1.2884494066238403
1530547413.774789,38656,-1.1830365657806396
1530620204.4532554,39040,-1.2602580785751343
1530620240.9797137,39168,-0.7442286610603333
1530620277.6241283,39296,-1.2901359796524048
1530620314.418261,39424,-1.1466394662857056
1530620401.8891501,39552,-1.1229839324951172
1530620438.2026706,39680,-0.9498667120933533
1530620474.536777,39808,-1.1082171201705933
1530620510.8573349,39936,-1.1042065620422363
1530620596.7271616,40064,-1.2898012399673462
1530620633.0702922,40192,-1.1480993032455444
1530620669.368301,40320,-1.0522394180297852
1530620705.6741161,40448,-1.1762259006500244
1530620793.8067315,40576,-1.4026472568511963
1530620830.129573,40704,-1.6399427652359009
1530620866.4112537,40832,-0.7226904630661011
1530620902.8010366,40960,-1.3798816204071045
1530620988.9268458,41088,-0.9579222798347473
1530621025.2112482,41216,-1.2107024192810059
1530621061.5052981,41344,-1.149480938911438
1530621097.8790176,41472,-1.580497145652771
1530621186.0285854,41600,-1.9731168746948242
1530621222.328442,41728,-1.6210722923278809
1530621258.632995,41856,-1.3866066932678223
1530621294.9418344,41984,-1.8241363763809204
1530621381.9043903,42112,-1.10651695728302
1530621418.188944,42240,-1.8801655769348145
1530621454.4602027,42368,-0.1695585995912552
1530621490.7228506,42496,-1.1790138483047485
1530621577.8863008,42624,-1.793129563331604
1530621614.142202,42752,-0.46225011348724365
1530621650.355376,42880,-0.7125822305679321
1530621686.6292453,43008,-1.0567495822906494
1530621774.9094586,43136,-1.4848712682724
1530621811.1567628,43264,-1.217000126838684
1530621847.3942976,43392,-0.9469448924064636
1530621883.7146735,43520,-1.2288202047348022
1530621971.6867428,43648,-1.8807482719421387
1530622007.9172997,43776,-1.4323698282241821
1530622044.168485,43904,-1.2173826694488525
1530622080.4801025,44032,-1.6480010747909546
1530622168.470886,44160,-1.5433908700942993
1530622204.7573035,44288,-1.169998049736023
1530622241.0772386,44416,-1.0598794221878052
1530622277.3838596,44544,-1.085695505142212
1530622365.0330322,44672,-0.8743531703948975
1530622401.3357737,44800,-1.362784504890442
1530622437.6405606,44928,-1.2022331953048706
1530622473.93431,45056,-1.2568516731262207
1530622560.2822635,45184,-1.2943490743637085
1530622596.6464522,45312,-1.241169810295105
1530622633.0258012,45440,-1.2151447534561157
1530622669.383304,45568,-1.086793065071106
1530622756.812801,45696,-1.2628329992294312
1530622793.241006,45824,-1.0577785968780518
1530622829.6711495,45952,-1.3272150754928589
1530622866.0945656,46080,-0.7277349829673767
1530622954.7856793,46208,-1.1571623086929321
1530622991.1582508,46336,-1.475310206413269
1530623027.5115743,46464,-1.1842683553695679
1530623063.9163227,46592,-0.8321768641471863
1530623151.3985312,46720,-0.9263445734977722
1530623187.8254335,46848,-0.9854414463043213
1530636627.3737378,47232,-1.113054871559143
1530636663.990549,47360,-1.8809950351715088
1530636700.7888145,47488,-1.3014365434646606
1530636737.7069514,47616,-1.7142366170883179
1530636825.2481875,47744,-1.8764724731445312
1530636861.7167528,47872,-0.9261358976364136
1530636898.2433465,48000,-1.0942832231521606
1530636934.7595618,48128,-2.9091291427612305
1530637023.4219368,48256,-1.0438566207885742
1530637059.996906,48384,-1.5947684049606323
1530637096.5236423,48512,-1.4296057224273682
1530637133.033902,48640,-1.0289405584335327
1530637220.2501822,48768,-0.3750484883785248
1530637256.7039566,48896,-1.1581778526306152
1530637293.3004775,49024,-1.2669872045516968
1530637329.7956,49152,-1.7451025247573853
1530637417.103102,49280,-1.395652174949646
1530637453.6732955,49408,-1.2903448343276978
1530637490.1775954,49536,-1.6135021448135376
1530637526.6221492,49664,-0.9950909614562988
1530637614.3795054,49792,-1.1230506896972656
1530637650.807908,49920,-1.1588025093078613
1530637687.2629642,50048,-1.8519561290740967
1530637723.6962748,50176,-1.4665473699569702
1530637810.5034068,50304,-1.0563561916351318
1530637846.9403167,50432,-1.2160005569458008
1530637883.361767,50560,-1.0752243995666504
1530637919.8118002,50688,-1.5420161485671997
1530638007.671543,50816,-1.212451457977295
1530638044.165972,50944,-0.7690319418907166
1530638080.6271038,51072,-0.9397173523902893
1530638117.0404584,51200,-1.3917114734649658
1530638204.6508362,51328,-1.0559728145599365
1530638241.115406,51456,-1.366972804069519
1530638277.6020937,51584,-0.7562549114227295
1530638314.0506444,51712,-1.2091562747955322
1530638401.7696874,51840,-1.271700382232666
1530638438.197556,51968,-1.4831281900405884
1530638474.6797647,52096,-1.2811918258666992
1530638511.1330338,52224,-1.0913057327270508
1530638598.9782333,52352,-1.0586801767349243
1530638635.4910028,52480,-0.9727282524108887
1530638671.9956143,52608,-1.0858066082000732
1530638708.4738326,52736,-1.3997688293457031
1530638796.3094876,52864,-0.9150661826133728
1530638832.78153,52992,-1.2146923542022705
1530638869.2660265,53120,-1.5915336608886719
1530638905.7638173,53248,-0.9744052886962891
1530638993.431796,53376,-0.9548046588897705
1530639029.9353592,53504,-1.4038540124893188
1530639066.4584243,53632,-1.8898464441299438
1530639102.9307675,53760,-0.8907325267791748
1530639190.7338157,53888,-0.963954508304596
1530639227.185856,54016,-0.9858388900756836
1530639263.622506,54144,-1.0291941165924072
1530639300.0651088,54272,-1.5779999494552612
1530639387.6853297,54400,-1.13871169090271
1530639424.081474,54528,-1.0296857357025146
1530639460.503503,54656,-0.4459061026573181
1530639496.9265487,54784,-1.313936710357666
1530639584.5260851,54912,0.19030213356018066
1530639620.994858,55040,-0.5559580326080322
1530639657.467489,55168,-0.2876066565513611
1530639693.874958,55296,-0.9713193774223328
1530639782.1741061,55424,-1.4801801443099976
1530639818.6524599,55552,-1.0923868417739868
1530639855.104462,55680,-1.1215497255325317
1530639891.6069787,55808,-1.2987847328186035
1530639978.6699781,55936,-1.512573480606079
1530640015.0757077,56064,-1.1977976560592651
1530640051.582187,56192,-0.48446938395500183
1530640088.0662937,56320,-1.1144241094589233
1530640175.2774959,56448,-1.5016810894012451
1530640211.6808028,56576,-0.7494372129440308
1530640248.159252,56704,-1.1565930843353271
1530640284.6275861,56832,-1.0792617797851562
1530640372.495141,56960,-0.8794208765029907
1530640409.0523808,57088,-1.0546514987945557
1530640445.5120149,57216,-0.7385024428367615
1530640481.9580646,57344,-0.799253523349762
1530640570.1326156,57472,-1.2412877082824707
1530640606.6331153,57600,-0.7889963984489441
1530640643.1490843,57728,-1.2860689163208008
1530640679.6381047,57856,-1.2239353656768799
1530640767.9198575,57984,-1.320823073387146
1530640804.3867633,58112,-1.1840972900390625
1530640840.9042091,58240,-0.7671493291854858
1530640877.3447075,58368,-1.1491690874099731
1530640964.614856,58496,-0.544320821762085
1530641001.1068702,58624,-0.6262516379356384
1530641037.6186247,58752,-1.5219206809997559
1530641074.060853,58880,-0.2060488611459732
1530641162.686641,59008,-1.0472917556762695
1530641199.1871378,59136,-0.8981377482414246
1530641235.7308242,59264,-0.12919650971889496
1530641272.2568407,59392,-1.3194419145584106
1530641360.870835,59520,-0.7455182075500488
1530641397.3885405,59648,-0.6271250247955322
1530641433.8746648,59776,-0.8405113816261292
1530641470.3831215,59904,-1.1229866743087769
1530641558.8969738,60032,-0.1940084844827652
1530641595.3361237,60160,0.553490936756134
1530641631.8644266,60288,-0.2549688518047333
1530641668.3640807,60416,-0.5782396197319031
1530641757.1989648,60544,0.1967412233352661
1530641793.672376,60672,-0.10005111247301102
1530641830.1728983,60800,-0.9968690872192383
1530641866.665767,60928,0.7602235674858093
1530641956.1408958,61056,-0.4970278739929199
1530641992.661838,61184,-0.663779079914093
1530642029.1832118,61312,-0.17914234101772308
1530642065.7399313,61440,-0.5027273893356323
1530642155.3689823,61568,-1.357695460319519
1530642191.8820515,61696,-0.7565632462501526
1530642228.3641527,61824,-0.6900613307952881
1530642265.010178,61952,-2.0130510330200195
1530642354.7354965,62080,-1.03445565700531
1530642391.2928946,62208,-1.2026571035385132
1530642427.8278897,62336,-2.17755126953125
1530642464.414325,62464,-2.434429168701172
1530642553.332263,62592,-1.62880277633667
1530642589.835933,62720,-2.459719181060791
1530642626.331217,62848,1.8103976249694824
1530642662.880519,62976,-1.1973530054092407
1530642752.4818022,63104,-1.6777667999267578
1530642789.046438,63232,-0.9457390308380127
1530642825.5935864,63360,-4.3206963539123535
1530642862.2636704,63488,0.7660536766052246
1530642951.7920377,63616,-0.3694676160812378
1530642988.4443662,63744,-2.280327558517456
1530643025.0985775,63872,0.4137226343154907
1530643061.688141,64000,1.1447943449020386
1530643149.872234,64128,-0.6810205578804016
1530643186.4392636,64256,0.10900218784809113
1530643223.0183136,64384,-0.8783488869667053
1530643259.5317748,64512,-0.6414772868156433
1530643349.950584,64640,-2.174537420272827
1530643386.4816337,64768,-2.6768550872802734
1530643423.0533571,64896,-0.5104215145111084
1530643459.6375532,65024,-0.19303803145885468
1530643548.772367,65152,-0.6752857565879822
1530643585.2787273,65280,-1.136656641960144
1530643621.8006382,65408,-1.5288944244384766
1530643658.3616278,65536,-0.32942715287208557
1530643747.7637491,65664,-1.1182541847229004
1530643784.2068672,65792,0.45395880937576294
1530643820.7036436,65920,-0.6204386949539185
1530643857.2434747,66048,1.2833542823791504
1530643946.24986,66176,-0.6091504693031311
1530643982.7336257,66304,-1.4957525730133057
1530644019.2280447,66432,-0.2132224440574646
1530644055.735875,66560,0.2924804985523224
1530644144.2052813,66688,-2.636467456817627
1530644180.778559,66816,-1.4425753355026245
1530644217.2981641,66944,-1.7288341522216797
1530644253.8410218,67072,0.26644471287727356
1530644342.3233383,67200,-0.5351861119270325
1530644378.8594844,67328,-0.5066304206848145
1530644415.3420806,67456,-1.0585355758666992
1530644451.8518162,67584,-0.6186557412147522
1530644542.4666977,67712,0.10625039041042328
1530644578.9490807,67840,-0.6244048476219177
1530644615.4216754,67968,-0.4947003722190857
1530644651.8977215,68096,-1.0485024452209473
1530644741.4622004,68224,-0.4507785737514496
1530644777.960164,68352,-1.317202091217041
1530644814.5178168,68480,-0.3335833251476288
1530644851.0451055,68608,-1.0526647567749023
1530644940.8935552,68736,-0.38244831562042236
1530644977.45666,68864,-0.7493143081665039
1530645013.9162517,68992,-1.7142484188079834
1530645050.4602733,69120,-1.7397255897521973
1530645141.3743231,69248,-1.4913814067840576
1530645177.9412227,69376,0.1895204484462738
1530645214.458803,69504,-0.9611834287643433
1530645251.0728166,69632,-1.0360080003738403
1530645342.2732291,69760,-0.5899786353111267
1530645378.7958083,69888,0.0010499181225895882
1530645415.3155918,70016,-0.16722887754440308
1530645451.8916812,70144,-0.4540463089942932
1530645541.8753207,70272,-0.8760338425636292
1530645578.3666773,70400,-0.5376231074333191
1530645614.841725,70528,-1.6868903636932373
1530645651.36229,70656,-0.9491174221038818
1530645740.7326355,70784,-0.3577532172203064
1530645777.3346372,70912,-3.765263795852661
1530645813.875803,71040,-0.7105082273483276
1530645850.3808908,71168,-1.3931485414505005
1530645939.7383983,71296,-1.1108694076538086
1530645976.2362802,71424,-0.5820080041885376
1530646012.6904485,71552,0.14872416853904724
1530646049.1781125,71680,-1.0106357336044312
1530646138.7114854,71808,-0.36575955152511597
1530646175.2807684,71936,-0.2245599329471588
1530646211.8194726,72064,0.2562015652656555
1530646248.3718688,72192,-0.8628455996513367
1530646337.922752,72320,-0.11981652677059174
1530646374.4965026,72448,-1.171258807182312
1530646411.0597634,72576,0.0134864691644907
1530646447.5952492,72704,0.012931793928146362
1530646538.773596,72832,-0.3163626492023468
1530646575.2527876,72960,-0.9868764877319336
1530646611.7681706,73088,-0.39491114020347595
1530646648.3077545,73216,-0.43255770206451416
1530646738.6237338,73344,-0.9138433933258057
1530646775.2154365,73472,-0.5961927771568298
1530646811.7668183,73600,-0.8722390532493591
1530646848.2883677,73728,-0.8757571578025818
1530646939.170744,73856,-0.6143046021461487
1530646975.721868,73984,-1.686166763305664
1530647012.2313354,74112,-1.7728824615478516
1530647048.762299,74240,-0.9150397777557373
1530647140.1045458,74368,-0.22256013751029968
1530647176.6634066,74496,-0.16883964836597443
1530647213.2212012,74624,-1.204877257347107
1530647249.74605,74752,-0.5339264273643494
1530647339.7504842,74880,-0.4184853434562683
1530647376.3077226,75008,-0.18657952547073364
1530647412.7470055,75136,0.03544217348098755
1530647449.3025846,75264,-1.0156587362289429
1530647538.4117048,75392,-0.1327655017375946
1530647574.9652443,75520,-0.8161507248878479
1530647611.5063584,75648,-0.2678065598011017
1530647648.0782752,75776,-0.5332062244415283
1530647738.3710864,75904,-0.30128213763237
1530647774.8716476,76032,-1.6407983303070068
1530647811.4242196,76160,-1.2869987487792969
1530647847.9476151,76288,-0.8033187985420227
1530647938.3945346,76416,-0.6948292851448059
1530647974.940619,76544,0.3348172903060913
1530648011.5153103,76672,-0.7018659710884094
1530648048.1009068,76800,-0.8163424134254456
1530648139.2465606,76928,0.021978985518217087
1530648175.7489774,77056,-0.39131948351860046
1530648212.3195498,77184,0.26372602581977844
1530648248.8369339,77312,-0.9456560611724854
1530648338.4587522,77440,-1.1730765104293823
1530648374.9777172,77568,-0.4014950394630432
1530648411.5339017,77696,-0.9375810027122498
1530648448.0313072,77824,-0.6218025088310242
1530648538.2450285,77952,-0.7626446485519409
1530648574.727086,78080,-0.3700604736804962
1530648611.3113687,78208,-0.5431211590766907
1530648647.8526669,78336,-0.3134672939777374
1530648738.3328846,78464,-0.9043962955474854
1530648774.8830042,78592,-1.2933212518692017
1530648811.409054,78720,-0.5248191952705383
1530648847.9320338,78848,-0.508336067199707
1530648937.9428163,78976,-1.3542609214782715
1530648974.4528742,79104,0.2764423191547394
1530649010.9871814,79232,-0.2854747176170349
1530649047.5098362,79360,-1.602437973022461
1530649139.6399379,79488,-0.5900737643241882
1530649176.2110806,79616,-0.34582579135894775
1530649212.7775352,79744,-0.5327161550521851
1530649249.326998,79872,-0.6122925877571106
1530649340.285756,80000,-0.04504337161779404
1530649376.8088465,80128,-1.4387248754501343
1530649413.3635063,80256,-0.49410608410835266
1530649449.9350824,80384,-0.9838690161705017
1530649540.7484145,80512,-0.2955186665058136
1530649577.2746,80640,0.23716408014297485
1530649613.8034348,80768,0.3876318633556366
1530649650.2595282,80896,-0.4301590323448181
1530649741.6028912,81024,-1.0646603107452393
1530649778.156492,81152,0.1573890894651413
1530649814.7048545,81280,-1.3604762554168701
1530649851.2248755,81408,-0.5483356714248657
1530649943.2552567,81536,-0.7617990970611572
1530649979.767931,81664,-0.3033770024776459
1530650016.309955,81792,-0.07123617827892303
1530650052.8864646,81920,-0.47130003571510315
1530650144.399843,82048,-1.2150424718856812
1530650180.9305918,82176,-0.8099519610404968
1530650217.435264,82304,-0.7067086696624756
1530650253.9325726,82432,-1.6582136154174805
1530650344.9525647,82560,-0.044296298176050186
1530650381.525285,82688,0.1711357682943344
1530650418.0669415,82816,-0.3027821183204651
1530650454.6286519,82944,0.7156040072441101
1530650545.8226326,83072,-2.3375802040100098
1530650582.440843,83200,-1.2698781490325928
1530650618.9871955,83328,1.0905896425247192
1530650655.5390732,83456,-0.686110258102417
1530650747.836757,83584,0.6409400105476379
1530650784.4349704,83712,0.44865167140960693
1530650820.9632883,83840,-0.8890897035598755
1530650857.4434628,83968,0.2741609513759613
1530650948.2337945,84096,-0.25986266136169434
1530650984.7294807,84224,-1.3326315879821777
1530651021.2298105,84352,0.03067578561604023
1530651057.7680817,84480,0.10108650475740433
1530651148.863903,84608,0.811934232711792
1530651185.403384,84736,0.3768739104270935
1530651221.959659,84864,0.5882073044776917
1530651258.4448097,84992,-0.43724846839904785
1530651350.7822478,85120,0.4461321234703064
1530651387.2449884,85248,-0.3450702130794525
1530651423.7710521,85376,-1.6266847848892212
1530651460.2498882,85504,-0.9021021127700806
1530651553.7629392,85632,0.7529076933860779
1530651590.2479165,85760,-0.3180675208568573
1530707663.3190243,86144,-0.5889328718185425
1530707699.8552868,86272,-0.6134001016616821
1530707736.5772648,86400,-0.6077620983123779
1530707773.4849648,86528,-1.4566481113433838
1530707860.104342,86656,-0.841381311416626
1530707896.5106661,86784,-1.5266684293746948
1530707932.9001024,86912,-1.7412519454956055
1530707969.3408976,87040,-0.9237356781959534
1530708055.548466,87168,-1.1249839067459106
1530708091.9192111,87296,-0.8941848278045654
1530708128.29457,87424,-0.8068506717681885
1530708164.8017812,87552,-0.6321147680282593
1530708251.949715,87680,-0.8160569667816162
1530708288.2906885,87808,-0.7082073092460632
1530708324.7135108,87936,-1.294909954071045
1530708361.1214166,88064,-0.3136545419692993
1530708448.1473997,88192,-1.5784846544265747
1530708484.536272,88320,-0.9952855110168457
1530708520.9718466,88448,-0.8290562629699707
1530708557.4562275,88576,-0.9007500410079956
1530708644.5637825,88704,-1.292386531829834
1530708680.942559,88832,-0.9055202007293701
1530708717.3657274,88960,-1.0865716934204102
1530708753.8139257,89088,-0.9564132690429688
1530708841.8004594,89216,-0.843435525894165
1530708878.1897762,89344,-0.7025917768478394
1530708914.64533,89472,-0.7890716195106506
1530708951.156265,89600,-0.7999781966209412
1530709038.7387748,89728,0.8727899789810181
1530709075.0677805,89856,-0.8376186490058899
1530709111.4826047,89984,-0.4305158257484436
1530709148.0051954,90112,-1.0361989736557007
1530709235.191365,90240,-0.7575374841690063
1530709271.5326633,90368,-0.49720650911331177
1530709307.9630845,90496,-1.0069705247879028
1530709344.3776643,90624,-0.6755937337875366
1530709431.8202674,90752,-0.9650796055793762
1530709468.2326746,90880,-1.0989701747894287
1530709504.715568,91008,-1.0344839096069336
1530709541.1943305,91136,-1.0907858610153198
1530709630.032076,91264,-0.7642819285392761
1530709666.3791394,91392,-0.8771855235099792
1530709702.8520012,91520,-0.9749541878700256
1530709739.3531585,91648,-0.566359281539917
1530709826.2704933,91776,-0.7886504530906677
1530709862.6222231,91904,-0.5215586423873901
1530709899.1046724,92032,-0.7250555753707886
1530709935.5582693,92160,-1.0081558227539062
1530710022.5081835,92288,-0.5652938485145569
1530710058.962774,92416,-0.867117702960968
1530710095.4715204,92544,-1.0056896209716797
1530710131.9427383,92672,-0.7854913473129272
1530710219.8471515,92800,-2.2862110137939453
1530710256.224105,92928,-0.3486834168434143
1530710292.7187698,93056,-0.6387616991996765
1530710329.1786013,93184,-0.6086346507072449
1530710417.5522785,93312,-0.8358836770057678
1530710453.8938246,93440,-0.8946703672409058
1530710490.3857484,93568,0.058533795177936554
1530710526.8505144,93696,-0.9933214783668518
1530710615.6567802,93824,-0.6257516741752625
1530710651.9913337,93952,-0.8276121616363525
1530710688.4491374,94080,-0.6484438180923462
1530710724.8740547,94208,-0.6613849997520447
1530710812.2188635,94336,-0.7776455879211426
1530710848.5908744,94464,-0.7971696853637695
1530710885.0664833,94592,-0.850156307220459
1530710921.5152106,94720,-0.4490603506565094
1530711008.4132624,94848,-0.6588817834854126
1530711044.8522375,94976,-1.0384267568588257
1530711081.349536,95104,-1.4988420009613037
1530711117.8031378,95232,-0.13955171406269073
1530711206.3155196,95360,-1.1515239477157593
1530711242.6833196,95488,-0.3429580330848694
1530711279.1357749,95616,-0.6740293502807617
1530711315.5979657,95744,-0.8843153715133667
1530711403.3123581,95872,-0.462424635887146
1530711439.664718,96000,-1.2752355337142944
1530711476.080125,96128,-0.2813335955142975
1530711512.530986,96256,-0.5453143119812012
1530711599.888584,96384,-0.1320129632949829
1530711636.2472985,96512,-0.8576539158821106
1530711672.7165923,96640,-0.11719849705696106
1530711709.2650692,96768,-0.6162856817245483
1530711796.2737517,96896,-0.5207346081733704
1530711832.7028446,97024,-0.8778672218322754
1530711869.1962674,97152,-1.279649257659912
1530711905.688615,97280,-0.270468533039093
