wall_time,step,value
1531110041.0159717,512,5.986347675323486
1531110396.5603318,1024,3.0590920448303223
1531110752.2007768,1536,6.763236999511719
1531111108.3072717,2048,6.327080726623535
1531111462.26778,2560,3.8687400817871094
1531111817.1252139,3072,2.619079828262329
1531112171.2558658,3584,1.88109290599823
1531112523.3592415,4096,1.3053332567214966
1531112873.7912874,4608,1.3198837041854858
1531113226.495815,5120,1.3469154834747314
1531113575.4079087,5632,2.8457396030426025
1531113924.569509,6144,1.2262619733810425
1531114274.6843991,6656,1.4975898265838623
1531114626.080887,7168,2.0477542877197266
1531367971.5476646,8192,1.31206476688385
1531368316.2629402,8704,1.351925253868103
1531368661.2079556,9216,1.2183414697647095
1531369005.7278612,9728,0.9637514352798462
1531369350.6807895,10240,1.331438422203064
1531369697.380467,10752,1.2143279314041138
1531370042.3504746,11264,0.9820309281349182
1531370387.5154054,11776,1.156965732574463
1531370732.3693383,12288,0.9000669717788696
1531371078.4347384,12800,1.9038196802139282
1531371425.035213,13312,1.7726539373397827
1531371770.3713782,13824,1.4081342220306396
1531372117.312501,14336,1.2925920486450195
1531372462.7488263,14848,1.1034770011901855
1531372808.5930996,15360,1.2459912300109863
1531373153.827791,15872,1.3163938522338867
1531373499.1366065,16384,1.2048423290252686
1531373844.5884364,16896,1.11154043674469
1531374189.9321506,17408,1.904801368713379
1531374537.0580437,17920,1.2926229238510132
1531374883.1983182,18432,2.157639265060425
1531375230.4871473,18944,1.3575330972671509
1531375577.3259814,19456,1.0194426774978638
1531375925.1263926,19968,1.181788682937622
1531376271.342858,20480,1.2406938076019287
1531376617.2384818,20992,1.397925853729248
1531376963.9587946,21504,1.6119637489318848
1531377310.7415512,22016,1.559779167175293
1531377656.3325334,22528,1.5587940216064453
1531378003.647576,23040,1.6387369632720947
1531378350.4524117,23552,1.3716998100280762
1531378696.0131211,24064,1.273282766342163
1531379042.8927221,24576,1.2682124376296997
1531379389.320098,25088,1.3677241802215576
1531379735.3913126,25600,1.7857493162155151
1531380083.4683158,26112,1.1459388732910156
1531380429.4111886,26624,1.1518102884292603
1531380777.4335415,27136,1.2948579788208008
1531381123.748649,27648,1.1528071165084839
1531381470.938011,28160,1.2821420431137085
1531381817.2056844,28672,1.0766451358795166
1531382165.4896815,29184,1.316630482673645
1531382511.506292,29696,0.9710703492164612
1531382859.427814,30208,0.9952071309089661
1531383208.7303426,30720,1.5611634254455566
1531383557.0863872,31232,1.1818187236785889
1531383905.8031163,31744,1.5600861310958862
1531384253.7313979,32256,0.8873588442802429
1531384602.1998162,32768,1.0850183963775635
1531384950.4100506,33280,1.8296507596969604
1531385298.8636096,33792,1.0760458707809448
1531385646.31394,34304,1.2257351875305176
1531385994.309201,34816,0.9785192012786865
1531386342.9936254,35328,2.0621249675750732
1531386690.6867423,35840,1.5098044872283936
1531387039.1442122,36352,1.0489275455474854
1531387387.7272656,36864,1.1233845949172974
1531387735.2545943,37376,0.9886860847473145
1531388083.6805499,37888,1.0514239072799683
1531388430.9961286,38400,1.6376093626022339
1531388778.3682418,38912,1.486311674118042
1531389127.4776287,39424,1.4400006532669067
1531389474.4447935,39936,0.9109833240509033
1531389821.9376948,40448,1.8408184051513672
1531390170.2532387,40960,1.5100537538528442
1531390518.222688,41472,1.6246001720428467
1531390866.1388142,41984,1.3367780447006226
1531391214.17439,42496,1.5055925846099854
1531391561.7000349,43008,1.0720126628875732
1531391909.7679927,43520,0.9806707501411438
1531392259.3126283,44032,0.9306788444519043
1531392606.21256,44544,2.389998435974121
1531392954.6976113,45056,1.7300649881362915
1531393303.4288409,45568,0.8475744128227234
1531416779.9594848,46592,1.0211880207061768
1531417123.6158552,47104,2.4531662464141846
1531417469.2519312,47616,1.4468735456466675
1531417812.7628489,48128,1.2202008962631226
1531418159.0886006,48640,1.9445734024047852
1531418504.1707406,49152,1.3241926431655884
1531418848.3291612,49664,1.1276689767837524
1531419195.148689,50176,1.2847167253494263
1531419540.2278614,50688,0.8847893476486206
1531419886.6543803,51200,1.0430173873901367
1531420231.1568835,51712,1.4594296216964722
1531420576.2492664,52224,1.163166880607605
1531420922.5041928,52736,2.0581674575805664
1531421268.378916,53248,1.4947435855865479
1531421612.925697,53760,0.9294703602790833
1531421958.4628131,54272,1.223777413368225
1531422304.7316458,54784,1.0119445323944092
1531422650.315784,55296,1.2866556644439697
1531422994.8730793,55808,1.5419001579284668
1531423340.4603016,56320,1.1870111227035522
1531423686.762556,56832,1.3026269674301147
1531424033.2104814,57344,2.2708873748779297
1531424379.128045,57856,2.3988051414489746
1531424724.374405,58368,1.0640053749084473
1531425070.471593,58880,1.071587324142456
1531425416.5123525,59392,1.1412327289581299
1531425763.2357242,59904,1.3984813690185547
1531426108.844343,60416,1.3234573602676392
1531426455.4984493,60928,1.5127825736999512
1531426800.7176094,61440,2.1357903480529785
1531427147.667094,61952,2.027438163757324
1531427494.2005682,62464,1.7447092533111572
1531427842.7875338,62976,1.7941497564315796
1531428188.7746766,63488,2.090742588043213
1531428536.478895,64000,2.1598172187805176
1531428883.7014217,64512,1.7094402313232422
1531429231.6557412,65024,0.9295785427093506
1531429579.1342583,65536,1.8795669078826904
1531429925.9093525,66048,2.5304808616638184
1531430272.972276,66560,2.0172300338745117
1531430619.5090864,67072,1.589678168296814
1531430967.4562361,67584,1.1843273639678955
1531431314.777679,68096,2.6249752044677734
1531431662.0477757,68608,1.5524516105651855
1531432010.046573,69120,2.479116201400757
1531432357.8417015,69632,0.915188729763031
1531432705.6227489,70144,2.0830070972442627
1531433055.481268,70656,1.5582733154296875
1531433403.9572878,71168,2.1643640995025635
1531433754.0759876,71680,1.096541166305542
1531434101.2972322,72192,2.631826400756836
1531434451.6778615,72704,2.0041251182556152
1531434799.4010031,73216,1.9135738611221313
1531435149.6448689,73728,1.249714970588684
1531435498.2963588,74240,1.3951201438903809
1531435847.7037673,74752,2.617496967315674
1531436198.2675264,75264,0.8689982891082764
1531436546.5101168,75776,1.1957029104232788
1531436895.975271,76288,1.3136677742004395
1531437244.6381724,76800,1.6553763151168823
1531437593.4578407,77312,1.2467137575149536
1531437943.006538,77824,1.0744109153747559
1531438291.0772796,78336,2.0325868129730225
1531438640.5162911,78848,1.8199188709259033
1531438990.749501,79360,1.2094955444335938
1531439341.879208,79872,1.1775145530700684
1531439690.8505204,80384,2.134922981262207
1531440040.864577,80896,2.0444650650024414
1531440390.1062105,81408,1.8697823286056519
1531440741.8416257,81920,2.4399619102478027
1531441092.3933043,82432,1.3231666088104248
1531441442.0580318,82944,1.3631573915481567
1531441793.9619937,83456,1.3836379051208496
1531442145.6378093,83968,2.3840267658233643
1531517719.5205367,84992,2.086047649383545
1531518064.770622,85504,1.0726903676986694
1531518409.7573018,86016,1.708759069442749
1531518755.2646513,86528,1.897195816040039
1531519101.3662207,87040,2.6567392349243164
1531519449.1396801,87552,1.1056874990463257
1531519795.5142815,88064,1.497081995010376
1531520142.5774105,88576,1.5548088550567627
1531520489.2535396,89088,1.6745458841323853
1531520836.19832,89600,2.4724063873291016
1531521183.4393983,90112,1.6753631830215454
1531521531.1113195,90624,0.8051891922950745
1531521879.400496,91136,1.23772394657135
1531522226.9305847,91648,0.854560136795044
1531522575.0113082,92160,1.8010427951812744
1531522922.9459875,92672,3.374099016189575
1531523270.3099108,93184,1.980231761932373
1531523617.8865802,93696,1.6091368198394775
1531523966.0534205,94208,1.7908110618591309
1531524314.1270368,94720,2.9307210445404053
1531524663.6620154,95232,2.3500213623046875
1531525012.430655,95744,1.4803812503814697
1531525360.480263,96256,1.2175590991973877
1531525708.9309924,96768,0.8773077130317688
1531526057.1625338,97280,1.153223991394043
