wall_time,step,value
1530471111.344707,128,-68.42557525634766
1530471167.301256,256,-42.43761444091797
1530471223.3625515,384,-26.499237060546875
1530471279.4946852,512,-16.90619659423828
1530471394.7026174,640,-10.151026725769043
1530471450.7784114,768,-8.659859657287598
1530471507.0395453,896,-7.216712951660156
1530471563.2743013,1024,-8.81782341003418
1530471676.9808571,1152,-8.413917541503906
1530471733.1487215,1280,-7.320986270904541
1530471789.346569,1408,-8.429300308227539
1530471845.5495155,1536,-7.221614837646484
1530471961.993676,1664,-7.390214920043945
1530472018.1831403,1792,-6.667766571044922
1530472074.3772473,1920,-6.376662731170654
1530472130.6621242,2048,-6.063031196594238
1530472244.9369204,2176,-6.680825710296631
1530472301.050612,2304,-6.511903285980225
1530472357.3287597,2432,-6.544145584106445
1530472413.5282319,2560,-6.42636251449585
1530472526.9315813,2688,-5.638368606567383
1530472583.1160617,2816,-6.337038040161133
1530472639.3130643,2944,-5.533172607421875
1530472695.517798,3072,-5.44160270690918
1530472809.6943767,3200,-4.971329689025879
1530472865.7827215,3328,-5.359854698181152
1530472921.9348495,3456,-5.254772186279297
1530472978.1128953,3584,-4.700110912322998
1530473092.5395296,3712,-4.924581527709961
1530473148.6839485,3840,-4.848970890045166
1530473204.9407654,3968,-4.970447063446045
1530473261.0900598,4096,-4.973501682281494
1530473374.7912269,4224,-4.847500801086426
1530473430.9061322,4352,-5.438918113708496
1530473487.0705712,4480,-4.755155086517334
1530473543.3023968,4608,-4.728884696960449
1530473658.090977,4736,-4.39293909072876
1530473714.1336782,4864,-4.382745265960693
1530473770.4137788,4992,-4.157107830047607
1530473826.5459876,5120,-4.483494758605957
1530473941.2715588,5248,-3.9770264625549316
1530473997.2815046,5376,-4.56007719039917
1530474053.5464127,5504,-4.324838161468506
1530474109.6663437,5632,-4.326559543609619
1530474225.325248,5760,-3.939819574356079
1530474281.351532,5888,-4.164220809936523
1530474337.4785752,6016,-3.9509453773498535
1530474393.6719983,6144,-4.056982517242432
1530474508.0922096,6272,-4.044307231903076
1530474564.1599782,6400,-3.932974100112915
1530474620.3929965,6528,-3.8765006065368652
1530474676.5180795,6656,-3.602466106414795
1530474791.411686,6784,-3.9775404930114746
1530474847.4185631,6912,-3.8817408084869385
1530474903.7046564,7040,-3.846292018890381
1530474959.9765542,7168,-3.9218037128448486
1530475074.4843156,7296,-3.784895896911621
1530475130.6157353,7424,-3.699915647506714
1530475186.8611119,7552,-3.8540656566619873
1530475243.0035052,7680,-3.7982234954833984
1530475357.0080466,7808,-3.4324374198913574
1530475413.1749036,7936,-3.6804165840148926
1530475469.3912725,8064,-3.631546974182129
1530475525.60037,8192,-3.609128952026367
1530475639.2493997,8320,-3.7495296001434326
1530475695.3814487,8448,-3.5784223079681396
1530475751.5823603,8576,-3.6560561656951904
1530475807.7721076,8704,-3.4975414276123047
1530475920.9536283,8832,-3.8004026412963867
1530475977.0392005,8960,-3.666682720184326
1530476033.175442,9088,-3.527170181274414
1530476089.3799813,9216,-3.671379566192627
1530476203.6480598,9344,-3.6204662322998047
1530476259.768808,9472,-3.21134090423584
1530476315.9182003,9600,-3.5023481845855713
1530476371.99884,9728,-3.194275379180908
1530476486.5417912,9856,-3.166193962097168
1530476542.7848313,9984,-3.5933032035827637
1530476598.899035,10112,-3.5102148056030273
1530476655.1752195,10240,-3.4529285430908203
1530476769.0282035,10368,-3.222623825073242
1530476825.1030476,10496,-3.3199615478515625
1530476881.34145,10624,-3.2299134731292725
1530476937.5018044,10752,-3.166405439376831
1530477050.457555,10880,-3.2101564407348633
1530477106.523923,11008,-3.093292236328125
1530477162.6733046,11136,-3.1530559062957764
1530477218.9201472,11264,-3.092177391052246
1530477332.595759,11392,-2.9623043537139893
1530477388.7241805,11520,-2.8874354362487793
1530477444.9779634,11648,-3.00348162651062
1530477501.1398969,11776,-3.2168681621551514
1530477614.8727984,11904,-3.180851936340332
1530477671.0164871,12032,-3.009767532348633
1530477727.1815727,12160,-3.0452654361724854
1530477783.4220188,12288,-3.0500922203063965
1530477896.669708,12416,-3.0101494789123535
1530477952.6929564,12544,-3.126267671585083
1530478008.9195476,12672,-3.072608709335327
1530478065.1126018,12800,-3.108980894088745
1530478178.1719575,12928,-2.8560383319854736
1530478234.311684,13056,-3.263234853744507
1530478290.5585399,13184,-3.041863441467285
1530478346.7814388,13312,-2.6350250244140625
1530478458.5207033,13440,-2.8924474716186523
1530478514.614513,13568,-2.9094772338867188
1530478570.8262296,13696,-2.7460527420043945
1530478626.9812026,13824,-2.866227865219116
1530478740.5041213,13952,-2.972353219985962
1530478796.5136771,14080,-2.83268404006958
1530478852.7546983,14208,-2.6632094383239746
1530478908.927401,14336,-2.680912494659424
1530479023.0532138,14464,-2.6993868350982666
1530479079.2539887,14592,-2.632847309112549
1530479135.5010047,14720,-2.6728451251983643
1530479191.716252,14848,-2.7584853172302246
1530479304.4936953,14976,-2.8249621391296387
1530479360.6122222,15104,-2.6730220317840576
1530479416.8447955,15232,-2.8232223987579346
1530479473.0158,15360,-2.7578649520874023
1530479587.5321338,15488,-2.6655290126800537
1530479643.7919562,15616,-2.684302806854248
1530479700.0580919,15744,-2.5757477283477783
1530479756.3179731,15872,-2.6436564922332764
1530479869.9811063,16000,-2.747462511062622
1530479926.2162821,16128,-2.8212430477142334
1530479982.5244026,16256,-2.5984857082366943
1530480038.7836812,16384,-2.724696159362793
1530480151.6857603,16512,-2.6266727447509766
1530480207.946481,16640,-2.6364541053771973
1530480264.2389162,16768,-2.7782745361328125
1530480320.5498548,16896,-2.659092903137207
1530480433.3502417,17024,-2.3663814067840576
1530480489.595069,17152,-2.538872480392456
1530480545.817073,17280,-2.5020878314971924
1530480602.161569,17408,-2.720048427581787
1530480715.9333816,17536,-2.508366346359253
1530480772.2101438,17664,-2.442291259765625
1530480828.5670335,17792,-2.4334568977355957
1530480884.8199143,17920,-2.475111722946167
1530480997.9532645,18048,-2.4956088066101074
1530481054.2495604,18176,-2.4849624633789062
1530481110.6005952,18304,-2.4695773124694824
1530481166.8498404,18432,-2.4068500995635986
1530481279.2638521,18560,-2.2741496562957764
1530481335.6241271,18688,-2.525709629058838
1530481391.8803582,18816,-2.465317726135254
1530481448.1516922,18944,-2.7787089347839355
1530481559.7111423,19072,-2.51242995262146
1530481616.0681088,19200,-2.1476833820343018
1530481672.3992062,19328,-2.388046979904175
1530481728.673719,19456,-2.56768798828125
1530481841.6039202,19584,-2.7094061374664307
1530481898.0293233,19712,-2.309457302093506
1530481954.2745368,19840,-2.466243267059326
1530482010.543012,19968,-2.452848434448242
1530482123.2169127,20096,-2.241750717163086
1530482179.4818199,20224,-2.3320815563201904
1530482235.846805,20352,-2.3462398052215576
1530482292.157493,20480,-2.4987072944641113
1530482405.4790566,20608,-2.148256778717041
1530482461.7783184,20736,-2.3637566566467285
1530482518.123715,20864,-2.4143805503845215
1530482574.465879,20992,-2.290177583694458
1530482687.7440453,21120,-2.3030285835266113
1530482744.0350769,21248,-2.2433032989501953
1530482800.3941472,21376,-2.217315196990967
1530482856.7010324,21504,-2.1107194423675537
1530482970.906679,21632,-2.167560577392578
1530483027.165158,21760,-2.20747447013855
1530483083.5244691,21888,-2.296752452850342
1530483139.8365946,22016,-2.2224369049072266
1530483252.6999888,22144,-2.33914852142334
1530483309.038692,22272,-2.0720534324645996
1530483365.34339,22400,-2.336775064468384
1530483421.637692,22528,-1.961889624595642
1530483535.1609657,22656,-2.0772194862365723
1530483591.5601983,22784,-1.968445062637329
1530483647.9329107,22912,-2.4326696395874023
1530483704.374014,23040,-2.1623916625976562
1530483817.3987143,23168,-2.167078971862793
1530483873.799172,23296,-2.0471229553222656
1530483930.123732,23424,-2.1085593700408936
1530483986.509714,23552,-1.981011986732483
1530484100.8555348,23680,-2.234529972076416
1530484157.2231658,23808,-2.2694265842437744
1530484213.6439128,23936,-2.127190589904785
1530484269.9729612,24064,-2.076906204223633
1530484383.176771,24192,-2.1981546878814697
1530484439.6169045,24320,-2.034064769744873
1530484495.9474666,24448,-1.7495181560516357
1530484552.40075,24576,-2.072143793106079
1530484666.6263967,24704,-2.1375551223754883
1530484722.9698322,24832,-2.0904829502105713
1530484779.2992036,24960,-1.987540364265442
1530484835.573645,25088,-2.1204681396484375
1530484950.0825155,25216,-2.0550479888916016
1530485006.4065254,25344,-1.980802297592163
1530485062.7957017,25472,-1.9455257654190063
1530485119.1053724,25600,-2.0092761516571045
1530485232.567173,25728,-2.2020440101623535
1530485288.9673605,25856,-2.049849510192871
1530485345.330337,25984,-2.083780527114868
1530485401.6689472,26112,-2.022056818008423
1530485516.039792,26240,-1.771315336227417
1530485572.3755243,26368,-1.9959906339645386
1530485628.702248,26496,-2.1282260417938232
1530485685.080552,26624,-2.0498032569885254
1530485798.5065715,26752,-2.1217193603515625
1530485854.8260205,26880,-1.9986724853515625
1530485911.2421231,27008,-2.0271241664886475
1530485967.745787,27136,-2.0399117469787598
1530486082.4889643,27264,-1.8738278150558472
1530486138.8592625,27392,-1.9265214204788208
1530486195.24754,27520,-1.9802943468093872
1530486251.6225379,27648,-1.9757448434829712
1530486364.7241247,27776,-2.0612268447875977
1530486421.1090724,27904,-1.72797429561615
1530486477.4497483,28032,-1.853746771812439
1530486533.9252138,28160,-1.8554491996765137
1530486647.809863,28288,-2.0746328830718994
1530486704.1465206,28416,-2.032180070877075
1530486760.5598874,28544,-1.9525595903396606
1530486816.9162931,28672,-1.8960191011428833
1530486932.3851068,28800,-2.016233444213867
1530486988.781096,28928,-1.9885631799697876
1530487045.2213132,29056,-1.986620306968689
1530487101.5930371,29184,-1.9627442359924316
1530487215.1300478,29312,-2.083270788192749
1530487271.5742345,29440,-1.9630616903305054
1530487327.9097583,29568,-1.8005778789520264
1530487384.289537,29696,-1.8295265436172485
1530487498.834836,29824,-1.7640234231948853
1530487555.208091,29952,-2.1762795448303223
1530487611.694874,30080,-1.6134717464447021
1530487668.0617476,30208,-1.7480467557907104
1530487783.6419423,30336,-1.9822969436645508
1530487840.0090551,30464,-1.7825968265533447
1530487896.400797,30592,-2.1291582584381104
1530487952.7554166,30720,-1.7474963665008545
1530488067.109156,30848,-2.0120747089385986
1530488123.4688802,30976,-2.015503168106079
1530488179.9014564,31104,-1.9445644617080688
1530488236.3679125,31232,-1.5948537588119507
1530488351.2881868,31360,-1.9095615148544312
1530488407.6848695,31488,-2.041971445083618
1530488464.067454,31616,-1.7954027652740479
1530488520.3665638,31744,-2.022169351577759
1530488634.596515,31872,-1.9089032411575317
1530488690.9548614,32000,-1.9410295486450195
1530488747.344808,32128,-2.0368587970733643
1530488803.723827,32256,-1.736754059791565
1530488919.3975663,32384,-1.973633885383606
1530488975.774722,32512,-1.8994450569152832
1530489032.208277,32640,-1.6804925203323364
1530489088.6699889,32768,-1.730606198310852
1530489204.6398683,32896,-1.879362940788269
1530489260.9807107,33024,-1.638628602027893
1530489317.3825285,33152,-1.7621612548828125
1530489373.8452444,33280,-1.8459573984146118
1530489489.1208599,33408,-1.8823027610778809
1530489545.5793324,33536,-1.5483019351959229
1530489601.989155,33664,-1.6550523042678833
1530489658.4213986,33792,-1.8249176740646362
1530489773.1737602,33920,-1.851388931274414
1530489829.3863628,34048,-1.7285215854644775
1530489885.7994592,34176,-1.7715706825256348
1530489942.2092488,34304,-1.9934383630752563
1530490056.579843,34432,-1.7083837985992432
1530490112.8876255,34560,-1.8046917915344238
1530490169.1906075,34688,-1.920680046081543
1530490225.4807131,34816,-1.9641978740692139
1530490340.2541628,34944,-1.7345689535140991
1530490396.5036983,35072,-1.6439882516860962
1530490452.9546928,35200,-1.7340575456619263
1530490509.2690578,35328,-1.8298826217651367
1530490625.4771004,35456,-1.7040282487869263
1530490681.7573814,35584,-1.640340805053711
1530490738.1764686,35712,-1.7903612852096558
1530490794.5258725,35840,-1.8653385639190674
1530490910.1568344,35968,-2.092158555984497
1530490966.55473,36096,-1.653059720993042
1530491022.8601139,36224,-1.8302773237228394
1530491079.247768,36352,-1.514979600906372
1530491194.0499144,36480,-1.8018336296081543
1530491250.4245305,36608,-1.5800652503967285
1530491306.8823392,36736,-1.5253784656524658
1530491363.1161072,36864,-1.5334911346435547
1530491477.6539402,36992,-1.6965123414993286
1530491534.0923758,37120,-1.7990347146987915
1530491590.4199536,37248,-1.671399474143982
1530491646.8199105,37376,-1.6213948726654053
1530491760.6760986,37504,-1.616015911102295
1530491817.0972261,37632,-1.8557881116867065
1530491873.4295092,37760,-1.770302176475525
1530491929.7285323,37888,-1.4669972658157349
1530492045.5946145,38016,-1.785735011100769
1530492101.9141827,38144,-1.8908485174179077
1530739900.4643033,38528,-1.56670343875885
1530739956.6202219,38656,-1.6868852376937866
1530740012.9696722,38784,-1.6900169849395752
1530740069.26616,38912,-1.6469855308532715
1530740180.3141305,39040,-1.8312909603118896
1530740236.541716,39168,-1.6729001998901367
1530740292.8416326,39296,-1.522308588027954
1530740349.107377,39424,-1.6024707555770874
1530740459.1443968,39552,-1.5980844497680664
1530740515.3831973,39680,-1.7324286699295044
1530740571.6138744,39808,-1.519993782043457
1530740627.917875,39936,-1.631103277206421
1530740738.860862,40064,-1.7777575254440308
1530740795.0621016,40192,-1.5630778074264526
1530740851.2841592,40320,-2.0477821826934814
1530740907.5646734,40448,-1.5683304071426392
1530741017.5990376,40576,-1.571566104888916
1530741073.828579,40704,-1.6948094367980957
1530741130.1426659,40832,-1.637073040008545
1530741186.3256204,40960,-1.5709401369094849
1530741297.2424598,41088,-1.72252357006073
1530741353.4893274,41216,-1.5714033842086792
1530741409.8620346,41344,-1.3407515287399292
1530741466.1076927,41472,-1.6757965087890625
1530741577.2907722,41600,-1.4812322854995728
1530741633.5213373,41728,-1.6143606901168823
1530741689.8831244,41856,-1.3645102977752686
1530741746.1575124,41984,-1.726463794708252
1530741856.4046397,42112,-1.6934727430343628
1530741912.6974185,42240,-1.4922236204147339
1530741969.0200367,42368,-1.5330430269241333
1530742025.3413343,42496,-1.4396244287490845
1530742135.968832,42624,-1.7430505752563477
1530742192.254545,42752,-1.826831340789795
1530742248.5619557,42880,-1.4293076992034912
1530742304.9434643,43008,-1.342667818069458
1530742415.45081,43136,-1.5308594703674316
1530742471.760144,43264,-1.4065642356872559
1530742528.0227726,43392,-1.5263335704803467
1530742584.4653416,43520,-1.3969074487686157
1530742697.0254264,43648,-1.4109781980514526
1530742753.3978486,43776,-1.4609588384628296
1530742809.6995497,43904,-1.5139826536178589
1530742866.0614145,44032,-1.6101579666137695
1530742978.5701816,44160,-1.506320834159851
1530743034.8207645,44288,-1.7226992845535278
1530743091.0915904,44416,-1.5920675992965698
1530743147.4329205,44544,-1.465648889541626
1530743258.8580205,44672,-1.4185960292816162
1530743315.2785592,44800,-1.7726945877075195
1530743371.5897424,44928,-1.5352798700332642
1530743427.9591784,45056,-1.5402376651763916
1530743539.7393868,45184,-1.4373189210891724
1530743596.0780745,45312,-1.6332345008850098
1530743652.3850877,45440,-1.4750170707702637
1530743708.7309668,45568,-1.4442713260650635
1530743821.0410461,45696,-1.5575212240219116
1530743877.5307105,45824,-1.6233550310134888
1530743933.9686618,45952,-1.555313229560852
1530743990.3775983,46080,-1.4801803827285767
1530744103.7761648,46208,-1.4509791135787964
1530744160.0767992,46336,-1.4790531396865845
1530744216.526635,46464,-1.6600624322891235
1530744272.8197777,46592,-1.3053557872772217
1530744385.2544744,46720,-1.5992872714996338
1530744441.570164,46848,-1.559215784072876
1530744497.9770312,46976,-1.3996586799621582
1530744554.3474438,47104,-1.5144047737121582
1530744666.1855185,47232,-1.5509161949157715
1530744722.5105438,47360,-1.6836947202682495
1530744778.8213356,47488,-1.6411163806915283
1530744835.1474602,47616,-1.3867404460906982
1530744947.8220298,47744,-1.5006822347640991
1530745004.2090027,47872,-1.5043359994888306
1530745060.5357864,48000,-1.4791518449783325
1530745116.8049724,48128,-1.5015981197357178
1530745229.0389702,48256,-1.5974889993667603
1530745285.369284,48384,-1.5011190176010132
1530745341.7250643,48512,-1.4911757707595825
1530745398.0388193,48640,-1.4066987037658691
1530745509.445562,48768,-1.4895306825637817
1530745565.7760236,48896,-1.4407811164855957
1530745622.101689,49024,-1.6009248495101929
1530745678.5402415,49152,-1.5021454095840454
1530745791.3759544,49280,-1.464066505432129
1530745847.7916949,49408,-1.5506283044815063
1530745904.112918,49536,-1.354860544204712
1530745960.454915,49664,-1.4924194812774658
1530746072.411775,49792,-1.574328064918518
1530746128.7704904,49920,-1.4927868843078613
1530746185.2203882,50048,-1.4817566871643066
1530746241.5935357,50176,-1.4047678709030151
1530746355.081286,50304,-1.5625622272491455
1530746411.5065422,50432,-1.4038708209991455
1530746467.9352646,50560,-1.259371042251587
1530746524.2691998,50688,-1.4757064580917358
1530746635.8884954,50816,-1.0137126445770264
1530746692.3011642,50944,-1.2201323509216309
1530746748.657867,51072,-1.3433058261871338
1530746804.9314072,51200,-1.2568087577819824
1530746917.0681245,51328,-1.3271018266677856
1530746973.57394,51456,-1.488468885421753
1530747030.05481,51584,-1.4186480045318604
1530747086.4299712,51712,-1.4979417324066162
1530747199.0276515,51840,-1.4339542388916016
1530747255.3771873,51968,-1.4858959913253784
1530747311.7475486,52096,-1.4479490518569946
1530747368.0825005,52224,-1.435010313987732
1530747480.853649,52352,-1.352851390838623
1530747537.0933867,52480,-1.362861156463623
1530747593.6226814,52608,-1.531403660774231
1530747650.034968,52736,-1.3961783647537231
1530747762.9192567,52864,-1.4123636484146118
1530747819.208773,52992,-1.511331558227539
1530747875.6788254,53120,-1.4477663040161133
1530747932.0466764,53248,-1.3912606239318848
1530748044.0750258,53376,-1.2847497463226318
1530748100.4053323,53504,-1.3036829233169556
1530748156.7290773,53632,-1.3661868572235107
1530748213.119109,53760,-1.4468914270401
1530748326.651735,53888,-1.518134355545044
1530748383.1234725,54016,-1.357569694519043
1530748439.468547,54144,-1.503026008605957
1530748495.8110645,54272,-1.5445467233657837
1530748607.7840753,54400,-1.3426830768585205
1530748664.0867946,54528,-1.3781652450561523
1530748720.4725182,54656,-1.438246726989746
1530748776.7528498,54784,-1.4816296100616455
1530748889.040062,54912,-1.2922511100769043
1530748945.3676805,55040,-1.3270058631896973
1530749001.7451336,55168,-1.5643196105957031
1530749058.1543186,55296,-1.393072485923767
1530749171.065995,55424,-1.4893441200256348
1530749227.357448,55552,-1.4266164302825928
1530749283.6975172,55680,-1.343181848526001
1530749340.0268254,55808,-1.3854758739471436
1530749452.143087,55936,-1.3401907682418823
1530749508.4726245,56064,-1.2701854705810547
1530749564.8581626,56192,-1.5009180307388306
1530749621.2823644,56320,-1.5269644260406494
1530749733.971734,56448,-1.335860252380371
1530749790.353623,56576,-1.210152506828308
1530749846.7389946,56704,-1.3569477796554565
1530749903.0770228,56832,-1.4247844219207764
1530750015.9714816,56960,-1.2551510334014893
1530750072.478108,57088,-1.3481155633926392
1530750128.877418,57216,-1.51852285861969
1530750185.1921234,57344,-1.4865150451660156
1530750298.6460621,57472,-1.2528467178344727
1530750354.9724734,57600,-1.400508165359497
1530750411.399834,57728,-1.3441132307052612
1530750467.8097944,57856,-1.5193121433258057
1530750580.8957276,57984,-1.283172369003296
1530750637.2034276,58112,-1.2316468954086304
1530750693.464108,58240,-1.4478352069854736
1530750749.7449808,58368,-1.2874070405960083
1530750863.3659067,58496,-1.336876392364502
1530750919.6956537,58624,-1.4856693744659424
1530750975.9864237,58752,-1.3801671266555786
1530751032.2919157,58880,-1.3519678115844727
1530751145.7044072,59008,-1.3768633604049683
1530751201.9702234,59136,-1.258126139640808
1530751258.287984,59264,-1.3291442394256592
1530751314.4724686,59392,-1.2036230564117432
1530751426.254504,59520,-1.2751848697662354
1530751482.555507,59648,-1.3776302337646484
1530751538.8150902,59776,-1.4947127103805542
1530751595.0747287,59904,-1.1928942203521729
1530751708.751956,60032,-1.4445686340332031
1530751765.0153098,60160,-1.3204188346862793
1530751821.3098845,60288,-1.3496869802474976
1530751877.5191815,60416,-1.3536649942398071
1530751991.044054,60544,-1.2900261878967285
1530752047.429055,60672,-1.3920940160751343
1530752103.9324372,60800,-1.3204312324523926
1530752160.3495054,60928,-1.1136802434921265
1530752274.3293188,61056,-1.338733196258545
1530752330.6176198,61184,-1.3264349699020386
1530752386.9648416,61312,-1.358178973197937
1530752443.1391454,61440,-1.3372843265533447
1530752555.505446,61568,-1.407784104347229
1530752611.7659347,61696,-1.383758306503296
1530752668.0285892,61824,-1.415366530418396
1530752724.321905,61952,-1.3220428228378296
1530752836.4598885,62080,-1.1568809747695923
1530752892.7238386,62208,-1.4464236497879028
1530752949.024978,62336,-1.3803857564926147
1530753005.3266892,62464,-1.264728307723999
1530753119.5427713,62592,-1.17500901222229
1530753175.7474155,62720,-1.411049246788025
1530753232.0774143,62848,-1.4390751123428345
1530753288.401765,62976,-1.2567236423492432
1530753400.7201233,63104,-1.3503676652908325
1530753456.998767,63232,-1.4004321098327637
1530753513.4841497,63360,-1.1542675495147705
1530753569.9270754,63488,-1.2224931716918945
1530753683.163676,63616,-1.2029316425323486
1530753739.667019,63744,-1.368544101715088
1530753796.1114542,63872,-1.4189815521240234
1530753852.5468135,64000,-1.2973384857177734
1530753967.4139955,64128,-1.1944091320037842
1530754023.7905042,64256,-1.3922394514083862
1530754080.1516442,64384,-1.3985203504562378
1530754136.6316037,64512,-1.2436000108718872
1530754250.2330148,64640,-1.287733793258667
1530754306.5441325,64768,-1.0986320972442627
1530754362.8863337,64896,-1.2729501724243164
1530754419.273408,65024,-1.2864117622375488
1530754533.3303213,65152,-1.2519092559814453
1530754589.7737842,65280,-1.339341640472412
1530754646.2297795,65408,-1.3771997690200806
1530754702.5476413,65536,-1.3395800590515137
1530754816.558895,65664,-1.4664504528045654
1530754873.0833907,65792,-1.33808434009552
1530754929.4852612,65920,-1.2503492832183838
1530754985.8656852,66048,-1.2729120254516602
1530755100.8427403,66176,-1.254900336265564
1530755157.179998,66304,-1.2742860317230225
1530755213.5912132,66432,-1.1752792596817017
1530755269.9097762,66560,-1.2918431758880615
1530755383.4799364,66688,-1.1517994403839111
1530755439.851697,66816,-1.190915822982788
1530755496.196581,66944,-1.3867582082748413
1530755552.5334165,67072,-1.3563159704208374
1530755666.3509874,67200,-1.3415683507919312
1530755722.6994066,67328,-1.1517701148986816
1530755779.1077964,67456,-1.2004472017288208
1530755835.3892655,67584,-1.4021141529083252
1530755949.023852,67712,-1.4255222082138062
1530756005.359476,67840,-1.2004175186157227
1530756061.7544537,67968,-1.3367528915405273
1530756118.0938675,68096,-1.2073560953140259
1530756232.2970862,68224,-1.3358492851257324
1530756288.6574032,68352,-1.241129994392395
1530756345.1496463,68480,-1.1580734252929688
1530756401.5544548,68608,-1.0849155187606812
1530756514.8394377,68736,-1.124695062637329
1530756571.2288628,68864,-1.2952033281326294
1530756627.6653404,68992,-1.2743746042251587
1530756684.2038987,69120,-1.1624714136123657
1530756797.4961374,69248,-1.2224464416503906
1530756853.8453279,69376,-1.228004813194275
1530756910.3847606,69504,-1.343693494796753
1530756966.7176244,69632,-1.0918117761611938
1530757081.2473254,69760,-1.1444820165634155
1530757137.414026,69888,-1.0921282768249512
1530757193.665315,70016,-1.2541990280151367
1530757249.9159796,70144,-1.4844720363616943
1530757363.3733823,70272,-1.2603572607040405
1530757419.6062126,70400,-1.305077314376831
1530757476.0205474,70528,-1.1386562585830688
1530757532.226838,70656,-1.334749460220337
1530757647.086203,70784,-1.2126346826553345
1530757703.3762975,70912,-1.234402060508728
1530757759.5728698,71040,-1.3482434749603271
1530757815.9409335,71168,-1.2321124076843262
1530757929.8668952,71296,-1.182952642440796
1530757986.1213944,71424,-1.1920870542526245
1530758042.3691247,71552,-1.2372983694076538
1530758098.662343,71680,-1.1914594173431396
1530758212.3313634,71808,-1.3067654371261597
1530758268.5466828,71936,-1.0502395629882812
1530758324.8493211,72064,-1.3705449104309082
1530758381.198401,72192,-1.2995266914367676
1530758495.7616587,72320,-1.156341552734375
1530758552.0998368,72448,-1.4172602891921997
1530758608.395156,72576,-1.2045977115631104
1530758664.6035748,72704,-1.3556967973709106
1530758778.0161922,72832,-1.2216176986694336
1530758834.3247716,72960,-1.3316731452941895
1530758890.6715271,73088,-1.278719425201416
1530758947.0013776,73216,-1.0883798599243164
1530759062.6400476,73344,-1.194919228553772
1530759119.0286503,73472,-1.168284296989441
1530759175.2793462,73600,-1.4108339548110962
1530759231.6544325,73728,-1.3804649114608765
1530759345.2557223,73856,-1.2263720035552979
1530759401.7527363,73984,-1.014190435409546
1530759458.0715911,74112,-1.2763683795928955
1530759514.3655553,74240,-1.2414132356643677
1530759628.9220839,74368,-1.0935945510864258
1530759685.3115923,74496,-1.2974278926849365
1530759741.706515,74624,-1.1020042896270752
1530759798.094857,74752,-1.1907386779785156
1530759912.6980603,74880,-1.3319494724273682
1530759969.1088922,75008,-1.3123821020126343
1530760025.4212365,75136,-1.0909812450408936
1530760081.779818,75264,-1.212412714958191
1530769807.8797224,75392,-1.3541706800460815
1530769864.0398207,75520,-1.1393297910690308
1530769920.173932,75648,-1.3275830745697021
1530769976.3556695,75776,-1.2316784858703613
1530770086.9045634,75904,-1.0246082544326782
1530770143.1468267,76032,-1.1688249111175537
1530770199.274409,76160,-0.9804295301437378
1530770255.5480008,76288,-1.3057852983474731
1530770367.3631124,76416,-1.2756537199020386
1530770423.7261224,76544,-1.1641515493392944
1530770479.9357452,76672,-1.1738340854644775
1530770536.21952,76800,-1.21757173538208
1530770647.328498,76928,-1.2104535102844238
1530770703.6713161,77056,-1.1394368410110474
1530770759.9271438,77184,-0.8579763770103455
1530770816.1566017,77312,-1.2834298610687256
1530770929.0296195,77440,-1.2216980457305908
1530770985.2102888,77568,-1.253941535949707
1530771041.5006802,77696,-1.2469903230667114
1530771097.737509,77824,-1.1246405839920044
1530771208.580053,77952,-1.1445996761322021
1530771264.7774682,78080,-1.1145859956741333
1530771320.927557,78208,-1.0687803030014038
1530771377.1403801,78336,-1.1799495220184326
1530771488.5927584,78464,-1.274522066116333
1530771544.7973828,78592,-0.9548673033714294
1530771601.0760334,78720,-1.276442527770996
1530771657.3860035,78848,-1.1073895692825317
1530771768.7755604,78976,-1.0400402545928955
1530771825.0097303,79104,-1.1168491840362549
1530771881.243042,79232,-1.1379214525222778
1530771937.4512968,79360,-1.1102131605148315
1530772048.7421002,79488,-1.3462270498275757
1530772105.0479147,79616,-1.1288161277770996
1530772161.269346,79744,-1.1345312595367432
1530772217.5024564,79872,-1.1347599029541016
1530772328.5320542,80000,-1.3145359754562378
1530772384.8535178,80128,-1.1012948751449585
1530772441.193368,80256,-1.1738306283950806
1530772497.5007164,80384,-1.3430304527282715
1530772609.871093,80512,-1.216128945350647
1530772666.0817437,80640,-1.3898630142211914
1530772722.3338091,80768,-1.1779148578643799
1530772778.6181998,80896,-1.312867522239685
1530772891.1897612,81024,-1.2146750688552856
1530772947.2777793,81152,-1.1672799587249756
1530773003.635348,81280,-1.0630463361740112
1530773059.8822875,81408,-1.2399098873138428
1530773172.3438087,81536,-1.21971595287323
1530773228.598141,81664,-1.3209985494613647
1530773284.9383373,81792,-1.146064281463623
1530773341.2161148,81920,-1.3375322818756104
1530773453.515549,82048,-1.2987215518951416
1530773509.8427725,82176,-1.195750117301941
1530773566.0990446,82304,-1.1537995338439941
1530773622.4219732,82432,-1.2767137289047241
1530773734.1185505,82560,-1.2194949388504028
1530773790.3645198,82688,-1.0803238153457642
1530773846.6709328,82816,-1.1594761610031128
1530773902.9497154,82944,-1.2895427942276
1530774015.0412526,83072,-1.1309735774993896
1530774071.279597,83200,-1.045384168624878
1530774127.5130677,83328,-1.2839714288711548
1530774183.7377846,83456,-1.186078667640686
1530774297.1659758,83584,-1.2113152742385864
1530774353.4481215,83712,-1.1298518180847168
1530774409.7235086,83840,-1.1214317083358765
1530774465.9589818,83968,-1.2040950059890747
1530774579.1342301,84096,-1.2044594287872314
1530774635.3350267,84224,-1.1537439823150635
1530774691.5075395,84352,-1.114795446395874
1530774747.7146974,84480,-1.2311830520629883
1530774859.7806618,84608,-1.2730379104614258
1530774915.9600883,84736,-1.1790008544921875
1530774972.266146,84864,-1.1399586200714111
1530775028.468395,84992,-1.1317218542099
1530775139.6838899,85120,-1.2562930583953857
1530775195.916291,85248,-1.034017562866211
1530775252.1065059,85376,-1.181822419166565
1530775308.2359848,85504,-1.280696153640747
1530775419.8183126,85632,-1.2003639936447144
1530775476.0378494,85760,-1.1901850700378418
1530775532.187932,85888,-1.1473923921585083
1530775588.3548875,86016,-1.1574738025665283
1530775700.40024,86144,-1.2188111543655396
1530775756.5357008,86272,-1.0144150257110596
1530775812.7750473,86400,-1.0025714635849
1530775868.920739,86528,-1.0557163953781128
1530775982.4965332,86656,-1.2383267879486084
1530776038.8014684,86784,-0.9158129692077637
1530776095.1135314,86912,-1.113061785697937
1530776151.4922488,87040,-0.9784795045852661
1530776263.2553124,87168,-0.9801398515701294
1530776319.4712443,87296,-1.1117874383926392
1530776375.6895995,87424,-1.2655580043792725
1530776431.8394096,87552,-1.1818077564239502
1530776543.8928304,87680,-1.0887750387191772
1530776600.107764,87808,-1.191880464553833
1530776656.4314256,87936,-1.2081085443496704
1530776712.7630095,88064,-1.3242453336715698
1530776825.6530187,88192,-1.1630430221557617
1530776881.944282,88320,-0.903989315032959
1530776938.1992412,88448,-1.0682690143585205
1530776994.561241,88576,-1.1120251417160034
1530777107.9260342,88704,-0.924616813659668
1530777164.1287622,88832,-0.918455958366394
1530777220.3270788,88960,-1.2183524370193481
1530777276.5857246,89088,-1.238599419593811
1530777388.3413355,89216,-0.8893725872039795
1530777444.4376397,89344,-1.327172875404358
1530777500.7375326,89472,-1.1627516746520996
1530777556.9598694,89600,-0.9986586570739746
1530777669.0724096,89728,-1.3109276294708252
1530777725.3470557,89856,-1.0889017581939697
1530777781.6420648,89984,-1.0995975732803345
1530777837.8747203,90112,-1.2041066884994507
1530777950.022543,90240,-0.942179262638092
1530778006.249416,90368,-1.1987890005111694
1530778062.4381528,90496,-1.0616028308868408
1530778118.6257067,90624,-1.2176867723464966
1530778230.942257,90752,-1.0141065120697021
1530778287.0839581,90880,-1.0547397136688232
1530778343.3349192,91008,-1.118924617767334
1530778399.5328367,91136,-1.229260802268982
1530778511.2469022,91264,-1.092773675918579
1530778567.4018602,91392,-1.0177721977233887
1530778623.614571,91520,-1.0208100080490112
1530778679.825273,91648,-1.2975181341171265
1530778792.4775097,91776,-1.0592542886734009
1530778848.711997,91904,-0.9613751769065857
1530778905.0186956,92032,-1.0696622133255005
1530778961.1506476,92160,-0.858547031879425
1530779073.4022548,92288,-1.1627169847488403
1530779129.7243001,92416,-1.1082329750061035
1530779185.951314,92544,-1.2107337713241577
1530779242.2468357,92672,-1.071622610092163
1530779355.837127,92800,-1.095030426979065
1530779412.0902,92928,-1.096674919128418
1530779468.3239202,93056,-1.231225848197937
1530779524.5843842,93184,-0.9364743232727051
1530779637.1899154,93312,-1.204958200454712
1530779693.4705513,93440,-1.0336884260177612
1530779749.7061374,93568,-0.7946688532829285
1530779805.9883068,93696,-1.017212986946106
1530779919.028415,93824,-0.8439648151397705
1530779975.352475,93952,-1.012384295463562
1530780031.5861375,94080,-1.0229029655456543
1530780087.7781663,94208,-1.2153782844543457
1530780200.1248693,94336,-1.093259572982788
1530780256.3396492,94464,-0.9671310186386108
1530780312.649016,94592,-1.2111742496490479
1530780368.9571579,94720,-1.0489795207977295
1530780481.477885,94848,-1.0683354139328003
1530780537.734539,94976,-1.0243276357650757
1530780594.1060467,95104,-0.9511325359344482
1530780650.4194798,95232,-0.9897571206092834
1530780763.161605,95360,-0.8924185633659363
1530780819.5435548,95488,-1.279922366142273
1530780875.8646166,95616,-0.916767954826355
1530780932.144969,95744,-1.0967087745666504
1530781044.2097692,95872,-1.206115961074829
1530781100.519139,96000,-1.2009518146514893
1530781156.837114,96128,-1.165816307067871
1530781213.1635835,96256,-1.2394129037857056
1530781325.6906312,96384,-1.1445871591567993
1530781381.9205458,96512,-1.1377800703048706
1530781438.1989758,96640,-1.2154639959335327
1530781494.4612508,96768,-1.0630521774291992
1530781606.0039253,96896,-0.9567034244537354
1530781662.345123,97024,-1.0638282299041748
1530781718.6694865,97152,-0.9652358889579773
1530781775.026743,97280,-0.9767500758171082
1530781888.0381176,97408,-1.0605671405792236
