wall_time,step,value
1531476825.6901577,512,0.03611085191369057
1531477611.0738492,1024,0.018360638990998268
1531478391.8030934,1536,0.07474977523088455
1531479166.401405,2048,0.08520781993865967
1531479933.6611457,2560,0.07531647384166718
1531480704.9289942,3072,0.11506901681423187
1531481471.3180304,3584,0.10769820958375931
1531482233.8849187,4096,0.11812721937894821
1531482996.5583878,4608,0.10296545922756195
1531483758.5110393,5120,0.0954083651304245
1531484519.4148118,5632,0.09706676751375198
1531485279.1816683,6144,0.09570475667715073
1531486042.0135107,6656,0.13974587619304657
1531486804.3290827,7168,0.11450410634279251
1531487566.1615896,7680,0.09803049266338348
1531488330.1923745,8192,0.14203521609306335
1531489092.798935,8704,0.09029324352741241
1531489857.9704354,9216,0.10064364969730377
1531490622.0090058,9728,0.1008928045630455
1531491386.071643,10240,0.09250430017709732
1531492152.0472171,10752,0.15114498138427734
1531492916.707979,11264,0.13811084628105164
1531493681.4707894,11776,0.11422333866357803
1531494444.9234865,12288,0.11848880350589752
1531495210.6451352,12800,0.09293521195650101
1531495973.3563533,13312,0.11640200763940811
1531496739.1170146,13824,0.21374356746673584
1531497504.7647488,14336,0.09100610017776489
1531498268.442311,14848,0.10917378216981888
1531499032.4111574,15360,0.10822860896587372
1531499796.4777255,15872,0.18765808641910553
1531500560.5040777,16384,0.11476946622133255
1531501320.493338,16896,0.1583642214536667
1531502082.4886665,17408,0.11105536669492722
1531502842.643936,17920,0.1291751116514206
1531503603.2162926,18432,0.15953290462493896
1531504366.5661976,18944,0.09471321851015091
1531505127.577292,19456,0.09889645129442215
1531505887.371993,19968,0.10063795000314713
1531506650.0560021,20480,0.09812319278717041
1531507412.9726338,20992,0.11625873297452927
1531508178.0882082,21504,0.1330675631761551
1531508944.0402987,22016,0.12892821431159973
1531509708.4809918,22528,0.15367457270622253
1531510469.4569635,23040,0.06736470013856888
1531511237.3634076,23552,0.15376414358615875
1531511998.8174918,24064,0.14221933484077454
1531512761.5094204,24576,0.08012184500694275
1531513523.1131577,25088,0.12041783332824707
1531557718.754156,26112,0.13816344738006592
1531558479.23819,26624,0.12199053913354874
1531559238.2386925,27136,0.12093934416770935
1531560000.7268124,27648,0.14983350038528442
1531560762.42764,28160,0.14105267822742462
1531561525.989695,28672,0.10664255172014236
1531562289.8579786,29184,0.1515083760023117
1531563053.415123,29696,0.1397671401500702
1531563816.916356,30208,0.15658564865589142
1531564577.9782329,30720,0.13167671859264374
1531565341.2603045,31232,0.14399775862693787
1531566101.8426697,31744,0.10306787490844727
1531566865.8845348,32256,0.14280538260936737
1531567629.5658612,32768,0.12703709304332733
1531568391.3667762,33280,0.12930692732334137
1531569153.8871672,33792,0.09674616903066635
1531569918.9379392,34304,0.14143899083137512
1531570682.5759065,34816,0.11532030254602432
1531571445.4419248,35328,0.09656912833452225
1531572210.2478695,35840,0.10430509597063065
1531572975.6408865,36352,0.15700770914554596
1531573738.246715,36864,0.06504331529140472
1531574501.3185976,37376,0.07548365741968155
1531575266.1953306,37888,0.1559218466281891
1531576031.5279841,38400,0.15859736502170563
1531576795.9272804,38912,0.11327129602432251
1531577560.3910227,39424,0.09234192222356796
1531578324.0376093,39936,0.09379617869853973
1531579089.9216843,40448,0.07446250319480896
1531579853.3045466,40960,0.1755553036928177
1531580618.381915,41472,0.09930375218391418
1531581384.6715891,41984,0.1517924964427948
1531582152.3634796,42496,0.14858579635620117
1531582918.8291023,43008,0.06752319633960724
1531583686.1146774,43520,0.08166498690843582
1531584452.853522,44032,0.08166149258613586
1531585220.282581,44544,0.09827401489019394
1531585985.8373055,45056,0.08248455077409744
1531586754.6397803,45568,0.18211621046066284
1531587523.8691115,46080,0.09385664016008377
1531588290.5679626,46592,0.12605677545070648
1531589060.7569115,47104,0.13225403428077698
1531589831.0970643,47616,0.14221686124801636
1531590599.493182,48128,0.13576167821884155
1531591366.3287494,48640,0.12437325716018677
1531592136.0017748,49152,0.13690342009067535
1531592902.617077,49664,0.15575383603572845
1531593667.3933144,50176,0.12808670103549957
1531594434.2832825,50688,0.10166655480861664
1531595199.4247549,51200,0.11506665498018265
1531595964.043379,51712,0.08929633349180222
1531596728.9060597,52224,0.12894801795482635
1531597497.14965,52736,0.17746716737747192
1531598265.2009258,53248,0.1450241357088089
1531599034.2197626,53760,0.08750645816326141
1531599798.8013062,54272,0.1446293741464615
1531600564.6821487,54784,0.11683954298496246
1531601330.9789028,55296,0.10161635279655457
1531602096.7021086,55808,0.14586111903190613
1531602864.372658,56320,0.12026067823171616
1531603633.6393576,56832,0.1341114044189453
1531604400.2415326,57344,0.1378391981124878
1531605169.5769176,57856,0.07145452499389648
1531605938.273773,58368,0.09067825973033905
1531606705.9095404,58880,0.13808870315551758
1531607474.5626943,59392,0.21023385226726532
1531608241.0323987,59904,0.14565089344978333
1531609008.0940585,60416,0.12733377516269684
1531609778.619261,60928,0.11902156472206116
1531617848.7533443,61440,0.18743810057640076
1531618613.2680106,61952,0.10083000361919403
1531619382.963509,62464,0.10233272612094879
1531620149.5583704,62976,0.145177960395813
1531620916.8995636,63488,0.09644100069999695
1531621687.8728087,64000,0.1041850745677948
1531622455.1718016,64512,0.08673444390296936
1531623228.4773939,65024,0.10819005966186523
1531623998.6287248,65536,0.1746438592672348
1531624769.41916,66048,0.09934923052787781
1531625537.0399437,66560,0.0794825330376625
1531626304.6561728,67072,0.15622879564762115
1531627075.6582658,67584,0.09065678715705872
1531627845.6598413,68096,0.10576176643371582
1531628617.2845366,68608,0.10147947072982788
1531629385.8540585,69120,0.06008409708738327
1531630153.2867653,69632,0.14427450299263
1531630922.870461,70144,0.11247037351131439
1531631688.7607412,70656,0.12042320519685745
1531632460.1472943,71168,0.1395902931690216
1531633229.3462677,71680,0.1286199390888214
1531634000.4500203,72192,0.10007508099079132
1531634769.2521818,72704,0.1315787434577942
1531635540.709036,73216,0.13771753013134003
1531636307.85363,73728,0.1254286766052246
1531637078.475665,74240,0.09446345269680023
1531637849.882102,74752,0.1290789693593979
1531638615.5974166,75264,0.08261220902204514
1531639382.8521938,75776,0.14834025502204895
1531640150.9539115,76288,0.12495642900466919
1531640922.347065,76800,0.10776728391647339
1531641689.608165,77312,0.17205429077148438
1531642457.846665,77824,0.09390439838171005
1531643229.486633,78336,0.13367721438407898
1531643998.3323903,78848,0.12259755283594131
1531644770.879333,79360,0.11294722557067871
1531645540.2564802,79872,0.09558549523353577
1531646308.827291,80384,0.11961883306503296
1531647074.9524662,80896,0.12811097502708435
1531647843.702927,81408,0.13967399299144745
1531648612.0463295,81920,0.10839124023914337
1531649381.1828995,82432,0.1637158989906311
1531650147.740885,82944,0.1403377503156662
1531650915.6226537,83456,0.151901513338089
1531651684.906298,83968,0.13495278358459473
1531652456.917117,84480,0.13649766147136688
1531653227.717071,84992,0.1174251139163971
1531653996.599523,85504,0.06943061202764511
1531654763.8381224,86016,0.10653416067361832
1531655533.7434266,86528,0.12408316135406494
1531656305.8723395,87040,0.07092401385307312
1531657074.4978764,87552,0.10800390690565109
1531657846.6682959,88064,0.11688736826181412
1531658617.5102394,88576,0.1182493194937706
1531659391.901024,89088,0.09906178712844849
1531660161.414587,89600,0.12663699686527252
1531660929.7841635,90112,0.11822016537189484
1531661700.5398092,90624,0.09737229347229004
1531662469.9467814,91136,0.08380263298749924
1531663240.3850377,91648,0.06936218589544296
1531664012.8389118,92160,0.10900380462408066
1531664782.9726284,92672,0.0996570736169815
1531665553.8298533,93184,0.12053144723176956
1531666324.8000014,93696,0.16475483775138855
1531667098.4778898,94208,0.14138586819171906
1531667867.4449213,94720,0.13629762828350067
1531668639.0166478,95232,0.1414884477853775
1531669410.389527,95744,0.14041152596473694
1531670185.716027,96256,0.15841509401798248
1531699917.241282,96768,0.1266372948884964
1531700688.7503011,97280,0.042344994843006134
