wall_time,step,value
1531110041.0159717,512,294.4467468261719
1531110396.5603318,1024,268.30438232421875
1531110752.2007768,1536,145.95094299316406
1531111108.3072717,2048,111.26985931396484
1531111462.26778,2560,117.0833969116211
1531111817.1252139,3072,61.52060317993164
1531112171.2558658,3584,57.83953094482422
1531112523.3592415,4096,69.36360931396484
1531112873.7912874,4608,65.8692398071289
1531113226.495815,5120,68.12435150146484
1531113575.4079087,5632,60.24135971069336
1531113924.569509,6144,64.0971908569336
1531114274.6843991,6656,80.40299987792969
1531114626.080887,7168,76.14694213867188
1531367971.5476646,8192,81.19786834716797
1531368316.2629402,8704,83.88922882080078
1531368661.2079556,9216,70.41860961914062
1531369005.7278612,9728,89.03543090820312
1531369350.6807895,10240,89.24083709716797
1531369697.380467,10752,100.74740600585938
1531370042.3504746,11264,75.73670959472656
1531370387.5154054,11776,84.73149871826172
1531370732.3693383,12288,80.11026000976562
1531371078.4347384,12800,79.10958862304688
1531371425.035213,13312,81.9772720336914
1531371770.3713782,13824,76.43131256103516
1531372117.312501,14336,75.88004302978516
1531372462.7488263,14848,74.16166687011719
1531372808.5930996,15360,79.22396850585938
1531373153.827791,15872,80.20703125
1531373499.1366065,16384,80.53932189941406
1531373844.5884364,16896,82.44770812988281
1531374189.9321506,17408,82.63941192626953
1531374537.0580437,17920,76.92023468017578
1531374883.1983182,18432,76.75448608398438
1531375230.4871473,18944,83.95246887207031
1531375577.3259814,19456,87.35212707519531
1531375925.1263926,19968,83.28067779541016
1531376271.342858,20480,78.68341827392578
1531376617.2384818,20992,84.43927764892578
1531376963.9587946,21504,85.86053466796875
1531377310.7415512,22016,94.63896942138672
1531377656.3325334,22528,79.33477020263672
1531378003.647576,23040,75.19532775878906
1531378350.4524117,23552,72.86181640625
1531378696.0131211,24064,80.138916015625
1531379042.8927221,24576,86.67169952392578
1531379389.320098,25088,85.3924331665039
1531379735.3913126,25600,90.88904571533203
1531380083.4683158,26112,82.69773864746094
1531380429.4111886,26624,87.74321746826172
1531380777.4335415,27136,86.26932525634766
1531381123.748649,27648,87.10313415527344
1531381470.938011,28160,93.31046295166016
1531381817.2056844,28672,97.69181060791016
1531382165.4896815,29184,87.2431640625
1531382511.506292,29696,83.99121856689453
1531382859.427814,30208,79.8819351196289
1531383208.7303426,30720,95.18000030517578
1531383557.0863872,31232,84.125244140625
1531383905.8031163,31744,88.81431579589844
1531384253.7313979,32256,83.5887680053711
1531384602.1998162,32768,91.52619934082031
1531384950.4100506,33280,85.20381164550781
1531385298.8636096,33792,88.76566314697266
1531385646.31394,34304,92.8275146484375
1531385994.309201,34816,89.28448486328125
1531386342.9936254,35328,89.99890899658203
1531386690.6867423,35840,92.43302917480469
1531387039.1442122,36352,93.6197280883789
1531387387.7272656,36864,94.89519500732422
1531387735.2545943,37376,89.11029815673828
1531388083.6805499,37888,92.68135833740234
1531388430.9961286,38400,96.8411865234375
1531388778.3682418,38912,102.56985473632812
1531389127.4776287,39424,88.64761352539062
1531389474.4447935,39936,87.71663665771484
1531389821.9376948,40448,93.2972640991211
1531390170.2532387,40960,92.91059875488281
1531390518.222688,41472,99.61613464355469
1531390866.1388142,41984,89.32172393798828
1531391214.17439,42496,103.26651000976562
1531391561.7000349,43008,92.18013763427734
1531391909.7679927,43520,103.4931640625
1531392259.3126283,44032,97.8091049194336
1531392606.21256,44544,100.24740600585938
1531392954.6976113,45056,99.86920166015625
1531393303.4288409,45568,92.41464233398438
1531416779.9594848,46592,88.30363464355469
1531417123.6158552,47104,92.51165008544922
1531417469.2519312,47616,95.0951919555664
1531417812.7628489,48128,92.60072326660156
1531418159.0886006,48640,101.24708557128906
1531418504.1707406,49152,87.06279754638672
1531418848.3291612,49664,87.63560485839844
1531419195.148689,50176,94.83977508544922
1531419540.2278614,50688,94.77782440185547
1531419886.6543803,51200,83.16133117675781
1531420231.1568835,51712,81.15547180175781
1531420576.2492664,52224,84.49470520019531
1531420922.5041928,52736,84.28176879882812
1531421268.378916,53248,87.4784927368164
1531421612.925697,53760,85.47103881835938
1531421958.4628131,54272,91.74604034423828
1531422304.7316458,54784,89.8015365600586
1531422650.315784,55296,77.02153015136719
1531422994.8730793,55808,78.61651611328125
1531423340.4603016,56320,73.50814056396484
1531423686.762556,56832,75.30071258544922
1531424033.2104814,57344,79.70870208740234
1531424379.128045,57856,83.59613800048828
1531424724.374405,58368,83.60575103759766
1531425070.471593,58880,85.04901885986328
1531425416.5123525,59392,74.55795288085938
1531425763.2357242,59904,81.57029724121094
1531426108.844343,60416,77.28026580810547
1531426455.4984493,60928,74.3634262084961
1531426800.7176094,61440,67.86593627929688
1531427147.667094,61952,72.46408081054688
1531427494.2005682,62464,67.4755859375
1531427842.7875338,62976,67.16405487060547
1531428188.7746766,63488,77.196533203125
1531428536.478895,64000,71.86530303955078
1531428883.7014217,64512,71.24243927001953
1531429231.6557412,65024,66.52647399902344
1531429579.1342583,65536,70.72938537597656
1531429925.9093525,66048,70.93852233886719
1531430272.972276,66560,67.82975769042969
1531430619.5090864,67072,73.79918670654297
1531430967.4562361,67584,68.84832763671875
1531431314.777679,68096,67.79660034179688
1531431662.0477757,68608,70.43306732177734
1531432010.046573,69120,78.2506103515625
1531432357.8417015,69632,71.41719818115234
1531432705.6227489,70144,72.65174865722656
1531433055.481268,70656,78.82341003417969
1531433403.9572878,71168,74.51407623291016
1531433754.0759876,71680,74.60690307617188
1531434101.2972322,72192,81.28934478759766
1531434451.6778615,72704,75.92215728759766
1531434799.4010031,73216,80.45662689208984
1531435149.6448689,73728,77.81879425048828
1531435498.2963588,74240,73.94357299804688
1531435847.7037673,74752,81.1922378540039
1531436198.2675264,75264,82.67123413085938
1531436546.5101168,75776,78.83106231689453
1531436895.975271,76288,80.95695495605469
1531437244.6381724,76800,81.54966735839844
1531437593.4578407,77312,81.0950698852539
1531437943.006538,77824,79.1235122680664
1531438291.0772796,78336,88.23677062988281
1531438640.5162911,78848,85.64418029785156
1531438990.749501,79360,95.04244995117188
1531439341.879208,79872,95.3335189819336
1531439690.8505204,80384,84.89107513427734
1531440040.864577,80896,96.68296813964844
1531440390.1062105,81408,89.97953033447266
1531440741.8416257,81920,98.81910705566406
1531441092.3933043,82432,95.76575469970703
1531441442.0580318,82944,98.5156478881836
1531441793.9619937,83456,95.30636596679688
1531442145.6378093,83968,98.96508026123047
1531517719.5205367,84992,104.9580078125
1531518064.770622,85504,98.77960205078125
1531518409.7573018,86016,112.66316223144531
1531518755.2646513,86528,104.2650375366211
1531519101.3662207,87040,106.35028839111328
1531519449.1396801,87552,93.2208251953125
1531519795.5142815,88064,78.58895111083984
1531520142.5774105,88576,97.9825210571289
1531520489.2535396,89088,93.47429656982422
1531520836.19832,89600,108.13963317871094
1531521183.4393983,90112,96.11441040039062
1531521531.1113195,90624,99.34986114501953
1531521879.400496,91136,100.4426498413086
1531522226.9305847,91648,89.74626159667969
1531522575.0113082,92160,93.90447235107422
1531522922.9459875,92672,98.44551086425781
1531523270.3099108,93184,91.36261749267578
1531523617.8865802,93696,98.85148620605469
1531523966.0534205,94208,84.50263977050781
1531524314.1270368,94720,100.90560913085938
1531524663.6620154,95232,99.11236572265625
1531525012.430655,95744,101.90281677246094
1531525360.480263,96256,92.51205444335938
1531525708.9309924,96768,106.79852294921875
1531526057.1625338,97280,106.55070495605469
