wall_time,step,value
1530415869.710416,512,57.90058898925781
1530416146.771396,1024,42.37608337402344
1530416423.3221145,1536,9.407044410705566
1530416697.9514103,2048,16.41763687133789
1530416972.9431076,2560,4.903302192687988
1530417245.568259,3072,1.7610220909118652
1530417517.3135922,3584,-4.163977146148682
1530417789.021648,4096,-6.229072093963623
1530418061.1612582,4608,-17.681045532226562
1530418334.7667015,5120,-9.622577667236328
1530418607.8448062,5632,-7.255507946014404
1530418881.3739789,6144,2.1954691410064697
1530419155.5507402,6656,-1.7857213020324707
1530419428.7297118,7168,-5.845606803894043
1530419703.5326154,7680,-0.8163802027702332
1530419978.5414739,8192,-2.838955879211426
1530420251.0015752,8704,-2.062197685241699
1530420524.2703779,9216,-4.2912139892578125
1530420797.55022,9728,-1.6399667263031006
1530421070.7669325,10240,-2.81674861907959
1530421343.9333432,10752,1.907080888748169
1530421618.059493,11264,-3.1079769134521484
1530421890.0031915,11776,-2.3336753845214844
1530422162.6062346,12288,-2.1645216941833496
1530422436.8292427,12800,-5.6962409019470215
1530422711.6173549,13312,-2.3950257301330566
1530422984.6528902,13824,-3.8308331966400146
1530423256.7948778,14336,-6.689968585968018
1530423529.1405456,14848,-6.281335353851318
1530423802.6906753,15360,-8.204763412475586
1530424075.724699,15872,-10.411306381225586
1530424350.0124567,16384,-6.653390407562256
1530424623.602681,16896,-5.921051025390625
1530424897.7073653,17408,-2.2614476680755615
1530425171.2799034,17920,-4.791349411010742
1530425446.62862,18432,-8.467903137207031
1530425721.0166032,18944,-8.911819458007812
1530425995.9981909,19456,-6.390039443969727
1530426270.8021312,19968,-6.645288944244385
1530426545.47941,20480,-8.512201309204102
1530426819.4991481,20992,-4.805150985717773
1530427094.6247454,21504,-8.527312278747559
1530427368.9301898,22016,-10.362970352172852
1530427645.1029923,22528,-6.846703052520752
1530427919.875394,23040,-4.902770042419434
1530428194.6358979,23552,-9.57070255279541
1530428470.8935924,24064,-8.428085327148438
1530428746.3009171,24576,-9.26275634765625
1530429021.144959,25088,-7.262038707733154
1530429296.668968,25600,-5.010222434997559
1530429573.2149935,26112,-3.7794225215911865
1530429850.1982117,26624,-6.75715446472168
1530430126.0508387,27136,-6.971861362457275
1530430402.200323,27648,-4.678776741027832
1530430677.1107836,28160,-5.836112976074219
1530430953.5145276,28672,-7.0626540184021
1530431228.9673944,29184,-3.7391586303710938
1530431506.3006356,29696,-7.118202209472656
1530431782.4879007,30208,-5.9293107986450195
1530432058.6708102,30720,-7.957664489746094
1530432335.6569734,31232,-8.268260955810547
1530432612.143319,31744,-2.7569732666015625
1530432888.5070224,32256,-4.830770015716553
1530433165.2371535,32768,-5.867960453033447
1530433441.6744518,33280,-3.6837034225463867
1530433717.1855118,33792,-4.00965690612793
1530433992.8176584,34304,-0.9274439215660095
1530434270.5821488,34816,-5.757746696472168
1530434546.3469298,35328,-4.157812595367432
1530434823.0213532,35840,-5.164055347442627
1530435099.0735536,36352,-4.660323143005371
1530435375.4757056,36864,-3.1359615325927734
1530435652.3305023,37376,-5.565406322479248
1530435930.1505718,37888,-3.0879852771759033
1530565481.549836,38912,-4.048679351806641
1530565757.597293,39424,-5.92353630065918
1530566032.6341252,39936,-2.9330406188964844
1530566308.9225655,40448,-3.500919818878174
1530566584.0172105,40960,-4.0473737716674805
1530566859.0840843,41472,-4.638312339782715
1530567134.7667933,41984,-5.608154773712158
1530567409.6569874,42496,-8.301332473754883
1530567684.9481955,43008,-5.071934700012207
1530567960.1450279,43520,-6.863539218902588
1530568236.4709141,44032,-6.821432113647461
1530568511.1734114,44544,-7.255634307861328
1530568786.4263322,45056,-6.957880020141602
1530569061.0990036,45568,-6.448949813842773
1530569336.7019687,46080,-8.882539749145508
1530569612.4152603,46592,-5.894460678100586
1530569887.934073,47104,-7.0423383712768555
1530570163.9528604,47616,-5.371737480163574
1530570439.4180176,48128,-5.991672515869141
1530570714.4763923,48640,-8.111368179321289
1530570991.4994667,49152,-9.754247665405273
1530571267.0782099,49664,-9.322150230407715
1530571542.2503102,50176,-6.946846008300781
1530571817.967734,50688,-6.862619400024414
1530572093.9056885,51200,-7.245536804199219
1530572370.4876492,51712,-9.220497131347656
1530572644.4395826,52224,-6.49983024597168
1530572921.056635,52736,-7.458304405212402
1530573197.2514515,53248,-7.750878810882568
1530573473.2568974,53760,-9.878552436828613
1530573748.9993348,54272,-7.3637800216674805
1530574023.779227,54784,-6.98887300491333
1530574299.3813128,55296,-3.3331618309020996
1530574574.6678305,55808,-5.4787678718566895
1530574849.6705246,56320,-7.411543846130371
1530575124.9047725,56832,-5.85296106338501
1530575399.9469094,57344,-5.665740966796875
1530575676.2315488,57856,-3.375480890274048
1530575951.5675042,58368,-6.176886081695557
1530576228.3378792,58880,-6.018607139587402
1530576504.112747,59392,-7.266387462615967
1530576780.3106256,59904,-8.071526527404785
1530577054.8719296,60416,-8.183345794677734
1530577330.6216424,60928,-8.652105331420898
1530577605.5854409,61440,-8.322749137878418
1530577882.503427,61952,-6.4447197914123535
1530578158.6961305,62464,-4.857652187347412
1530578434.8693469,62976,-5.156664848327637
1530578711.0485682,63488,-1.4094518423080444
1530578988.4192362,64000,-3.822143077850342
1530579265.9053354,64512,-4.852463722229004
1530579542.2853785,65024,-3.252373695373535
1530579819.9938982,65536,-1.4809578657150269
1530580096.217672,66048,-1.2387315034866333
1530580372.8267097,66560,-0.6403305530548096
1530580650.2328336,67072,-1.2681875228881836
1530580925.727484,67584,-0.2882751226425171
1530581203.2051618,68096,-1.763148546218872
1530581481.429221,68608,-3.400986671447754
1530581758.2666187,69120,1.1686567068099976
1530582035.4103692,69632,-0.8324769735336304
1530582311.8704932,70144,1.7918622493743896
1530582588.7528493,70656,-2.3179192543029785
1530582865.377319,71168,-2.573639392852783
1530583142.4966722,71680,2.760202169418335
1530583420.1588614,72192,1.107708215713501
1530583697.0853744,72704,-0.021611809730529785
1530583973.364985,73216,-0.8886495232582092
1530584250.2476854,73728,-1.1305044889450073
1530584527.4198053,74240,-0.9255272746086121
1530584805.1998084,74752,-2.6660003662109375
1530585082.538957,75264,0.6941872835159302
1530585360.4864016,75776,-1.1908211708068848
1530585640.5068383,76288,-4.016423225402832
1530660955.5672944,77312,-0.7458961606025696
1530661229.8904023,77824,-2.6734914779663086
1530661503.9879053,78336,-0.4518747329711914
1530661779.6893525,78848,-3.4230270385742188
1530662055.0078263,79360,-1.8113088607788086
1530662329.0505385,79872,-4.464044570922852
1530662602.6823542,80384,-2.9441323280334473
1530662878.213278,80896,-6.368808269500732
1530663152.7869728,81408,-2.224667549133301
1530663427.233999,81920,-3.83457088470459
1530663702.1188998,82432,-4.044909477233887
1530663978.1767528,82944,-9.030080795288086
1530664253.0021112,83456,-7.346828460693359
1530664528.0441477,83968,0.24389588832855225
1530664802.6117594,84480,-6.37066125869751
1530665077.550287,84992,-4.423921585083008
1530665353.0826335,85504,-4.627425193786621
1530665628.6239772,86016,-8.295387268066406
1530665903.7015467,86528,-2.9905142784118652
1530666179.3063736,87040,-4.695158004760742
1530666454.484085,87552,-2.6063990592956543
1530666729.1725638,88064,1.0310505628585815
1530667004.7484255,88576,-3.286043167114258
1530667279.5662065,89088,-0.31567543745040894
1530667554.4325814,89600,-4.007987022399902
1530667830.1468549,90112,-2.3130269050598145
1530668104.426194,90624,-1.3063268661499023
1530668380.9963999,91136,-2.1569557189941406
1530668655.6745243,91648,-0.689883291721344
1530668930.5224445,92160,-0.15774670243263245
1530669205.6435487,92672,-0.16024385392665863
1530669482.4712021,93184,-1.5985286235809326
1530669757.738526,93696,-2.1730687618255615
1530670033.3135486,94208,1.7849555015563965
1530670308.0902767,94720,-2.1812071800231934
1530670583.6920314,95232,1.653508186340332
1530670858.855964,95744,-1.8723711967468262
1530671134.8414931,96256,-0.8764352798461914
1530671410.178059,96768,-4.926222324371338
1530671688.0665545,97280,-0.48654499650001526
