wall_time,step,value
1531088419.5733063,128,0.9991171956062317
1531088475.2150767,256,0.9991145730018616
1531088531.2759342,384,0.9990803599357605
1531088587.5528517,512,0.9990954995155334
1531088698.8809311,640,0.9990690350532532
1531088755.0340793,768,0.9990590810775757
1531088811.2093563,896,0.9990477561950684
1531088867.412623,1024,0.9990412592887878
1531088977.5184975,1152,0.9990543127059937
1531089033.7718492,1280,0.9990397691726685
1531089090.1087303,1408,0.9990338683128357
1531089146.4790652,1536,0.9990344047546387
1531089258.4886537,1664,0.9990332126617432
1531089314.7574902,1792,0.9990392327308655
1531089370.9721153,1920,0.9990387558937073
1531089427.3557038,2048,0.9990391135215759
1531089537.5240295,2176,0.9990339279174805
1531089593.8143525,2304,0.9990329742431641
1531089650.2023313,2432,0.9990336894989014
1531089706.4158041,2560,0.9990312457084656
1531089815.9301796,2688,0.9990292191505432
1531089872.2763035,2816,0.9990304112434387
1531089928.5245676,2944,0.9990273118019104
1531089984.7536607,3072,0.9990283846855164
1531090096.0170248,3200,0.9990317821502686
1531090152.393529,3328,0.9990270137786865
1531090208.7360911,3456,0.9990281462669373
1531090265.0149124,3584,0.9990262985229492
1531090374.9646378,3712,0.9990272521972656
1531090431.2289948,3840,0.9990280270576477
1531090487.6221404,3968,0.9990254044532776
1531090543.95955,4096,0.9990258812904358
1531090654.0395055,4224,0.9990251064300537
1531090710.479855,4352,0.9990253448486328
1531090766.8458047,4480,0.9990258812904358
1531090823.2706957,4608,0.9990264773368835
1531090932.8173702,4736,0.9990273118019104
1531090989.2819407,4864,0.9990293979644775
1531091045.6938398,4992,0.9990273118019104
1531091101.9850929,5120,0.999028742313385
1531091213.4439795,5248,0.9990276098251343
1531091269.694226,5376,0.9990270733833313
1531091326.0631382,5504,0.9990290999412537
1531091382.3660965,5632,0.9990290999412537
1531091493.2244556,5760,0.9990270137786865
1531091549.6791222,5888,0.9990269541740417
1531091606.103106,6016,0.9990274906158447
1531091662.5134435,6144,0.9990265965461731
1531091773.3081982,6272,0.9990283846855164
1531091829.7258458,6400,0.999027669429779
1531091886.1295764,6528,0.9990272521972656
1531091942.5446677,6656,0.9990267157554626
1531092053.057935,6784,0.9990274906158447
1531092109.3723483,6912,0.9990265369415283
1531092165.7820542,7040,0.999026358127594
1531092222.1604302,7168,0.9990264773368835
1531092332.6514492,7296,0.9990261197090149
1531092389.0308566,7424,0.9990261197090149
1531092445.4151297,7552,0.9990267753601074
1531092501.7901654,7680,0.9990264177322388
1531092613.1294785,7808,0.9990280866622925
1531092669.4961677,7936,0.9990267157554626
1531092725.9204628,8064,0.9990288019180298
1531092782.200313,8192,0.9990270733833313
1531092892.938826,8320,0.9990282654762268
1531092949.3217654,8448,0.9990264177322388
1531093005.8052542,8576,0.9990267753601074
1531093062.1234381,8704,0.9990267157554626
1531093172.5371912,8832,0.9990279674530029
1531093228.8976357,8960,0.9990283846855164
1531093285.3367481,9088,0.999028205871582
1531093341.643837,9216,0.9990288615226746
1531093452.5781145,9344,0.9990293383598328
1531093509.0032115,9472,0.9990297555923462
1531093565.4028676,9600,0.9990277290344238
1531093621.8172448,9728,0.9990270137786865
1531093732.5149229,9856,0.9990277886390686
1531093788.9334402,9984,0.999027669429779
1531093845.3367386,10112,0.9990304708480835
1531093901.6980896,10240,0.9990274310112
1531094013.4533112,10368,0.9990270733833313
1531094069.7845342,10496,0.9990270733833313
1531094126.2369256,10624,0.9990271329879761
1531094182.557517,10752,0.9990277290344238
1531094292.8971014,10880,0.9990264773368835
1531094349.24408,11008,0.9990282654762268
1531094405.680135,11136,0.9990265965461731
1531094462.0036967,11264,0.9990282654762268
1531094573.594072,11392,0.9990269541740417
1531094630.00721,11520,0.9990270733833313
1531094686.4059587,11648,0.9990304708480835
1531094742.8795214,11776,0.9990286231040955
1531094853.953787,11904,0.9990286231040955
1531094910.3592575,12032,0.9990278482437134
1531094966.7170913,12160,0.9990299344062805
1531095023.0525663,12288,0.9990277290344238
1531095134.686422,12416,0.9990280866622925
1531095191.1291564,12544,0.9990274310112
1531095247.5799353,12672,0.9990270733833313
1531095303.9954557,12800,0.9990273118019104
1531095414.9467592,12928,0.9990295767784119
1531095471.335915,13056,0.999026358127594
1531095527.693286,13184,0.9990296363830566
1531095584.1665435,13312,0.9990281462669373
1531095695.0817,13440,0.9990286827087402
1531095751.515328,13568,0.9990280270576477
1531095807.9724085,13696,0.9990273714065552
1531095864.3250704,13824,0.9990289807319641
1531095975.5884151,13952,0.9990277886390686
1531096031.8738084,14080,0.9990282654762268
1531096088.4128096,14208,0.9990289807319641
1531096144.6608336,14336,0.9990275502204895
1531096256.0452113,14464,0.9990286827087402
1531096312.4367518,14592,0.9990283846855164
1531096368.8432462,14720,0.9990301728248596
1531096425.2038438,14848,0.9990280866622925
1531096537.6270528,14976,0.9990308284759521
1531096593.9748094,15104,0.9990290999412537
1531096650.3463786,15232,0.9990277290344238
1531096706.6515188,15360,0.999028205871582
1531096816.927325,15488,0.9990286231040955
1531096873.2447238,15616,0.9990272521972656
1531096929.6096203,15744,0.999028205871582
1531096985.9890506,15872,0.9990322589874268
1531097097.0670228,16000,0.9990291595458984
1531097153.4675324,16128,0.999027669429779
1531097209.7367315,16256,0.9990281462669373
1531097266.1639438,16384,0.9990293383598328
1531097378.1823466,16512,0.9990298748016357
1531097434.601662,16640,0.9990304112434387
1531097491.2458262,16768,0.9990310072898865
1531097547.5428076,16896,0.9990283250808716
1531097659.1826022,17024,0.9990280270576477
1531097715.4999104,17152,0.9990281462669373
1531097771.7784636,17280,0.9990283846855164
1531097828.021541,17408,0.9990283846855164
1531097939.5043309,17536,0.9990275502204895
1531097995.93355,17664,0.9990284442901611
1531098052.3187683,17792,0.9990279078483582
1531098108.6994884,17920,0.9990282654762268
1531098219.2699301,18048,0.9990317225456238
1531098275.5983806,18176,0.9990271925926208
1531098331.9943342,18304,0.9990277886390686
1531098388.3916633,18432,0.9990281462669373
1531098501.130728,18560,0.9990283250808716
1531098557.3482094,18688,0.999028205871582
1531098613.8727105,18816,0.9990277290344238
1531098670.320288,18944,0.9990293979644775
1531098783.336684,19072,0.9990301132202148
1531098839.6489213,19200,0.9990271925926208
1531098896.057722,19328,0.9990277290344238
1531098952.4034212,19456,0.9990280270576477
1531099063.847189,19584,0.9990273714065552
1531099120.1432521,19712,0.9990274310112
1531099176.3995776,19840,0.9990288615226746
1531099232.7847676,19968,0.9990310072898865
1531099345.5145462,20096,0.9990285634994507
1531099401.7354703,20224,0.9990277290344238
1531099458.1526997,20352,0.9990279674530029
1531099514.4919589,20480,0.9990274906158447
1531099628.0022776,20608,0.9990311861038208
1531099684.3270578,20736,0.9990280270576477
1531099740.678146,20864,0.9990285038948059
1531099797.1050155,20992,0.9990280866622925
1531099908.2025957,21120,0.9990308284759521
1531099964.5440474,21248,0.9990277290344238
1531100020.896334,21376,0.9990284442901611
1531100077.2046678,21504,0.9990299344062805
1531100189.6423583,21632,0.9990286231040955
1531100245.9603238,21760,0.9990271329879761
1531100302.3677726,21888,0.9990276098251343
1531100358.5509582,22016,0.9990271329879761
1531100471.0867593,22144,0.9990299344062805
1531100527.3297894,22272,0.9990285038948059
1531100583.5448897,22400,0.9990280866622925
1531100639.740027,22528,0.9990296363830566
1531100753.0757947,22656,0.9990388751029968
1531100809.336845,22784,0.9990282654762268
1531100865.6430316,22912,0.9990290999412537
1531100921.9777367,23040,0.9990271925926208
1531101033.9964726,23168,0.9990288019180298
1531101090.6618633,23296,0.9990267157554626
1531101147.264571,23424,0.9990274310112
1531101203.6958702,23552,0.9990289211273193
1531101317.060142,23680,0.9990290999412537
1531101373.6080568,23808,0.9990290403366089
1531101430.2011402,23936,0.9990275502204895
1531101486.7169847,24064,0.9990286231040955
1531101597.99853,24192,0.9990278482437134
1531101654.2709267,24320,0.9990314841270447
1531101710.565809,24448,0.9990301132202148
1531101766.9534967,24576,0.9990279674530029
1531101879.8303282,24704,0.9990308284759521
1531101936.0490315,24832,0.999032199382782
1531101992.3764915,24960,0.9990298748016357
1531102048.6632354,25088,0.9990293979644775
1531102161.14995,25216,0.9990279674530029
1531102217.5388255,25344,0.999031662940979
1531102273.8727503,25472,0.9990304708480835
1531102330.3073058,25600,0.9990294575691223
1531102442.939636,25728,0.9990291595458984
1531102499.2067485,25856,0.999032199382782
1531102555.5543227,25984,0.9990298748016357
1531102611.9008183,26112,0.9990313053131104
1531102724.7172794,26240,0.999032735824585
1531102780.956556,26368,0.9990318417549133
1531102837.2193167,26496,0.9990319609642029
1531102893.50675,26624,0.9990304708480835
1531103006.308686,26752,0.9990301132202148
1531103062.5437665,26880,0.9990315437316895
1531103118.892057,27008,0.9990302324295044
1531103175.2446609,27136,0.9990299940109253
1531103288.0839486,27264,0.9990313649177551
1531103344.4890075,27392,0.9990288615226746
1531103400.8557982,27520,0.999031126499176
1531103457.1362062,27648,0.9990296959877014
1531103569.713467,27776,0.9990344643592834
1531103626.0701296,27904,0.9990310668945312
1531103682.3781936,28032,0.9990326762199402
1531103738.6489518,28160,0.9990335702896118
1531103851.3346758,28288,0.9990310072898865
1531103907.6255941,28416,0.9990336894989014
1531103963.85919,28544,0.9990328550338745
1531104020.1612284,28672,0.9990343451499939
1531104133.8022482,28800,0.9990401268005371
1531104190.0863886,28928,0.9990383386611938
1531104246.3872714,29056,0.9990332722663879
1531104302.7107472,29184,0.9990413784980774
1531104414.8216314,29312,0.9990413188934326
1531104471.146656,29440,0.9990403056144714
1531104527.5407073,29568,0.9990363121032715
1531104583.9304798,29696,0.9990363121032715
1531104697.1605988,29824,0.9990372061729431
1531104753.4360812,29952,0.9990397095680237
1531104809.7356923,30080,0.9990400075912476
1531104865.9930475,30208,0.9990466833114624
1531104979.9039605,30336,0.9990451335906982
1531105036.028039,30464,0.9990408420562744
1531105092.3273776,30592,0.999043345451355
1531105148.5977204,30720,0.9990403652191162
1531105260.9183707,30848,0.999047040939331
1531105317.1495779,30976,0.9990472197532654
1531105373.4719028,31104,0.9990421533584595
1531105429.7023525,31232,0.9990532994270325
1531105543.6203575,31360,0.9990379214286804
1531105599.8523173,31488,0.9990448951721191
1531105656.1216733,31616,0.9990423321723938
1531105712.4144917,31744,0.9990419745445251
1531105824.687769,31872,0.999046802520752
1531105880.9172788,32000,0.9990439414978027
1531105937.3360784,32128,0.9990447759628296
1531105993.6863236,32256,0.9990578293800354
1531106106.0161514,32384,0.9990460872650146
1531106162.2423167,32512,0.9990457892417908
1531106218.4659023,32640,0.9990480542182922
1531106274.7066174,32768,0.9990602731704712
1531106388.5615537,32896,0.9990473985671997
1531106445.0115786,33024,0.9990347027778625
1531106501.5850267,33152,0.999039888381958
1531106558.196753,33280,0.9990376830101013
1531106671.4887688,33408,0.9990329742431641
1531106727.8421576,33536,0.9990304112434387
1531106784.2757244,33664,0.9990366697311401
1531106840.472876,33792,0.9990296363830566
1531106952.8771791,33920,0.9990289807319641
1531107009.1529255,34048,0.9990405440330505
1531107065.4353724,34176,0.9990305304527283
1531107121.6995916,34304,0.9990298748016357
1531107234.5277343,34432,0.9990285038948059
1531107290.7376018,34560,0.9990262985229492
1531107347.0247111,34688,0.9990354776382446
1531107403.3651352,34816,0.9990293383598328
1531107516.1106308,34944,0.9990271329879761
1531107572.2925024,35072,0.9990267157554626
1531107628.4949007,35200,0.9990277886390686
1531107684.668525,35328,0.9990259408950806
1531107797.7406797,35456,0.9990243911743164
1531107854.024243,35584,0.9990267157554626
1531107910.1008916,35712,0.9990261793136597
1531107966.34293,35840,0.9990240931510925
1531108079.4870136,35968,0.9990240931510925
1531108135.759811,36096,0.9990304112434387
1531108191.9648817,36224,0.9990245699882507
1531108248.2238553,36352,0.9990251064300537
1531108360.905543,36480,0.9990285038948059
1531108417.0606048,36608,0.9990243315696716
1531108473.268786,36736,0.9990248084068298
1531108529.4909775,36864,0.9990258812904358
1531108643.2201235,36992,0.9990265369415283
1531108699.4274502,37120,0.9990243315696716
1531108755.672463,37248,0.9990248680114746
1531108811.8041885,37376,0.9990240931510925
1531108924.6802647,37504,0.9990239143371582
1531108980.963364,37632,0.9990243315696716
1531109037.2837849,37760,0.999024510383606
1531109093.593904,37888,0.9990252256393433
1531109208.299987,38016,0.9990240931510925
1531109264.564454,38144,0.9990246891975403
1531109320.9413247,38272,0.9990243911743164
1531109377.132466,38400,0.9990243315696716
1531109491.2145169,38528,0.9990243911743164
1531109547.5083075,38656,0.9990243315696716
1531314570.678634,39040,0.9990240931510925
1531314625.2004478,39168,0.999023973941803
1531314680.6348433,39296,0.9990246295928955
1531314736.117766,39424,0.9990243911743164
1531314845.9920602,39552,0.9990239143371582
1531314901.404205,39680,0.9990240931510925
1531314957.0071166,39808,0.9990242719650269
1531315012.6791618,39936,0.9990251660346985
1531315120.8449283,40064,0.9990243911743164
1531315176.4074852,40192,0.999023973941803
1531315231.9615068,40320,0.9990268349647522
1531315287.5275686,40448,0.9990255832672119
1531315395.2540033,40576,0.999025285243988
1531315450.7631795,40704,0.9990243911743164
1531315506.3257823,40832,0.9990248680114746
1531315561.8798108,40960,0.9990246891975403
1531315669.1952417,41088,0.9990242123603821
1531315724.706912,41216,0.9990251660346985
1531315780.3830285,41344,0.9990244507789612
1531315835.879368,41472,0.999024510383606
1531315945.9958577,41600,0.999023973941803
1531316001.5250237,41728,0.9990251660346985
1531316057.14984,41856,0.999023973941803
1531316112.7674725,41984,0.9990245699882507
1531316221.238825,42112,0.9990240335464478
1531316276.7011516,42240,0.9990245699882507
1531316332.431707,42368,0.9990242123603821
1531316388.0573297,42496,0.9990251064300537
1531316496.601912,42624,0.9990242719650269
1531316552.1250627,42752,0.9990243911743164
1531316607.6901135,42880,0.9990256428718567
1531316663.2434049,43008,0.9990240335464478
1531316771.5435417,43136,0.9990237355232239
1531316827.1955998,43264,0.9990248680114746
1531316882.7638254,43392,0.9990237355232239
1531316938.397394,43520,0.9990241527557373
1531317046.5774486,43648,0.9990265965461731
1531317102.2098458,43776,0.9990239143371582
1531317157.9208665,43904,0.9990251064300537
1531317213.7248979,44032,0.9990237355232239
1531317323.2798343,44160,0.9990242123603821
1531317378.8686633,44288,0.999023973941803
1531317434.597962,44416,0.9990239143371582
1531317490.340505,44544,0.9990242719650269
1531317599.7730162,44672,0.9990246891975403
1531317655.309955,44800,0.999023973941803
1531317711.0029032,44928,0.9990240931510925
1531317766.9331913,45056,0.9990243315696716
1531317875.92995,45184,0.9990237355232239
1531317931.683926,45312,0.9990242123603821
1531317987.4201918,45440,0.9990246295928955
1531318043.0973134,45568,0.9990240931510925
1531318152.095645,45696,0.9990242719650269
1531318207.8225272,45824,0.9990239143371582
1531318263.5732906,45952,0.9990246295928955
1531318319.3271956,46080,0.9990237951278687
1531318428.3614707,46208,0.9990238547325134
1531318484.0380187,46336,0.9990236163139343
1531318539.7629528,46464,0.9990243911743164
1531318595.399197,46592,0.9990267753601074
1531318704.571289,46720,0.9990243315696716
1531318760.0016356,46848,0.9990247488021851
1531318815.7437735,46976,0.9990243911743164
1531318871.6229146,47104,0.9990240335464478
1531318981.2418098,47232,0.9990260601043701
1531319036.916416,47360,0.9990250468254089
1531319092.624374,47488,0.9990243315696716
1531319148.332278,47616,0.9990237951278687
1531319257.8900394,47744,0.9990240335464478
1531319313.5520928,47872,0.9990240931510925
1531319369.3391635,48000,0.9990240335464478
1531319424.9227166,48128,0.999023973941803
1531319534.5284116,48256,0.9990240335464478
1531319590.2328632,48384,0.9990254640579224
1531319645.8631709,48512,0.9990257620811462
1531319701.642507,48640,0.9990236759185791
1531319812.386166,48768,0.9990236759185791
1531319868.0368776,48896,0.9990249276161194
1531319923.785313,49024,0.999024510383606
1531319979.575166,49152,0.9990243315696716
1531320088.5434947,49280,0.9990243911743164
1531320144.1774638,49408,0.9990251660346985
1531320199.8587947,49536,0.9990244507789612
1531320255.5612063,49664,0.9990242123603821
1531320364.5758982,49792,0.9990240931510925
1531320420.2591825,49920,0.999023973941803
1531341510.7627208,50304,0.999024510383606
1531341566.3831153,50432,0.9990245699882507
1531341622.1144326,50560,0.9990240335464478
1531341677.7790632,50688,0.9990243911743164
1531341786.7522366,50816,0.9990242123603821
1531341842.4764307,50944,0.9990245699882507
1531341898.267799,51072,0.9990249276161194
1531341954.1120114,51200,0.9990239143371582
1531342062.9199772,51328,0.9990246891975403
1531342118.6206596,51456,0.9990248084068298
1531342174.5200548,51584,0.9990239143371582
1531342230.2169898,51712,0.9990249276161194
1531342339.1115575,51840,0.9990240931510925
1531342394.7201111,51968,0.9990261793136597
1531342450.4983766,52096,0.9990243315696716
1531342506.2297387,52224,0.9990242123603821
1531342615.0879893,52352,0.9990245699882507
1531342670.8131833,52480,0.9990248680114746
1531342726.6217036,52608,0.9990242719650269
1531342782.3081815,52736,0.9990243315696716
1531342892.077185,52864,0.9990239143371582
1531342947.8032346,52992,0.9990240335464478
1531343003.670535,53120,0.9990244507789612
1531343059.5244539,53248,0.9990240335464478
1531343169.250177,53376,0.9990254640579224
1531343224.8403313,53504,0.9990257024765015
1531343280.611462,53632,0.9990246295928955
1531343336.3610797,53760,0.999024510383606
1531343444.7460206,53888,0.999023973941803
1531343500.4621208,54016,0.9990254044532776
1531343556.2365396,54144,0.9990247488021851
1531343611.906347,54272,0.9990246891975403
1531343721.4962938,54400,0.9990257024765015
1531343777.2917845,54528,0.9990246295928955
1531343833.0475574,54656,0.9990244507789612
1531343888.908095,54784,0.9990242719650269
1531343997.869255,54912,0.9990254640579224
1531344053.5419724,55040,0.9990248084068298
1531344109.3730886,55168,0.9990243315696716
1531344165.1611526,55296,0.9990238547325134
1531344275.371801,55424,0.9990257620811462
1531344331.0671747,55552,0.9990242719650269
1531344386.75864,55680,0.9990245699882507
1531344442.5644403,55808,0.9990242719650269
1531344550.8542469,55936,0.9990239143371582
1531344606.6036937,56064,0.9990246891975403
1531344662.3817787,56192,0.9990261793136597
1531344718.1830993,56320,0.9990248084068298
1531344826.3410418,56448,0.9990246891975403
1531344882.0761242,56576,0.9990238547325134
1531344938.0484889,56704,0.9990239143371582
1531344993.9783578,56832,0.9990238547325134
1531345103.2832475,56960,0.9990237355232239
1531345158.999425,57088,0.9990237951278687
1531345214.8643236,57216,0.9990244507789612
1531345270.634591,57344,0.9990246891975403
1531345379.0807118,57472,0.9990248680114746
1531345434.8731022,57600,0.9990253448486328
1531345490.6216307,57728,0.9990251660346985
1531345546.5382552,57856,0.9990248084068298
1531345656.1690888,57984,0.9990239143371582
1531345711.889098,58112,0.9990241527557373
1531345767.6587393,58240,0.9990243315696716
1531345823.529038,58368,0.9990249276161194
1531345932.5112052,58496,0.9990247488021851
1531345988.2208343,58624,0.9990244507789612
1531346044.071254,58752,0.999024510383606
1531346099.940224,58880,0.9990245699882507
1531346208.1159859,59008,0.9990242123603821
1531346263.8523922,59136,0.9990238547325134
1531346319.7459435,59264,0.9990238547325134
1531346375.5800655,59392,0.9990242123603821
1531346483.9481075,59520,0.9990255236625671
1531346539.7346396,59648,0.9990253448486328
1531346595.6173546,59776,0.9990259408950806
1531346651.3095503,59904,0.9990255236625671
1531346759.8530672,60032,0.9990254044532776
1531346815.680153,60160,0.9990243315696716
1531346871.4860113,60288,0.999024510383606
1531346927.3906922,60416,0.999023973941803
1531347036.4733667,60544,0.9990249872207642
1531347092.2056613,60672,0.9990248084068298
1531347148.054897,60800,0.999025285243988
1531347203.9043486,60928,0.9990242719650269
1531347312.582243,61056,0.9990243315696716
1531347368.294555,61184,0.9990248680114746
1531347424.0579152,61312,0.9990247488021851
1531347479.7754452,61440,0.9990247488021851
1531347588.5414639,61568,0.9990240931510925
1531347644.4073322,61696,0.9990256428718567
1531347700.1968591,61824,0.9990246891975403
1531347756.019775,61952,0.9990242123603821
1531347865.568895,62080,0.9990240931510925
1531347921.3076127,62208,0.9990246891975403
1531347977.1190243,62336,0.9990242123603821
1531348032.973751,62464,0.9990237355232239
1531348142.5451748,62592,0.9990242719650269
1531348198.306214,62720,0.9990239143371582
1531348254.173499,62848,0.9990237355232239
1531348309.9217682,62976,0.9990242123603821
1531348419.5549474,63104,0.9990236759185791
1531348475.323731,63232,0.9990239143371582
1531348531.0806599,63360,0.9990256428718567
1531348586.8668482,63488,0.9990245699882507
1531348697.3448386,63616,0.9990246891975403
1531348753.0463157,63744,0.9990244507789612
1531348808.8353217,63872,0.9990241527557373
1531348864.6070268,64000,0.9990255832672119
1531348975.121342,64128,0.9990271329879761
1531349030.8960392,64256,0.9990246295928955
1531349086.799098,64384,0.9990246295928955
1531349142.6165311,64512,0.9990244507789612
1531349252.1448646,64640,0.9990243911743164
1531349307.8695526,64768,0.9990242123603821
1531349363.6813395,64896,0.9990236759185791
1531349419.4699004,65024,0.9990240335464478
1531349529.270727,65152,0.9990255832672119
1531349584.9404275,65280,0.9990248680114746
1531349640.7207627,65408,0.9990245699882507
1531349696.5847206,65536,0.9990248680114746
1531349807.756481,65664,0.9990237355232239
1531349863.5372727,65792,0.9990237355232239
1531349919.3210127,65920,0.9990250468254089
1531349975.2540507,66048,0.9990237951278687
1531350086.8439033,66176,0.9990237951278687
1531350142.5562623,66304,0.9990256428718567
1531350198.371892,66432,0.9990243911743164
1531350254.1884656,66560,0.9990236759185791
1531350365.7592015,66688,0.9990238547325134
1531350421.4399014,66816,0.9990245699882507
1531350477.3883326,66944,0.9990237355232239
1531350533.2473052,67072,0.9990257620811462
1531350643.372568,67200,0.9990242123603821
1531350699.0928822,67328,0.9990244507789612
1531350754.9059277,67456,0.9990240335464478
1531350810.7335413,67584,0.9990246891975403
1531350922.108546,67712,0.9990246891975403
1531350977.9249816,67840,0.9990244507789612
1531351033.794899,67968,0.9990251660346985
1531351089.7700117,68096,0.9990247488021851
1531351200.2222025,68224,0.9990236759185791
1531351255.9875,68352,0.9990246295928955
1531351311.8861763,68480,0.9990242719650269
1531351367.650142,68608,0.9990240931510925
1531351477.8608537,68736,0.9990240335464478
1531351533.7400138,68864,0.9990243911743164
1531351589.54969,68992,0.9990264177322388
1531351645.3990757,69120,0.9990239143371582
1531351756.894155,69248,0.9990246295928955
1531351812.7400029,69376,0.9990241527557373
1531351868.6261573,69504,0.999024510383606
1531352523.0964983,69760,0.9990238547325134
1531352577.748826,69888,0.999023973941803
1531352633.2312446,70016,0.9990249872207642
1531352689.7450237,70144,0.9990244507789612
1531352799.7446418,70272,0.9990241527557373
1531352855.353988,70400,0.9990244507789612
1531352911.2593796,70528,0.9990243911743164
1531352967.0672872,70656,0.9990243911743164
1531353074.4091287,70784,0.9990249276161194
1531353130.2960317,70912,0.9990240931510925
1531353186.1493776,71040,0.9990246295928955
1531353241.9933436,71168,0.9990239143371582
1531353350.0956364,71296,0.9990249276161194
1531353405.9894853,71424,0.9990247488021851
1531353461.7898815,71552,0.9990243315696716
1531353517.6636744,71680,0.9990243315696716
1531353626.0254579,71808,0.9990245699882507
1531353681.7695878,71936,0.999024510383606
1531353737.6985457,72064,0.9990238547325134
1531353793.5953202,72192,0.9990244507789612
1531353903.357105,72320,0.9990241527557373
1531353959.3030534,72448,0.999024510383606
1531354015.2359338,72576,0.9990239143371582
1531354071.2304864,72704,0.9990239143371582
1531354180.092368,72832,0.9990243315696716
1531354235.9082093,72960,0.9990239143371582
1531354291.7535408,73088,0.9990237355232239
1531354347.6211638,73216,0.9990236759185791
1531354457.3251078,73344,0.9990252256393433
1531354513.13298,73472,0.9990237355232239
1531354569.021197,73600,0.9990238547325134
1531354625.0227256,73728,0.9990234971046448
1531354733.9569738,73856,0.9990237355232239
1531354789.841992,73984,0.9990242123603821
1531354845.9201646,74112,0.9990238547325134
1531354901.8786013,74240,0.999023973941803
1531355011.2267108,74368,0.999023973941803
1531355067.1015007,74496,0.9990240335464478
1531355122.8846495,74624,0.9990242123603821
1531355178.7311008,74752,0.9990240335464478
1531355287.7840576,74880,0.9990241527557373
1531355343.4777322,75008,0.9990243911743164
1531355399.3203728,75136,0.9990246891975403
1531355455.2365065,75264,0.9990238547325134
1531355563.6833043,75392,0.9990242123603821
1531355619.619426,75520,0.9990236163139343
1531355675.5627227,75648,0.9990242719650269
1531355731.5224566,75776,0.9990239143371582
1531355840.7003229,75904,0.9990242719650269
1531355896.6563308,76032,0.9990236759185791
1531355952.6630678,76160,0.9990236759185791
1531356008.5929298,76288,0.9990240931510925
1531356117.6059859,76416,0.9990243911743164
1531356173.488791,76544,0.9990237951278687
1531356229.3763947,76672,0.9990239143371582
1531356285.1802948,76800,0.9990244507789612
1531356394.7988381,76928,0.9990243911743164
1531356450.5801866,77056,0.9990248680114746
1531356506.4857833,77184,0.9990237951278687
1531356562.482641,77312,0.9990237355232239
1531356671.2878904,77440,0.9990238547325134
1531356727.1609185,77568,0.9990237355232239
1531356782.9891894,77696,0.9990240335464478
1531356838.8869786,77824,0.9990236163139343
1531356947.8524406,77952,0.9990235567092896
1531357003.614514,78080,0.9990244507789612
1531357059.5970478,78208,0.9990239143371582
1531357115.4420805,78336,0.9990249276161194
1531357223.724094,78464,0.9990236759185791
1531357279.583621,78592,0.9990236163139343
1531357335.4470067,78720,0.9990240335464478
1531357391.3789463,78848,0.9990242123603821
1531357501.5965054,78976,0.9990240335464478
1531357557.5236084,79104,0.9990240931510925
1531357613.4560611,79232,0.9990244507789612
1531357669.1919637,79360,0.9990243911743164
1531357779.5684612,79488,0.999023973941803
1531357835.299365,79616,0.9990246891975403
1531357891.1736119,79744,0.9990240335464478
1531357947.123195,79872,0.999023973941803
1531358056.0979078,80000,0.9990240931510925
1531358111.8996994,80128,0.999024510383606
1531358167.7791295,80256,0.9990244507789612
1531358223.7589645,80384,0.9990256428718567
1531358334.513934,80512,0.999023973941803
1531358390.2888794,80640,0.9990237355232239
1531358446.1211112,80768,0.9990240335464478
1531358501.979162,80896,0.9990249872207642
1531358611.7837615,81024,0.9990242123603821
1531358667.7084625,81152,0.9990239143371582
1531358723.5501678,81280,0.999023973941803
1531358779.3640883,81408,0.9990249872207642
1531358888.861208,81536,0.9990251660346985
1531358944.6561775,81664,0.9990239143371582
1531359000.5849442,81792,0.9990244507789612
1531359056.4667513,81920,0.9990243911743164
1531359167.121153,82048,0.9990237355232239
1531359222.9094546,82176,0.9990245699882507
1531359278.7996366,82304,0.9990262389183044
1531359334.8014705,82432,0.999025285243988
1531359444.240363,82560,0.9990241527557373
1531359500.0132048,82688,0.9990244507789612
1531359555.9621956,82816,0.9990245699882507
1531359611.839939,82944,0.9990243315696716
1531359721.6766934,83072,0.9990238547325134
1531359777.5702608,83200,0.9990242719650269
1531359833.3697312,83328,0.9990248084068298
1531359889.1656287,83456,0.9990241527557373
1531360000.3979638,83584,0.9990246295928955
1531360056.156838,83712,0.9990246891975403
1531360112.0030718,83840,0.9990246295928955
1531360167.8715658,83968,0.9990240931510925
1531360277.7550974,84096,0.9990240335464478
1531360333.6738,84224,0.999023973941803
1531360389.5956583,84352,0.9990246891975403
1531360445.3893616,84480,0.9990242123603821
1531360555.028889,84608,0.999024510383606
1531360610.7682793,84736,0.9990242123603821
1531360666.648425,84864,0.9990245699882507
1531360722.7135625,84992,0.9990240335464478
1531360833.3318503,85120,0.9990241527557373
1531360889.2089252,85248,0.9990246891975403
1531360945.1175,85376,0.999023973941803
1531361000.9752064,85504,0.9990242719650269
1531361110.0945497,85632,0.9990245699882507
1531361165.9402783,85760,0.9990244507789612
1531361221.907863,85888,0.9990244507789612
1531361277.8831725,86016,0.9990239143371582
1531361387.4108539,86144,0.9990236163139343
1531361443.2623708,86272,0.9990246295928955
1531361499.161132,86400,0.9990237951278687
1531361555.0396595,86528,0.9990237951278687
1531361664.7327993,86656,0.9990237951278687
1531361720.6716907,86784,0.9990239143371582
1531361776.5788798,86912,0.9990243911743164
1531361832.4225862,87040,0.9990237355232239
1531361943.522279,87168,0.9990237951278687
1531361999.2358463,87296,0.9990243911743164
1531362055.1617062,87424,0.9990237355232239
1531362111.0703309,87552,0.9990249872207642
1531362221.6636453,87680,0.9990237355232239
1531362277.6131625,87808,0.9990242123603821
1531362333.5706666,87936,0.9990240335464478
1531362389.5450432,88064,0.9990237951278687
1531362500.6281126,88192,0.9990242123603821
1531362556.5747,88320,0.9990245699882507
1531362612.5709536,88448,0.9990241527557373
1531362668.4975066,88576,0.9990242719650269
1531362778.8926947,88704,0.9990239143371582
1531362835.0038729,88832,0.9990240335464478
1531362890.966707,88960,0.999023973941803
1531362946.8846738,89088,0.9990241527557373
1531363056.9093997,89216,0.999023973941803
1531363112.7161665,89344,0.9990241527557373
1531363168.7244222,89472,0.9990244507789612
1531363224.6752138,89600,0.999023973941803
1531363334.890081,89728,0.9990236163139343
1531363390.8038952,89856,0.999023973941803
1531363446.6912677,89984,0.9990255236625671
1531363502.688006,90112,0.9990245699882507
1531363612.9207695,90240,0.9990239143371582
1531363668.7242947,90368,0.9990242719650269
1531363724.6448731,90496,0.999023973941803
1531363780.5243657,90624,0.9990244507789612
1531363890.525916,90752,0.999024510383606
1531363946.3108742,90880,0.999024510383606
1531364002.0519168,91008,0.9990243911743164
1531364057.9473839,91136,0.9990239143371582
1531364168.314787,91264,0.9990237951278687
1531364224.1062279,91392,0.9990239143371582
1531364280.02016,91520,0.9990249276161194
1531364335.9173348,91648,0.9990236759185791
1531364446.7847214,91776,0.9990243315696716
1531364502.6527076,91904,0.999023973941803
1531364558.6172774,92032,0.9990240335464478
1531364614.4741466,92160,0.9990241527557373
1531364724.3643732,92288,0.9990237355232239
1531364780.203552,92416,0.9990244507789612
1531364836.099848,92544,0.9990243911743164
1531364892.0760243,92672,0.9990240335464478
1531365002.2777345,92800,0.9990239143371582
1531365058.2707858,92928,0.9990237951278687
1531365114.1393547,93056,0.9990244507789612
1531365170.2275507,93184,0.9990238547325134
1531365281.665821,93312,0.9990242719650269
1531365337.4533904,93440,0.9990248084068298
1531365393.3267791,93568,0.9990249872207642
1531365449.1533666,93696,0.9990237355232239
1531365559.0525606,93824,0.9990240335464478
1531365614.912822,93952,0.9990240931510925
1531365670.656144,94080,0.9990237355232239
1531365726.4614,94208,0.9990249276161194
1531365836.3736472,94336,0.9990251660346985
1531365892.1754048,94464,0.9990243911743164
1531365948.1071265,94592,0.9990248680114746
1531366004.0805247,94720,0.9990240335464478
1531366113.8879812,94848,0.9990247488021851
1531366169.7312653,94976,0.9990243315696716
1531366225.612421,95104,0.9990243315696716
1531366281.4987442,95232,0.9990243911743164
1531366392.771148,95360,0.9990241527557373
1531366448.6295054,95488,0.9990238547325134
1531366504.5469093,95616,0.9990242719650269
1531366560.3002071,95744,0.9990242719650269
1531366671.0293963,95872,0.9990255832672119
1531366726.7854354,96000,0.9990245699882507
1531366782.8203263,96128,0.9990252256393433
1531366838.7972379,96256,0.9990250468254089
1531366948.5910058,96384,0.9990243911743164
1531367004.4454453,96512,0.9990240931510925
1531367060.38789,96640,0.9990243315696716
1531367116.1031847,96768,0.9990240931510925
1531367226.9619071,96896,0.9990252256393433
1531367282.7928624,97024,0.9990251064300537
1531367338.7435617,97152,0.9990253448486328
1531367394.7218282,97280,0.9990242123603821
1531367504.9631197,97408,0.9990251064300537
1531367560.756876,97536,0.9990243911743164
