wall_time,step,value
1530436385.0021117,512,1.5254278182983398
1530436598.6950245,1024,10.307619094848633
1530436812.0861375,1536,6.730012893676758
1530437025.6486807,2048,2.992248058319092
1530437239.5502396,2560,2.9515883922576904
1530437453.288118,3072,2.6734848022460938
1530437667.4311662,3584,5.757904529571533
1530437882.010731,4096,2.1534008979797363
1530438096.4096897,4608,1.6124610900878906
1530438309.5960648,5120,2.157362937927246
1530438524.9963014,5632,1.6162890195846558
1530438738.9981234,6144,1.243404746055603
1530438952.801875,6656,3.102604389190674
1530439165.8260744,7168,4.901002883911133
1530439380.0411963,7680,4.9176344871521
1530439594.1368582,8192,4.314481735229492
1530439808.8266168,8704,3.90747332572937
1530440021.9483194,9216,2.6453044414520264
1530440236.2335386,9728,3.9703242778778076
1530440449.384147,10240,11.546243667602539
1530440663.1893516,10752,9.266227722167969
1530440876.7450712,11264,4.901497840881348
1530441092.3521214,11776,4.404072284698486
1530441307.0547793,12288,4.278129577636719
1530441521.3337612,12800,1.8919929265975952
1530441735.8933856,13312,3.0841917991638184
1530441950.208831,13824,6.6478705406188965
1530442164.6882515,14336,2.529334306716919
1530442379.4253428,14848,2.627542495727539
1530442594.4597614,15360,4.102092742919922
1530442808.3772573,15872,3.71992826461792
1530443022.1553767,16384,4.160889625549316
1530443236.575989,16896,2.308072328567505
1530443451.0135367,17408,4.900206089019775
1530443665.8341722,17920,5.118353843688965
1530443881.766521,18432,4.573148250579834
1530444096.2851536,18944,5.314067363739014
1530444311.555802,19456,11.566574096679688
1530444526.5378187,19968,3.08260178565979
1530444741.0196617,20480,3.574129104614258
1530444956.113593,20992,2.4004111289978027
1530445171.079398,21504,8.997093200683594
1530445386.1708374,22016,3.5003890991210938
1530445602.0369003,22528,5.272718906402588
1530445817.6423643,23040,4.415903568267822
1530446033.6374311,23552,2.9181606769561768
1530446248.335339,24064,11.222050666809082
1530446464.1288009,24576,12.587273597717285
1530446679.270072,25088,8.838703155517578
1530446895.0571728,25600,9.911153793334961
1530447110.1943588,26112,7.600619316101074
1530447324.52407,26624,8.238112449645996
1530447539.6220317,27136,8.602334976196289
1530447755.6684988,27648,7.2511773109436035
1530447970.564049,28160,12.155587196350098
1530448186.7844605,28672,7.7583417892456055
1530448402.074226,29184,13.544903755187988
1530448618.084903,29696,8.987330436706543
1530448833.4534352,30208,6.1633100509643555
1530449050.3745532,30720,5.158502578735352
1530449265.8160925,31232,4.114039421081543
1530449481.5485911,31744,12.637096405029297
1530449696.8213081,32256,5.469559669494629
1530449912.4089618,32768,5.760711669921875
1530450127.7548976,33280,10.001033782958984
1530450343.686213,33792,6.316805362701416
1530450560.9569728,34304,5.625030994415283
1530450777.1868103,34816,3.7849338054656982
1530450994.6122293,35328,8.465572357177734
1530451212.17693,35840,16.130483627319336
1530451428.0209205,36352,14.093199729919434
1530451643.3505516,36864,6.37666130065918
1530451859.2458057,37376,14.103753089904785
1530452076.0391283,37888,6.232264041900635
1530452294.5049717,38400,5.1789469718933105
1530586095.4496183,39424,8.6575345993042
1530586309.3253038,39936,3.9124135971069336
1530586523.4540992,40448,15.625275611877441
1530586737.3056052,40960,4.2991132736206055
1530586951.6058993,41472,14.182823181152344
1530587165.5987918,41984,8.91041374206543
1530587379.0755324,42496,7.812762260437012
1530587593.55268,43008,6.032129764556885
1530587808.5066762,43520,3.8373937606811523
1530588023.6124077,44032,7.075925350189209
1530588239.2751715,44544,5.301290512084961
1530588453.6827183,45056,8.491390228271484
1530588668.2355978,45568,7.558782577514648
1530588884.0223386,46080,4.665040969848633
1530589099.1363356,46592,9.28990650177002
1530589312.9205444,47104,7.779706954956055
1530589528.3883777,47616,5.4253692626953125
1530589744.1686082,48128,10.169746398925781
1530589958.743211,48640,11.941718101501465
1530590173.8966622,49152,15.911693572998047
1530590389.439891,49664,9.052468299865723
1530590604.44922,50176,10.85323715209961
1530590820.308121,50688,6.63400936126709
1530591035.6735857,51200,3.5672223567962646
1530591250.587491,51712,2.9322328567504883
1530591465.871339,52224,9.254668235778809
1530591680.5083325,52736,9.064270973205566
1530591897.5936751,53248,8.612667083740234
1530592112.841736,53760,3.435283899307251
1530592328.5865057,54272,9.850676536560059
1530592544.4392405,54784,4.565730094909668
1530592761.582984,55296,1.9489630460739136
1530592978.1647775,55808,10.767072677612305
1530593195.1881485,56320,5.804803371429443
1530593412.195642,56832,10.57882022857666
1530593628.0842917,57344,7.455225944519043
1530593843.6152046,57856,11.512748718261719
1530594060.0427492,58368,3.3082900047302246
1530594274.8567321,58880,6.831046104431152
1530594492.1353052,59392,3.7156593799591064
1530594708.1997097,59904,10.335890769958496
1530594924.3047388,60416,12.525646209716797
1530595141.652127,60928,5.741843223571777
1530595358.9471624,61440,4.9353532791137695
1530595576.009973,61952,7.739989280700684
1530672072.8216643,62976,7.925202369689941
1530672286.4340963,63488,7.164234638214111
1530672500.619624,64000,6.863454341888428
1530672715.8094304,64512,6.155184268951416
1530672929.436831,65024,8.747869491577148
1530673144.1997924,65536,14.344273567199707
1530673358.227714,66048,4.918625831604004
1530673571.5698354,66560,11.12801742553711
1530673786.20373,67072,8.2589111328125
1530674000.283507,67584,6.723788261413574
1530674214.4412897,68096,3.9921183586120605
1530674427.930315,68608,7.855158805847168
1530674642.723397,69120,4.131798267364502
1530674856.9424517,69632,9.981945037841797
1530675072.4510226,70144,3.8955235481262207
1530675287.1343007,70656,5.370024681091309
1530675501.463772,71168,2.8726935386657715
1530675716.0443573,71680,5.764910697937012
1530675931.969866,72192,9.934014320373535
1530676148.075357,72704,1.7911123037338257
1530676361.773389,73216,8.742584228515625
1530676576.3200605,73728,8.986767768859863
1530676790.7720273,74240,10.294439315795898
1530677005.274028,74752,10.608282089233398
1530677219.4688919,75264,11.045218467712402
1530712293.0758421,76288,4.817992687225342
1530712505.9650881,76800,10.229393005371094
1530712718.4613166,77312,4.110807418823242
1530712931.1859057,77824,6.661062240600586
1530713143.7179146,78336,4.922574043273926
1530713356.1519399,78848,5.1321916580200195
1530713568.9627395,79360,6.396525859832764
1530713781.8516939,79872,8.068001747131348
1530713994.9931357,80384,6.243081092834473
1530714207.6845574,80896,12.014226913452148
1530714420.4085398,81408,2.6854794025421143
1530714634.826723,81920,3.371918201446533
1530714848.6340146,82432,6.247706890106201
1530715062.1926305,82944,5.036434173583984
1530715275.6236467,83456,4.658657073974609
1530715490.148262,83968,5.838869571685791
1530715703.5293345,84480,4.959078311920166
1530715917.8278904,84992,6.59733247756958
1530716131.156678,85504,10.923131942749023
1530716344.542301,86016,5.282278537750244
1530716559.2773323,86528,4.549036026000977
1530716772.6313052,87040,12.12430191040039
1530716987.517202,87552,5.921177864074707
1530717202.3054926,88064,6.52631139755249
1530717415.7943451,88576,4.684147357940674
1530717629.896282,89088,4.004994869232178
1530717843.7511544,89600,7.266603469848633
1530718057.379421,90112,4.5246782302856445
1530718271.5746372,90624,3.9584641456604004
1530718485.683139,91136,4.616581916809082
1530718699.8842912,91648,9.110822677612305
1530718914.3322234,92160,12.909647941589355
1530719129.4040825,92672,4.675899028778076
1530719343.840649,93184,4.93911075592041
1530719557.946902,93696,5.517101764678955
1530719772.2841167,94208,8.506902694702148
1530719986.71376,94720,6.444268226623535
1530720201.569797,95232,4.268477439880371
1530720415.8471608,95744,4.782042980194092
1530720632.260411,96256,9.008553504943848
1530720846.5347314,96768,8.876448631286621
1530721061.3918471,97280,12.996164321899414
