wall_time,step,value
1530436212.0310018,128,215.61737060546875
1530436252.387996,256,132.42062377929688
1530436292.7173414,384,25.361328125
1530436333.0848591,512,37.832916259765625
1530436425.3997517,640,24.302560806274414
1530436465.767289,768,19.12721824645996
1530436506.1216714,896,15.72075366973877
1530436546.447489,1024,16.76015281677246
1530436639.0141792,1152,16.763437271118164
1530436679.3908908,1280,18.199878692626953
1530436719.7161298,1408,17.244752883911133
1530436760.0269935,1536,11.320624351501465
1530436852.4353821,1664,10.793869018554688
1530436892.799381,1792,11.378954887390137
1530436933.2029157,1920,16.11446189880371
1530436973.582571,2048,21.097728729248047
1530437066.0113173,2176,10.573452949523926
1530437106.3973963,2304,12.54052448272705
1530437146.7585213,2432,13.243399620056152
1530437187.1496847,2560,13.074209213256836
1530437279.8732295,2688,14.671993255615234
1530437320.2328794,2816,18.378284454345703
1530437360.5744717,2944,11.878393173217773
1530437400.921997,3072,12.785462379455566
1530437493.6316407,3200,13.849984169006348
1530437533.933125,3328,19.151185989379883
1530437574.2446425,3456,10.916604042053223
1530437614.5609558,3584,13.566657066345215
1530437707.683767,3712,25.742563247680664
1530437748.0179765,3840,21.947858810424805
1530437788.3643513,3968,23.066469192504883
1530437828.6228497,4096,14.291712760925293
1530437922.3294103,4224,13.446045875549316
1530437962.7478096,4352,13.662131309509277
1530438003.072163,4480,11.120598793029785
1530438043.427924,4608,16.236902236938477
1530438136.6646845,4736,12.004263877868652
1530438177.0229838,4864,12.158438682556152
1530438217.3702722,4992,13.935503005981445
1530438257.748177,5120,12.692672729492188
1530438349.9598448,5248,13.479147911071777
1530438390.3935683,5376,13.439300537109375
1530438430.8746426,5504,12.445408821105957
1530438471.2967017,5632,14.497978210449219
1530438565.4122765,5760,20.019393920898438
1530438605.8876061,5888,16.10857582092285
1530438646.2858777,6016,10.742584228515625
1530438686.7467904,6144,12.602131843566895
1530438779.409482,6272,14.035262107849121
1530438819.8659997,6400,9.898941993713379
1530438860.3275194,6528,12.69749927520752
1530438900.807967,6656,13.32454776763916
1530438993.209727,6784,11.347790718078613
1530439033.6629534,6912,10.723440170288086
1530439074.1191545,7040,11.385965347290039
1530439114.6689537,7168,16.502492904663086
1530439206.2524195,7296,12.672319412231445
1530439246.7346754,7424,11.007169723510742
1530439287.2350705,7552,10.730446815490723
1530439327.625916,7680,11.940949440002441
1530439420.4752488,7808,12.4913330078125
1530439460.9540086,7936,10.918013572692871
1530439501.446568,8064,11.003087997436523
1530439541.9108984,8192,11.773924827575684
1530439634.548227,8320,11.93183708190918
1530439674.958749,8448,11.637571334838867
1530439715.3528547,8576,14.157163619995117
1530439755.7948215,8704,12.633780479431152
1530439849.079554,8832,13.298105239868164
1530439889.3929195,8960,14.086861610412598
1530439929.788436,9088,13.406451225280762
1530439970.19359,9216,12.614885330200195
1530440062.3530185,9344,13.229269981384277
1530440102.7396915,9472,12.615096092224121
1530440143.20016,9600,12.984639167785645
1530440183.5945702,9728,10.676044464111328
1530440276.5196636,9856,11.416000366210938
1530440316.8297458,9984,11.308422088623047
1530440357.193592,10112,12.250053405761719
1530440397.6064165,10240,11.715423583984375
1530440489.7634509,10368,11.301321029663086
1530440530.0860736,10496,11.444111824035645
1530440570.4735038,10624,13.031572341918945
1530440610.9034846,10752,13.348078727722168
1530440703.5730631,10880,11.47799301147461
1530440744.0989077,11008,14.520432472229004
1530440784.5897872,11136,12.892011642456055
1530440825.1142807,11264,11.252418518066406
1530440917.2207818,11392,12.01405143737793
1530440957.7185462,11520,11.425082206726074
1530440998.18207,11648,12.87032699584961
1530441038.655628,11776,10.726308822631836
1530441132.786105,11904,12.017898559570312
1530441173.2873213,12032,11.982932090759277
1530441213.8028512,12160,12.136014938354492
1530441254.2834473,12288,13.224040031433105
1530441347.5515077,12416,12.095419883728027
1530441387.958146,12544,12.12610149383545
1530441428.4687827,12672,12.271636009216309
1530441469.012555,12800,10.370680809020996
1530441561.7737896,12928,11.17796516418457
1530441602.3121362,13056,12.94581127166748
1530441642.8231013,13184,12.43879222869873
1530441683.331735,13312,9.9194974899292
1530441776.379623,13440,10.574653625488281
1530441816.8489213,13568,11.567940711975098
1530441857.37496,13696,10.94924259185791
1530441897.8411875,13824,10.861928939819336
1530441990.6725547,13952,11.538372039794922
1530442031.1103637,14080,11.837331771850586
1530442071.6422343,14208,10.947617530822754
1530442112.133523,14336,10.383943557739258
1530442205.1839292,14464,11.769185066223145
1530442245.708774,14592,11.0371675491333
1530442286.175424,14720,10.83729076385498
1530442326.692969,14848,10.421170234680176
1530442419.8293989,14976,10.966060638427734
1530442460.3489575,15104,13.083304405212402
1530442500.8416736,15232,12.544716835021973
1530442541.3224468,15360,11.924553871154785
1530442634.8443644,15488,13.633371353149414
1530442675.3300655,15616,9.72047233581543
1530442715.8261218,15744,12.077489852905273
1530442756.3162315,15872,11.342079162597656
1530442848.7633123,16000,11.585762977600098
1530442889.1951563,16128,10.548582077026367
1530442929.6706033,16256,11.252043724060059
1530442970.1486523,16384,11.138436317443848
1530443062.5822732,16512,10.994339942932129
1530443103.0812166,16640,10.769793510437012
1530443143.5378819,16768,11.462318420410156
1530443183.9689617,16896,13.519034385681152
1530443276.9776893,17024,13.825202941894531
1530443317.490589,17152,10.245985984802246
1530443358.008782,17280,11.996353149414062
1530443398.4558086,17408,11.708151817321777
1530443491.409362,17536,11.641810417175293
1530443531.8637254,17664,11.005505561828613
1530443572.3519113,17792,9.984663963317871
1530443612.7996867,17920,11.237847328186035
1530443706.2019672,18048,11.737285614013672
1530443746.654663,18176,11.496731758117676
1530443787.046096,18304,12.200389862060547
1530443827.5228257,18432,10.180941581726074
1530443922.14481,18560,10.018815994262695
1530443962.6303446,18688,10.274360656738281
1530444003.1041398,18816,11.545511245727539
1530444043.5695646,18944,10.75556755065918
1530444136.6942704,19072,11.340218544006348
1530444177.14427,19200,11.63537311553955
1530444217.622493,19328,10.393512725830078
1530444258.0919495,19456,12.549186706542969
1530444351.915662,19584,10.667333602905273
1530444392.3409562,19712,9.792620658874512
1530444432.7837765,19840,11.536832809448242
1530444473.2255013,19968,11.752527236938477
1530444566.9295652,20096,10.453459739685059
1530444607.3781486,20224,11.936480522155762
1530444647.806203,20352,11.982678413391113
1530444688.2898536,20480,10.968446731567383
1530444781.3988464,20608,12.277312278747559
1530444821.9112072,20736,12.221397399902344
1530444862.4395304,20864,10.35319995880127
1530444902.9149628,20992,11.206086158752441
1530444996.5385172,21120,11.773571014404297
1530445037.0335517,21248,11.113848686218262
1530445077.4856672,21376,11.656025886535645
1530445117.999307,21504,12.570683479309082
1530445211.4784453,21632,11.752382278442383
1530445251.9401104,21760,13.931315422058105
1530445292.500148,21888,10.143380165100098
1530445333.0190043,22016,10.04646110534668
1530445426.6548429,22144,11.203320503234863
1530445467.120674,22272,10.953227996826172
1530445507.6194196,22400,11.186978340148926
1530445548.117897,22528,10.941723823547363
1530445642.391463,22656,13.410611152648926
1530445682.8980806,22784,11.2782564163208
1530445723.386745,22912,14.480087280273438
1530445763.822586,23040,10.489916801452637
1530445858.0994723,23168,10.991522789001465
1530445898.6350317,23296,11.709668159484863
1530445939.1913323,23424,11.14435863494873
1530445979.7326922,23552,10.653972625732422
1530446074.0216522,23680,12.463406562805176
1530446114.4744246,23808,11.39455509185791
1530446154.9303935,23936,12.445524215698242
1530446195.3560987,24064,11.419858932495117
1530446288.815396,24192,10.101073265075684
1530446329.3689332,24320,13.111400604248047
1530446369.8763769,24448,11.987419128417969
1530446410.3980942,24576,12.14211368560791
1530446504.5327551,24704,12.008996963500977
1530446545.0699182,24832,12.139121055603027
1530446585.5977056,24960,13.525875091552734
1530446626.0807116,25088,11.34829044342041
1530446719.6638277,25216,10.619306564331055
1530446760.1608744,25344,11.375411033630371
1530446800.6113384,25472,10.405591011047363
1530446841.1001287,25600,11.26608657836914
1530446935.47765,25728,11.044245719909668
1530446975.9442613,25856,11.038361549377441
1530447016.3984485,25984,11.296688079833984
1530447056.8698359,26112,10.446013450622559
1530447150.6105425,26240,11.45179557800293
1530447191.0906377,26368,12.693487167358398
1530447231.6217802,26496,10.812023162841797
1530447272.1056204,26624,15.844488143920898
1530447365.0063355,26752,11.209186553955078
1530447405.4883447,26880,11.610190391540527
1530447445.960047,27008,13.08815860748291
1530447486.4849036,27136,12.55086898803711
1530447580.0669608,27264,12.426979064941406
1530447620.563434,27392,10.944793701171875
1530447661.0374577,27520,11.678064346313477
1530447701.484886,27648,11.459075927734375
1530447796.1543822,27776,12.579449653625488
1530447836.6643682,27904,11.303098678588867
1530447877.1649692,28032,10.298722267150879
1530447917.6554036,28160,12.204376220703125
1530448010.998264,28288,10.089521408081055
1530448051.530251,28416,12.03637981414795
1530448092.0400038,28544,9.992944717407227
1530448132.4952686,28672,11.077885627746582
1530448227.210727,28800,11.2359619140625
1530448267.7038307,28928,10.73884391784668
1530448308.1780913,29056,10.412734985351562
1530448348.7013924,29184,11.059895515441895
1530448442.4901688,29312,16.39419174194336
1530448483.0163577,29440,11.902256965637207
1530448523.5008466,29568,13.0077543258667
1530448564.02309,29696,10.707575798034668
1530448658.4481273,29824,12.601527214050293
1530448698.8720465,29952,12.444971084594727
1530448739.3735576,30080,11.41008472442627
1530448779.8468986,30208,14.462257385253906
1530448873.8909905,30336,11.822222709655762
1530448914.431861,30464,12.032790184020996
1530448954.9429498,30592,10.802040100097656
1530448995.4909334,30720,13.08387279510498
1530449090.8423486,30848,10.588123321533203
1530449131.4024923,30976,12.174756050109863
1530449171.9033992,31104,12.325910568237305
1530449212.4071665,31232,11.725595474243164
1530449306.2387667,31360,11.846800804138184
1530449346.7264163,31488,14.078445434570312
1530449387.15437,31616,10.619719505310059
1530449427.592619,31744,11.972344398498535
1530449522.01197,31872,11.451640129089355
1530449562.4861667,32000,12.23996353149414
1530449603.0382364,32128,11.905771255493164
1530449643.4504766,32256,12.336236000061035
1530449737.25796,32384,13.193589210510254
1530449777.7350852,32512,17.97120475769043
1530449818.2202685,32640,14.243925094604492
1530449858.726868,32768,12.332438468933105
1530449952.8785682,32896,12.260226249694824
1530449993.4382968,33024,13.090289115905762
1530450034.0175197,33152,17.647411346435547
1530450074.5184295,33280,15.482560157775879
1530450168.2557497,33408,13.922046661376953
1530450208.7470047,33536,15.824649810791016
1530450249.2909243,33664,15.905348777770996
1530450289.8465145,33792,12.227218627929688
1530450384.178209,33920,15.060135841369629
1530450424.7872598,34048,12.607985496520996
1530450465.329204,34176,11.730461120605469
1530450505.97132,34304,13.513944625854492
1530450601.4882593,34432,10.806988716125488
1530450642.046391,34560,12.440567016601562
1530450682.616351,34688,10.757662773132324
1530450723.257143,34816,13.885069847106934
1530450817.7436173,34944,12.84911823272705
1530450858.3001308,35072,14.94444751739502
1530450898.9394107,35200,15.529382705688477
1530450939.5082839,35328,18.975488662719727
1530451035.1992824,35456,17.66558074951172
1530451075.8479922,35584,18.06642723083496
1530451116.4080112,35712,13.414892196655273
1530451156.9103396,35840,9.865591049194336
1530451252.667416,35968,12.629867553710938
1530451293.206388,36096,10.98576831817627
1530451333.798607,36224,11.391223907470703
1530451374.2654865,36352,10.673341751098633
1530451468.4587622,36480,11.743800163269043
1530451508.961198,36608,10.939088821411133
1530451549.5038543,36736,10.783220291137695
1530451590.0300567,36864,10.876208305358887
1530451683.8553228,36992,13.63398551940918
1530451724.3629556,37120,13.936614036560059
1530451764.8564942,37248,11.628470420837402
1530451805.279508,37376,10.884483337402344
1530451899.7006044,37504,10.125801086425781
1530451940.1416106,37632,13.830402374267578
1530451980.6317794,37760,10.363109588623047
1530452021.1293995,37888,10.369668960571289
1530452116.5211763,38016,12.310907363891602
1530452157.1229093,38144,10.83602523803711
1530452197.7249393,38272,15.833059310913086
1530452238.162161,38400,10.272375106811523
1530452334.9878466,38528,12.516271591186523
1530452375.4879088,38656,12.428245544433594
1530585922.8045592,39040,10.849222183227539
1530585963.319067,39168,10.736924171447754
1530586003.8132641,39296,13.126484870910645
1530586044.3976889,39424,10.742509841918945
1530586135.8681796,39552,12.092629432678223
1530586176.334652,39680,12.36328125
1530586216.8338044,39808,12.565248489379883
1530586258.08855,39936,10.856982231140137
1530586349.7427888,40064,11.439388275146484
1530586390.21938,40192,10.164249420166016
1530586430.7657945,40320,11.262713432312012
1530586472.00977,40448,11.104286193847656
1530586563.8548625,40576,11.579408645629883
1530586604.4072027,40704,10.324511528015137
1530586644.9506052,40832,10.953864097595215
1530586686.0292761,40960,11.021047592163086
1530586777.8050387,41088,11.329414367675781
1530586818.3105834,41216,11.206653594970703
1530586858.8239698,41344,11.114052772521973
1530586899.880092,41472,10.441261291503906
1530586992.038589,41600,10.356496810913086
1530587032.5782192,41728,12.658324241638184
1530587073.0666056,41856,12.871613502502441
1530587113.8999586,41984,11.856589317321777
1530587206.0746906,42112,13.92048454284668
1530587246.574508,42240,13.70984935760498
1530587287.1139154,42368,10.988282203674316
1530587328.0688105,42496,11.083819389343262
1530587419.567234,42624,10.859527587890625
1530587460.1098201,42752,11.73452091217041
1530587500.62757,42880,12.306256294250488
1530587541.7751634,43008,11.306653022766113
1530587634.004123,43136,11.723085403442383
1530587674.5607173,43264,10.613312721252441
1530587715.1121528,43392,11.423121452331543
1530587756.3319035,43520,12.636505126953125
1530587848.997718,43648,14.90089225769043
1530587889.5366027,43776,13.640411376953125
1530587930.1004574,43904,12.598760604858398
1530587971.1448061,44032,10.205180168151855
1530588064.1181724,44160,11.870183944702148
1530588104.672251,44288,11.000152587890625
1530588145.1908748,44416,12.664999008178711
1530588186.1764228,44544,11.80684757232666
1530588279.7916148,44672,12.402820587158203
1530588320.335258,44800,11.964849472045898
1530588360.857621,44928,10.276337623596191
1530588401.9269853,45056,12.740425109863281
1530588494.1443665,45184,13.887868881225586
1530588534.7024205,45312,11.858341217041016
1530588575.236264,45440,12.019174575805664
1530588616.2288845,45568,12.956412315368652
1530588708.6752257,45696,10.294203758239746
1530588749.1869762,45824,13.544463157653809
1530588789.6941419,45952,11.329108238220215
1530588830.63012,46080,11.08598518371582
1530588924.5267456,46208,10.362542152404785
1530588965.0593412,46336,12.07453441619873
1530589005.5849032,46464,13.578160285949707
1530589046.342046,46592,10.52586555480957
1530589139.586641,46720,11.390850067138672
1530589180.1113439,46848,11.16496753692627
1530589220.6350665,46976,12.408476829528809
1530589261.729367,47104,10.870170593261719
1530589353.382701,47232,10.826915740966797
1530589393.9081912,47360,11.422392845153809
1530589434.462805,47488,14.1248779296875
1530589475.330885,47616,11.828636169433594
1530589568.925863,47744,10.660212516784668
1530589609.4613883,47872,12.428006172180176
1530589650.033006,48000,10.883180618286133
1530589690.9952772,48128,12.66165542602539
1530589784.622397,48256,12.1399507522583
1530589825.1494353,48384,14.779091835021973
1530589865.6970885,48512,13.379417419433594
1530589906.6356914,48640,12.665689468383789
1530589999.3334107,48768,12.171191215515137
1530590039.9365919,48896,14.016749382019043
1530590080.5246384,49024,11.962613105773926
1530590121.1718676,49152,11.137306213378906
1530590214.4412315,49280,11.482083320617676
1530590255.0521193,49408,10.919245719909668
1530590295.5547593,49536,11.193017959594727
1530590336.1671193,49664,11.366819381713867
1530590429.9161875,49792,11.61087417602539
1530590470.4226844,49920,11.836919784545898
1530590510.9757497,50048,11.091655731201172
1530590551.578385,50176,12.453071594238281
1530590644.8941002,50304,13.50129508972168
1530590685.4731138,50432,12.681396484375
1530590726.0337183,50560,12.300110816955566
1530590766.7128851,50688,13.414554595947266
1530590860.8460543,50816,11.730507850646973
1530590901.4543743,50944,14.412185668945312
1530590942.0903702,51072,12.052522659301758
1530590982.7873986,51200,11.99913501739502
1530591076.2780893,51328,11.18238639831543
1530591116.8808079,51456,11.577210426330566
1530591157.5407305,51584,11.717525482177734
1530591198.2834015,51712,12.696345329284668
1530591291.1413481,51840,12.101351737976074
1530591331.6905892,51968,13.478338241577148
1530591372.317534,52096,10.136029243469238
1530591413.03693,52224,11.91515827178955
1530591506.4376578,52352,11.459328651428223
1530591546.9758003,52480,11.683039665222168
1530591587.5849195,52608,11.927988052368164
1530591628.3119905,52736,14.545145988464355
1530591721.0850215,52864,11.97091007232666
1530591761.6996956,52992,14.439701080322266
1530591802.2849007,53120,11.619841575622559
1530591842.993091,53248,11.923898696899414
1530591938.1358416,53376,11.411803245544434
1530591978.7144055,53504,11.61681842803955
1530592019.3509312,53632,12.822701454162598
1530592060.0604024,53760,10.447044372558594
1530592153.4068215,53888,12.035508155822754
1530592194.0358164,54016,10.572251319885254
1530592234.7073581,54144,11.480977058410645
1530592275.492675,54272,12.872950553894043
1530592369.223595,54400,11.959217071533203
1530592409.86351,54528,16.110923767089844
1530592450.525092,54656,13.13428783416748
1530592491.2955894,54784,12.437804222106934
1530592584.96906,54912,11.842299461364746
1530592625.539987,55040,11.6138277053833
1530592666.169741,55168,12.735631942749023
1530592706.8226333,55296,14.702717781066895
1530592802.1535726,55424,12.075601577758789
1530592842.7925248,55552,13.41173267364502
1530592883.4862459,55680,13.333901405334473
1530592924.2135303,55808,11.630060195922852
1530593018.6939433,55936,11.838417053222656
1530593059.21862,56064,12.862788200378418
1530593099.6836047,56192,12.016321182250977
1530593140.344997,56320,13.735695838928223
1530593235.691891,56448,13.144001007080078
1530593276.229855,56576,12.259966850280762
1530593316.770594,56704,11.613847732543945
1530593357.4341674,56832,11.408880233764648
1530593452.7147548,56960,11.50458812713623
1530593493.3168535,57088,13.008002281188965
1530593533.8839042,57216,13.726991653442383
1530593574.5598476,57344,14.861471176147461
1530593668.6213093,57472,16.923566818237305
1530593709.1392908,57600,16.42854881286621
1530593749.6921237,57728,12.939167976379395
1530593790.359418,57856,14.166393280029297
1530593884.101308,57984,12.324047088623047
1530593924.6636918,58112,11.540483474731445
1530593965.2535036,58240,11.582984924316406
1530594005.9213514,58368,11.5103759765625
1530594100.521713,58496,11.391181945800781
1530594141.0890653,58624,11.864899635314941
1530594181.6503768,58752,12.750134468078613
1530594222.2279065,58880,9.757024765014648
1530594315.3987467,59008,10.94781494140625
1530594355.9451072,59136,11.590873718261719
1530594396.5700355,59264,10.988853454589844
1530594437.1704183,59392,11.690227508544922
1530594532.7055001,59520,10.61170768737793
1530594573.2594943,59648,12.107564926147461
1530594613.9306254,59776,11.469871520996094
1530594654.5669837,59904,11.055887222290039
1530594748.67025,60032,10.594118118286133
1530594789.2418022,60160,10.09978199005127
1530594829.7928498,60288,11.74114990234375
1530594870.5046055,60416,13.630881309509277
1530594964.8476174,60544,10.745363235473633
1530595005.4570508,60672,10.219757080078125
1530595046.0935106,60800,11.344917297363281
1530595086.7504818,60928,13.56036376953125
1530595182.1751316,61056,13.927862167358398
1530595222.7495527,61184,13.90358829498291
1530595263.2663107,61312,12.156697273254395
1530595303.9524984,61440,15.047528266906738
1530595399.5180714,61568,10.507803916931152
1530595440.1206656,61696,10.873819351196289
1530595480.7448483,61824,12.1458740234375
1530595521.463599,61952,11.524226188659668
1530595616.5202773,62080,10.725044250488281
1530595657.0694938,62208,11.018260955810547
1530671899.0017152,62592,12.372654914855957
1530671939.6705189,62720,10.829212188720703
1530671980.366943,62848,12.224871635437012
1530672020.950463,62976,12.24802017211914
1530672113.2773569,63104,11.746901512145996
1530672153.810174,63232,13.290754318237305
1530672194.345684,63360,11.657793045043945
1530672235.0020788,63488,10.752007484436035
1530672326.8650656,63616,10.568147659301758
1530672367.3432345,63744,12.037592887878418
1530672407.8772578,63872,12.398506164550781
1530672448.5097919,64000,12.408868789672852
1530672541.098015,64128,11.25621509552002
1530672581.647787,64256,12.037701606750488
1530672622.2130046,64384,10.85905647277832
1530672662.8406549,64512,12.254474639892578
1530672756.2792804,64640,12.365836143493652
1530672796.7928033,64768,10.28443431854248
1530672837.2895124,64896,11.120431900024414
1530672877.9395876,65024,11.157411575317383
1530672969.9204054,65152,11.833097457885742
1530673010.4054575,65280,11.211736679077148
1530673050.8867772,65408,13.214069366455078
1530673091.501185,65536,11.428118705749512
1530673184.6883297,65664,12.706156730651855
1530673225.2222795,65792,13.774408340454102
1530673265.7769673,65920,13.23760986328125
1530673306.3995047,66048,12.375458717346191
1530673398.7417634,66176,14.408143043518066
1530673439.2621372,66304,13.775736808776855
1530673479.8254726,66432,12.031962394714355
1530673520.5119698,66560,11.484720230102539
1530673612.0593886,66688,10.7059965133667
1530673652.554097,66816,11.447343826293945
1530673693.076512,66944,13.723706245422363
1530673733.6391284,67072,12.576263427734375
1530673826.7245595,67200,12.325533866882324
1530673867.1837544,67328,12.899103164672852
1530673907.7167356,67456,13.424708366394043
1530673948.3811526,67584,10.983844757080078
1530674040.7705085,67712,11.291244506835938
1530674081.261991,67840,12.517229080200195
1530674121.8916574,67968,13.053112983703613
1530674162.513653,68096,12.788727760314941
1530674254.9832287,68224,12.839853286743164
1530674295.4748626,68352,11.42455768585205
1530674336.0221016,68480,14.63183307647705
1530674376.6456246,68608,13.77431583404541
1530674468.4536002,68736,12.769255638122559
1530674509.0078416,68864,12.912721633911133
1530674549.5620697,68992,11.573065757751465
1530674590.2003217,69120,14.189068794250488
1530674683.2399755,69248,12.797382354736328
1530674723.7345505,69376,13.568877220153809
1530674764.2679222,69504,11.59873104095459
1530674804.9229898,69632,10.2017240524292
1530674897.4038174,69760,10.704997062683105
1530674937.8783314,69888,12.098400115966797
1530674978.4348047,70016,14.594611167907715
1530675019.0285146,70144,12.282411575317383
1530675112.9012752,70272,11.213351249694824
1530675153.4324164,70400,13.586947441101074
1530675194.0182693,70528,13.802021980285645
1530675234.7043636,70656,10.99267864227295
1530675327.663794,70784,12.277204513549805
1530675368.268566,70912,12.10728931427002
1530675408.8345056,71040,12.264236450195312
1530675449.535358,71168,10.849817276000977
1530675541.9706633,71296,11.726025581359863
1530675582.5458262,71424,11.288869857788086
1530675623.0649073,71552,10.82539176940918
1530675663.6906505,71680,14.21534538269043
1530675756.6251729,71808,13.02016830444336
1530675797.1619916,71936,11.10999584197998
1530675837.7334375,72064,11.676253318786621
1530675878.3420627,72192,10.903480529785156
1530675972.5228803,72320,10.229551315307617
1530676013.0956197,72448,10.623499870300293
1530676053.6624715,72576,11.777633666992188
1530676094.351595,72704,11.103800773620605
1530676188.5665174,72832,12.859432220458984
1530676229.0530717,72960,14.486279487609863
1530676269.600302,73088,12.835466384887695
1530676310.2085962,73216,11.90234375
1530676402.2968442,73344,11.254766464233398
1530676442.795247,73472,10.228229522705078
1530676483.3261085,73600,10.96627426147461
1530676523.9169827,73728,10.5686616897583
1530676616.8007731,73856,11.788188934326172
1530676657.3151944,73984,11.232487678527832
1530676697.8404,74112,12.04895305633545
1530676738.4823923,74240,12.171504974365234
1530676831.2159028,74368,10.33802318572998
1530676871.726252,74496,11.292844772338867
1530676912.203555,74624,13.719239234924316
1530676952.8182533,74752,11.505385398864746
1530677045.7581737,74880,11.161642074584961
1530677086.3351676,75008,10.511397361755371
1530677126.842541,75136,11.25312328338623
1530677167.5428903,75264,9.73089599609375
1530677259.9041622,75392,12.687134742736816
1530677300.4895258,75520,12.193517684936523
1530677341.0678146,75648,12.124499320983887
1530712121.2535303,75904,12.455367088317871
1530712161.78212,76032,11.543213844299316
1530712202.4095018,76160,10.698555946350098
1530712242.9634702,76288,11.897526741027832
1530712333.6189604,76416,11.475821495056152
1530712374.1664796,76544,11.348325729370117
1530712414.6824574,76672,11.89444351196289
1530712455.1871755,76800,11.618313789367676
1530712546.4016623,76928,11.74678897857666
1530712586.8916435,77056,10.706025123596191
1530712627.4744368,77184,12.201208114624023
1530712667.9517581,77312,14.027420043945312
1530712759.0005133,77440,10.930187225341797
1530712799.5464842,77568,11.064241409301758
1530712840.073045,77696,11.777506828308105
1530712880.6043406,77824,10.512181282043457
1530712971.631024,77952,12.394922256469727
1530713012.100499,78080,9.947983741760254
1530713052.5554917,78208,11.652926445007324
1530713093.074364,78336,11.290359497070312
1530713184.2281883,78464,11.555526733398438
1530713224.8011627,78592,10.825764656066895
1530713265.378119,78720,12.946396827697754
1530713305.8808553,78848,13.519471168518066
1530713396.655585,78976,12.988218307495117
1530713437.1573756,79104,11.892105102539062
1530713477.6978986,79232,11.743024826049805
1530713518.2615232,79360,12.258389472961426
1530713609.5077353,79488,12.669903755187988
1530713650.1063213,79616,11.220438003540039
1530713690.6985357,79744,11.905181884765625
1530713731.2309523,79872,11.286524772644043
1530713822.4476964,80000,10.525531768798828
1530713863.0105247,80128,10.985481262207031
1530713903.59869,80256,12.486367225646973
1530713944.1908312,80384,11.358804702758789
1530714035.5884202,80512,10.776456832885742
1530714076.0700839,80640,11.621834754943848
1530714116.6069522,80768,12.636202812194824
1530714157.1939821,80896,11.980324745178223
1530714248.1570148,81024,12.110434532165527
1530714288.732465,81152,12.44875717163086
1530714329.272709,81280,10.659444808959961
1530714369.8492763,81408,12.483242988586426
1530714460.96973,81536,12.565277099609375
1530714501.490447,81664,11.468798637390137
1530714542.033034,81792,11.691322326660156
1530714582.6222541,81920,11.062321662902832
1530714675.3421137,82048,11.204577445983887
1530714715.8931594,82176,11.914709091186523
1530714756.5034335,82304,11.440253257751465
1530714797.0199835,82432,11.73796272277832
1530714889.125103,82560,10.56165885925293
1530714929.6440103,82688,12.867953300476074
1530714970.2069273,82816,12.091320991516113
1530715010.7626493,82944,11.68323040008545
1530715102.709166,83072,12.217314720153809
1530715143.2618513,83200,11.502016067504883
1530715183.8059762,83328,13.296334266662598
1530715224.4086506,83456,10.975334167480469
1530715316.1148868,83584,15.133749961853027
1530715356.6675544,83712,12.917675018310547
1530715397.245503,83840,12.97976303100586
1530715437.7687645,83968,13.167829513549805
1530715530.64665,84096,13.741557121276855
1530715571.1676478,84224,13.634562492370605
1530715611.6983533,84352,11.67553424835205
1530715652.2311084,84480,15.145316123962402
1530715744.0357206,84608,13.70564079284668
1530715784.5552287,84736,11.73764705657959
1530715825.089361,84864,12.341192245483398
1530715865.5722432,84992,13.44502067565918
1530715958.342675,85120,13.700809478759766
1530715998.8686593,85248,11.119525909423828
1530716039.4050672,85376,12.371891021728516
1530716079.8690162,85504,14.956005096435547
1530716171.6072762,85632,11.943377494812012
1530716212.1123476,85760,15.168731689453125
1530716252.524894,85888,11.824591636657715
1530716293.1200228,86016,10.856803894042969
1530716385.011272,86144,11.622045516967773
1530716425.4710772,86272,12.265517234802246
1530716465.9082727,86400,12.04563045501709
1530716506.3616128,86528,12.849584579467773
1530716599.6823938,86656,11.85149097442627
1530716640.1712573,86784,12.40343189239502
1530716680.7482994,86912,11.655112266540527
1530716721.268349,87040,13.36560344696045
1530716813.1365125,87168,11.852344512939453
1530716853.6054974,87296,12.05735969543457
1530716894.0862343,87424,12.768447875976562
1530716934.611796,87552,11.951305389404297
1530717028.0093307,87680,11.85067367553711
1530717068.5231097,87808,11.55595874786377
1530717109.0951242,87936,12.85566234588623
1530717149.6675334,88064,11.95512866973877
1530717242.8583887,88192,15.492513656616211
1530717283.3811843,88320,11.930193901062012
1530717323.9488144,88448,13.441383361816406
1530717364.519139,88576,12.349695205688477
1530717456.3548415,88704,12.180691719055176
1530717496.956009,88832,14.336189270019531
1530717537.4577503,88960,11.382979393005371
1530717577.9668777,89088,10.482637405395508
1530717670.3560154,89216,9.683091163635254
1530717710.8863416,89344,10.97624683380127
1530717751.3713257,89472,11.29128646850586
1530717791.9173596,89600,11.93445873260498
1530717884.170719,89728,13.911802291870117
1530717924.6473122,89856,14.690725326538086
1530717965.2828012,89984,14.060537338256836
1530718005.8972294,90112,11.241729736328125
1530718097.9247684,90240,12.229777336120605
1530718138.487901,90368,13.042964935302734
1530718179.062578,90496,12.712423324584961
1530718219.5844235,90624,12.732568740844727
1530718312.055307,90752,10.827640533447266
1530718352.5960789,90880,10.886350631713867
1530718393.157936,91008,11.411988258361816
1530718433.7537744,91136,11.074601173400879
1530718526.333848,91264,12.489416122436523
1530718566.960332,91392,12.52462387084961
1530718607.4665165,91520,11.461410522460938
1530718648.0318437,91648,10.932744979858398
1530718740.4475594,91776,10.634513854980469
1530718781.0115817,91904,11.103477478027344
1530718821.5415263,92032,11.258277893066406
1530718862.0617497,92160,12.439797401428223
1530718954.8347251,92288,11.214038848876953
1530718995.4039903,92416,11.423093795776367
1530719035.9683862,92544,11.304086685180664
1530719076.4800792,92672,12.560683250427246
1530719169.9214659,92800,11.954994201660156
1530719210.50772,92928,12.650558471679688
1530719251.0920227,93056,12.489846229553223
1530719291.648951,93184,11.60634994506836
1530719384.3595967,93312,10.6964693069458
1530719424.8586185,93440,10.772798538208008
1530719465.3916566,93568,9.855030059814453
1530719505.9699447,93696,13.146196365356445
1530719598.4560335,93824,12.9751615524292
1530719638.9728904,93952,11.444422721862793
1530719679.5619605,94080,11.202837944030762
1530719720.1194098,94208,11.626423835754395
1530719812.7711039,94336,10.85828971862793
1530719853.3247037,94464,10.945428848266602
1530719893.8751762,94592,13.051566123962402
1530719934.4018838,94720,10.290594100952148
1530720027.2058456,94848,10.886772155761719
1530720067.7793477,94976,10.176665306091309
1530720108.347566,95104,20.29392433166504
1530720148.932805,95232,18.35196876525879
1530720242.0981266,95360,13.479473114013672
1530720282.6512086,95488,14.754766464233398
1530720323.2259243,95616,11.829458236694336
1530720363.7300107,95744,11.609262466430664
1530720456.3990614,95872,12.349602699279785
1530720496.9341693,96000,12.39786434173584
1530720537.4835877,96128,11.018830299377441
1530720578.0116508,96256,11.601692199707031
1530720672.7060359,96384,10.845853805541992
1530720713.2842407,96512,12.327574729919434
1530720753.83578,96640,16.29065704345703
1530720794.4414504,96768,12.189278602600098
1530720887.0838664,96896,13.95065975189209
1530720927.6649432,97024,12.96398639678955
1530720968.2028923,97152,13.8746919631958
1530721008.7413652,97280,14.796730041503906
1530721101.8978813,97408,10.512365341186523
1530721142.44238,97536,15.71186351776123
