wall_time,step,value
1533212796.449367,512,-19.76488494873047
1533214824.6456563,1024,-16.424808502197266
1533216826.8857713,1536,-9.222415924072266
1533218820.3358092,2048,-5.147444725036621
1533220818.060023,2560,-4.888705730438232
1533222805.0247858,3072,-6.300289154052734
1533224787.762482,3584,-9.853506088256836
1533226775.4434364,4096,-5.904350280761719
1533228765.5093424,4608,-6.789608001708984
1533230740.339518,5120,-4.308058738708496
1533232709.4672327,5632,-3.2100794315338135
1533234677.2134252,6144,-4.967541694641113
1533236648.8312542,6656,-4.016470432281494
1533238609.4886713,7168,-4.106900691986084
1533240572.0989091,7680,-1.3493351936340332
1533242547.7199135,8192,-1.889190912246704
1533244508.2588525,8704,-1.839721441268921
1533246474.1681678,9216,-4.752493381500244
1533248448.816484,9728,-0.8228732347488403
1533250419.8258305,10240,-4.553126335144043
1533252388.2829719,10752,-1.924678087234497
1533254365.9934337,11264,-3.2109131813049316
1533256335.116483,11776,0.03550083935260773
1533258320.1428127,12288,-2.584148645401001
1533260298.6937337,12800,-0.9619588255882263
1533262272.3450456,13312,-1.9760768413543701
1533264252.9618814,13824,-1.142195701599121
1533266229.6465995,14336,-2.3584933280944824
1533268177.9979212,14848,-4.925104141235352
1533270145.1055055,15360,-0.41923385858535767
1533272106.1328464,15872,-2.0872550010681152
1533274081.901246,16384,0.6166861057281494
1533276050.2692306,16896,-3.0288233757019043
1533278002.908245,17408,-1.4223499298095703
1533279964.2658918,17920,-2.2332100868225098
1533281926.6794636,18432,-0.5724407434463501
1533283881.5742583,18944,-2.0691657066345215
1533285837.598998,19456,-5.59882116317749
1533287806.5418484,19968,-2.542914390563965
1533289767.8676248,20480,-1.7397472858428955
1533291723.4467177,20992,-2.6519553661346436
1533293681.9855456,21504,-5.596169948577881
1533295649.4312794,22016,-3.150247573852539
1533297602.1588097,22528,-2.951211929321289
1533299544.0947063,23040,-3.685053825378418
1533301515.5447595,23552,-1.696655035018921
1533303484.2890065,24064,-0.8387528657913208
1533305452.309137,24576,0.005170679651200771
1533307415.1426337,25088,-3.079134702682495
1533309384.5787392,25600,-0.032402779906988144
1533311351.8251648,26112,-4.011548042297363
1533313311.2533705,26624,-1.4532525539398193
1533315284.7470565,27136,-2.2707619667053223
1533317254.096836,27648,-3.584280014038086
1533319223.846703,28160,-1.2738656997680664
1533321190.0618663,28672,-3.847355604171753
1533323153.0210433,29184,-5.205953598022461
1533554396.506481,29696,0.574649453163147
1533556361.665478,30208,-2.685943126678467
1533558320.8213027,30720,-0.9165277481079102
1533560290.6047468,31232,-5.114309310913086
1533562245.3904808,31744,-3.286027431488037
1533564216.2818916,32256,-2.2895336151123047
1533566173.4954147,32768,-5.730071067810059
1533568159.2467487,33280,-1.3109453916549683
1533570123.1743832,33792,-3.447641372680664
1533572093.2761436,34304,-1.8068320751190186
1533574066.392062,34816,-7.3223371505737305
1533576044.192788,35328,-2.135908365249634
1533578021.8124728,35840,-0.7318048477172852
1533579995.9957871,36352,-3.622002601623535
1533581979.8741734,36864,-2.2490503787994385
1533583951.1937006,37376,-3.150305986404419
1533585918.8872142,37888,0.002094712108373642
1533587887.6737309,38400,2.832508087158203
1533589867.459809,38912,-3.456291675567627
1533591824.565324,39424,-6.288063049316406
1533593789.283474,39936,0.023650338873267174
1533595754.0955145,40448,-4.286267280578613
1533597732.3798265,40960,-4.445263862609863
1533599699.6688526,41472,0.5713596343994141
1533601665.8389554,41984,-2.5244250297546387
1533603635.4503012,42496,-5.411249160766602
1533605611.6526468,43008,-2.839035987854004
1533607592.8647416,43520,0.027448907494544983
1533609560.5184894,44032,-1.3041906356811523
1533611548.6716936,44544,-2.113513946533203
1533613536.2932906,45056,-7.3498358726501465
1533615511.8000922,45568,-8.69903564453125
1533617490.168922,46080,-4.349420547485352
1533619468.8528798,46592,-4.868048667907715
1533621435.2243218,47104,-10.060702323913574
1533623412.0239663,47616,-2.1145987510681152
1533625393.816323,48128,-2.7772765159606934
1533627372.2480094,48640,-3.182953357696533
1533629349.6202464,49152,-0.002650439739227295
1533631318.398708,49664,-7.476719379425049
1533633296.1728992,50176,-3.4835076332092285
1533635270.0834684,50688,-2.988147258758545
1533637248.23607,51200,-3.9589180946350098
1533639242.940351,51712,-2.680675506591797
1533641219.7583234,52224,-5.186010360717773
1533643215.1910279,52736,-0.7441129684448242
1533645198.203406,53248,-3.1372101306915283
1533647179.6989179,53760,-5.178716659545898
1533649168.3853278,54272,-1.820265769958496
1533651156.5491366,54784,-2.4196505546569824
1533653146.5143971,55296,-1.8514888286590576
1533655136.624362,55808,-1.8464996814727783
1533657112.7772465,56320,-5.335227966308594
1533659097.9129927,56832,0.025249186903238297
1533661077.1685855,57344,-7.273087501525879
1533663054.1393712,57856,-1.2706937789916992
1533665054.3965757,58368,-1.98607337474823
1533667064.5437093,58880,-3.598756790161133
1533669054.414259,59392,-2.141587734222412
1533674857.961803,59904,-1.549423336982727
1533676842.340533,60416,-0.3279871344566345
1533678821.041347,60928,-2.307546615600586
1533680799.384216,61440,-5.3473358154296875
1533682793.2466738,61952,1.6070877313613892
1533684797.2575667,62464,1.292496681213379
1533686784.547214,62976,-5.203686714172363
1533688771.7180622,63488,-4.091004371643066
1533690769.4899502,64000,-1.8763855695724487
1533692752.53319,64512,-7.349912643432617
1533694737.0588028,65024,-4.112942695617676
1533696722.1378467,65536,-6.398120403289795
1533698706.3940153,66048,-3.688283920288086
1533700703.476041,66560,0.9025514125823975
1533702701.4588752,67072,-4.554004192352295
1533704689.4860728,67584,-4.9537811279296875
1533706674.585381,68096,-5.958968162536621
1533708675.1520371,68608,-4.346250534057617
1533710685.195701,69120,-5.122535705566406
1533712687.4271429,69632,-6.544712066650391
1533714697.4559076,70144,-1.140483021736145
1533716692.9908762,70656,-2.5442862510681152
1533718706.386825,71168,-5.61245059967041
1533720708.0795884,71680,-4.105607509613037
1533722708.352975,72192,-3.3881304264068604
1533724700.6201572,72704,-4.548252582550049
1533726706.5550244,73216,-3.6257071495056152
1533728701.113203,73728,-4.746959686279297
1533730692.413796,74240,-3.212968349456787
1533732678.7063115,74752,-7.7406511306762695
1533734661.6436784,75264,-4.989857196807861
1533736664.1814399,75776,-3.219630718231201
1533738667.018401,76288,-2.299271583557129
1533740671.6717937,76800,-2.125688076019287
1533742691.891209,77312,-8.863493919372559
1533745706.3184562,77824,-2.786000967025757
1533747702.6456387,78336,-7.399884223937988
1533749699.9375064,78848,-3.3097140789031982
1533751690.5869486,79360,-7.812841415405273
1533753694.8686109,79872,-3.335575580596924
1533755684.2017379,80384,3.3662850856781006
1533757675.0681689,80896,-3.225614547729492
1533759661.664325,81408,-2.9002091884613037
1533761648.7827501,81920,1.3907897472381592
1533763647.0610273,82432,-4.570911407470703
1533765643.6541512,82944,-5.80876350402832
1533767626.532945,83456,-5.151432991027832
1533769626.4541566,83968,-0.22137446701526642
1533771620.0464816,84480,1.474091649055481
1533773628.775876,84992,-2.1088032722473145
1533775625.6155822,85504,-8.606755256652832
1533777625.0466058,86016,-1.2860794067382812
1533779628.8605776,86528,-2.7157225608825684
1533781625.3338728,87040,-5.437689781188965
1533783632.4599638,87552,-2.9893980026245117
1533785627.1878762,88064,-2.5541083812713623
1533787632.7221262,88576,-0.7920247316360474
1533789623.3432858,89088,-2.8632538318634033
1533791615.336812,89600,-3.626948356628418
1533793612.2790065,90112,1.7724567651748657
1533795612.834658,90624,-6.370606899261475
1533797600.4981678,91136,3.7010903358459473
1533799591.990699,91648,-2.655094623565674
1533801580.0597074,92160,-5.111410140991211
1533803571.0897775,92672,-0.02663315273821354
1533805559.2621589,93184,-9.65611457824707
1533807544.4035683,93696,-3.578399181365967
1533809542.6250796,94208,-3.0321240425109863
1533811536.6099198,94720,-1.7509784698486328
1533813526.1306925,95232,-5.968628883361816
1533815519.8802567,95744,-1.778369665145874
1533817504.941701,96256,-0.47148680686950684
1533819500.9567194,96768,-3.466026782989502
1533821498.5036402,97280,-1.8450123071670532
