wall_time,step,value
1530834815.367672,512,82.88468933105469
1530835267.58615,1024,8.118178367614746
1530977163.189283,2048,-4.714183807373047
1530977605.7311823,2560,-10.563549995422363
1530978045.6076775,3072,-3.214214563369751
1530978486.632033,3584,2.776129722595215
1530978928.463965,4096,-2.8510847091674805
1530979368.8533099,4608,-3.3040380477905273
1530979811.2212217,5120,-5.274343490600586
1530980252.738153,5632,-3.60353946685791
1530980692.5193584,6144,-3.6012842655181885
1530981135.2467294,6656,-4.119784355163574
1530981578.3386602,7168,-3.4774162769317627
1530982019.8457255,7680,-0.549008309841156
1530982461.7615638,8192,-0.7329039573669434
1530982902.750066,8704,2.1003124713897705
1530983345.1309602,9216,-1.008381724357605
1530983786.3164988,9728,4.319587230682373
1530984228.619729,10240,-0.5625641345977783
1530984671.3555806,10752,0.8218545913696289
1530985112.6964118,11264,-0.308834433555603
1530985554.8041897,11776,1.6022837162017822
1530985995.5301793,12288,0.9438203573226929
1530986436.726813,12800,3.2714359760284424
1530986878.7537856,13312,-2.946563482284546
1530987320.611002,13824,4.003515243530273
1530987760.8703535,14336,1.9043234586715698
1530988201.4964871,14848,0.7456427216529846
1530988643.7185905,15360,-0.23941504955291748
1530989085.726924,15872,-1.3465577363967896
1530989526.8918324,16384,0.5486365556716919
1530989967.2380347,16896,1.247802972793579
1530990408.1570294,17408,-2.3892312049865723
1530990849.8518827,17920,0.9676661491394043
1530991289.5313172,18432,2.34941029548645
1530991730.06767,18944,5.621990203857422
1530992171.104978,19456,0.7591936588287354
1530992613.2735422,19968,4.0098066329956055
1530993057.1239038,20480,-1.4218000173568726
1530993499.715799,20992,3.18880033493042
1530993942.2358665,21504,3.431021213531494
1530994386.3197625,22016,1.9079689979553223
1530994828.9552255,22528,4.329184055328369
1530995270.9602618,23040,2.290921688079834
1530995711.1798344,23552,1.5552465915679932
1530996152.4297397,24064,0.9802969694137573
1530996595.413806,24576,2.174802780151367
1530997038.449009,25088,5.210411548614502
1530997479.7341979,25600,0.8573360443115234
1530997920.7750695,26112,2.4863369464874268
1530998362.0524583,26624,2.5129590034484863
1530998803.3980896,27136,3.922158718109131
1530999244.99528,27648,1.1373000144958496
1530999687.7605798,28160,0.8969495296478271
1531000130.6235113,28672,-0.8665949106216431
1531000574.0010698,29184,2.4642457962036133
1531001018.7462883,29696,4.883319854736328
1531001461.3952649,30208,0.7682937383651733
1531001904.642225,30720,0.3124872148036957
1531002348.2238295,31232,0.5000742077827454
1531002793.1413493,31744,-1.1748559474945068
1531003236.7230437,32256,3.974066734313965
1531003680.7619176,32768,1.8121318817138672
1531004123.1189365,33280,0.5191458463668823
1531004566.9892807,33792,4.570652008056641
1531005014.0978198,34304,-0.7634638547897339
1531005458.379575,34816,2.83077335357666
1531005903.203947,35328,-0.15376096963882446
1531006348.8237007,35840,1.154873013496399
1531006794.5204344,36352,-3.6837124824523926
1531007239.9982295,36864,4.4432525634765625
1531007683.053836,37376,-1.7533209323883057
1531008129.4400086,37888,4.9634599685668945
1531008575.759076,38400,4.790536880493164
1531009022.1637223,38912,1.517812967300415
1531137229.5831957,39936,2.198342800140381
1531137667.549741,40448,-1.636856198310852
1531138105.515267,40960,1.6287260055541992
1531138544.1333752,41472,-1.629755973815918
1531138982.9777176,41984,4.104100704193115
1531139421.3241863,42496,6.716886043548584
1531139860.0891218,43008,-3.0514354705810547
1531140298.9681146,43520,7.831127643585205
1531140738.3638105,44032,-0.2516127824783325
1531141178.5465686,44544,0.3296138048171997
1531141617.4263175,45056,-2.417064905166626
1531142057.537178,45568,-0.029885970056056976
1531142496.6355755,46080,2.3711938858032227
1531142935.5028198,46592,2.3147034645080566
1531143375.725456,47104,-0.301565557718277
1531143816.8284943,47616,2.3326144218444824
1531144256.9608743,48128,0.08316335082054138
1531149023.5883582,49152,2.2896244525909424
1531149464.270162,49664,-1.7139748334884644
1531149904.5028203,50176,3.3431408405303955
1531150345.1726618,50688,-2.0717430114746094
1531150786.6950822,51200,3.049288511276245
1531151227.012981,51712,4.8237810134887695
1531151667.636808,52224,-0.447496235370636
1531152108.7192478,52736,0.8430517911911011
1531152548.9088879,53248,-0.5947870016098022
1531152990.2382324,53760,-0.36559271812438965
1531153430.5475526,54272,-3.3201513290405273
1531153871.5601788,54784,1.3109060525894165
1531154313.4049506,55296,0.9081895351409912
1531154754.403926,55808,2.3753747940063477
1531155197.3204103,56320,0.6736490726470947
1531155637.5926359,56832,1.12980318069458
1531156080.6004024,57344,0.6497554183006287
1531156524.5564537,57856,0.5745242834091187
1531156967.1006067,58368,0.09155458211898804
1531157409.8709779,58880,2.3024849891662598
1531157852.112406,59392,2.538003444671631
1531158296.1149483,59904,1.508838176727295
1531158739.4780898,60416,-3.558436393737793
1531159183.3901093,60928,3.2625935077667236
1531159626.835885,61440,0.24724265933036804
1531160070.1835346,61952,-1.2989869117736816
1531160514.5752466,62464,-0.054805561900138855
1531160959.1055174,62976,0.3671395182609558
1531161404.3460124,63488,-1.1447519063949585
1531161848.2852554,64000,2.2717716693878174
1531162291.6158555,64512,-2.35843825340271
1531162736.3093653,65024,-0.35075151920318604
1531163179.9611773,65536,-0.2690235674381256
1531163623.7659132,66048,0.543216347694397
1531164069.4800394,66560,-1.6169841289520264
1531164513.6897702,67072,1.9983818531036377
1531164957.9234166,67584,-3.053420066833496
1531165401.8340821,68096,5.596612930297852
1531165845.6194592,68608,2.6268274784088135
1531166289.6250815,69120,0.048932500183582306
1531166733.692509,69632,2.1978282928466797
1531167178.5452213,70144,0.8777632713317871
1531167622.8229525,70656,-1.785341739654541
1531168067.793505,71168,-1.6574689149856567
1531168513.3823228,71680,0.3129434585571289
1531168957.4659755,72192,3.7656466960906982
1531169401.884011,72704,2.6547677516937256
1531169846.636765,73216,-1.1323500871658325
1531170291.4296043,73728,1.1869900226593018
1531170736.3673918,74240,-1.2889478206634521
1531171181.141204,74752,-0.7687240839004517
1531171626.2103286,75264,3.7279272079467773
1531172071.8374872,75776,1.643226146697998
1531172517.11506,76288,0.5549077987670898
1531172963.7783644,76800,2.126216411590576
1531173409.448581,77312,-0.8269875049591064
1531173856.156594,77824,1.5660297870635986
1531174302.5813556,78336,1.2849748134613037
1531174748.555853,78848,-1.7723592519760132
1531175194.7288098,79360,1.3006823062896729
1531175642.4572864,79872,-2.5707855224609375
1531176089.8553658,80384,-0.3547741174697876
1531176536.4503314,80896,1.6775624752044678
1531176983.525121,81408,-4.049657821655273
1531177430.6662197,81920,-0.3477644920349121
1531177875.8080933,82432,-0.5010724067687988
1531178323.1823032,82944,0.5196921825408936
1531178771.4593914,83456,0.5744225978851318
1531179218.3723104,83968,-0.3539533019065857
1531179664.1681058,84480,-2.200356960296631
1531180110.7915127,84992,2.0802741050720215
1531180558.8493924,85504,1.1950781345367432
1531181007.9724517,86016,0.4219006896018982
1531226666.854459,87040,5.536355495452881
1531227106.899639,87552,-0.10965389013290405
1531227548.0014307,88064,0.21853619813919067
1531227985.202518,88576,-1.9239567518234253
1531228425.083077,89088,2.511133909225464
1531228865.862537,89600,2.736325740814209
1531229304.8551667,90112,1.5005834102630615
1531229744.466147,90624,-3.0180211067199707
1531230183.7429566,91136,2.2274117469787598
1531230624.0656075,91648,-1.9355723857879639
1531231064.8223557,92160,-0.9499985575675964
1531237998.7714689,93184,3.918792247772217
1531238437.345756,93696,0.5962287783622742
1531238877.599336,94208,0.12475603073835373
1531239315.3502376,94720,2.3957977294921875
1531239753.814489,95232,2.407548427581787
1531240193.3663027,95744,3.9421606063842773
1531240632.529049,96256,4.063506603240967
1531241072.7383916,96768,0.0052645280957221985
1531241511.2994902,97280,1.2576689720153809
