wall_time,step,value
1531836366.956615,512,6.653456211090088
1531836817.1862016,1024,7.901554107666016
1531837268.9408624,1536,6.911165237426758
1531837719.846361,2048,6.124157428741455
1531838169.4866264,2560,7.151845455169678
1531838619.9778345,3072,3.3190479278564453
1531839069.5828702,3584,5.668905735015869
1531839520.0566678,4096,3.470348834991455
1531839967.7763486,4608,2.346275806427002
1531840418.1266956,5120,5.371652126312256
1531840868.0093904,5632,3.644470453262329
1531841318.2906625,6144,2.4556691646575928
1531841767.367894,6656,2.4590959548950195
1531842216.597513,7168,2.494070291519165
1531842665.9441803,7680,3.2003746032714844
1531843116.7223608,8192,2.1399059295654297
1531843565.0428383,8704,2.81681227684021
1531844013.603856,9216,2.53629994392395
1531844462.3387313,9728,1.8314718008041382
1531844910.5501647,10240,2.0968668460845947
1531845360.72905,10752,1.708433747291565
1531845810.519302,11264,2.1826655864715576
1531846258.884332,11776,1.9711765050888062
1531846708.6498177,12288,1.8959782123565674
1531847158.9506788,12800,1.7966768741607666
1531847608.2451768,13312,1.5277727842330933
1531848058.4813175,13824,2.648348808288574
1531848506.7487547,14336,2.5275158882141113
1531848956.0160546,14848,1.580647349357605
1531849404.0305874,15360,2.2574892044067383
1531849854.396659,15872,2.1126909255981445
1531850303.1985822,16384,2.2413291931152344
1531850752.1086278,16896,1.6536965370178223
1531851201.657699,17408,1.489498496055603
1531851650.1666052,17920,2.373264789581299
1531852098.8543668,18432,1.501511573791504
1531852549.3145797,18944,1.8129159212112427
1531852998.3249102,19456,1.4793545007705688
1531853446.601098,19968,2.8423190116882324
1531853896.2416084,20480,1.8503659963607788
1531854346.238841,20992,2.1051766872406006
1531854795.8059874,21504,1.4380813837051392
1531855246.1053908,22016,1.4000694751739502
1531855696.6792939,22528,2.2672789096832275
1531856146.0008984,23040,2.7254326343536377
1531856597.7976649,23552,1.2753965854644775
1531857047.9372797,24064,1.7895170450210571
1531857500.3250484,24576,1.856787085533142
1531857950.3150892,25088,1.5915982723236084
1531858401.0952716,25600,2.1722865104675293
1531858850.9496334,26112,1.3667694330215454
1531859303.3225272,26624,1.807022213935852
1531859754.4848669,27136,1.6418267488479614
1531860205.320567,27648,3.0234334468841553
1531860656.8681674,28160,1.4231293201446533
1531861108.9659922,28672,1.791105031967163
1531861560.626869,29184,1.5071686506271362
1531862010.6903183,29696,1.782562255859375
1531862461.0855632,30208,2.4984376430511475
1531862911.2463126,30720,1.8676214218139648
1531863363.1567402,31232,1.4405218362808228
1531863813.8411279,31744,1.287583827972412
1531864265.245577,32256,2.9799742698669434
1531864716.145219,32768,1.594343900680542
1531865167.2310128,33280,1.4822330474853516
1531865617.7316723,33792,1.69512140750885
1531866068.2948837,34304,1.7862896919250488
1531866520.613232,34816,3.0227713584899902
1531866971.8653598,35328,3.1852831840515137
1531867424.0974565,35840,1.7072317600250244
1531867875.609033,36352,1.8381778001785278
1531868328.2702308,36864,2.8442513942718506
1531868781.0663881,37376,2.144659996032715
1531952893.7055027,38400,2.2493691444396973
1531953341.5481896,38912,2.7632734775543213
1531953790.4151053,39424,1.403643250465393
1531954237.1567914,39936,2.0538337230682373
1531954685.719457,40448,2.088254928588867
1531955134.863761,40960,3.13338041305542
1531955582.3916874,41472,2.0989885330200195
1531956030.7705696,41984,2.4170095920562744
1531956479.0266294,42496,2.3971807956695557
1531956927.5783706,43008,1.9736067056655884
1531957376.2203932,43520,2.4791383743286133
1531957825.1417375,44032,1.7297929525375366
1531958273.2273593,44544,6.819674491882324
1531958720.9720752,45056,12.128836631774902
1531959169.1039777,45568,13.285563468933105
1531959618.2314398,46080,20.31574058532715
1531960066.7549787,46592,14.432892799377441
1531960520.3332863,47104,6.535667419433594
1531960976.3167045,47616,13.3673677444458
1531961429.7629426,48128,21.447525024414062
1531961882.9937227,48640,4.624397277832031
1531962336.4272459,49152,9.117782592773438
1531962789.773354,49664,9.55374526977539
1531963243.7630708,50176,21.676660537719727
1531963697.227793,50688,20.276025772094727
1531964151.330405,51200,16.562498092651367
1531964605.226133,51712,10.287346839904785
1531965057.1408687,52224,12.076827049255371
1531965510.5045838,52736,5.291275978088379
1531965963.2842038,53248,6.680230140686035
1531966415.3337288,53760,14.709246635437012
1531966867.4497752,54272,8.58454418182373
1531967318.312266,54784,15.100202560424805
1531967769.4902546,55296,13.749651908874512
1531968222.5992105,55808,18.699264526367188
1531968677.0352018,56320,9.387356758117676
1531969129.6320143,56832,7.449929237365723
1531969583.0013838,57344,9.680705070495605
1531970036.1670737,57856,17.137666702270508
1531970489.4273362,58368,5.357239246368408
1531970942.926294,58880,8.9148530960083
1531971396.9268823,59392,11.236969947814941
1531971850.6197255,59904,20.083023071289062
1531972305.4889534,60416,14.866514205932617
1531972759.978302,60928,3.812774658203125
1531973215.1533058,61440,18.346803665161133
1531973670.6022663,61952,11.738661766052246
1531974126.4510183,62464,6.830906867980957
1531974582.2735288,62976,17.150537490844727
1531975036.948272,63488,10.104408264160156
1531975492.1676953,64000,5.11430549621582
1531975946.7318633,64512,10.998538970947266
1531976402.634386,65024,9.71349048614502
1531976857.2992668,65536,11.586559295654297
1531977311.942081,66048,11.551175117492676
1531977767.0084271,66560,8.44970989227295
1531978221.2745655,67072,5.571285247802734
1531978675.1949599,67584,8.430113792419434
1531979128.6521604,68096,6.597793102264404
1531979584.135609,68608,4.1864705085754395
1531980039.491723,69120,7.3162522315979
1531980494.3860629,69632,6.109984874725342
1531980948.7415078,70144,7.99113655090332
1531981404.720406,70656,4.782540321350098
1531981860.9228077,71168,3.586204767227173
1532019770.7173905,72192,6.216521739959717
1532020221.6924233,72704,14.810274124145508
1532020673.7183368,73216,5.743991374969482
1532021125.3915825,73728,5.635091304779053
1532021578.2660198,74240,21.47332191467285
1532022031.4954963,74752,9.794581413269043
1532022484.1106377,75264,6.413943767547607
1532022936.2637637,75776,7.755356788635254
1532023388.477363,76288,13.953230857849121
1532023842.1128702,76800,6.221399784088135
1532024295.6545124,77312,15.305367469787598
1532024748.9000487,77824,7.401279449462891
1532025201.9717736,78336,14.484831809997559
1532025655.827729,78848,7.235692501068115
1532026109.6491203,79360,16.559490203857422
1532026565.924515,79872,11.513203620910645
1532027020.044652,80384,5.071407794952393
1532027473.4651117,80896,7.654365539550781
1532027927.9782345,81408,11.995182991027832
1532028383.1854832,81920,7.958462238311768
1532028836.5100012,82432,8.238910675048828
1532029290.447755,82944,18.004709243774414
1532029743.592774,83456,12.342452049255371
1532030198.2154782,83968,12.214530944824219
1532030651.866148,84480,15.333189964294434
1532031106.099978,84992,20.16018295288086
1532031558.614498,85504,16.034177780151367
1532032011.2039742,86016,17.394651412963867
1532032464.3972034,86528,8.118453979492188
1532032919.6155632,87040,8.623376846313477
1532033373.9301355,87552,7.733339309692383
1532033828.701615,88064,6.79041862487793
1532034282.2025568,88576,6.799030303955078
1532034735.921111,89088,17.821468353271484
1532035190.1273727,89600,7.131814956665039
1532035644.3205757,90112,16.862483978271484
1532036100.03359,90624,16.5656681060791
1532036554.9413328,91136,12.374698638916016
1532037009.282165,91648,3.3420841693878174
1532037463.7821956,92160,14.423401832580566
1532037918.7425292,92672,3.564265489578247
1532038372.5878015,93184,5.7661919593811035
1532038827.1430929,93696,11.717530250549316
1532039282.1170819,94208,13.368985176086426
1532039737.1942906,94720,7.3975510597229
1532040190.3947096,95232,14.12738037109375
1532040643.3998554,95744,8.109855651855469
1532074479.9851208,96768,10.681595802307129
1532074932.1371543,97280,4.803475379943848
