wall_time,step,value
1532727873.025725,512,0.03700732812285423
1532974028.0123553,1024,0.03714809939265251
1532975648.2493548,1536,0.07301270961761475
1532977249.8557856,2048,0.07481732964515686
1532978843.5908518,2560,0.08808425068855286
1532980429.2213318,3072,0.07700949907302856
1532982000.0881495,3584,0.09096603840589523
1532983575.8892922,4096,0.1445777267217636
1532985141.5077748,4608,0.08126074820756912
1532986714.3149593,5120,0.07879636436700821
1532988296.6866233,5632,0.12167160212993622
1533118631.770854,6656,0.12354035675525665
1533120196.1918707,7168,0.11512414366006851
1533121760.0876086,7680,0.12495368719100952
1533123304.786411,8192,0.19567781686782837
1533124857.3621283,8704,0.15715497732162476
1533126412.051692,9216,0.11867325752973557
1533127963.9889421,9728,0.10278262197971344
1533129525.4507792,10240,0.14475764334201813
1533131077.0405912,10752,0.12176933139562607
1533132632.7710893,11264,0.14311359822750092
1533134189.3235471,11776,0.135308176279068
1533135742.528078,12288,0.12818674743175507
1533137299.7274737,12800,0.09034948796033859
1533138863.220942,13312,0.12355533242225647
1533140416.3213263,13824,0.11358316987752914
1533141950.3061185,14336,0.11391372233629227
1533143495.9799652,14848,0.09317556768655777
1533145046.6871817,15360,0.1321280598640442
1533146579.8408709,15872,0.14980874955654144
1533148121.9379554,16384,0.14983993768692017
1533149656.212383,16896,0.1481303870677948
1533151204.508658,17408,0.17136171460151672
1533152730.7943513,17920,0.16008372604846954
1533154259.0979695,18432,0.10634320974349976
1533155775.1266284,18944,0.1287292093038559
1533157301.6519053,19456,0.12846295535564423
1533158822.2922323,19968,0.13328567147254944
1533160361.207407,20480,0.14759118854999542
1533161884.7103703,20992,0.10889261960983276
1533163403.8361256,21504,0.13829271495342255
1533164924.8653522,22016,0.18317320942878723
1533166443.8080497,22528,0.17544043064117432
1533167967.9253426,23040,0.09144790470600128
1533169489.241166,23552,0.10085515677928925
1533171008.0937204,24064,0.14992396533489227
1533172523.0509923,24576,0.10432803630828857
1533174045.7677178,25088,0.18016447126865387
1533175559.6719632,25600,0.11813458800315857
1533177085.142062,26112,0.1502280831336975
1533178596.2613516,26624,0.09894440323114395
1533180119.7682166,27136,0.1278335154056549
1533181638.6103323,27648,0.1140536442399025
1533183162.7528574,28160,0.14849460124969482
1533184677.1080005,28672,0.09579837322235107
1533186190.5529044,29184,0.0907798781991005
1533187717.399395,29696,0.10877864807844162
1533189257.0185108,30208,0.18946076929569244
1533190779.581168,30720,0.19102352857589722
1533192304.680181,31232,0.19935490190982819
1533193844.6444714,31744,0.10170788317918777
1533195373.771242,32256,0.10314028710126877
1533196901.5337834,32768,0.13788220286369324
1533198422.8264997,33280,0.13085968792438507
1533199959.392927,33792,0.0787590965628624
1533201500.7554276,34304,0.040357962250709534
1533203037.9614012,34816,0.11902371793985367
1533204583.7616727,35328,0.1574902981519699
1533206126.202625,35840,0.17852982878684998
1533207671.2566118,36352,0.10024363547563553
1533209215.262439,36864,0.08360812813043594
1533210753.27874,37376,0.1359788477420807
1533357202.8410609,37888,0.1526726931333542
1533358724.9400105,38400,0.10855360329151154
1533360261.6652918,38912,0.15297695994377136
1533361792.417981,39424,0.11313986778259277
1533363322.1279414,39936,0.1455165594816208
1533364860.5340543,40448,0.172498881816864
1533366386.792084,40960,0.09975730627775192
1533367930.2326028,41472,0.14875011146068573
1533369467.8766932,41984,0.09922855347394943
1533370999.024454,42496,0.09947971999645233
1533372544.8943157,43008,0.11556968837976456
1533374073.3184035,43520,0.11271195113658905
1533375616.5049267,44032,0.17778660356998444
1533377149.077523,44544,0.09299389272928238
1533378692.1539335,45056,0.12728038430213928
1533380235.0082893,45568,0.09749019145965576
1533381776.543394,46080,0.09857971966266632
1533383315.848588,46592,0.11794761568307877
1533384858.903854,47104,0.15263384580612183
1533386410.9903395,47616,0.13581915199756622
1533402134.0012486,48640,0.10527822375297546
1533403675.6634698,49152,0.13712212443351746
1533405232.2746627,49664,0.10885078459978104
1533406774.0976508,50176,0.10582970827817917
1533408326.5092542,50688,0.13219700753688812
1533409889.6030812,51200,0.1481725573539734
1533411438.5050118,51712,0.10103876888751984
1533412985.6799028,52224,0.054273173213005066
1533414534.6655774,52736,0.12632694840431213
1533416096.2480452,53248,0.17792080342769623
1533417662.3681257,53760,0.11066237837076187
1533419226.6636953,54272,0.1395873874425888
1533420803.0216658,54784,0.07946467399597168
1533422359.4504056,55296,0.13093514740467072
1533423916.0816505,55808,0.11827852576971054
1533425469.547238,56320,0.12094994634389877
1533427050.2797716,56832,0.11089366674423218
1533428619.4680367,57344,0.14194156229496002
1533430184.4272058,57856,0.06588003039360046
1533431764.1202977,58368,0.11068456619977951
1533433332.3283124,58880,0.10140957683324814
1533434894.9625142,59392,0.13300953805446625
1533436454.2142835,59904,0.0894506424665451
1533438029.9264526,60416,0.1564222276210785
1533439601.0879762,60928,0.11688651889562607
1533441175.3292737,61440,0.07406992465257645
1533442758.4343193,61952,0.11542602628469467
1533444327.5719635,62464,0.15181490778923035
1533445900.1292756,62976,0.050374940037727356
1533447468.8561661,63488,0.19717398285865784
1533449035.256149,64000,0.13555854558944702
1533450609.9538739,64512,0.1091192290186882
1533452173.843457,65024,0.08116335421800613
1533453758.4014785,65536,0.09891435503959656
1533455327.8259864,66048,0.10974860936403275
1533456918.280106,66560,0.0632086843252182
1533458485.2757547,67072,0.1142340674996376
1533460044.9217095,67584,0.13155001401901245
1533461627.6301236,68096,0.06348216533660889
1533463193.545901,68608,0.07520685344934464
1533464769.9959538,69120,0.13573190569877625
1533466355.4452198,69632,0.08651423454284668
1533467931.9506226,70144,0.1325087994337082
1533469502.5458968,70656,0.1000514030456543
1533471086.4816225,71168,0.1539497822523117
1533472674.8053856,71680,0.08782779425382614
1533474258.2294793,72192,0.11172179132699966
1533475839.816751,72704,0.06475566327571869
1533477421.4980156,73216,0.1174335852265358
1533479003.5107095,73728,0.0626387670636177
1533480596.4914367,74240,0.10310162603855133
1533483602.1613064,75264,0.09198479354381561
1533485182.2206044,75776,0.10876595973968506
1533486753.3133256,76288,0.11430968344211578
1533488331.024488,76800,0.06341016292572021
1533489905.2079222,77312,0.16180913150310516
1533491483.3052142,77824,0.13398608565330505
1533493051.6226008,78336,0.1501408964395523
1533494628.0518093,78848,0.1612071990966797
1533496203.018099,79360,0.09719438850879669
1533497770.2591746,79872,0.14008642733097076
1533499341.2524211,80384,0.0735045075416565
1533500922.8669014,80896,0.14842665195465088
1533502506.8405151,81408,0.12510262429714203
1533504085.1436772,81920,0.11587740480899811
1533505649.4069176,82432,0.1168016865849495
1533507242.202135,82944,0.12981022894382477
1533508812.6638696,83456,0.10060002654790878
1533510394.982515,83968,0.09546975791454315
1533511978.685158,84480,0.11708031594753265
1533513562.951989,84992,0.08243631571531296
1533515143.7438064,85504,0.10911620408296585
1533516733.6264985,86016,0.0909959152340889
1533518318.075294,86528,0.1414639949798584
1533519897.7144697,87040,0.07249671965837479
1533521484.7570584,87552,0.11599607765674591
1533523058.4035604,88064,0.09232281893491745
1533524640.2443554,88576,0.12237357348203659
1533526229.651842,89088,0.10622546821832657
1533527812.3377717,89600,0.08231297135353088
1533529401.531082,90112,0.12881386280059814
1533530986.9990373,90624,0.1315869390964508
1533532567.648527,91136,0.10369815677404404
1533534151.599791,91648,0.1005648523569107
1533535733.0237179,92160,0.12121246755123138
1533537310.4063106,92672,0.10149309039115906
1533538891.3360472,93184,0.13533145189285278
1533540460.1678216,93696,0.11084006726741791
1533542039.2755096,94208,0.16744957864284515
1533543620.8641832,94720,0.08649962395429611
1533545212.7516987,95232,0.08978773653507233
1533546789.424457,95744,0.1223546639084816
1533548375.5525734,96256,0.11074215918779373
1533549965.6756475,96768,0.07391558587551117
1533551547.3087347,97280,0.09772758930921555
