wall_time,step,value
1533323626.6598938,128,88.96028900146484
1533324067.2273304,256,66.45381164550781
1533324507.7592893,384,61.50717544555664
1533324948.3672662,512,61.180763244628906
1533325994.1863425,640,62.21704864501953
1533326435.2580905,768,61.01865768432617
1533326876.2941096,896,60.62779998779297
1533327317.3146281,1024,65.39984130859375
1533328402.2820187,1152,65.01560974121094
1533328842.712929,1280,60.50264358520508
1533329283.1653476,1408,58.16498565673828
1533329723.426278,1536,61.29227828979492
1533330779.3936927,1664,59.15969467163086
1533331220.0742311,1792,55.77220153808594
1533331660.6650052,1920,57.29436492919922
1533332101.2051497,2048,57.235389709472656
1533333153.5876594,2176,56.910831451416016
1533333594.2122586,2304,52.83406066894531
1533334034.7087357,2432,53.12828063964844
1533334475.3501453,2560,51.46079635620117
1533335502.6376262,2688,53.841949462890625
1533335943.0471108,2816,51.749168395996094
1533336383.4067197,2944,50.60221862792969
1533336823.816612,3072,49.90408706665039
1533337818.1680934,3200,51.69881057739258
1533338258.5661554,3328,50.665340423583984
1533338698.9870722,3456,50.644866943359375
1533339139.406888,3584,50.30492401123047
1533340121.8506637,3712,50.61870193481445
1533340562.1788948,3840,51.012210845947266
1533341002.4208539,3968,51.66432189941406
1533341442.5744302,4096,53.17528533935547
1533342412.6468797,4224,51.77008056640625
1533342852.9530945,4352,54.18331527709961
1533343293.3130326,4480,52.59767532348633
1533343733.6860938,4608,50.762733459472656
1533344722.7849908,4736,54.93919372558594
1533345162.9925792,4864,55.35025405883789
1533345603.2760549,4992,52.88359832763672
1533346043.3684225,5120,54.30740737915039
1533347044.8581028,5248,56.4174690246582
1533347485.2032087,5376,54.65898132324219
1533347925.4606924,5504,53.22754669189453
1533348365.7581513,5632,56.576690673828125
1533349369.8571417,5760,54.81603240966797
1533349810.420618,5888,56.281463623046875
1533350250.953698,6016,56.332542419433594
1533350691.5096827,6144,55.641700744628906
1533351667.9904618,6272,57.00701141357422
1533352108.3706312,6400,56.30137634277344
1533352548.6978552,6528,56.836273193359375
1533352989.061875,6656,56.35163116455078
1533353984.3168871,6784,57.27027130126953
1533354424.9450927,6912,59.63697052001953
1533354865.5946536,7040,55.87061309814453
1533669523.9662514,7296,57.46287536621094
1533669963.7832782,7424,60.41579818725586
1533670403.5875967,7552,60.725765228271484
1533670843.2300854,7680,59.66552734375
1533671837.7240677,7808,60.97942352294922
1533672278.0249555,7936,60.23879623413086
1533823094.5770817,7808,59.92304229736328
1533823534.3002274,7936,60.03392028808594
1533823973.936395,8064,60.03602600097656
1533824413.6068962,8192,60.31275177001953
1533825389.1203804,8320,60.99696350097656
1533825829.1258428,8448,59.777889251708984
1533826269.111313,8576,59.524658203125
1533826709.1941729,8704,60.01339340209961
1533827677.986343,8832,59.287254333496094
1533828118.04685,8960,59.70672607421875
1533828558.1348276,9088,62.37411117553711
1533828998.3695736,9216,62.26393127441406
1533829965.946633,9344,60.833499908447266
1533830406.1489813,9472,60.9932746887207
1533830846.208415,9600,62.53321075439453
1533831286.3212237,9728,63.91860580444336
1533832263.332131,9856,63.790618896484375
1533832703.807093,9984,63.82543182373047
1533833144.3713057,10112,64.40705108642578
1533833584.7868989,10240,64.60851287841797
1533834556.3920877,10368,65.16534423828125
1533834996.6939776,10496,66.7449722290039
1533835436.9793015,10624,67.14572143554688
1533835877.194166,10752,66.3099136352539
1533836856.214036,10880,66.24386596679688
1533837296.6522365,11008,66.38553619384766
1533837736.9600625,11136,64.94930267333984
1533838177.5614154,11264,66.34735870361328
1533839159.8243675,11392,64.28759002685547
1533839600.078708,11520,64.32347106933594
1533840040.2445848,11648,64.65790557861328
1533840480.6268408,11776,68.05084991455078
1533841467.4551842,11904,66.0146484375
1533841907.716277,12032,66.79975891113281
1533842348.013317,12160,66.0257568359375
1533842788.3119535,12288,65.84048461914062
1533843766.2689316,12416,65.54428100585938
1533844206.4780629,12544,68.32807922363281
1533844646.808629,12672,67.96965026855469
1533845087.153877,12800,69.1812515258789
1533846082.0114374,12928,67.54589080810547
1533846522.2046313,13056,67.61583709716797
1533846962.4350727,13184,68.25227355957031
1533847402.6711125,13312,68.6783218383789
1533848378.839492,13440,67.68201446533203
1533848819.22746,13568,69.16268920898438
1533849259.5105662,13696,69.17998504638672
1533849699.839941,13824,67.17211151123047
1533850686.0628896,13952,68.10783386230469
1533851126.2704234,14080,68.94947814941406
1533851566.5008776,14208,69.60337829589844
1533852006.7651658,14336,69.94318389892578
1533852992.6587298,14464,71.80303192138672
1533853432.8681984,14592,71.76152801513672
1533853873.113912,14720,71.34132385253906
1533854313.1977518,14848,72.20813751220703
1533855292.7938616,14976,71.84618377685547
1533855733.437838,15104,71.24774169921875
1533856174.0291317,15232,72.11111450195312
1533856614.7047982,15360,72.7296142578125
1533857597.1802673,15488,72.72575378417969
1533858037.716725,15616,73.75035095214844
1533858478.2669055,15744,73.90999603271484
1533858918.7096689,15872,75.11940002441406
1533859912.5309267,16000,73.65359497070312
1533860353.0365891,16128,70.3123550415039
1533860793.3213584,16256,73.94457244873047
1533861233.7359743,16384,74.63871765136719
1533862237.1037896,16512,74.31542205810547
1533862677.375046,16640,72.06942749023438
1533863117.8663409,16768,73.07147979736328
1533863558.6629367,16896,70.13624572753906
1533864541.9349723,17024,74.31619262695312
1533864982.3442583,17152,72.97854614257812
1533865422.743764,17280,74.89263916015625
1533865863.0468917,17408,72.09917449951172
1533866859.6705406,17536,70.78279876708984
1533867300.209123,17664,74.6900863647461
1533867740.8432708,17792,73.53746795654297
1533868181.5123446,17920,71.69229125976562
1533869182.4951425,18048,76.232666015625
1533869622.9610126,18176,74.05087280273438
1533870063.4681568,18304,72.12763977050781
1533870504.0944676,18432,72.51495361328125
1533871493.7155483,18560,69.76348876953125
1533871934.209662,18688,72.56925964355469
1533872374.711353,18816,73.50569152832031
1533872815.4304037,18944,70.59844970703125
1533873811.6932855,19072,73.09901428222656
1533874252.2158875,19200,69.23323059082031
1533874692.754733,19328,73.16741943359375
1533875133.2377028,19456,71.9622802734375
1533876125.3788285,19584,71.92667388916016
1533876565.6067526,19712,75.24217987060547
1533877006.011541,19840,70.6324691772461
1533877446.2929459,19968,71.40054321289062
1533878435.6229599,20096,73.82771301269531
1533878875.840123,20224,73.16050720214844
1533879316.0246546,20352,72.5329818725586
1533879756.2430882,20480,70.32810974121094
1533880727.424768,20608,75.31631469726562
1533881167.8879585,20736,75.3106689453125
1533881608.2114637,20864,73.12606048583984
1533882048.5326726,20992,73.54659271240234
1533883019.899279,21120,73.10358428955078
1533883460.3183472,21248,74.88728332519531
1533883900.8804054,21376,77.61327362060547
1533884341.3081222,21504,74.69637298583984
1533885313.736379,21632,75.18950653076172
1533885754.0384572,21760,74.767822265625
1533886194.3902836,21888,76.17268371582031
1533886634.6302378,22016,74.85663604736328
1533887611.919894,22144,75.04193878173828
1533888052.0947526,22272,75.51918029785156
1533888492.3488727,22400,76.16466522216797
1533888932.6019702,22528,77.3663101196289
1533889903.3402247,22656,77.12615203857422
1533890343.805128,22784,76.19778442382812
1533890784.1585913,22912,75.4267578125
1533891224.399923,23040,77.44945526123047
1533892213.595782,23168,77.08039093017578
1533892653.926627,23296,76.20852661132812
1533893094.40319,23424,76.41744995117188
1533893534.703889,23552,77.55879974365234
1533894513.677342,23680,77.9767074584961
1533894954.0250998,23808,75.92223358154297
1533895394.2204971,23936,78.32014465332031
1533895834.487564,24064,79.49475860595703
1533896821.0648313,24192,75.6891860961914
1533897261.3109999,24320,76.91802215576172
1533897701.7423084,24448,77.10050964355469
1533898142.1554813,24576,77.70964050292969
1533899117.199337,24704,79.11614990234375
1533899557.4059496,24832,80.43649291992188
1533899997.6056023,24960,81.49658966064453
1533900437.772408,25088,80.33516693115234
1533901399.4528644,25216,85.03433227539062
1533901839.556431,25344,77.50193786621094
1533902279.6195557,25472,83.92471313476562
1533902719.7220032,25600,83.95970916748047
1533903683.5124593,25728,83.36637878417969
1533904123.4585412,25856,79.87078857421875
1533904563.490787,25984,83.2154312133789
1533905003.500103,26112,84.91513061523438
1533905987.980009,26240,83.6230239868164
1533906428.4511669,26368,83.185791015625
1533906868.9533594,26496,82.33760070800781
1533907309.4820487,26624,82.60408782958984
1533908282.3610563,26752,81.23079681396484
1533908722.7373366,26880,82.1982421875
1533909163.122699,27008,81.19329833984375
1533909603.3695467,27136,83.79234313964844
1533910587.9413452,27264,85.62312316894531
1533911028.4884408,27392,85.70818328857422
1533911468.951493,27520,83.60948181152344
1533911909.4730945,27648,82.33570098876953
1533912875.0857806,27776,82.732666015625
1533913315.5295568,27904,84.28208923339844
1533913755.9177775,28032,83.1385269165039
1533915057.8720148,28288,87.00401306152344
1533915514.7358816,28416,84.5741195678711
1533915971.6439738,28544,84.41777038574219
1533916428.5953147,28672,85.55229949951172
1533917414.1814952,28800,88.37236785888672
1533917854.4636562,28928,88.13339233398438
1533918294.775756,29056,84.15823364257812
1533918735.1265604,29184,88.53860473632812
1533919714.3953977,29312,86.12503814697266
1533920154.7173593,29440,83.57450866699219
1533920595.025258,29568,89.79158020019531
1533921035.327643,29696,84.52859497070312
1533922014.0441432,29824,84.53836822509766
1533922454.6760268,29952,86.35111236572266
1533922895.2414389,30080,84.01210021972656
1533923335.8329668,30208,84.27529907226562
1533924326.333386,30336,84.06971740722656
1533924766.8136666,30464,86.74522399902344
1533925207.2750883,30592,84.26453399658203
1533925647.581108,30720,85.13177490234375
1533926626.8407075,30848,83.67395782470703
1533927067.614446,30976,87.25511169433594
1533927508.1787825,31104,86.08570861816406
1533927948.8346243,31232,85.28646850585938
1533928938.831604,31360,84.73883056640625
1533929379.595042,31488,84.91650390625
1533929820.5043352,31616,83.5667953491211
1533930261.367386,31744,83.06473541259766
1533931237.65536,31872,83.54691314697266
1533931678.0600474,32000,82.79766082763672
1533932118.425452,32128,82.49775695800781
1533932558.7104821,32256,86.07506561279297
1533933551.749061,32384,85.79512023925781
1533933992.6597376,32512,87.24199676513672
1533934433.5315921,32640,89.16789245605469
1533934874.2037082,32768,88.28541564941406
1533935866.378006,32896,88.74159240722656
1533936306.9789941,33024,85.67485809326172
1533936747.6360064,33152,84.93897247314453
1533937188.282733,33280,88.0425796508789
1533938186.5858376,33408,87.76496124267578
1533938626.7060132,33536,93.70056915283203
1533939066.8742619,33664,88.8626937866211
1533939507.186656,33792,88.56085205078125
1533940501.0186214,33920,85.96732330322266
1533940941.7309597,34048,92.6725845336914
1533941382.3938723,34176,87.9730224609375
1533941823.1034305,34304,89.49763488769531
1533942818.5642009,34432,86.55886840820312
1533943258.8232896,34560,89.76594543457031
1533943699.2270312,34688,87.7383041381836
1533944139.5806348,34816,90.07945251464844
1533945137.5539858,34944,85.08525085449219
1533945578.008365,35072,89.28440856933594
1533946018.2402475,35200,88.33659362792969
1533946458.6821206,35328,89.19488525390625
1533947453.0818264,35456,88.31871032714844
1533947893.869864,35584,91.1243667602539
1533948334.5966067,35712,87.35688018798828
1533948775.3050065,35840,90.47960662841797
1533949774.0461898,35968,87.33430480957031
1533950214.475498,36096,92.52041625976562
1533950654.9047835,36224,88.51759338378906
1533951095.506067,36352,92.09950256347656
1533952099.1357105,36480,88.7066650390625
1533952539.5225375,36608,91.7785415649414
1533952979.8820245,36736,89.45831298828125
1533953420.3867357,36864,89.57156372070312
1533954419.7857475,36992,94.52978515625
1533954860.3097365,37120,91.95179748535156
1533955300.731621,37248,94.46314239501953
1533955741.3869839,37376,90.74734497070312
1533956725.1009717,37504,90.28103637695312
1533957165.8937562,37632,89.49476623535156
1533957606.6638768,37760,91.23676300048828
1533958047.355668,37888,95.07494354248047
1533959045.480985,38016,95.1852798461914
1533959486.3088279,38144,93.11453247070312
1533959927.1130843,38272,92.00399780273438
1533960367.9384878,38400,92.5680160522461
1533961366.5142708,38528,96.04545593261719
1533961807.1611197,38656,92.50485229492188
1533962247.8934417,38784,91.55620574951172
1533962688.4347184,38912,93.27393341064453
1533963669.5262265,39040,92.90798950195312
1533964110.1135597,39168,89.7890853881836
1533964550.6639974,39296,96.08863830566406
1533964991.1668391,39424,95.30320739746094
1533965982.1201782,39552,94.79129028320312
1533966422.665289,39680,93.65464782714844
1533966863.0219748,39808,96.68701934814453
1533967303.5882802,39936,95.69532775878906
1533968298.553634,40064,95.05233764648438
1533968739.1320546,40192,96.89656066894531
1533969179.7332544,40320,96.52230834960938
1533969620.364003,40448,98.16000366210938
1533970618.8499782,40576,96.47372436523438
1533971059.6560135,40704,94.6824722290039
1533971500.4586134,40832,95.97130584716797
1533971941.2043474,40960,95.54174041748047
1533972948.5337083,41088,97.69425964355469
1533973389.1296542,41216,98.40278625488281
1533973829.5825648,41344,95.96058654785156
1533974270.1356177,41472,99.26239776611328
1533975264.2240467,41600,97.26921844482422
1533975704.992719,41728,97.81108856201172
1533976145.7710814,41856,95.77096557617188
1533976586.4906917,41984,96.1236801147461
1533977576.4309912,42112,100.57737731933594
1533978016.4299307,42240,98.54859924316406
1533978456.4824412,42368,98.30085754394531
1533978896.4156694,42496,99.78153991699219
1533979905.5399482,42624,98.72830963134766
1533980345.9155946,42752,97.71244812011719
1533980786.4404154,42880,96.89501190185547
1533981226.8765602,43008,100.59553527832031
1533982230.3173623,43136,97.79580688476562
1533982670.9637206,43264,96.5597915649414
1533983111.655203,43392,100.59489440917969
1533983552.3731136,43520,100.67757415771484
1533984544.0452938,43648,100.34473419189453
1533984984.6982312,43776,96.48001861572266
1533985425.3579228,43904,97.954345703125
1533985865.8928719,44032,98.23265075683594
1533986879.4287782,44160,100.79505920410156
1533987320.15623,44288,103.4237060546875
1533987760.7312517,44416,98.3399658203125
1533988201.352977,44544,99.68685913085938
1533989204.1173868,44672,100.55903625488281
1533989644.4614189,44800,101.34302520751953
1533990084.7867322,44928,101.35587310791016
1533990525.0552578,45056,98.41334533691406
1533991514.813261,45184,100.86579132080078
1533991955.068201,45312,102.1749267578125
1533992395.5040557,45440,100.47337341308594
1533992835.778117,45568,100.09921264648438
1533993838.0555818,45696,99.0705795288086
1533994278.419021,45824,99.50535583496094
1533994718.7882023,45952,101.24751281738281
1533995159.167096,46080,102.36370849609375
1533996151.293733,46208,100.38245391845703
1533996591.583269,46336,100.29913330078125
1533997031.9654875,46464,103.290283203125
1533997472.2301762,46592,101.59424591064453
1533998475.6787584,46720,106.20038604736328
1533998916.316704,46848,99.87252044677734
1533999357.0177662,46976,98.93453216552734
1533999797.6184444,47104,100.22859191894531
1534000792.4353921,47232,103.05435180664062
1534001233.1639175,47360,102.95930480957031
1534001673.7732809,47488,100.578125
1534002114.4493153,47616,105.88313293457031
1534003112.7135668,47744,102.38212585449219
1534003553.3799744,47872,104.77366638183594
1534003993.9204855,48000,101.53543853759766
1534004434.6232798,48128,105.86276245117188
1534005433.7899451,48256,104.43873596191406
1534005874.3757682,48384,101.61782836914062
1534006314.9169302,48512,100.78669738769531
1534006755.1466897,48640,103.95846557617188
1534007760.4751341,48768,102.63677215576172
1534008201.1083126,48896,102.04328155517578
1534008641.7229874,49024,105.16344451904297
1534009082.3610163,49152,105.70013427734375
1534010077.2905853,49280,104.63312530517578
1534010517.6842196,49408,102.53548431396484
1534010957.9639807,49536,106.82914733886719
1534011398.3954954,49664,101.47494506835938
1534012383.598422,49792,106.02204132080078
1534012824.1293583,49920,105.69947814941406
1534013264.6917245,50048,101.82200622558594
1534013705.3977067,50176,105.16617584228516
1534014705.15544,50304,106.59366607666016
1534015145.670803,50432,107.16679382324219
1534015586.2529569,50560,111.20738983154297
1534016026.6593218,50688,103.25798034667969
1534017032.3045964,50816,103.01892852783203
1534017472.695106,50944,107.0469741821289
1534017913.1929133,51072,103.38934326171875
1534018353.759987,51200,104.38239288330078
1534019357.08867,51328,108.50699615478516
1534019797.6805427,51456,108.24313354492188
1534020238.4616027,51584,104.24282836914062
1534020679.0792208,51712,107.51869201660156
1534021691.253556,51840,104.5174789428711
1534022131.9583457,51968,108.34947204589844
1534022572.911525,52096,105.65753173828125
1534023013.707698,52224,106.62179565429688
1534024010.2759576,52352,107.1445541381836
1534024450.7590802,52480,108.48664855957031
1534024891.349648,52608,105.83106994628906
1534025331.8286407,52736,107.84060668945312
1534026335.1776202,52864,105.92221069335938
1534026775.5082252,52992,105.66059875488281
1534027215.8209934,53120,104.62947082519531
1534027656.1110134,53248,109.64581298828125
1534028643.192752,53376,109.94158172607422
1534029083.538983,53504,103.8357925415039
1534029523.8638132,53632,106.74261474609375
1534029964.2021635,53760,109.35496520996094
1534030973.7921638,53888,105.9533462524414
1534031414.4604836,54016,107.78943634033203
1534031855.0520024,54144,108.45042419433594
1534032295.5077662,54272,106.3984375
1534033297.8505154,54400,108.22871398925781
1534033738.7356832,54528,106.17596435546875
1534034179.5577047,54656,111.13777160644531
1534034620.3834078,54784,105.93614959716797
1534035621.2404509,54912,109.15475463867188
1534036061.7960782,55040,107.35491943359375
1534036502.3430154,55168,106.44734954833984
1534036943.0484145,55296,106.3919677734375
1534037940.6352098,55424,106.2434310913086
1534038381.2059462,55552,110.46281433105469
1534038821.8960562,55680,107.21714782714844
1534039262.4825773,55808,111.44639587402344
1534040266.711063,55936,107.7435531616211
1534040707.356242,56064,106.50411987304688
1534041148.048294,56192,111.40594482421875
1534041588.9073987,56320,109.05873107910156
1534042592.5926065,56448,107.96648406982422
1534043032.730379,56576,109.0800552368164
1534043472.9057996,56704,107.72586059570312
1534043913.0707397,56832,111.51036071777344
1534097417.1134841,56960,110.0377426147461
1534097856.759899,57088,109.49774932861328
1534098296.5642302,57216,109.5833740234375
1534098736.300572,57344,107.78314208984375
1534099734.2240777,57472,113.98428344726562
1534100174.66796,57600,108.9468994140625
1534100614.9810064,57728,109.88143157958984
1534101055.3660388,57856,111.10488891601562
1534102042.3618152,57984,107.72854614257812
1534102482.7341206,58112,113.51103973388672
1534102923.280517,58240,110.29537200927734
1534103363.7539103,58368,111.93124389648438
1534104371.3174686,58496,112.55756378173828
1534104811.6427262,58624,111.43671417236328
1534105252.0149672,58752,109.47715759277344
1534105692.361757,58880,111.78376770019531
1534106696.5745776,59008,112.31996154785156
1534107136.9966686,59136,112.59246826171875
1534107577.5144298,59264,112.4700927734375
1534108017.9325979,59392,112.71483612060547
1534109020.568859,59520,112.88129425048828
1534109460.9335344,59648,110.46221923828125
1534109901.3693733,59776,110.26937103271484
1534110341.845207,59904,113.5969467163086
1534111340.314429,60032,110.28950500488281
1534111780.8919442,60160,111.48664855957031
1534112221.438616,60288,110.53465270996094
1534112661.903893,60416,113.0404052734375
1534113660.6232982,60544,112.32975769042969
1534114101.0314043,60672,111.25499725341797
1534114541.3347273,60800,107.45863342285156
1534114981.8057785,60928,112.99667358398438
1534115993.1494658,61056,113.58071899414062
1534116433.5934865,61184,115.38333129882812
1534116873.9965863,61312,113.86271667480469
1534117314.5409298,61440,109.81497192382812
1534118318.5983224,61568,109.78073120117188
1534118758.8462057,61696,117.2926025390625
1534119199.0879211,61824,114.37444305419922
1534119639.4184012,61952,115.06089782714844
1534120639.5049775,62080,114.2132339477539
1534121079.6943848,62208,116.0827407836914
1534121519.832088,62336,117.87506103515625
1534121960.005155,62464,111.89057159423828
1534122975.275478,62592,115.09954833984375
1534123415.5066843,62720,115.7114028930664
1534123856.0850987,62848,116.71632385253906
1534124296.5504591,62976,112.794189453125
1534125309.537814,63104,109.99718475341797
1534125749.9369326,63232,116.78052520751953
1534126190.376244,63360,121.70603942871094
1534126630.7377784,63488,113.55633544921875
1534127634.2823472,63616,111.9423599243164
1534128074.6453187,63744,112.39109802246094
1534128515.0553865,63872,118.6766128540039
1534128955.3547978,64000,115.904052734375
1534129957.4705992,64128,113.77412414550781
1534130398.2133086,64256,117.14601135253906
1534130838.8203788,64384,122.22257995605469
1534131279.492583,64512,116.63941192626953
1534132270.3793185,64640,114.85084533691406
1534132710.9041398,64768,115.27164459228516
1534133151.4793167,64896,121.5711441040039
1534133591.9334393,65024,118.6062240600586
1534134598.7139623,65152,122.06798553466797
1534135039.5216625,65280,116.16265869140625
1534135480.302257,65408,113.47921752929688
1534135921.0885003,65536,117.53044128417969
1534136934.322949,65664,116.34078979492188
1534137374.6481335,65792,118.49821472167969
1534137814.9851625,65920,115.55667114257812
1534138255.3683598,66048,118.46511840820312
1534139266.4598286,66176,119.64646911621094
1534139707.333832,66304,119.53456115722656
1534140148.0611904,66432,117.02056884765625
1534140588.7330625,66560,120.78334045410156
1534141600.397316,66688,119.87200927734375
1534142041.3370514,66816,118.37997436523438
1534142482.1101482,66944,120.96185302734375
1534142922.8787084,67072,117.86685943603516
1534143942.9217582,67200,119.54114532470703
1534144383.310417,67328,118.80667114257812
1534144823.7066295,67456,118.20655822753906
1534145264.0583017,67584,121.8038330078125
1534146281.5987704,67712,119.26575469970703
1534146722.2454813,67840,120.51649475097656
1534147162.9504406,67968,124.90245056152344
1534147603.6045036,68096,120.36444854736328
1534148625.8755965,68224,125.704345703125
1534149066.378777,68352,117.07402038574219
1534149506.8540614,68480,125.46754455566406
1534149947.2975183,68608,121.4137191772461
1534150957.3784826,68736,120.95956420898438
1534151397.9696004,68864,126.76699829101562
1534151838.6021934,68992,121.89645385742188
1534152279.3049662,69120,119.77690887451172
1534153301.019877,69248,124.51801300048828
1534153741.559357,69376,123.3798828125
1534154182.0295758,69504,125.5986099243164
1534154622.4421606,69632,123.11321258544922
1534155638.918206,69760,121.94819641113281
1534156079.4362228,69888,122.53551483154297
1534156519.9080622,70016,124.27481079101562
1534156960.182777,70144,120.22715759277344
1534157986.273889,70272,118.96156311035156
1534158426.9108129,70400,124.7271728515625
1534158867.4463255,70528,120.99748229980469
1534159308.1364298,70656,120.71707153320312
1534160318.372915,70784,122.3411865234375
1534160759.1318219,70912,117.00198364257812
1534161199.9527044,71040,122.22516632080078
1534161640.6770635,71168,120.2449951171875
1534162654.6189597,71296,122.44345092773438
1534163095.1788936,71424,123.62283325195312
1534163535.89743,71552,117.240966796875
1534163976.4619882,71680,122.62451171875
1534164998.6512978,71808,125.20840454101562
1534165439.1449502,71936,123.24394226074219
1534165879.6801748,72064,121.04655456542969
1534166320.1873345,72192,121.29905700683594
1534167333.2002032,72320,125.9400405883789
1534167773.6933472,72448,123.79143524169922
1534168214.1148384,72576,126.2493896484375
1534168654.5314846,72704,123.83858489990234
1534169666.8465877,72832,122.78276062011719
1534170107.2062318,72960,123.0398178100586
1534170547.625864,73088,125.99313354492188
1534170988.054327,73216,127.19881439208984
1534172003.9304028,73344,125.67730712890625
1534172444.284024,73472,123.59989929199219
1534172884.6676655,73600,126.08406066894531
1534173324.9437904,73728,123.68875122070312
1534174348.4538662,73856,123.59556579589844
1534174788.705291,73984,126.12531280517578
1534175228.8892307,74112,127.57339477539062
1534175669.3894186,74240,122.12051391601562
1534176691.5620043,74368,130.29354858398438
1534177131.6566117,74496,126.51046752929688
1534177571.8594136,74624,123.01126098632812
1534178012.0219398,74752,126.99315643310547
1534179032.4982674,74880,125.07535552978516
1534179472.693325,75008,130.46310424804688
1534179913.0270224,75136,127.64851379394531
1534180353.2569118,75264,125.52348327636719
1534181374.227054,75392,129.08944702148438
1534181814.9044352,75520,126.39742279052734
1534182255.5947108,75648,123.82913970947266
1534183295.2291734,75904,133.90200805664062
1534183751.91307,76032,128.02505493164062
1534184208.538829,76160,126.8834228515625
1534184665.2854304,76288,129.98089599609375
1534185680.6295104,76416,126.91294860839844
1534186120.865957,76544,125.96234893798828
1534186561.1320267,76672,126.2210693359375
1534187001.3636043,76800,123.71095275878906
1534188013.0141897,76928,122.82723236083984
1534188453.609628,77056,126.23554229736328
1534188894.099614,77184,126.84353637695312
1534189334.797622,77312,130.74713134765625
1534190366.1629322,77440,121.33208465576172
1534190806.6069593,77568,123.37053680419922
1534191247.1514158,77696,127.91543579101562
1534191687.59287,77824,134.10598754882812
1534192713.6650813,77952,128.03074645996094
1534193154.324708,78080,125.53103637695312
1534193595.0772269,78208,128.28228759765625
1534194035.808735,78336,128.83734130859375
1534195056.3899095,78464,128.7445526123047
1534195496.596009,78592,130.5997314453125
1534195936.7515762,78720,125.22505187988281
1534196377.2068954,78848,126.80961608886719
1534197401.8937252,78976,127.98685455322266
