wall_time,step,value
1530471340.4093938,512,0.4894956648349762
1530471622.5477505,1024,0.4075443744659424
1530471907.5580616,1536,0.38033363223075867
1530472190.4810896,2048,0.3618943691253662
1530472472.5453074,2560,0.34715765714645386
1530472755.3453481,3072,0.32474082708358765
1530473038.1275768,3584,0.30989089608192444
1530473320.3997915,4096,0.3044394254684448
1530473603.6643367,4608,0.2930915653705597
1530473886.8374355,5120,0.29420971870422363
1530474171.0291038,5632,0.2763976454734802
1530474453.7676644,6144,0.2661004960536957
1530474737.0195298,6656,0.2616463601589203
1530475020.177836,7168,0.2532762289047241
1530475302.7451475,7680,0.2509194314479828
1530475584.9352365,8192,0.25353312492370605
1530475866.6084745,8704,0.24650874733924866
1530476149.367486,9216,0.2345772683620453
1530476432.1912303,9728,0.2271839678287506
1530476714.570156,10240,0.22124658524990082
1530476996.0102065,10752,0.21551920473575592
1530477278.2049224,11264,0.210036963224411
1530477560.3854764,11776,0.2043970823287964
1530477842.2558606,12288,0.19977101683616638
1530478123.8708515,12800,0.206087127327919
1530478404.0060446,13312,0.20310546457767487
1530478686.1062844,13824,0.19721391797065735
1530478968.6700134,14336,0.19477777183055878
1530479249.9192708,14848,0.1970052570104599
1530479532.9552534,15360,0.19460168480873108
1530479815.4252827,15872,0.19427745044231415
1530480097.1091504,16384,0.19424621760845184
1530480378.7500167,16896,0.1907181590795517
1530480661.3593209,17408,0.1880379170179367
1530480943.6008928,17920,0.18483538925647736
1530481224.9311717,18432,0.18518546223640442
1530481505.3095586,18944,0.1801016926765442
1530481787.1581118,19456,0.1788558065891266
1530482068.853615,19968,0.17934094369411469
1530482351.0321422,20480,0.1758590042591095
1530482633.4800713,20992,0.17278605699539185
1530482916.3172152,21504,0.1646176427602768
1530483198.2002904,22016,0.16693203151226044
1530483480.6560535,22528,0.15959693491458893
1530483762.9405775,23040,0.16101950407028198
1530484046.4794693,23552,0.16296400129795074
1530484328.7054532,24064,0.1660860925912857
1530484612.166179,24576,0.16658391058444977
1530484895.639704,25088,0.1614723801612854
1530485177.9814,25600,0.16815263032913208
1530485461.6163166,26112,0.1670805811882019
1530485743.9728582,26624,0.1657983809709549
1530486028.0658596,27136,0.16221581399440765
1530486310.2241645,27648,0.15945002436637878
1530486593.3537445,28160,0.15732862055301666
1530486877.9579132,28672,0.15467530488967896
1530487160.5786233,29184,0.15760868787765503
1530487443.997556,29696,0.1502193808555603
1530487728.8879335,30208,0.14822551608085632
1530488012.263591,30720,0.14954368770122528
1530488296.7526193,31232,0.15013468265533447
1530488580.0597808,31744,0.14977937936782837
1530488864.891785,32256,0.14733217656612396
1530489150.1590576,32768,0.14695893228054047
1530489434.6539383,33280,0.14877437055110931
1530489718.7502449,33792,0.15097954869270325
1530490002.138691,34304,0.1471373289823532
1530490285.7050822,34816,0.14456254243850708
1530490571.046996,35328,0.1398223340511322
1530490855.682174,35840,0.14148974418640137
1530491139.610252,36352,0.1429836004972458
1530491423.1325178,36864,0.14002561569213867
1530491706.1156178,37376,0.14175543189048767
1530491991.173183,37888,0.14258043467998505
1530740126.1481552,38912,0.1443377137184143
1530740404.8762665,39424,0.14582033455371857
1530740684.5312495,39936,0.14296668767929077
1530740963.3380737,40448,0.144108846783638
1530741242.9179065,40960,0.14412468671798706
1530741522.6327488,41472,0.14307841658592224
1530741802.0963411,41984,0.1394224315881729
1530742081.684957,42496,0.13861317932605743
1530742361.1524615,43008,0.13757076859474182
1530742642.7642345,43520,0.14033953845500946
1530742923.8917394,44032,0.13597038388252258
1530743204.1841624,44544,0.13063350319862366
1530743485.0248582,45056,0.12542931735515594
1530743766.6599357,45568,0.1278182417154312
1530744048.9457874,46080,0.12311491370201111
1530744330.50695,46592,0.12502537667751312
1530744611.4711208,47104,0.12023188173770905
1530744893.177763,47616,0.12261312454938889
1530745174.6122,48128,0.12208569794893265
1530745455.0624425,48640,0.12188892066478729
1530745736.9942722,49152,0.12383315712213516
1530746017.9237585,49664,0.11921832710504532
1530746300.7170908,50176,0.12385262548923492
1530746581.4341114,50688,0.11897377669811249
1530746862.5236678,51200,0.12157601863145828
1530747144.608426,51712,0.12142086029052734
1530747425.978906,52224,0.12078295648097992
1530747708.398021,52736,0.12141257524490356
1530747989.5864313,53248,0.12367191165685654
1530748272.2242017,53760,0.11874645203351974
1530748553.311832,54272,0.12101726979017258
1530748834.5104609,54784,0.12094088643789291
1530749116.5734994,55296,0.12314546853303909
1530749397.6412466,55808,0.12164972722530365
1530749679.51841,56320,0.12216877937316895
1530749961.537676,56832,0.12119684368371964
1530750244.2948558,57344,0.12014511227607727
1530750526.597883,57856,0.11984594911336899
1530750809.0767422,58368,0.12243009358644485
1530751091.3853908,58880,0.1218731552362442
1530751371.8898065,59392,0.12165865302085876
1530751654.4646003,59904,0.12100429087877274
1530751936.6753953,60416,0.1228964552283287
1530752220.0387342,60928,0.12497691065073013
1530752500.9879804,61440,0.12046215683221817
1530752782.0935485,61952,0.12115270644426346
1530753065.1584642,62464,0.12344103306531906
1530753346.2414625,62976,0.11893477290868759
1530753628.8082776,63488,0.12007378786802292
1530753913.033688,64000,0.1190321147441864
1530754195.8858697,64512,0.12154834717512131
1530754478.4394193,65024,0.12108749896287918
1530754761.710294,65536,0.12495709955692291
1530755046.4215736,66048,0.12478987872600555
1530755329.0703206,66560,0.1211494579911232
1530755611.8828113,67072,0.12395261228084564
1530755894.5885408,67584,0.12582343816757202
1530756177.90594,68096,0.11955904215574265
1530756460.4199224,68608,0.12326904386281967
1530756742.9816227,69120,0.12473255395889282
1530757026.9539142,69632,0.1243910863995552
1530757309.0337873,70144,0.12428463995456696
1530757592.7740557,70656,0.12488101422786713
1530757875.568354,71168,0.12233313173055649
1530758157.96153,71680,0.12178035825490952
1530758441.457218,72192,0.12061362713575363
1530758723.598485,72704,0.12159673869609833
1530759008.2327702,73216,0.12068194895982742
1530759290.831017,73728,0.12016873806715012
1530759574.534307,74240,0.11924639344215393
1530759858.1986601,74752,0.11891011148691177
1530760141.6765108,75264,0.12253089994192123
1530770032.3700192,75776,0.12045465409755707
1530770312.7821083,76288,0.11758530884981155
1530770592.6351962,76800,0.11734101176261902
1530770874.5836616,77312,0.11361768841743469
1530771154.1120343,77824,0.11461690813302994
1530771433.912232,78336,0.1173141598701477
1530771714.1144912,78848,0.11344749480485916
1530771994.070759,79360,0.1130964457988739
1530772273.90204,79872,0.11518171429634094
1530772555.2704334,80384,0.11296699196100235
1530772836.655733,80896,0.1125323474407196
1530773117.7260597,81408,0.11362897604703903
1530773398.9091291,81920,0.11406347155570984
1530773679.4311051,82432,0.11187002062797546
1530773960.40674,82944,0.11396055668592453
1530774242.5848386,83456,0.11181770265102386
1530774524.5979416,83968,0.11330167949199677
1530774805.2931032,84480,0.11506601423025131
1530775085.1129138,84992,0.11721374839544296
1530775365.3363607,85504,0.11283808946609497
1530775645.7855976,86016,0.11313082277774811
1530775927.9398077,86528,0.11065595597028732
1530776208.772739,87040,0.11365556716918945
1530776489.2615943,87552,0.1149662584066391
1530776771.1130579,88064,0.11250193417072296
1530777053.4199967,88576,0.11647418886423111
1530777333.8693826,89088,0.11383622884750366
1530777614.5770798,89600,0.11189037561416626
1530777895.5925808,90112,0.11527165025472641
1530778176.4915597,90624,0.11347717046737671
1530778456.825809,91136,0.1110757365822792
1530778737.9194212,91648,0.11084762215614319
1530779018.735729,92160,0.1092815101146698
1530779301.2688496,92672,0.1119338721036911
1530779582.6222963,93184,0.1108088418841362
1530779864.388312,93696,0.11049522459506989
1530780145.8336704,94208,0.1103256344795227
1530780426.9074712,94720,0.1085328757762909
1530780708.8198054,95232,0.11191875487565994
1530780989.8684437,95744,0.10894069075584412
1530781271.4328673,96256,0.11174503713846207
1530781551.8537676,96768,0.11049477010965347
1530781833.8310628,97280,0.1070069894194603
