wall_time,step,value
1530436385.0021117,512,39.792808532714844
1530436598.6950245,1024,163.72808837890625
1530436812.0861375,1536,145.9886474609375
1530437025.6486807,2048,47.84861755371094
1530437239.5502396,2560,195.71359252929688
1530437453.288118,3072,199.36798095703125
1530437667.4311662,3584,204.4348907470703
1530437882.010731,4096,117.30619812011719
1530438096.4096897,4608,132.72955322265625
1530438309.5960648,5120,111.336181640625
1530438524.9963014,5632,171.8384246826172
1530438738.9981234,6144,107.93284606933594
1530438952.801875,6656,117.46943664550781
1530439165.8260744,7168,108.142578125
1530439380.0411963,7680,107.83609008789062
1530439594.1368582,8192,120.10858917236328
1530439808.8266168,8704,113.67399597167969
1530440021.9483194,9216,168.37835693359375
1530440236.2335386,9728,197.75857543945312
1530440449.384147,10240,129.08253479003906
1530440663.1893516,10752,215.79714965820312
1530440876.7450712,11264,181.20550537109375
1530441092.3521214,11776,166.49407958984375
1530441307.0547793,12288,210.19419860839844
1530441521.3337612,12800,130.5587615966797
1530441735.8933856,13312,99.53706359863281
1530441950.208831,13824,69.82804107666016
1530442164.6882515,14336,98.33698272705078
1530442379.4253428,14848,110.96029663085938
1530442594.4597614,15360,40.442359924316406
1530442808.3772573,15872,49.571224212646484
1530443022.1553767,16384,98.39035034179688
1530443236.575989,16896,-6.030566215515137
1530443451.0135367,17408,14.913454055786133
1530443665.8341722,17920,95.8769760131836
1530443881.766521,18432,86.82125854492188
1530444096.2851536,18944,66.22496032714844
1530444311.555802,19456,129.74363708496094
1530444526.5378187,19968,56.473628997802734
1530444741.0196617,20480,76.32223510742188
1530444956.113593,20992,106.7841796875
1530445171.079398,21504,13.297664642333984
1530445386.1708374,22016,-173.18275451660156
1530445602.0369003,22528,180.84825134277344
1530445817.6423643,23040,-6.832363128662109
1530446033.6374311,23552,117.43598175048828
1530446248.335339,24064,-186.25753784179688
1530446464.1288009,24576,-197.90415954589844
1530446679.270072,25088,345.7421875
1530446895.0571728,25600,342.88336181640625
1530447110.1943588,26112,207.56787109375
1530447324.52407,26624,-18.329635620117188
1530447539.6220317,27136,-443.78497314453125
1530447755.6684988,27648,-214.57174682617188
1530447970.564049,28160,-427.892333984375
1530448186.7844605,28672,-104.84764862060547
1530448402.074226,29184,157.4365234375
1530448618.084903,29696,194.2600555419922
1530448833.4534352,30208,147.67904663085938
1530449050.3745532,30720,292.89813232421875
1530449265.8160925,31232,135.5023956298828
1530449481.5485911,31744,450.47589111328125
1530449696.8213081,32256,217.57000732421875
1530449912.4089618,32768,126.2506103515625
1530450127.7548976,33280,193.0344696044922
1530450343.686213,33792,-570.0711059570312
1530450560.9569728,34304,-213.3338623046875
1530450777.1868103,34816,-31.388935089111328
1530450994.6122293,35328,396.21624755859375
1530451212.17693,35840,847.6614990234375
1530451428.0209205,36352,-232.37496948242188
1530451643.3505516,36864,351.1700744628906
1530451859.2458057,37376,483.6952819824219
1530452076.0391283,37888,313.9638977050781
1530452294.5049717,38400,271.7342224121094
1530586095.4496183,39424,-395.48638916015625
1530586309.3253038,39936,-189.67581176757812
1530586523.4540992,40448,722.0464477539062
1530586737.3056052,40960,35.86022186279297
1530586951.6058993,41472,301.3906555175781
1530587165.5987918,41984,-371.61968994140625
1530587379.0755324,42496,-389.776123046875
1530587593.55268,43008,233.70907592773438
1530587808.5066762,43520,-197.28665161132812
1530588023.6124077,44032,130.16375732421875
1530588239.2751715,44544,-173.7939910888672
1530588453.6827183,45056,-323.9173583984375
1530588668.2355978,45568,142.57815551757812
1530588884.0223386,46080,-181.94839477539062
1530589099.1363356,46592,109.41835021972656
1530589312.9205444,47104,206.3019561767578
1530589528.3883777,47616,27.934261322021484
1530589744.1686082,48128,-405.188720703125
1530589958.743211,48640,-208.89830017089844
1530590173.8966622,49152,-269.28155517578125
1530590389.439891,49664,-459.6722106933594
1530590604.44922,50176,493.80731201171875
1530590820.308121,50688,6.998091697692871
1530591035.6735857,51200,420.4002685546875
1530591250.587491,51712,254.05908203125
1530591465.871339,52224,-10.360408782958984
1530591680.5083325,52736,209.02615356445312
1530591897.5936751,53248,439.3218994140625
1530592112.841736,53760,-123.19269561767578
1530592328.5865057,54272,410.1300048828125
1530592544.4392405,54784,-256.7253112792969
1530592761.582984,55296,-257.40838623046875
1530592978.1647775,55808,273.3583984375
1530593195.1881485,56320,-53.599700927734375
1530593412.195642,56832,146.0360565185547
1530593628.0842917,57344,-580.103759765625
1530593843.6152046,57856,456.2864990234375
1530594060.0427492,58368,232.96205139160156
1530594274.8567321,58880,-447.64410400390625
1530594492.1353052,59392,216.23016357421875
1530594708.1997097,59904,-579.0887451171875
1530594924.3047388,60416,-250.70443725585938
1530595141.652127,60928,47.827537536621094
1530595358.9471624,61440,-24.725112915039062
1530595576.009973,61952,-172.3699188232422
1530672072.8216643,62976,441.81842041015625
1530672286.4340963,63488,351.69732666015625
1530672500.619624,64000,-380.33544921875
1530672715.8094304,64512,-400.0894775390625
1530672929.436831,65024,24.819393157958984
1530673144.1997924,65536,-145.20623779296875
1530673358.227714,66048,354.58294677734375
1530673571.5698354,66560,-167.15679931640625
1530673786.20373,67072,-24.819454193115234
1530674000.283507,67584,-105.05359649658203
1530674214.4412897,68096,580.9815673828125
1530674427.930315,68608,296.302978515625
1530674642.723397,69120,43.37398910522461
1530674856.9424517,69632,622.7919921875
1530675072.4510226,70144,-248.08453369140625
1530675287.1343007,70656,-98.70741271972656
1530675501.463772,71168,128.976806640625
1530675716.0443573,71680,488.5103759765625
1530675931.969866,72192,568.7870483398438
1530676148.075357,72704,563.9244384765625
1530676361.773389,73216,-328.2788391113281
1530676576.3200605,73728,-187.76502990722656
1530676790.7720273,74240,752.760986328125
1530677005.274028,74752,67.39409637451172
1530677219.4688919,75264,-382.41815185546875
1530712293.0758421,76288,45.695068359375
1530712505.9650881,76800,-56.615875244140625
1530712718.4613166,77312,-133.114990234375
1530712931.1859057,77824,125.76168823242188
1530713143.7179146,78336,397.578857421875
1530713356.1519399,78848,552.42431640625
1530713568.9627395,79360,-584.6436767578125
1530713781.8516939,79872,-189.18502807617188
1530713994.9931357,80384,-88.20064544677734
1530714207.6845574,80896,-62.84865188598633
1530714420.4085398,81408,195.95635986328125
1530714634.826723,81920,35.469444274902344
1530714848.6340146,82432,-293.32318115234375
1530715062.1926305,82944,-51.22576904296875
1530715275.6236467,83456,-39.09954071044922
1530715490.148262,83968,-117.89237213134766
1530715703.5293345,84480,-531.5639038085938
1530715917.8278904,84992,-474.24249267578125
1530716131.156678,85504,529.9476318359375
1530716344.542301,86016,565.1640625
1530716559.2773323,86528,-374.46759033203125
1530716772.6313052,87040,-590.817626953125
1530716987.517202,87552,-28.304601669311523
1530717202.3054926,88064,-307.447265625
1530717415.7943451,88576,-752.2254638671875
1530717629.896282,89088,415.8941345214844
1530717843.7511544,89600,-624.341552734375
1530718057.379421,90112,232.4609375
1530718271.5746372,90624,-280.4437255859375
1530718485.683139,91136,317.2935791015625
1530718699.8842912,91648,-146.96578979492188
1530718914.3322234,92160,241.68460083007812
1530719129.4040825,92672,-365.67340087890625
1530719343.840649,93184,306.2923889160156
1530719557.946902,93696,-587.77001953125
1530719772.2841167,94208,112.66148376464844
1530719986.71376,94720,290.7509460449219
1530720201.569797,95232,-703.0814208984375
1530720415.8471608,95744,-626.8868408203125
1530720632.260411,96256,-301.5750732421875
1530720846.5347314,96768,750.7957763671875
1530721061.3918471,97280,76.45242309570312
