wall_time,step,value
1530436385.0021117,512,1.1533535718917847
1530436598.6950245,1024,1.9482097625732422
1530436812.0861375,1536,1.981919288635254
1530437025.6486807,2048,1.7513717412948608
1530437239.5502396,2560,1.9721879959106445
1530437453.288118,3072,2.1245291233062744
1530437667.4311662,3584,2.0029256343841553
1530437882.010731,4096,1.974172830581665
1530438096.4096897,4608,2.187941074371338
1530438309.5960648,5120,2.4596409797668457
1530438524.9963014,5632,2.454350233078003
1530438738.9981234,6144,2.865875482559204
1530438952.801875,6656,2.7359728813171387
1530439165.8260744,7168,2.821434736251831
1530439380.0411963,7680,2.567439079284668
1530439594.1368582,8192,2.836559772491455
1530439808.8266168,8704,2.8962368965148926
1530440021.9483194,9216,2.671386241912842
1530440236.2335386,9728,2.706752300262451
1530440449.384147,10240,2.589704990386963
1530440663.1893516,10752,2.601893901824951
1530440876.7450712,11264,2.773557186126709
1530441092.3521214,11776,2.876897096633911
1530441307.0547793,12288,2.967454195022583
1530441521.3337612,12800,2.794623613357544
1530441735.8933856,13312,2.721370220184326
1530441950.208831,13824,2.7753522396087646
1530442164.6882515,14336,2.640878200531006
1530442379.4253428,14848,2.6247315406799316
1530442594.4597614,15360,2.7627997398376465
1530442808.3772573,15872,2.826655387878418
1530443022.1553767,16384,2.646787166595459
1530443236.575989,16896,2.9002187252044678
1530443451.0135367,17408,2.859039545059204
1530443665.8341722,17920,2.8522613048553467
1530443881.766521,18432,2.850236415863037
1530444096.2851536,18944,2.796231508255005
1530444311.555802,19456,2.8271536827087402
1530444526.5378187,19968,2.7754414081573486
1530444741.0196617,20480,2.8950998783111572
1530444956.113593,20992,2.95206618309021
1530445171.079398,21504,2.747589588165283
1530445386.1708374,22016,2.9339537620544434
1530445602.0369003,22528,2.7232565879821777
1530445817.6423643,23040,2.8866994380950928
1530446033.6374311,23552,2.8009049892425537
1530446248.335339,24064,2.714825391769409
1530446464.1288009,24576,2.789494752883911
1530446679.270072,25088,2.57953143119812
1530446895.0571728,25600,2.649684429168701
1530447110.1943588,26112,2.7020230293273926
1530447324.52407,26624,2.7134406566619873
1530447539.6220317,27136,2.6515755653381348
1530447755.6684988,27648,2.5818979740142822
1530447970.564049,28160,2.6140377521514893
1530448186.7844605,28672,2.5074498653411865
1530448402.074226,29184,2.6106576919555664
1530448618.084903,29696,2.5948336124420166
1530448833.4534352,30208,2.4772512912750244
1530449050.3745532,30720,2.540400981903076
1530449265.8160925,31232,2.6353466510772705
1530449481.5485911,31744,2.5258381366729736
1530449696.8213081,32256,2.5031256675720215
1530449912.4089618,32768,2.4953866004943848
1530450127.7548976,33280,2.4975814819335938
1530450343.686213,33792,2.4723987579345703
1530450560.9569728,34304,2.4867377281188965
1530450777.1868103,34816,2.524911642074585
1530450994.6122293,35328,2.370885133743286
1530451212.17693,35840,2.4830498695373535
1530451428.0209205,36352,2.583162307739258
1530451643.3505516,36864,2.549539089202881
1530451859.2458057,37376,2.6405975818634033
1530452076.0391283,37888,2.611311435699463
1530452294.5049717,38400,2.606754779815674
1530586095.4496183,39424,2.7956814765930176
1530586309.3253038,39936,2.844855308532715
1530586523.4540992,40448,2.8068151473999023
1530586737.3056052,40960,2.71824312210083
1530586951.6058993,41472,2.560821056365967
1530587165.5987918,41984,2.589550733566284
1530587379.0755324,42496,2.811797857284546
1530587593.55268,43008,2.8155460357666016
1530587808.5066762,43520,2.8552258014678955
1530588023.6124077,44032,2.810688018798828
1530588239.2751715,44544,2.733912467956543
1530588453.6827183,45056,2.83514142036438
1530588668.2355978,45568,2.82710599899292
1530588884.0223386,46080,2.6010022163391113
1530589099.1363356,46592,2.8186004161834717
1530589312.9205444,47104,2.8504042625427246
1530589528.3883777,47616,2.7879626750946045
1530589744.1686082,48128,2.6701011657714844
1530589958.743211,48640,2.916191816329956
1530590173.8966622,49152,2.7556381225585938
1530590389.439891,49664,2.7690491676330566
1530590604.44922,50176,2.8316001892089844
1530590820.308121,50688,2.5837647914886475
1530591035.6735857,51200,2.6090309619903564
1530591250.587491,51712,2.621351957321167
1530591465.871339,52224,2.6571266651153564
1530591680.5083325,52736,2.666249990463257
1530591897.5936751,53248,2.7286012172698975
1530592112.841736,53760,2.5849013328552246
1530592328.5865057,54272,2.5858006477355957
1530592544.4392405,54784,2.596463203430176
1530592761.582984,55296,2.5660080909729004
1530592978.1647775,55808,2.581446647644043
1530593195.1881485,56320,2.5321121215820312
1530593412.195642,56832,2.5422751903533936
1530593628.0842917,57344,2.727593183517456
1530593843.6152046,57856,2.5994133949279785
1530594060.0427492,58368,2.6139111518859863
1530594274.8567321,58880,2.5783138275146484
1530594492.1353052,59392,2.542340040206909
1530594708.1997097,59904,2.535597801208496
1530594924.3047388,60416,2.53450345993042
1530595141.652127,60928,2.596689224243164
1530595358.9471624,61440,2.751054286956787
1530595576.009973,61952,2.7562100887298584
1530672072.8216643,62976,2.596036434173584
1530672286.4340963,63488,2.547466993331909
1530672500.619624,64000,2.633159875869751
1530672715.8094304,64512,2.6916849613189697
1530672929.436831,65024,2.6864075660705566
1530673144.1997924,65536,2.5329227447509766
1530673358.227714,66048,2.5975658893585205
1530673571.5698354,66560,2.4722814559936523
1530673786.20373,67072,2.464075803756714
1530674000.283507,67584,2.543745994567871
1530674214.4412897,68096,2.625231981277466
1530674427.930315,68608,2.6984057426452637
1530674642.723397,69120,2.610478162765503
1530674856.9424517,69632,2.5378174781799316
1530675072.4510226,70144,2.8030600547790527
1530675287.1343007,70656,2.8086977005004883
1530675501.463772,71168,2.507193088531494
1530675716.0443573,71680,2.515214443206787
1530675931.969866,72192,2.4824271202087402
1530676148.075357,72704,2.5502896308898926
1530676361.773389,73216,2.5053443908691406
1530676576.3200605,73728,2.5039565563201904
1530676790.7720273,74240,2.6124184131622314
1530677005.274028,74752,2.6557135581970215
1530677219.4688919,75264,2.5278186798095703
1530712293.0758421,76288,2.6479995250701904
1530712505.9650881,76800,2.5053579807281494
1530712718.4613166,77312,2.6388802528381348
1530712931.1859057,77824,2.4768011569976807
1530713143.7179146,78336,2.5168120861053467
1530713356.1519399,78848,2.4775328636169434
1530713568.9627395,79360,2.4757943153381348
1530713781.8516939,79872,2.484328031539917
1530713994.9931357,80384,2.5426554679870605
1530714207.6845574,80896,2.4944827556610107
1530714420.4085398,81408,2.685713291168213
1530714634.826723,81920,2.583772897720337
1530714848.6340146,82432,2.503131151199341
1530715062.1926305,82944,2.6303646564483643
1530715275.6236467,83456,2.642810583114624
1530715490.148262,83968,2.513685703277588
1530715703.5293345,84480,2.5619537830352783
1530715917.8278904,84992,2.6674246788024902
1530716131.156678,85504,2.523791790008545
1530716344.542301,86016,2.3962955474853516
1530716559.2773323,86528,2.4452757835388184
1530716772.6313052,87040,2.5909409523010254
1530716987.517202,87552,2.363253116607666
1530717202.3054926,88064,2.562927722930908
1530717415.7943451,88576,2.6445438861846924
1530717629.896282,89088,2.4662222862243652
1530717843.7511544,89600,2.589848041534424
1530718057.379421,90112,2.695291757583618
1530718271.5746372,90624,2.620598316192627
1530718485.683139,91136,2.5802788734436035
1530718699.8842912,91648,2.672571897506714
1530718914.3322234,92160,2.6892147064208984
1530719129.4040825,92672,2.594352960586548
1530719343.840649,93184,2.5767464637756348
1530719557.946902,93696,2.7430200576782227
1530719772.2841167,94208,2.6521286964416504
1530719986.71376,94720,2.6489996910095215
1530720201.569797,95232,2.877624273300171
1530720415.8471608,95744,2.6695094108581543
1530720632.260411,96256,2.6489851474761963
1530720846.5347314,96768,2.7768359184265137
1530721061.3918471,97280,2.951124429702759
