wall_time,step,value
1532646222.2198505,128,0.9998670220375061
1532646473.4353511,256,0.9998612999916077
1532646724.8210976,384,0.9998615980148315
1532646976.06509,512,0.9998637437820435
1532647522.03126,640,0.9998663067817688
1532647773.3255665,768,0.9998674392700195
1532648024.7537725,896,0.9998674988746643
1532648276.03172,1024,0.9998686909675598
1532648838.6868541,1152,0.9998685717582703
1532649089.9252489,1280,0.9998692870140076
1532649341.1796513,1408,0.9998692274093628
1532649592.3974857,1536,0.9998693466186523
1532650147.6439216,1664,0.9998694658279419
1532650398.938512,1792,0.9998695850372314
1532650650.3170187,1920,0.9998692870140076
1532650901.655742,2048,0.9998703002929688
1532651446.790979,2176,0.9998704195022583
1532651698.1517954,2304,0.9998700618743896
1532651949.5613194,2432,0.9998706579208374
1532652200.816786,2560,0.9998704195022583
1532652731.6611223,2688,0.9998706579208374
1532652983.0842943,2816,0.9998705983161926
1532653234.3888304,2944,0.9998708367347717
1532653485.8065937,3072,0.9998707175254822
1532653988.6586492,3200,0.9998716115951538
1532654240.1210606,3328,0.9998719692230225
1532654491.4666674,3456,0.9998722076416016
1532654742.8073006,3584,0.999871015548706
1532655220.928349,3712,0.9998723864555359
1532655472.1541677,3840,0.9998718500137329
1532655723.4390218,3968,0.9998722672462463
1532655974.7739058,4096,0.9998714923858643
1532656457.6755993,4224,0.9998717904090881
1532656708.9756536,4352,0.999871015548706
1532656960.3148854,4480,0.9998713135719299
1532657211.7243154,4608,0.9998705387115479
1532657692.0408995,4736,0.9998705387115479
1532657943.4655075,4864,0.9998706579208374
1532658194.8245244,4992,0.9998699426651001
1532658446.2270741,5120,0.9998697638511658
1532658930.111257,5248,0.9998708367347717
1532659181.4354594,5376,0.9998705983161926
1532659432.7913923,5504,0.9998714327812195
1532659684.1776433,5632,0.9998718500137329
1532660175.6717775,5760,0.9998719692230225
1532660426.96119,5888,0.999872088432312
1532660678.2325106,6016,0.9998731017112732
1532660929.5413952,6144,0.9998729825019836
1532661428.9392333,6272,0.999872624874115
1532661680.3222392,6400,0.9998730421066284
1532661931.5524604,6528,0.9998728632926941
1532662182.9123733,6656,0.9998732209205627
1532662696.6821222,6784,0.9998738765716553
1532662947.9218562,6912,0.9998735785484314
1532663199.1101367,7040,0.9998729228973389
1532663450.3741624,7168,0.9998741149902344
1532663969.419054,7296,0.9998743534088135
1532664220.6782992,7424,0.9998739361763
1532664471.899788,7552,0.999873697757721
1532664723.1927714,7680,0.9998750686645508
1532665248.4322116,7808,0.9998743534088135
1532665499.7842166,7936,0.9998749494552612
1532665751.1237183,8064,0.9998733401298523
1532666002.2480557,8192,0.9998742341995239
1532666527.2732656,8320,0.9998759627342224
1532666778.5474846,8448,0.9998754262924194
1532667030.024448,8576,0.9998753070831299
1532667281.5796788,8704,0.9998751282691956
1532667802.3949914,8832,0.9998757839202881
1532668053.9613233,8960,0.9998738765716553
1532668305.5234683,9088,0.9998749494552612
1532668556.9690008,9216,0.9998745918273926
1532669078.9816399,9344,0.9998762607574463
1532669330.516379,9472,0.9998753070831299
1532669581.990981,9600,0.9998745322227478
1532669833.59144,9728,0.9998756051063538
1532670362.1271374,9856,0.9998745322227478
1532670613.6326313,9984,0.999875009059906
1532670864.9720042,10112,0.9998751282691956
1532671116.2991283,10240,0.999875009059906
1532671635.5280032,10368,0.9998750686645508
1532671886.94003,10496,0.9998771548271179
1532672138.453099,10624,0.9998752474784851
1532672389.993463,10752,0.9998758435249329
1532672906.4094944,10880,0.9998751282691956
1532673157.6589963,11008,0.9998757243156433
1532673409.0649133,11136,0.9998747706413269
1532673660.4791424,11264,0.9998756647109985
1532674183.4795432,11392,0.9998752474784851
1532674434.9376504,11520,0.9998756647109985
1532674686.4366188,11648,0.9998764991760254
1532674937.7737403,11776,0.999875545501709
1532675463.7511783,11904,0.9998762607574463
1532675715.217177,12032,0.9998759627342224
1532675966.5728402,12160,0.9998769164085388
1532676218.1113007,12288,0.9998756647109985
1532676733.8440468,12416,0.9998763799667358
1532676985.2690775,12544,0.9998753666877747
1532677236.6614246,12672,0.9998762011528015
1532677487.9954388,12800,0.9998761415481567
1532678006.1173768,12928,0.9998761415481567
1532678257.604173,13056,0.9998760223388672
1532678509.1183884,13184,0.9998751282691956
1532678760.6686563,13312,0.9998760223388672
1532679277.5606685,13440,0.9998756051063538
1532679529.1952765,13568,0.9998772144317627
1532679780.770036,13696,0.9998774528503418
1532680032.4211147,13824,0.9998760223388672
1532680548.4976952,13952,0.9998753070831299
1532680799.8363457,14080,0.9998764991760254
1532681051.198695,14208,0.9998754858970642
1532681302.575866,14336,0.9998771548271179
1532681814.5165222,14464,0.9998764395713806
1532682065.7676277,14592,0.9998769164085388
1532682317.2219253,14720,0.9998770356178284
1532682568.6145866,14848,0.999876856803894
1532683079.6915174,14976,0.9998758435249329
1532683331.0208552,15104,0.9998775720596313
1532683582.4094663,15232,0.9998769760131836
1532683833.6628416,15360,0.9998771548271179
1532684351.2391095,15488,0.9998764395713806
1532684602.4006145,15616,0.999877393245697
1532684853.5118113,15744,0.9998773336410522
1532685104.896055,15872,0.999877393245697
1532685621.51018,16000,0.9998776316642761
1532685872.8951733,16128,0.9998771548271179
1532686124.3077087,16256,0.9998772740364075
1532686375.6292193,16384,0.9998778104782104
1532686900.6496906,16512,0.9998779296875
1532687152.0639598,16640,0.9998782873153687
1532687403.6006446,16768,0.9998775124549866
1532687655.097881,16896,0.9998781085014343
1532688179.983102,17024,0.9998772740364075
1532688431.3761506,17152,0.9998776316642761
1532688682.6740072,17280,0.9998784065246582
1532688933.9191394,17408,0.9998785257339478
1532689444.135762,17536,0.9998775720596313
1532689695.373616,17664,0.9998787641525269
1532689946.6692178,17792,0.9998790621757507
1532690198.0695732,17920,0.9998791813850403
1532690718.7324026,18048,0.9998788833618164
1532690970.0491962,18176,0.9998787641525269
1532691221.2772083,18304,0.9998782873153687
1532691472.5519984,18432,0.9998781681060791
1532691989.9281297,18560,0.999879002571106
1532692241.1187515,18688,0.9998791813850403
1532692492.4015193,18816,0.9998794198036194
1532692743.6430802,18944,0.9998793601989746
1532693262.2278817,19072,0.9998779892921448
1532693513.4916983,19200,0.9998791813850403
1532693764.7682514,19328,0.9998791217803955
1532694016.0152147,19456,0.9998787045478821
1532694540.103064,19584,0.9998791217803955
1532694791.567105,19712,0.9998791217803955
1532695042.9841123,19840,0.9998795986175537
1532695294.2948608,19968,0.9998785257339478
1532695813.9819064,20096,0.9998807311058044
1532696065.3253202,20224,0.9998795986175537
1532696316.6078002,20352,0.9998806118965149
1532696567.8903563,20480,0.9998798966407776
1532697082.5336592,20608,0.9998800754547119
1532697333.8565738,20736,0.9998812079429626
1532697585.0975893,20864,0.9998812675476074
1532697836.3803644,20992,0.9998815655708313
1532698348.3441286,21120,0.9998812079429626
1532698599.846371,21248,0.9998816847801208
1532698851.1729488,21376,0.9998806715011597
1532699102.6356397,21504,0.9998795986175537
1532699619.1465702,21632,0.9998810887336731
1532699870.4901068,21760,0.9998815059661865
1532700121.920384,21888,0.9998810887336731
1532700373.2631454,22016,0.9998801350593567
1532700893.0087845,22144,0.9998812079429626
1532701144.3461964,22272,0.9998816251754761
1532701395.8482442,22400,0.9998816251754761
1532701647.0384746,22528,0.9998833537101746
1532702176.6235964,22656,0.9998820424079895
1532702427.9246988,22784,0.9998818635940552
1532702679.2001736,22912,0.9998822808265686
1532702930.5281575,23040,0.9998836517333984
1532703455.3512697,23168,0.9998825192451477
1532703706.815334,23296,0.9998831152915955
1532703958.1600933,23424,0.9998828172683716
1532704209.5551636,23552,0.9998820424079895
1532704735.0620706,23680,0.9998834133148193
1532704986.672899,23808,0.9998834729194641
1532705238.3078132,23936,0.9998840689659119
1532705490.0395608,24064,0.9998825788497925
1532706010.2818787,24192,0.9998829960823059
1532706261.6543088,24320,0.9998846650123596
1532706512.9270658,24448,0.9998827576637268
1532706764.2093966,24576,0.9998836517333984
1532707293.05249,24704,0.9998843669891357
1532707544.4093575,24832,0.9998849034309387
1532707795.717757,24960,0.9998847246170044
1532708047.0212212,25088,0.9998840093612671
1532708563.5162437,25216,0.9998838901519775
1532708814.7685342,25344,0.9998852014541626
1532709066.1938682,25472,0.9998851418495178
1532709317.616138,25600,0.9998847246170044
1532709836.5474107,25728,0.9998840093612671
1532710087.91327,25856,0.9998851418495178
1532710339.340328,25984,0.9998839497566223
1532710590.6793988,26112,0.9998837113380432
1532711110.3222413,26240,0.9998851418495178
1532711361.678462,26368,0.9998853802680969
1532711613.0090647,26496,0.9998853802680969
1532711864.3568044,26624,0.9998852610588074
1532712392.3215024,26752,0.9998849630355835
1532712643.649969,26880,0.9998857975006104
1532712894.9910154,27008,0.9998852610588074
1532713146.2940247,27136,0.999885082244873
1532713670.3345952,27264,0.999884843826294
1532713921.7269402,27392,0.9998877048492432
1532714173.0648646,27520,0.9998868703842163
1532714424.4997807,27648,0.999884843826294
1532714953.0133076,27776,0.9998860955238342
1532715204.4106615,27904,0.9998879432678223
1532715455.7513216,28032,0.999886155128479
1532715706.9626966,28160,0.9998869895935059
1532716232.7646604,28288,0.9998870491981506
1532716484.1344247,28416,0.9998857975006104
1532716735.591665,28544,0.9998869895935059
1532716986.9315841,28672,0.9998871088027954
1532717516.0590262,28800,0.9998866319656372
1532717767.4866488,28928,0.9998859167098999
1532718018.7819643,29056,0.99988853931427
1532718270.217892,29184,0.999887228012085
1532718792.9417243,29312,0.9998868107795715
1532719044.6314907,29440,0.999888002872467
1532719296.344764,29568,0.9998878240585327
1532719548.0951278,29696,0.9998864531517029
1532720071.4720938,29824,0.9998871088027954
1532720322.7849472,29952,0.9998881220817566
1532720574.22182,30080,0.9998893141746521
1532720825.556322,30208,0.999889612197876
1532721354.8351452,30336,0.9998869895935059
1532721606.2363956,30464,0.9998890161514282
1532721857.5648766,30592,0.9998900294303894
1532722108.7963,30720,0.9998893737792969
1532722635.1155808,30848,0.9998894333839417
1532722886.2506304,30976,0.9998905062675476
1532723137.4735982,31104,0.9998899698257446
1532723388.7768981,31232,0.9998911023139954
1532723922.3385065,31360,0.9998891353607178
1532724173.67548,31488,0.9998893737792969
1532724424.9645107,31616,0.9998892545700073
1532724676.2912147,31744,0.9998904466629028
1532725208.740711,31872,0.9998878836631775
1532725460.140049,32000,0.999890923500061
1532725711.4221225,32128,0.9998903870582581
1532725962.751792,32256,0.9998899102210999
1532890699.7031128,32384,0.9998909831047058
1532890950.9829547,32512,0.9998897314071655
1532891202.1706624,32640,0.9998914003372192
1532891453.4482913,32768,0.9998899102210999
1532891968.9480317,32896,0.9998917579650879
1532892220.1360438,33024,0.9998928308486938
1532892471.296426,33152,0.9998911619186401
1532892722.5187404,33280,0.9998902678489685
1532893233.306862,33408,0.9998905658721924
1532893484.4316688,33536,0.9998905062675476
1532893735.5978956,33664,0.9998896718025208
1532893986.9217794,33792,0.9998905062675476
1532894503.7492821,33920,0.9998905062675476
1532894754.9638073,34048,0.9998916387557983
1532895006.344385,34176,0.9998921751976013
1532895257.6098225,34304,0.999891459941864
1532895775.2139394,34432,0.9998912811279297
1532896026.5005374,34560,0.9998921751976013
1532896277.9014611,34688,0.9998915791511536
1532896529.1880574,34816,0.9998911023139954
1532897046.394056,34944,0.9998922348022461
1532897297.661437,35072,0.9998921751976013
1532897549.1271636,35200,0.9998917579650879
1532897800.6022902,35328,0.9998914003372192
1532898319.1737924,35456,0.999891996383667
1532898570.5510128,35584,0.9998924732208252
1532898821.8968678,35712,0.9998899102210999
1532899073.1249325,35840,0.9998904466629028
1532899588.835201,35968,0.9998924732208252
1532899840.1302812,36096,0.9998927712440491
1532900091.4470336,36224,0.9998939633369446
1532900342.8184147,36352,0.9998933672904968
1532900860.820596,36480,0.9998932480812073
1532901111.9804647,36608,0.9998918175697327
1532901363.1568232,36736,0.9998918175697327
1532901614.4594307,36864,0.9998912215232849
1532902130.4786403,36992,0.9998927116394043
1532902381.828116,37120,0.9998913407325745
1532902633.200061,37248,0.999893307685852
1532902884.4274237,37376,0.9998923540115356
1532903407.3422532,37504,0.9998922944068909
1532903658.6003945,37632,0.9998915195465088
1532903909.7599247,37760,0.9998916983604431
1532904161.024994,37888,0.9998903870582581
1532904683.050729,38016,0.9998904466629028
1532904934.2490056,38144,0.9998894333839417
1532905185.6132476,38272,0.9998925924301147
1532905436.7861996,38400,0.9998921751976013
1532905958.323394,38528,0.9998927712440491
1532906209.7591171,38656,0.9998927712440491
1532906461.0594223,38784,0.9998934864997864
1532906712.4133463,38912,0.9998927116394043
1532907241.4800436,39040,0.9998925924301147
1532907492.736473,39168,0.99989253282547
1532907743.9976616,39296,0.999893307685852
1532907995.3247604,39424,0.9998925924301147
1532908519.822943,39552,0.999891996383667
1532908771.0235207,39680,0.99989253282547
1532909022.3210552,39808,0.9998932480812073
1532909273.5598981,39936,0.9998936653137207
1532909799.4796674,40064,0.9998927116394043
1532910050.601941,40192,0.9998933672904968
1532910302.0263789,40320,0.9998916983604431
1532910553.1833773,40448,0.9998924732208252
1532911075.3087392,40576,0.9998934268951416
1532911326.576826,40704,0.9998918175697327
1532911577.7872624,40832,0.9998916983604431
1532911829.0019114,40960,0.9998926520347595
1532912358.2907338,41088,0.9998931884765625
1532912609.7117944,41216,0.9998921751976013
1532912861.0181916,41344,0.9998912811279297
1532913112.3048146,41472,0.9998931288719177
1532913635.7852452,41600,0.9998941421508789
1532913886.961432,41728,0.9998925924301147
1532914138.0015996,41856,0.999893844127655
1532914388.965287,41984,0.9998944401741028
1532914928.770757,42112,0.9998929500579834
1532915180.1566002,42240,0.9998935461044312
1532915431.5783076,42368,0.9998940229415894
1532915682.9900668,42496,0.9998926520347595
1532916209.7154894,42624,0.9998940229415894
1532916461.1251218,42752,0.9998934864997864
1532916712.3199239,42880,0.9998939633369446
1532916963.7394288,43008,0.9998953938484192
1532917491.829406,43136,0.9998958110809326
1532917743.2147646,43264,0.9998942017555237
1532917994.6034355,43392,0.9998932480812073
1532918245.939835,43520,0.9998948574066162
1532918774.171786,43648,0.9998960494995117
1532919025.5383976,43776,0.9998941421508789
1532919277.0052452,43904,0.9998944997787476
1532919528.334261,44032,0.9998913407325745
1532920052.3861284,44160,0.9998939037322998
1532920303.741842,44288,0.9998927116394043
1532920555.1646268,44416,0.9998928904533386
1532920806.6241336,44544,0.9998941421508789
1532921335.0701993,44672,0.9998936653137207
1532921586.494008,44800,0.9998946785926819
1532921837.939275,44928,0.9998925924301147
1532922089.3957722,45056,0.999894917011261
1532922618.5070822,45184,0.999893307685852
1532922869.928612,45312,0.9998920559883118
1532923121.3111587,45440,0.9998941421508789
1532923372.6324904,45568,0.9998944997787476
1532923903.3688145,45696,0.9998949766159058
1532924154.593052,45824,0.9998962879180908
1532924405.8856454,45952,0.9998957514762878
1532924657.1470366,46080,0.999894917011261
1532925178.8547106,46208,0.9998964667320251
1532925430.1969986,46336,0.9998959898948669
1532925681.4479704,46464,0.9998965263366699
1532925932.8730896,46592,0.9998966455459595
1532926457.8846276,46720,0.999895453453064
1532926709.310633,46848,0.9998970627784729
1532926960.7429383,46976,0.9998937845230103
1532927212.2394233,47104,0.9998957514762878
1532927742.4369657,47232,0.9998948574066162
1532927993.8053508,47360,0.9998969435691833
1532928245.0917716,47488,0.9998950362205505
1532928496.423948,47616,0.999896228313446
1532929026.5491083,47744,0.9998959302902222
1532929277.8949742,47872,0.9998941421508789
1532929529.2940922,48000,0.9998969435691833
1532929780.5934122,48128,0.9998964071273804
1532930309.3783877,48256,0.9998939037322998
1532930560.762144,48384,0.9998948574066162
1532930812.1055703,48512,0.9998952746391296
1532931063.514771,48640,0.9998939037322998
1532931581.4820485,48768,0.9998965263366699
1532931832.806003,48896,0.9998959302902222
1532932084.1128423,49024,0.9998965263366699
1532932335.5422285,49152,0.9998974204063416
1532932863.237025,49280,0.9998968243598938
1532933114.5321057,49408,0.9998970031738281
1532933365.8668072,49536,0.9998986124992371
1532933617.2115972,49664,0.9998961687088013
1532934142.4608169,49792,0.999896764755249
1532934393.6887188,49920,0.9998975992202759
1532934644.9879441,50048,0.9998969435691833
1532934896.2335014,50176,0.9998963475227356
1532935421.8775742,50304,0.9998955726623535
1532935672.9493668,50432,0.9998975396156311
1532935924.0929832,50560,0.999898374080658
1532936175.1954062,50688,0.9998977184295654
1532936697.721277,50816,0.9998965263366699
1532936948.9687526,50944,0.9998973608016968
1532937200.3313134,51072,0.9998988509178162
1532937451.646313,51200,0.9998953938484192
1532937981.4477444,51328,0.9998971223831177
1532938232.6589088,51456,0.9998970627784729
1532938483.8971786,51584,0.9998963475227356
1532938735.1973906,51712,0.9998976588249207
1532939261.502549,51840,0.9998983144760132
1532939512.7262862,51968,0.9998984336853027
1532939763.8340244,52096,0.9998983144760132
1532940015.1595032,52224,0.9998975992202759
1532940539.9647753,52352,0.9998969435691833
1532940791.2125967,52480,0.9998969435691833
1532941042.5591247,52608,0.9998965859413147
1532941293.8782718,52736,0.9998977184295654
1532941816.6813207,52864,0.9998980164527893
1532942067.8977714,52992,0.9998967051506042
1532942319.265098,53120,0.9998987913131714
1532942570.5233681,53248,0.9998999238014221
1532943099.3090339,53376,0.9998997449874878
1532943350.59385,53504,0.9998973608016968
1532943602.0719697,53632,0.999898374080658
1532943853.5667355,53760,0.999897837638855
1532944380.568331,53888,0.999897837638855
1532944631.788635,54016,0.9998977780342102
1532944883.0973675,54144,0.9998976588249207
1532945134.323686,54272,0.9998988509178162
1532945659.198534,54400,0.9998996257781982
1532945910.5837793,54528,0.9998969435691833
1532946161.8838477,54656,0.9998963475227356
1532946413.0540588,54784,0.9998984336853027
1532946945.7861705,54912,0.9998988509178162
1532947197.2177908,55040,0.9998980164527893
1532947448.5392058,55168,0.999896764755249
1532947699.7826214,55296,0.9998994469642639
1532948224.31877,55424,0.999897301197052
1532948475.7568703,55552,0.9998977780342102
1532948727.1029122,55680,0.9998979568481445
1532948978.451469,55808,0.9998971223831177
1532949503.8804772,55936,0.9998978972434998
1532949755.1697094,56064,0.9998992681503296
1532950006.489619,56192,0.9998990297317505
1532950257.923104,56320,0.9998993873596191
1532950790.5103483,56448,0.9998990297317505
1532951041.9491377,56576,0.9998971223831177
1532951293.255032,56704,0.9999008178710938
1532951544.6381738,56832,0.9999003410339355
1532952073.3642118,56960,0.9998984932899475
1532952324.6476526,57088,0.9998992085456848
1532952575.9315293,57216,0.9998988509178162
1532952827.1609702,57344,0.9998987317085266
1532953354.9294302,57472,0.999899685382843
1532953606.2937884,57600,0.9999001622200012
1532953857.6878605,57728,0.9998987317085266
1532954109.0235908,57856,0.9998992681503296
1532954638.2439363,57984,0.9998976588249207
1532954889.6329873,58112,0.9999003410339355
1532955140.9838715,58240,0.9998997449874878
1532955392.3315337,58368,0.9999004006385803
1532955920.3162699,58496,0.9998987913131714
1532956171.5390756,58624,0.9998987913131714
1532956422.9818218,58752,0.9998984336853027
1532956674.4108033,58880,0.9998999834060669
1532957202.5345402,59008,0.9998973608016968
1532957453.8336952,59136,0.9998994469642639
1532957705.1982749,59264,0.9998995661735535
1532957956.6329815,59392,0.9998990893363953
1532958483.365299,59520,0.9998992085456848
1532958734.5988472,59648,0.9998980164527893
1532958985.8189948,59776,0.9998993277549744
1532959236.9739451,59904,0.9998997449874878
1532959767.9854405,60032,0.9999004006385803
1532960019.4263916,60160,0.999899685382843
1532960270.7280083,60288,0.9998978972434998
1532960522.1254783,60416,0.9998990297317505
1532961052.6751108,60544,0.9999011754989624
1532961304.118256,60672,0.9998990297317505
1532961555.344773,60800,0.9999004602432251
1532961806.675001,60928,0.9998997449874878
1532962333.3571901,61056,0.9999005198478699
1532962584.6519923,61184,0.9998984336853027
1532962836.0523336,61312,0.9998982548713684
1532963087.2663567,61440,0.9998998641967773
1532963616.6269085,61568,0.9998988509178162
1532963868.102077,61696,0.9999001026153564
1532964119.32942,61824,0.9998995065689087
1532964370.8126495,61952,0.9998993277549744
1532964895.9335923,62080,0.9998995661735535
1532965146.988322,62208,0.9998995661735535
1532965398.2838085,62336,0.9999014139175415
1532965649.5050962,62464,0.9998998641967773
1532966181.5959437,62592,0.9999008774757385
1532966432.9735682,62720,0.9999005198478699
1532966684.2530477,62848,0.9998985528945923
1532966935.5698552,62976,0.9998998641967773
1532967466.3307076,63104,0.9999017119407654
1532967717.5994122,63232,0.9998998641967773
1532967969.0423932,63360,0.9999015927314758
1532968220.3907585,63488,0.999901294708252
1532968749.7587566,63616,0.9998988509178162
1532969001.1461828,63744,0.9999003410339355
1532969252.510886,63872,0.9998994469642639
1532969503.9088528,64000,0.9998998045921326
1532970032.6140313,64128,0.999900221824646
1532970284.0546725,64256,0.9998990297317505
1532970535.589695,64384,0.9998999834060669
1532970786.9273472,64512,0.9998988509178162
1532971307.8748329,64640,0.9999027252197266
1532971559.455993,64768,0.9999002814292908
1532971810.8879564,64896,0.9998995065689087
1532972062.3013475,65024,0.9998995065689087
1533035682.361172,65152,0.9998997449874878
1533035933.5530307,65280,0.9999030232429504
1533036184.8311172,65408,0.9999010562896729
1533036436.1274903,65536,0.999900758266449
1533036959.8486857,65664,0.9999018311500549
1533037211.2395334,65792,0.9999024868011475
1533037462.5492847,65920,0.9998999238014221
1533037713.870462,66048,0.9999005198478699
1533038242.8033206,66176,0.9999024868011475
1533038494.073222,66304,0.9999030828475952
1533038745.5116394,66432,0.9999004006385803
1533038997.0053391,66560,0.9999014139175415
1533039524.6522083,66688,0.9999015927314758
1533039775.9772666,66816,0.9999033212661743
1533040027.1689348,66944,0.9999023079872131
1533040278.495833,67072,0.9998998045921326
1533040810.5345254,67200,0.9999005794525146
1533041061.7552924,67328,0.9999005198478699
1533041313.012771,67456,0.999900758266449
1533041564.2720277,67584,0.9999011158943176
1533042096.0952265,67712,0.9999016523361206
1533042347.2985759,67840,0.999900221824646
1533042598.4614615,67968,0.999901533126831
1533042849.6975577,68096,0.9999017715454102
1533043375.2206144,68224,0.9999011754989624
1533043626.4198978,68352,0.9998999834060669
1533043877.6500294,68480,0.9999028444290161
1533044128.9767292,68608,0.9999014139175415
1533044660.8472152,68736,0.9999011158943176
1533044912.264253,68864,0.9998998641967773
1533045163.6966786,68992,0.9999024868011475
1533045415.131194,69120,0.9999036192893982
1533045950.7070978,69248,0.9999004602432251
1533046202.1126137,69376,0.999904453754425
1533046453.4959645,69504,0.9999029040336609
1533046704.9139144,69632,0.9999010562896729
1533047230.8576765,69760,0.9999041557312012
1533047482.1971445,69888,0.9999047517776489
1533047733.507497,70016,0.9999017119407654
1533047984.8440814,70144,0.9999014139175415
1533048510.6497753,70272,0.9999035000801086
1533048762.1283758,70400,0.9999015927314758
1533049013.454434,70528,0.9999009966850281
1533049264.9037864,70656,0.9999011754989624
1533049792.7036102,70784,0.9999013543128967
1533050043.980522,70912,0.9999013543128967
1533050295.2786198,71040,0.9999010562896729
1533050546.6673446,71168,0.9999018907546997
1533051078.5229142,71296,0.9999020099639893
1533051329.7857943,71424,0.9998999238014221
1533051581.1380515,71552,0.9999009370803833
1533051832.4754224,71680,0.9999008774757385
1533052364.1233432,71808,0.9999041557312012
1533052615.4473588,71936,0.9999028444290161
1533052866.6825137,72064,0.9999008774757385
1533053118.1444457,72192,0.9999009370803833
1533053648.4354177,72320,0.9999008178710938
1533053899.7782962,72448,0.999902606010437
1533054151.099027,72576,0.9999021291732788
1533054402.379571,72704,0.9999035596847534
1533054933.145725,72832,0.9999032616615295
1533055184.4661832,72960,0.9999027848243713
1533055435.7230258,73088,0.9999015927314758
1533055686.9847372,73216,0.9999018907546997
1533056214.3993573,73344,0.9999017715454102
1533056465.3574312,73472,0.9999025464057922
1533056716.3626842,73600,0.9999037981033325
1533056967.5652988,73728,0.9999027848243713
1533057495.2203572,73856,0.9999017715454102
1533057746.611402,73984,0.9999053478240967
1533057998.150219,74112,0.9999014139175415
1533058249.589646,74240,0.9999039769172668
1533058779.6703482,74368,0.9999033808708191
1533059030.9944396,74496,0.9999006986618042
1533059282.3859856,74624,0.99990314245224
1533059533.7251315,74752,0.9999039173126221
1533060066.7760653,74880,0.9999029636383057
1533060318.1356897,75008,0.9999026656150818
1533060569.5284116,75136,0.9999048709869385
1533060820.9609792,75264,0.9999032020568848
1533061355.1493812,75392,0.9999019503593445
1533061606.5567172,75520,0.9999030232429504
1533061857.9799407,75648,0.9999030232429504
1533062109.4230669,75776,0.9999020099639893
1533062634.3084915,75904,0.9999024868011475
1533062885.7757442,76032,0.9999033212661743
1533063137.1077273,76160,0.9999024271965027
1533063388.2698328,76288,0.9999030828475952
1533063927.5471902,76416,0.9999039769172668
1533064178.8293934,76544,0.9999012351036072
1533064430.247673,76672,0.9999054074287415
1533064681.5881805,76800,0.9999030232429504
1533065214.4580095,76928,0.9999020099639893
1533065465.954945,77056,0.9999029040336609
1533065717.4798088,77184,0.9999024868011475
1533065968.8929582,77312,0.9999042749404907
1533066493.2640727,77440,0.9999016523361206
1533066744.6976228,77568,0.9999022483825684
1533066996.114555,77696,0.9998990893363953
1533067247.4513495,77824,0.9999041557312012
1533067775.0433393,77952,0.9999028444290161
1533068026.1187408,78080,0.9999045133590698
1533068277.3055873,78208,0.9999020099639893
1533068528.4861453,78336,0.9999011754989624
1533069048.4780016,78464,0.9999047517776489
1533069299.7273798,78592,0.9999030828475952
1533069551.0594301,78720,0.9999019503593445
1533069802.3764524,78848,0.999902606010437
1533070333.3028147,78976,0.9999030232429504
1533070584.6817355,79104,0.9999059438705444
1533070836.0614357,79232,0.9999035596847534
1533071087.4189765,79360,0.9999067783355713
1533071620.7081928,79488,0.9999030232429504
1533071872.161329,79616,0.9999064803123474
1533072123.4961967,79744,0.9999021291732788
1533072374.8504546,79872,0.9999045133590698
1533072903.7747371,80000,0.9999045133590698
1533073155.0957694,80128,0.9999048709869385
1533073406.490036,80256,0.999904215335846
1533073658.0537412,80384,0.9999045729637146
1533074185.8154619,80512,0.9999037981033325
1533074436.928121,80640,0.9999043941497803
1533074688.0750542,80768,0.9999038577079773
1533074939.3267176,80896,0.9999040961265564
1533075466.0854917,81024,0.9999025464057922
1533075717.3576515,81152,0.999906063079834
1533075968.6257298,81280,0.999905526638031
1533076219.9786606,81408,0.9999037981033325
1533076752.3858333,81536,0.9999058246612549
1533077003.6578681,81664,0.9999051094055176
1533077255.066089,81792,0.9999018311500549
1533077506.518766,81920,0.9999046325683594
1533078045.946265,82048,0.9999037384986877
1533078297.357827,82176,0.9999035596847534
1533078548.6329618,82304,0.9999030232429504
1533078799.9268367,82432,0.999904453754425
1533079328.46489,82560,0.9999035000801086
1533079579.8214262,82688,0.999906599521637
1533079831.377136,82816,0.9999054074287415
1533080082.8545952,82944,0.9999009966850281
1533080603.1397314,83072,0.9999055862426758
1533080854.2897894,83200,0.9999035000801086
1533081105.4539332,83328,0.9999037981033325
1533081356.6605778,83456,0.9999059438705444
1533081886.8998375,83584,0.9999035000801086
1533082138.0349267,83712,0.999905526638031
1533082389.1066628,83840,0.9999040961265564
1533082640.243127,83968,0.9999022483825684
1533083165.2646043,84096,0.9999050498008728
1533083416.5923984,84224,0.9999065399169922
1533083667.889467,84352,0.999901294708252
1533083919.2087517,84480,0.999904990196228
1533084450.6809518,84608,0.9999052286148071
1533084701.976944,84736,0.9999035000801086
1533084953.2350771,84864,0.9999049305915833
1533085204.465432,84992,0.9999048709869385
1533085729.8375943,85120,0.999904215335846
1533085980.9858468,85248,0.9999038577079773
1533086232.3997228,85376,0.9999050498008728
1533086483.8074589,85504,0.9999037384986877
1533087009.2528884,85632,0.9999061822891235
1533087260.4893508,85760,0.9998989105224609
1533087511.897429,85888,0.999906599521637
1533087763.225021,86016,0.9999041557312012
1533088297.7043593,86144,0.9999037981033325
1533088549.0446184,86272,0.9999034404754639
1533088800.4085853,86400,0.9999043941497803
1533089051.6129153,86528,0.9999064803123474
1533089573.7553267,86656,0.999904990196228
1533089825.0874162,86784,0.9999037384986877
1533090076.544833,86912,0.9999045729637146
1533090327.8928509,87040,0.9999035000801086
1533090854.6164532,87168,0.9999047517776489
1533091106.0956109,87296,0.9999030828475952
1533091357.4132016,87424,0.9999027848243713
1533091608.7601054,87552,0.9999033212661743
1533092143.9568346,87680,0.999904453754425
1533092395.2211816,87808,0.9999048113822937
1533092646.4445345,87936,0.9999041557312012
1533092897.6242375,88064,0.9999055862426758
1533093430.9457207,88192,0.999902606010437
1533093682.5057561,88320,0.9999045729637146
1533093933.9162183,88448,0.9999058842658997
1533094185.3121004,88576,0.9999042749404907
1533094723.68092,88704,0.9999056458473206
1533094975.1331184,88832,0.9999041557312012
1533095226.4758906,88960,0.999906599521637
1533095477.7546134,89088,0.9999054670333862
1533096009.511919,89216,0.9999038577079773
1533096260.744183,89344,0.9999058246612549
1533096512.196693,89472,0.9999055862426758
1533096763.7025778,89600,0.9999043345451355
1533097286.5640256,89728,0.9999057650566101
1533097537.9678705,89856,0.9999051690101624
1533097789.361451,89984,0.9999032616615295
1533098040.6842046,90112,0.9999037384986877
1533098569.2652311,90240,0.9999067783355713
1533098820.8212085,90368,0.9999070763587952
1533099072.3554242,90496,0.9999042749404907
1533099323.9404862,90624,0.9999052882194519
1533099859.9782183,90752,0.9999058246612549
1533100111.2415948,90880,0.9999046325683594
1533100362.8133535,91008,0.999902069568634
1533100614.3010974,91136,0.9999064207077026
1533101152.3372662,91264,0.9999054074287415
1533101403.6392238,91392,0.9999048113822937
1533101654.9437997,91520,0.9999077916145325
1533101906.279804,91648,0.9999041557312012
1533102432.2539675,91776,0.9999061822891235
1533102683.5902638,91904,0.9999083280563354
1533102934.8224409,92032,0.9999032020568848
1533103186.2463422,92160,0.9999072551727295
1533103718.2308195,92288,0.9999068975448608
1533103969.7093446,92416,0.9999046921730042
1533104221.0425947,92544,0.9999057650566101
1533104472.4333155,92672,0.9999076724052429
1533105004.6734078,92800,0.9999071359634399
1533105256.1092556,92928,0.9999038577079773
1533105507.457892,93056,0.9999057650566101
1533105758.7465107,93184,0.9999068975448608
1533106295.5845227,93312,0.9999049305915833
1533106546.763457,93440,0.9999071955680847
1533106798.0050297,93568,0.9999056458473206
1533107049.1341634,93696,0.9999023079872131
1533107575.3076038,93824,0.9999069571495056
1533107826.6519,93952,0.9999064207077026
1533108077.9606652,94080,0.9999052882194519
1533108329.4455326,94208,0.9999053478240967
1533108858.8480637,94336,0.999907374382019
1533109110.2595406,94464,0.9999047517776489
1533109361.6342673,94592,0.9999075531959534
1533109612.9873006,94720,0.9999054074287415
1533110142.1925945,94848,0.9999091029167175
1533110393.6049864,94976,0.9999083876609802
1533110644.996295,95104,0.9999059438705444
1533110896.4463818,95232,0.9999014735221863
1533111421.589913,95360,0.9999086260795593
1533111672.7299082,95488,0.9999071359634399
1533111924.0430744,95616,0.999906599521637
1533112175.5776238,95744,0.9999039173126221
1533112703.6879644,95872,0.9999082088470459
1533112955.032726,96000,0.9999063014984131
1533113206.4251008,96128,0.999907910823822
1533113457.7782717,96256,0.9999086260795593
1533113993.1368437,96384,0.9999055862426758
1533114244.4635441,96512,0.9999082684516907
1533114495.7830327,96640,0.9999063014984131
1533114747.256677,96768,0.9999048709869385
1533115272.209774,96896,0.9999086856842041
1533115523.565617,97024,0.9999101161956787
1533115774.7575998,97152,0.9999061822891235
1533116026.1606088,97280,0.9999081492424011
1533116553.995782,97408,0.9999068379402161
1533116805.2943058,97536,0.9999063014984131
