wall_time,step,value
1530452723.8358614,512,13.678234100341797
1530452967.0335352,1024,5.58092737197876
1530453208.8576767,1536,3.8173224925994873
1530453451.0262678,2048,4.8436737060546875
1530453694.8964186,2560,5.147801399230957
1530453938.5349457,3072,3.1863622665405273
1530454182.4679353,3584,2.1697165966033936
1530454424.1719415,4096,2.0171401500701904
1530454667.051792,4608,1.8174011707305908
1530454909.5933373,5120,2.6120705604553223
1530455151.0324738,5632,1.5616774559020996
1530455395.0566373,6144,2.5658621788024902
1530455639.513079,6656,1.7510042190551758
1530455882.5570579,7168,1.8518520593643188
1530456126.178036,7680,1.6444727182388306
1530456369.76289,8192,2.40997052192688
1530456613.8762915,8704,1.381227970123291
1530456857.6022177,9216,2.655010223388672
1530457102.2196405,9728,2.4010725021362305
1530457345.6335115,10240,1.5194120407104492
1530457588.7475176,10752,2.0872349739074707
1530457831.8220606,11264,3.4826979637145996
1530458075.315277,11776,1.715233325958252
1530458319.2125583,12288,2.3297595977783203
1530458562.282402,12800,1.6689527034759521
1530458804.968775,13312,2.3869385719299316
1530459050.192898,13824,2.5011308193206787
1530459294.9345686,14336,1.4646917581558228
1530459538.9192288,14848,1.4445416927337646
1530459784.3832452,15360,1.7446577548980713
1530460029.854736,15872,1.8309025764465332
1530460274.6551514,16384,4.375574111938477
1530460519.6204054,16896,4.021167278289795
1530460763.7345722,17408,1.670442819595337
1530461008.1484318,17920,2.083852767944336
1530461252.0873857,18432,1.1508910655975342
1530461496.0164661,18944,1.8764039278030396
1530461740.187712,19456,3.006103992462158
1530461983.1875281,19968,1.8926514387130737
1530462227.35621,20480,2.5777480602264404
1530462471.8380811,20992,1.5511863231658936
1530462716.8831692,21504,1.382184624671936
1530462961.2485769,22016,1.0955051183700562
1530463207.5378883,22528,1.9843813180923462
1530463452.7019694,23040,1.400891661643982
1530463697.1148255,23552,1.1683759689331055
1530463942.0878332,24064,1.7700477838516235
1530464187.5069404,24576,1.600048542022705
1530464432.3286784,25088,1.154963493347168
1530464677.4016032,25600,1.2152535915374756
1530464922.7569463,26112,1.637406349182129
1530465169.285734,26624,1.4545445442199707
1530465414.0993793,27136,2.1460649967193604
1530465659.6348805,27648,1.8354021310806274
1530465905.1624289,28160,1.5058497190475464
1530466150.6440253,28672,2.139137029647827
1530466397.0270257,29184,1.6426995992660522
1530466644.0859468,29696,1.6973212957382202
1530466889.8827164,30208,1.0574053525924683
1530467135.6778033,30720,1.4966753721237183
1530467381.72052,31232,1.2604032754898071
1530467629.250111,31744,1.6174038648605347
1530467875.7761712,32256,1.3217487335205078
1530468121.7804472,32768,1.6897701025009155
1530468368.6109192,33280,2.0701987743377686
1530468615.067486,33792,2.923204183578491
1530468861.0469594,34304,1.5598455667495728
1530469108.3658013,34816,3.5533335208892822
1530469355.8960917,35328,10.4314546585083
1530469602.3119035,35840,13.495003700256348
1530469848.9672134,36352,9.740865707397461
1530470098.090486,36864,7.49907112121582
1530470345.4272788,37376,5.56012487411499
1530470594.2498415,37888,5.308713436126709
1530470843.077238,38400,13.392414093017578
1530721432.862867,39424,9.484915733337402
1530721675.5062864,39936,10.630325317382812
1530721918.6988463,40448,8.77049446105957
1530722162.0473082,40960,9.80871295928955
1530722406.1984053,41472,8.903470039367676
1530722649.0698085,41984,5.432664394378662
1530722892.488791,42496,11.791288375854492
1530723136.2231896,43008,14.21833610534668
1530723380.3337913,43520,5.888132095336914
1530723625.4916477,44032,9.666584014892578
1530723868.1166034,44544,14.367359161376953
1530724111.6883676,45056,4.112083435058594
1530724355.1472814,45568,15.150989532470703
1530724598.2980828,46080,8.07420825958252
1530724841.0871081,46592,5.968386173248291
1530725084.179339,47104,8.47344970703125
1530725327.5175724,47616,12.288284301757812
1530725571.3048487,48128,4.301422119140625
1530725816.3029203,48640,11.690213203430176
1530726061.5160248,49152,14.151069641113281
1530726307.0217788,49664,17.12177276611328
1530726552.7417676,50176,7.359552383422852
1530726797.9550972,50688,10.889875411987305
1530727042.0816607,51200,6.141294479370117
1530727287.3257406,51712,18.94211196899414
1530727532.8206198,52224,7.5313873291015625
1530727778.2268045,52736,12.060873031616211
1530728023.9183605,53248,6.963786602020264
1530728268.536613,53760,7.937097549438477
1530728512.976359,54272,11.466076850891113
1530728757.5051725,54784,7.864341735839844
1530729002.673817,55296,12.082755088806152
1530729249.0133798,55808,8.884590148925781
1530729495.5656765,56320,12.008098602294922
1530729743.0195897,56832,17.800090789794922
1530729989.5194151,57344,12.450061798095703
1530730235.2087402,57856,7.623111724853516
1530730481.6151028,58368,12.109448432922363
1530730729.0840604,58880,11.989409446716309
1530730974.748625,59392,7.516177654266357
1530731221.583299,59904,11.705745697021484
1530731468.3256752,60416,8.797452926635742
1530731714.4120183,60928,8.944727897644043
1530731960.914773,61440,19.48046112060547
1530732207.4106243,61952,14.411420822143555
1530732453.2421737,62464,13.080347061157227
1530732701.052972,62976,7.595266342163086
1530732947.7128017,63488,13.459699630737305
1530733193.7019844,64000,10.933472633361816
1530733441.249323,64512,15.410472869873047
1530733688.220291,65024,14.01866626739502
1530733936.7219012,65536,11.439041137695312
1530734183.2688873,66048,16.127458572387695
1530734430.5622036,66560,14.355558395385742
1530734677.4080641,67072,12.473674774169922
1530734924.2521017,67584,13.56750774383545
1530735171.0079622,68096,9.551108360290527
1530735418.295033,68608,10.55135726928711
1530735664.978195,69120,7.755015850067139
1530735911.8795793,69632,9.456310272216797
1530736158.8028114,70144,7.354860782623291
1530736405.89806,70656,5.100399494171143
1530736652.7146387,71168,3.6766409873962402
1530736900.3900292,71680,18.759170532226562
1530737148.0276139,72192,8.99239730834961
1530737397.5013793,72704,6.286102771759033
1530737644.9795065,73216,10.431098937988281
1530737893.1068697,73728,2.779597520828247
1530738140.096872,74240,10.881184577941895
1530738387.3360338,74752,8.4396390914917
1530738635.7638922,75264,11.588813781738281
1530738885.5259342,75776,17.414396286010742
1530739133.7725735,76288,5.655224323272705
1530739382.8497918,76800,8.125423431396484
1530739631.9973054,77312,6.313693046569824
1530760499.1332412,78336,8.289286613464355
1530760744.9516995,78848,12.509347915649414
1530760989.5168304,79360,8.162674903869629
1530761235.7321846,79872,11.955154418945312
1530761480.9440699,80384,14.193902969360352
1530761726.4328961,80896,12.622990608215332
1530761972.0874631,81408,7.044371128082275
1530762218.5989327,81920,8.56063461303711
1530762464.2176914,82432,18.886249542236328
1530762709.7717278,82944,14.528104782104492
1530762956.2113068,83456,10.40191650390625
1530763201.280589,83968,9.012251853942871
1530763445.9455655,84480,11.15465259552002
1530763690.533991,84992,4.154282569885254
1530763935.3121684,85504,5.361840724945068
1530764180.9440837,86016,7.34682559967041
1530764426.229559,86528,10.41422176361084
1530764671.5233302,87040,7.95875883102417
1530764917.3051517,87552,11.805083274841309
1530765162.1632156,88064,3.8533012866973877
1530765409.1526952,88576,17.433826446533203
1530765655.762147,89088,8.137547492980957
1530765902.3666594,89600,7.286257266998291
1530766149.6643987,90112,6.736016750335693
1530766395.7918682,90624,10.510003089904785
1530766643.328019,91136,8.42144775390625
1530766888.3139315,91648,4.556615352630615
1530767136.045735,92160,14.02501392364502
1530767381.9575484,92672,8.396759986877441
1530767629.1952207,93184,8.342185020446777
1530767875.0284994,93696,7.66975736618042
1530768122.2145035,94208,10.70019817352295
1530768368.4224951,94720,4.46933126449585
1530768616.5402815,95232,3.4342100620269775
1530768862.8817334,95744,6.644520282745361
1530769110.172784,96256,9.265986442565918
1530769356.715799,96768,6.781557083129883
1530769603.4437082,97280,4.329554557800293
