wall_time,step,value
1530834815.367672,512,243.46913146972656
1530835267.58615,1024,285.75250244140625
1530977163.189283,2048,167.1074981689453
1530977605.7311823,2560,163.83229064941406
1530978045.6076775,3072,149.447021484375
1530978486.632033,3584,111.05609893798828
1530978928.463965,4096,100.58504486083984
1530979368.8533099,4608,83.98838806152344
1530979811.2212217,5120,98.9096908569336
1530980252.738153,5632,69.88031768798828
1530980692.5193584,6144,98.60069274902344
1530981135.2467294,6656,75.03331756591797
1530981578.3386602,7168,86.48768615722656
1530982019.8457255,7680,87.24907684326172
1530982461.7615638,8192,82.6304931640625
1530982902.750066,8704,78.72909545898438
1530983345.1309602,9216,78.27899932861328
1530983786.3164988,9728,80.0843276977539
1530984228.619729,10240,85.34095764160156
1530984671.3555806,10752,72.49915313720703
1530985112.6964118,11264,72.7660903930664
1530985554.8041897,11776,76.44290924072266
1530985995.5301793,12288,67.5738525390625
1530986436.726813,12800,79.4287109375
1530986878.7537856,13312,83.9345474243164
1530987320.611002,13824,76.98004913330078
1530987760.8703535,14336,76.83982849121094
1530988201.4964871,14848,88.27313995361328
1530988643.7185905,15360,85.89326477050781
1530989085.726924,15872,82.88336944580078
1530989526.8918324,16384,84.94834899902344
1530989967.2380347,16896,85.52557373046875
1530990408.1570294,17408,88.25521850585938
1530990849.8518827,17920,97.25138092041016
1530991289.5313172,18432,87.5509033203125
1530991730.06767,18944,92.1976318359375
1530992171.104978,19456,95.40180969238281
1530992613.2735422,19968,103.75788116455078
1530993057.1239038,20480,104.87496948242188
1530993499.715799,20992,105.19037628173828
1530993942.2358665,21504,101.40162658691406
1530994386.3197625,22016,104.78646850585938
1530994828.9552255,22528,105.92261505126953
1530995270.9602618,23040,99.64022827148438
1530995711.1798344,23552,108.82268524169922
1530996152.4297397,24064,116.34141540527344
1530996595.413806,24576,114.498779296875
1530997038.449009,25088,108.22266387939453
1530997479.7341979,25600,116.27827453613281
1530997920.7750695,26112,109.92180633544922
1530998362.0524583,26624,112.84122467041016
1530998803.3980896,27136,108.29631805419922
1530999244.99528,27648,113.59141540527344
1530999687.7605798,28160,109.32306671142578
1531000130.6235113,28672,112.18665313720703
1531000574.0010698,29184,108.58496856689453
1531001018.7462883,29696,100.47342681884766
1531001461.3952649,30208,110.56587219238281
1531001904.642225,30720,109.07144927978516
1531002348.2238295,31232,114.61669921875
1531002793.1413493,31744,112.10198974609375
1531003236.7230437,32256,110.47406768798828
1531003680.7619176,32768,113.53807830810547
1531004123.1189365,33280,112.6676025390625
1531004566.9892807,33792,113.84458923339844
1531005014.0978198,34304,113.93598175048828
1531005458.379575,34816,121.97024536132812
1531005903.203947,35328,116.1669692993164
1531006348.8237007,35840,115.57978057861328
1531006794.5204344,36352,108.50151062011719
1531007239.9982295,36864,111.36743927001953
1531007683.053836,37376,118.03202819824219
1531008129.4400086,37888,125.37894439697266
1531008575.759076,38400,111.72527313232422
1531009022.1637223,38912,121.57038879394531
1531137229.5831957,39936,109.26607513427734
1531137667.549741,40448,121.15408325195312
1531138105.515267,40960,118.93734741210938
1531138544.1333752,41472,111.30098724365234
1531138982.9777176,41984,112.10914611816406
1531139421.3241863,42496,114.30740356445312
1531139860.0891218,43008,122.52642822265625
1531140298.9681146,43520,109.70947265625
1531140738.3638105,44032,110.4997329711914
1531141178.5465686,44544,109.05609893798828
1531141617.4263175,45056,107.06713104248047
1531142057.537178,45568,105.9572982788086
1531142496.6355755,46080,112.72270965576172
1531142935.5028198,46592,103.56382751464844
1531143375.725456,47104,108.68924713134766
1531143816.8284943,47616,108.28475952148438
1531144256.9608743,48128,110.66383361816406
1531149023.5883582,49152,108.91594696044922
1531149464.270162,49664,107.74201965332031
1531149904.5028203,50176,106.70938110351562
1531150345.1726618,50688,124.38839721679688
1531150786.6950822,51200,115.33345031738281
1531151227.012981,51712,120.60533905029297
1531151667.636808,52224,113.05900573730469
1531152108.7192478,52736,111.4495620727539
1531152548.9088879,53248,114.7440185546875
1531152990.2382324,53760,115.64521789550781
1531153430.5475526,54272,114.42976379394531
1531153871.5601788,54784,110.0736083984375
1531154313.4049506,55296,118.59634399414062
1531154754.403926,55808,111.66000366210938
1531155197.3204103,56320,115.93096160888672
1531155637.5926359,56832,112.98908996582031
1531156080.6004024,57344,109.29069519042969
1531156524.5564537,57856,113.12293243408203
1531156967.1006067,58368,118.19425964355469
1531157409.8709779,58880,117.98775482177734
1531157852.112406,59392,116.7994613647461
1531158296.1149483,59904,116.10134887695312
1531158739.4780898,60416,123.30229949951172
1531159183.3901093,60928,116.7204818725586
1531159626.835885,61440,125.07205963134766
1531160070.1835346,61952,119.02841186523438
1531160514.5752466,62464,125.48107147216797
1531160959.1055174,62976,121.26468658447266
1531161404.3460124,63488,126.44703674316406
1531161848.2852554,64000,122.01177978515625
1531162291.6158555,64512,117.89542388916016
1531162736.3093653,65024,127.13726043701172
1531163179.9611773,65536,116.88470458984375
1531163623.7659132,66048,122.6744155883789
1531164069.4800394,66560,129.9049835205078
1531164513.6897702,67072,124.61380004882812
1531164957.9234166,67584,129.7938232421875
1531165401.8340821,68096,126.40397644042969
1531165845.6194592,68608,123.3282699584961
1531166289.6250815,69120,131.1421661376953
1531166733.692509,69632,129.2655792236328
1531167178.5452213,70144,129.39260864257812
1531167622.8229525,70656,132.52999877929688
1531168067.793505,71168,141.75299072265625
1531168513.3823228,71680,130.6723175048828
1531168957.4659755,72192,135.81553649902344
1531169401.884011,72704,129.82308959960938
1531169846.636765,73216,137.811279296875
1531170291.4296043,73728,130.9994659423828
1531170736.3673918,74240,130.87156677246094
1531171181.141204,74752,139.66903686523438
1531171626.2103286,75264,144.50831604003906
1531172071.8374872,75776,140.42884826660156
1531172517.11506,76288,147.2165069580078
1531172963.7783644,76800,142.83482360839844
1531173409.448581,77312,143.02862548828125
1531173856.156594,77824,153.9694366455078
1531174302.5813556,78336,140.36988830566406
1531174748.555853,78848,148.72264099121094
1531175194.7288098,79360,150.3065948486328
1531175642.4572864,79872,149.10211181640625
1531176089.8553658,80384,156.61276245117188
1531176536.4503314,80896,152.61492919921875
1531176983.525121,81408,152.7815704345703
1531177430.6662197,81920,151.21994018554688
1531177875.8080933,82432,152.36900329589844
1531178323.1823032,82944,153.4957275390625
1531178771.4593914,83456,158.09469604492188
1531179218.3723104,83968,155.9613037109375
1531179664.1681058,84480,163.26002502441406
1531180110.7915127,84992,162.0919647216797
1531180558.8493924,85504,155.82215881347656
1531181007.9724517,86016,156.15106201171875
1531226666.854459,87040,166.1996612548828
1531227106.899639,87552,161.32205200195312
1531227548.0014307,88064,175.5194091796875
1531227985.202518,88576,168.65335083007812
1531228425.083077,89088,173.2227325439453
1531228865.862537,89600,167.2877655029297
1531229304.8551667,90112,171.3182373046875
1531229744.466147,90624,165.0482177734375
1531230183.7429566,91136,173.44894409179688
1531230624.0656075,91648,171.33506774902344
1531231064.8223557,92160,172.0200653076172
1531237998.7714689,93184,179.3727264404297
1531238437.345756,93696,182.74180603027344
1531238877.599336,94208,186.07382202148438
1531239315.3502376,94720,169.3018798828125
1531239753.814489,95232,178.00515747070312
1531240193.3663027,95744,172.35894775390625
1531240632.529049,96256,176.5769805908203
1531241072.7383916,96768,174.6855926513672
1531241511.2994902,97280,179.97923278808594
