wall_time,step,value
1530452723.8358614,512,0.5176123380661011
1530452967.0335352,1024,0.39546719193458557
1530453208.8576767,1536,0.36621561646461487
1530453451.0262678,2048,0.3747076988220215
1530453694.8964186,2560,0.37777698040008545
1530453938.5349457,3072,0.365719199180603
1530454182.4679353,3584,0.3505476713180542
1530454424.1719415,4096,0.3366275727748871
1530454667.051792,4608,0.3272722065448761
1530454909.5933373,5120,0.3064603805541992
1530455151.0324738,5632,0.31936901807785034
1530455395.0566373,6144,0.3053037226200104
1530455639.513079,6656,0.3175602853298187
1530455882.5570579,7168,0.3019939959049225
1530456126.178036,7680,0.2830405831336975
1530456369.76289,8192,0.2741955518722534
1530456613.8762915,8704,0.25868356227874756
1530456857.6022177,9216,0.2648882269859314
1530457102.2196405,9728,0.2760004699230194
1530457345.6335115,10240,0.2657078802585602
1530457588.7475176,10752,0.2512451410293579
1530457831.8220606,11264,0.24927754700183868
1530458075.315277,11776,0.25275805592536926
1530458319.2125583,12288,0.2557719349861145
1530458562.282402,12800,0.25045180320739746
1530458804.968775,13312,0.2507603168487549
1530459050.192898,13824,0.23287427425384521
1530459294.9345686,14336,0.23937107622623444
1530459538.9192288,14848,0.235416442155838
1530459784.3832452,15360,0.24003364145755768
1530460029.854736,15872,0.23151811957359314
1530460274.6551514,16384,0.22875884175300598
1530460519.6204054,16896,0.2225186675786972
1530460763.7345722,17408,0.22215020656585693
1530461008.1484318,17920,0.2211654633283615
1530461252.0873857,18432,0.22780349850654602
1530461496.0164661,18944,0.22029124200344086
1530461740.187712,19456,0.22009068727493286
1530461983.1875281,19968,0.21362711489200592
1530462227.35621,20480,0.21708010137081146
1530462471.8380811,20992,0.23124274611473083
1530462716.8831692,21504,0.22309409081935883
1530462961.2485769,22016,0.213749498128891
1530463207.5378883,22528,0.21145251393318176
1530463452.7019694,23040,0.2083769291639328
1530463697.1148255,23552,0.20757968723773956
1530463942.0878332,24064,0.21489852666854858
1530464187.5069404,24576,0.2002052515745163
1530464432.3286784,25088,0.20370487868785858
1530464677.4016032,25600,0.21788209676742554
1530464922.7569463,26112,0.21542371809482574
1530465169.285734,26624,0.19832845032215118
1530465414.0993793,27136,0.20027555525302887
1530465659.6348805,27648,0.20301872491836548
1530465905.1624289,28160,0.21010394394397736
1530466150.6440253,28672,0.20412640273571014
1530466397.0270257,29184,0.19945204257965088
1530466644.0859468,29696,0.18560896813869476
1530466889.8827164,30208,0.1969723254442215
1530467135.6778033,30720,0.20061546564102173
1530467381.72052,31232,0.20054210722446442
1530467629.250111,31744,0.19061094522476196
1530467875.7761712,32256,0.19450083374977112
1530468121.7804472,32768,0.19740185141563416
1530468368.6109192,33280,0.19138728082180023
1530468615.067486,33792,0.19951583445072174
1530468861.0469594,34304,0.19762855768203735
1530469108.3658013,34816,0.2006130963563919
1530469355.8960917,35328,0.20198705792427063
1530469602.3119035,35840,0.21139855682849884
1530469848.9672134,36352,0.2112586349248886
1530470098.090486,36864,0.20905880630016327
1530470345.4272788,37376,0.21531659364700317
1530470594.2498415,37888,0.2390429675579071
1530470843.077238,38400,0.21537937223911285
1530721432.862867,39424,0.21733036637306213
1530721675.5062864,39936,0.22840695083141327
1530721918.6988463,40448,0.21745766699314117
1530722162.0473082,40960,0.2196306437253952
1530722406.1984053,41472,0.2231510877609253
1530722649.0698085,41984,0.21821261942386627
1530722892.488791,42496,0.23587575554847717
1530723136.2231896,43008,0.2249695509672165
1530723380.3337913,43520,0.22991220653057098
1530723625.4916477,44032,0.23849701881408691
1530723868.1166034,44544,0.25372323393821716
1530724111.6883676,45056,0.23143605887889862
1530724355.1472814,45568,0.23520514369010925
1530724598.2980828,46080,0.24074503779411316
1530724841.0871081,46592,0.23199056088924408
1530725084.179339,47104,0.22775651514530182
1530725327.5175724,47616,0.23019948601722717
1530725571.3048487,48128,0.23628471791744232
1530725816.3029203,48640,0.23556041717529297
1530726061.5160248,49152,0.23011328279972076
1530726307.0217788,49664,0.23139126598834991
1530726552.7417676,50176,0.23170211911201477
1530726797.9550972,50688,0.23722180724143982
1530727042.0816607,51200,0.24561072885990143
1530727287.3257406,51712,0.2354561984539032
1530727532.8206198,52224,0.23573289811611176
1530727778.2268045,52736,0.24305972456932068
1530728023.9183605,53248,0.23239842057228088
1530728268.536613,53760,0.2319619357585907
1530728512.976359,54272,0.22464372217655182
1530728757.5051725,54784,0.22274260222911835
1530729002.673817,55296,0.23033756017684937
1530729249.0133798,55808,0.22559453547000885
1530729495.5656765,56320,0.23527847230434418
1530729743.0195897,56832,0.2339644432067871
1530729989.5194151,57344,0.23416933417320251
1530730235.2087402,57856,0.2490125298500061
1530730481.6151028,58368,0.23849625885486603
1530730729.0840604,58880,0.24145179986953735
1530730974.748625,59392,0.2379142940044403
1530731221.583299,59904,0.23892369866371155
1530731468.3256752,60416,0.2409622222185135
1530731714.4120183,60928,0.23708072304725647
1530731960.914773,61440,0.2371830940246582
1530732207.4106243,61952,0.23207756876945496
1530732453.2421737,62464,0.23015058040618896
1530732701.052972,62976,0.24039389193058014
1530732947.7128017,63488,0.23324094712734222
1530733193.7019844,64000,0.2354799211025238
1530733441.249323,64512,0.22921662032604218
1530733688.220291,65024,0.23365101218223572
1530733936.7219012,65536,0.23187752068042755
1530734183.2688873,66048,0.22986619174480438
1530734430.5622036,66560,0.24195484817028046
1530734677.4080641,67072,0.23614943027496338
1530734924.2521017,67584,0.23766691982746124
1530735171.0079622,68096,0.2409822642803192
1530735418.295033,68608,0.23207533359527588
1530735664.978195,69120,0.23544546961784363
1530735911.8795793,69632,0.24993549287319183
1530736158.8028114,70144,0.2461443394422531
1530736405.89806,70656,0.23839345574378967
1530736652.7146387,71168,0.23525327444076538
1530736900.3900292,71680,0.23631742596626282
1530737148.0276139,72192,0.22612057626247406
1530737397.5013793,72704,0.22671076655387878
1530737644.9795065,73216,0.2368258535861969
1530737893.1068697,73728,0.24715444445610046
1530738140.096872,74240,0.25431182980537415
1530738387.3360338,74752,0.2491542547941208
1530738635.7638922,75264,0.2432558685541153
1530738885.5259342,75776,0.24699032306671143
1530739133.7725735,76288,0.2494443953037262
1530739382.8497918,76800,0.24445433914661407
1530739631.9973054,77312,0.24168895184993744
1530760499.1332412,78336,0.23821841180324554
1530760744.9516995,78848,0.24454106390476227
1530760989.5168304,79360,0.24339666962623596
1530761235.7321846,79872,0.25296950340270996
1530761480.9440699,80384,0.24459302425384521
1530761726.4328961,80896,0.23973804712295532
1530761972.0874631,81408,0.25150275230407715
1530762218.5989327,81920,0.25149014592170715
1530762464.2176914,82432,0.24361713230609894
1530762709.7717278,82944,0.23839430510997772
1530762956.2113068,83456,0.23155686259269714
1530763201.280589,83968,0.23607473075389862
1530763445.9455655,84480,0.24534235894680023
1530763690.533991,84992,0.23791375756263733
1530763935.3121684,85504,0.2485920637845993
1530764180.9440837,86016,0.23849013447761536
1530764426.229559,86528,0.231246218085289
1530764671.5233302,87040,0.2406911551952362
1530764917.3051517,87552,0.23604030907154083
1530765162.1632156,88064,0.2319156676530838
1530765409.1526952,88576,0.2362174540758133
1530765655.762147,89088,0.24248866736888885
1530765902.3666594,89600,0.24503330886363983
1530766149.6643987,90112,0.24099431931972504
1530766395.7918682,90624,0.24510136246681213
1530766643.328019,91136,0.2515622675418854
1530766888.3139315,91648,0.24331988394260406
1530767136.045735,92160,0.24339470267295837
1530767381.9575484,92672,0.24616920948028564
1530767629.1952207,93184,0.24368496239185333
1530767875.0284994,93696,0.2362341284751892
1530768122.2145035,94208,0.24487270414829254
1530768368.4224951,94720,0.2438686043024063
1530768616.5402815,95232,0.24081993103027344
1530768862.8817334,95744,0.24943725764751434
1530769110.172784,96256,0.24722786247730255
1530769356.715799,96768,0.25077304244041443
1530769603.4437082,97280,0.24946148693561554
