wall_time,step,value
1530398025.8339906,512,102.80535125732422
1530398258.01199,1024,117.27923583984375
1530398490.4195235,1536,205.44805908203125
1530398722.6608987,2048,232.6478271484375
1530398955.9782104,2560,190.14108276367188
1530399188.2644997,3072,133.32318115234375
1530399421.8964229,3584,124.30996704101562
1530399655.2184372,4096,141.47012329101562
1530399888.6418061,4608,116.96904754638672
1530400122.061654,5120,129.1864013671875
1530400355.519236,5632,130.57388305664062
1530400589.2210917,6144,83.6150894165039
1530400825.5773559,6656,113.40339660644531
1530401060.2858827,7168,118.83454895019531
1530401294.6248913,7680,96.05967712402344
1530401528.4167159,8192,89.81199645996094
1530401763.4900546,8704,98.27462768554688
1530401997.1838357,9216,70.87458801269531
1530402231.6536708,9728,75.45285034179688
1530402466.2149513,10240,68.03326416015625
1530402701.2394428,10752,43.96664047241211
1530402935.4794953,11264,49.391571044921875
1530403170.5932477,11776,56.208778381347656
1530403406.276572,12288,37.55164337158203
1530403640.5659306,12800,36.26325225830078
1530403874.1714652,13312,42.86609649658203
1530404108.7242446,13824,37.342498779296875
1530404343.768279,14336,39.76819610595703
1530404577.8692374,14848,47.08049774169922
1530404812.3290615,15360,40.32731246948242
1530405046.4100466,15872,40.81556701660156
1530405281.4289815,16384,38.9813346862793
1530405516.84372,16896,23.65329360961914
1530405751.5436854,17408,27.983386993408203
1530405985.4042547,17920,13.443832397460938
1530406219.9496112,18432,31.619293212890625
1530406454.3433673,18944,23.785602569580078
1530406688.8408515,19456,17.543550491333008
1530406924.1615858,19968,14.382366180419922
1530407158.928863,20480,18.988370895385742
1530407393.3065035,20992,19.432437896728516
1530407627.8176239,21504,21.528453826904297
1530407862.2248964,22016,19.888042449951172
1530408097.5406916,22528,14.050495147705078
1530408331.7245374,23040,13.539054870605469
1530408566.2284238,23552,4.785771369934082
1530408800.645579,24064,21.148754119873047
1530409036.442162,24576,9.94331169128418
1530409271.1222637,25088,2.4443321228027344
1530409506.6929822,25600,7.519063472747803
1530409740.2819123,26112,9.779058456420898
1530409974.8750012,26624,9.597904205322266
1530410208.5259643,27136,3.4163448810577393
1530410444.8412762,27648,5.82975959777832
1530410679.6439393,28160,5.141576766967773
1530410913.9357474,28672,1.6867120265960693
1530411148.5608761,29184,1.685391902923584
1530411382.673757,29696,-3.691530227661133
1530411618.9751527,30208,-1.666968822479248
1530411852.9524398,30720,-2.0313222408294678
1530412088.599708,31232,-1.8892719745635986
1530412324.5933182,31744,-2.044757604598999
1530412559.9119117,32256,-1.3929005861282349
1530412795.1843462,32768,-2.23771333694458
1530413029.9506953,33280,1.6188647747039795
1530413266.3475208,33792,-1.0498477220535278
1530413501.5283773,34304,-4.402342796325684
1530413736.7795386,34816,-2.961185932159424
1530413973.593424,35328,-2.925361156463623
1530414209.076052,35840,0.9244202971458435
1530414444.6523702,36352,-1.1194508075714111
1530414680.6528597,36864,-5.497004508972168
1530414917.444051,37376,-0.3966028094291687
1530415153.2760818,37888,0.2016102373600006
1530415389.6419876,38400,-1.8437542915344238
1530547740.9506204,39424,2.6183457374572754
1530547972.734069,39936,-3.770911455154419
1530548203.3606021,40448,-0.6235955953598022
1530548435.7542553,40960,1.1952321529388428
1530548666.9176495,41472,0.061776891350746155
1530548897.6331272,41984,2.4377126693725586
1530549129.0173948,42496,3.358222246170044
1530549361.3646464,43008,0.45083630084991455
1530549592.938155,43520,0.18348440527915955
1530549822.7384722,44032,-2.238776683807373
1530550054.0920684,44544,1.4907546043395996
1530550285.2315152,45056,0.9858849048614502
1530550517.5133014,45568,4.255755424499512
1530550747.6597173,46080,0.7430277466773987
1530550980.0068367,46592,3.6177570819854736
1530551210.9106328,47104,-0.8594468832015991
1530551442.7406945,47616,-3.7698636054992676
1530551674.5803926,48128,0.3650156855583191
1530551905.9299786,48640,-2.979275703430176
1530552138.9139888,49152,-0.2643855810165405
1530552371.1508143,49664,-0.6275660991668701
1530552604.1646738,50176,-1.564074993133545
1530552837.3019137,50688,-2.435762405395508
1530553070.5405934,51200,-2.1775479316711426
1530553302.6064615,51712,-4.181977272033691
1530553534.9432914,52224,0.12545473873615265
1530553766.3851166,52736,-3.445067882537842
1530553998.7298377,53248,-3.6939518451690674
1530554230.9879937,53760,-8.037382125854492
1530554464.1776414,54272,-6.86042594909668
1530554695.9037464,54784,-7.558925628662109
1530554929.6856706,55296,-3.2076592445373535
1530555162.0259163,55808,-2.7609264850616455
1530555394.294117,56320,-4.725924015045166
1530555627.813118,56832,-6.915081024169922
1530555859.8460624,57344,-9.092663764953613
1530556094.002983,57856,-12.472484588623047
1530556327.8868783,58368,-12.530845642089844
1530556561.1053457,58880,-10.699974060058594
1530556794.301049,59392,-7.0262346267700195
1530557027.1118674,59904,-11.951396942138672
1530557259.8822615,60416,-11.245139122009277
1530557493.6597638,60928,-8.297646522521973
1530557726.4632409,61440,-10.319581985473633
1530557960.6140068,61952,-9.038983345031738
1530558193.8638113,62464,-12.06627082824707
1530558426.7536502,62976,-10.96731185913086
1530558661.4874003,63488,-9.543723106384277
1530558896.3746328,64000,-8.729450225830078
1530559130.9462247,64512,-9.908610343933105
1530559365.1149683,65024,-8.836509704589844
1530559600.0283997,65536,-12.274639129638672
1530559834.418373,66048,-12.086532592773438
1530560068.111097,66560,-9.563142776489258
1530560303.2127779,67072,-9.373211860656738
1530560536.797211,67584,-12.923666954040527
1530560771.2447364,68096,-10.766822814941406
1530561005.6182692,68608,-11.839240074157715
1530561239.4175792,69120,-8.982542037963867
1530561473.7896626,69632,-9.64234733581543
1530561709.2272854,70144,-11.465339660644531
1530561945.3044183,70656,-7.739673614501953
1530562179.0054626,71168,-12.66029167175293
1530562414.7834196,71680,-9.60948371887207
1530562649.0961783,72192,-11.786579132080078
1530562884.5279083,72704,-8.510299682617188
1530563118.8531113,73216,-9.809900283813477
1530563354.630333,73728,-11.788663864135742
1530563588.2363987,74240,-9.673152923583984
1530563823.3396282,74752,-10.125265121459961
1530564059.4466264,75264,-9.590531349182129
1530564294.7681427,75776,-8.617295265197754
1530564531.6452863,76288,-8.221504211425781
1530564767.557984,76800,-9.860322952270508
1530565004.5798364,77312,-10.486616134643555
1530651917.8341389,78336,-9.142932891845703
1530652149.5574787,78848,-12.952832221984863
1530652380.7883422,79360,-10.493284225463867
1530652613.692008,79872,-9.342455863952637
1530652845.122345,80384,-8.876729965209961
1530653076.4451842,80896,-9.46812629699707
1530653307.4998367,81408,-10.009920120239258
1530653539.0484483,81920,-11.116861343383789
1530653770.7084792,82432,-11.19192886352539
1530654002.8327038,82944,-8.688597679138184
1530654234.457797,83456,-10.745328903198242
1530654467.193318,83968,-7.060262203216553
1530654699.9950445,84480,-8.469533920288086
1530654933.5665898,84992,-5.239531993865967
1530655167.2146344,85504,-7.377486228942871
1530655399.5340724,86016,-9.741371154785156
1530655632.0013235,86528,-6.4959716796875
1530655864.752724,87040,-10.867439270019531
1530656098.3135326,87552,-10.184849739074707
1530656332.5054553,88064,-8.787595748901367
1530656565.203909,88576,-12.983650207519531
1530656798.1283484,89088,-12.46607780456543
1530657031.031172,89600,-12.207109451293945
1530657264.063356,90112,-13.72762680053711
1530657498.8270845,90624,-12.837739944458008
1530657732.2045686,91136,-11.048974990844727
1530657965.9855177,91648,-12.731801986694336
1530658199.9459062,92160,-12.461921691894531
1530658432.5937605,92672,-10.95284366607666
1530658666.2701209,93184,-12.18998908996582
1530658900.059378,93696,-9.620092391967773
1530659133.7259526,94208,-8.074207305908203
1530659367.6822057,94720,-0.410347580909729
1530659602.2680986,95232,-3.7775423526763916
1530659837.3291993,95744,-10.936100959777832
1530660072.15909,96256,-0.1349838376045227
1530660306.9783928,96768,-2.0291342735290527
1530660540.405438,97280,-1.0786464214324951
